# log_p 	 lnL 	 
0.0	-1642.86519663	
-0.287682072452	-1642.95682149	
-0.510825623766	-1642.99314833	
-0.69314718056	-1642.97319939	
-0.847297860387	-1642.90653853	
-0.980829253012	-1642.80555699	
-1.09861228867	-1642.68189469	
-1.20397280433	-1642.54508765	
-1.29928298413	-1642.40233707	
-1.38629436112	-1642.2587746	
-1.46633706879	-1642.11788624	
-1.54044504095	-1641.98193142	
-1.60943791243	-1641.85229272	
-1.67397643357	-1641.72974364	
-1.73460105539	-1641.61464341	
-1.79175946923	-1641.50707446	
-1.8458266905	-1641.40693778	
-1.89711998489	-1641.31401833	
-1.94591014906	-1641.22802968	
-1.99243016469	-1641.14864439	
-2.03688192726	-1641.07551455	
-2.07944154168	-1641.00828571	
-2.1202635362	-1640.9466061	
-2.15948424935	-1640.89013276	
-2.19722457734	-1640.83853538	
-2.23359222151	-1640.79149867	
-2.26868354132	-1640.74872361	
-2.30258509299	-1640.70992803	
-2.33537491582	-1640.67484662	
-2.36712361413	-1640.64323059	
-2.3978952728	-1640.6148472	
-2.42774823595	-1640.58947899	
-2.45673577282	-1640.56692308	
-2.48490664979	-1640.5469903	
-2.51230562398	-1640.52950443	
-2.53897387106	-1640.5143013	
-2.56494935746	-1640.50122805	
-2.59026716545	-1640.49014235	
-2.61495977804	-1640.48091167	
-2.63905732962	-1640.47341255	
-2.66258782703	-1640.46753003	
-2.68557734525	-1640.46315696	
-2.7080502011	-1640.46019348	
-2.73002910782	-1640.45854649	
-2.75153531304	-1640.45812913	
-2.77258872224	-1640.45886037	
-2.79320800944	-1640.46066454	
-2.81341071676	-1640.46347098	
-2.83321334406	-1640.46721366	
-2.85263142991	-1640.47183085	
-2.87167962488	-1640.47726483	
-2.8903717579	-1640.48346157	
-2.90872089656	-1640.4903705	
-2.92673940207	-1640.49794427	
-2.94443897917	-1640.50613849	
-2.96183072188	-1640.51491158	
-2.97892515524	-1640.52422451	
-2.99573227355	-1640.5340407	
-3.01226157551	-1640.54432579	
-3.02852209638	-1640.55504754	
-3.04452243772	-1640.56617563	
-3.06027079469	-1640.57768162	
-3.07577498123	-1640.58953873	
-3.09104245336	-1640.60172181	
-3.10608033072	-1640.61420719	
-3.12089541651	-1640.6269726	
-3.13549421593	-1640.63999708	
-3.14988295338	-1640.65326091	
-3.16406758837	-1640.66674549	
-3.17805383035	-1640.68043333	
-3.19184715248	-1640.69430793	
-3.20545280454	-1640.70835376	
-3.21887582487	-1640.72255617	
-3.23212105162	-1640.73690135	
-3.24519313319	-1640.75137628	
-3.25809653802	-1640.76596869	
-3.2708355638	-1640.780667	
-3.28341434601	-1640.79546029	
-3.295836866	-1640.81033825	
-3.3081069586	-1640.82529117	
-3.32022831913	-1640.84030989	
-3.33220451018	-1640.85538575	
-3.34403896782	-1640.87051058	
-3.35573500759	-1640.88567671	
-3.36729582999	-1640.90087685	
-3.37872452581	-1640.91610416	
-3.39002408106	-1640.93135219	
-3.40119738166	-1640.94661482	
-3.41224721785	-1640.96188632	
-3.42317628838	-1640.97716127	
-3.43398720449	-1640.99243455	
-3.4446824936	-1641.00770136	
-3.45526460293	-1641.02295715	
-3.4657359028	-1641.03819765	
-3.47609868984	-1641.05341884	
-3.48635519	-1641.06861692	
-3.49650756147	-1641.08378833	
-3.50655789732	-1641.09892972	
-3.51650822817	-1641.11403793	
-3.52636052462	-1641.12911	
-3.53611669956	-1641.14414315	
-3.54577861047	-1641.15913475	
-3.55534806149	-1641.17408237	
-3.56482680544	-1641.1889837	
-3.57421654579	-1641.20383659	
-3.58351893846	-1641.21863903	
-3.59273559356	-1641.23338913	
-3.60186807712	-1641.24808514	
-3.61091791264	-1641.26272541	
-3.61988658263	-1641.27730843	
-3.62877553004	-1641.29183276	
-3.63758615973	-1641.30629708	
-3.6463198397	-1641.32070017	
-3.65497790244	-1641.33504089	
-3.66356164613	-1641.34931819	
-3.6720723358	-1641.36353112	
-3.68051120444	-1641.37767877	
-3.68887945411	-1641.39176032	
-3.69717825693	-1641.40577505	
-3.70540875607	-1641.41972226	
-3.7135720667	-1641.43360134	
-3.72166927694	-1641.44741173	
-3.72970144863	-1641.46115293	
-3.73766961828	-1641.47482449	
-3.74557479779	-1641.48842603	
-3.75341797525	-1641.50195718	
-3.76120011569	-1641.51541766	
-3.76892216179	-1641.5288072	
-3.77658503453	-1641.54212559	
-3.78418963392	-1641.55537264	
-3.79173683955	-1641.56854823	
-3.79922751128	-1641.58165223	
-3.80666248977	-1641.59468459	
-3.81404259707	-1641.60764526	
-3.82136863716	-1641.62053423	
-3.82864139649	-1641.63335152	
-3.83586164446	-1641.64609716	
-3.84303013394	-1641.65877124	
-3.85014760171	-1641.67137384	
-3.85721476893	-1641.68390509	
-3.86423234159	-1641.6963651	
-3.87120101091	-1641.70875405	
-3.87812145375	-1641.72107211	
-3.88499433304	-1641.73331948	
-3.89182029811	-1641.74549635	
-3.8985999851	-1641.75760297	
-3.90533401728	-1641.76963957	
-3.91202300543	-1641.78160641	
-3.91866754815	-1641.79350375	
-3.92526823218	-1641.80533187	
-3.93182563272	-1641.81709108	
-3.93834031375	-1641.82878167	
-3.94481282825	-1641.84040395	
-3.95124371858	-1641.85195825	
-3.95763351668	-1641.8634449	
-3.96398274436	-1641.87486425	
-3.97029191355	-1641.88621663	
-3.97656152657	-1641.8975024	
-3.98279207632	-1641.90872192	
-3.98898404656	-1641.91987557	
-3.99513791214	-1641.93096371	
-4.00125413916	-1641.94198673	
-4.00733318523	-1641.952945	
-4.01337549969	-1641.96383891	
-4.01938152375	-1641.97466886	
-4.02535169074	-1641.98543523	
-4.03128642625	-1641.99613844	
-4.03718614838	-1642.00677887	
-4.04305126783	-1642.01735693	
-4.04888218815	-1642.02787302	
-4.05467930583	-1642.03832757	
-4.06044301055	-1642.04872096	
-4.06617368526	-1642.05905362	
-4.07187170637	-1642.06932596	
-4.07753744391	-1642.07953838	
-4.08317126162	-1642.08969131	
-4.08877351717	-1642.09978516	
-4.09434456222	-1642.10982033	
-4.0998847426	-1642.11979725	
-4.10539439841	-1642.12971633	
-4.11087386417	-1642.13957799	
-4.11632346894	-1642.14938263	
-4.12174353641	-1642.15913068	
-4.12713438505	-1642.16882254	
-4.13249632819	-1642.17845863	
-4.13782967416	-1642.18803935	
-4.14313472639	-1642.19756512	
-4.14841178349	-1642.20703634	
-4.15366113938	-1642.21645343	
-4.15888308336	-1642.22581678	
-4.16407790024	-1642.23512681	
-4.1692458704	-1642.24438391	
-4.1743872699	-1642.25358848	
-4.17950237056	-1642.26274093	
-4.18459144007	-1642.27184166	
-4.18965474203	-1642.28089105	
-4.19469253606	-1642.2898895	
-4.19970507788	-1642.29883741	
-4.20469261939	-1642.30773515	
-4.20965540873	-1642.31658313	
-4.21459369037	-1642.32538172	
-4.21950770518	-1642.3341313	
-4.22439769047	-1642.34283227	
-4.22926388012	-1642.35148498	
-4.2341065046	-1642.36008983	
-4.23892579103	-1642.36864718	
-4.2437219633	-1642.37715741	
-4.24849524205	-1642.38562088	
-4.25324584481	-1642.39403796	
-4.257973986	-1642.40240901	
-4.26267987704	-1642.41073439	
-4.26736372635	-1642.41901446	
-4.27202573946	-1642.42724958	
-4.27666611902	-1642.4354401	
-4.28128506487	-1642.44358637	
-4.28588277412	-1642.45168873	
-4.29045944115	-1642.45974754	
-4.29501525768	-1642.46776313	
-4.29955041285	-1642.47573585	
-4.3040650932	-1642.48366603	
-4.30855948279	-1642.49155401	
-4.31303376319	-1642.49940011	
-4.31748811354	-1642.50720467	
-4.3219227106	-1642.51496802	
-4.32633772881	-1642.52269047	
-4.33073334029	-1642.53037235	
-4.33510971489	-1642.53801398	
-4.33946702026	-1642.54561567	
-4.34380542185	-1642.55317774	
-4.348125083	-1642.5607005	
-4.3524261649	-1642.56818425	
-4.35670882669	-1642.57562931	
-4.36097322548	-1642.58303596	
-4.36521951636	-1642.59040452	
-4.36944785247	-1642.59773529	
-4.373658385	-1642.60502855	
-4.37785126326	-1642.61228459	
-4.38202663467	-1642.61950372	
-4.38618464482	-1642.62668621	
-4.39032543749	-1642.63383236	
-4.39444915467	-1642.64094243	
-4.39855593663	-1642.64801672	
-4.40264592188	-1642.6550555	
-4.40671924726	-1642.66205905	
-4.41077604796	-1642.66902763	
-4.4148164575	-1642.67596152	
-4.4188406078	-1642.68286099	
-4.42284862919	-1642.6897263	
-4.42684065046	-1642.6965577	
-4.43081679884	-1642.70335548	
-4.43477720006	-1642.71011987	
-4.43872197835	-1642.71685114	
-4.44265125649	-1642.72354954	
-4.44656515581	-1642.73021533	
-4.45046379623	-1642.73684874	
-4.45434729625	-1642.74345003	
-4.45821577303	-1642.75001943	
-4.46206934235	-1642.7565572	
-4.46590811865	-1642.76306358	
-4.46973221509	-1642.76953879	
-4.47354174351	-1642.77598308	
-4.47733681448	-1642.78239667	
-4.48111753732	-1642.7887798	
-4.48488402011	-1642.79513271	
-4.48863636973	-1642.8014556	
-4.49237469184	-1642.80774872	
-4.49609909093	-1642.81401227	
-4.49980967033	-1642.82024649	
-4.50350653221	-1642.82645159	
-4.50718977763	-1642.83262778	
-4.51085950652	-1642.83877529	
-4.51451581772	-1642.84489432	
-4.518158809	-1642.85098509	
-4.52178857705	-1642.85704779	
-4.52540521752	-1642.86308265	
-4.52900882502	-1642.86908986	
-4.53259949315	-1642.87506962	
-4.5361773145	-1642.88102215	
-4.53974238067	-1642.88694762	
-4.54329478227	-1642.89284626	
-4.54683460898	-1642.89871824	
-4.55036194949	-1642.90456376	
-4.5538768916	-1642.91038302	
-4.55737952215	-1642.9161762	
-4.56086992709	-1642.92194349	
-4.56434819147	-1642.92768508	
-4.56781439944	-1642.93340115	
-4.57126863431	-1642.93909189	
-4.5747109785	-1642.94475748	
-4.5781415136	-1642.95039809	
-4.58156032035	-1642.9560139	
-4.58496747867	-1642.9616051	
-4.58836306767	-1642.96717185	
-4.59174716566	-1642.97271433	
-4.59511985013	-1642.97823272	
-4.59848119784	-1642.98372716	
-4.60183128472	-1642.98919785	
-4.60517018599	-1642.99464494	
-4.60849797608	-1643.00006861	
-4.61181472871	-1643.005469	
-4.61512051684	-1643.01084629	
-4.61841541274	-1643.01620064	
-4.62169948794	-1643.0215322	
-4.62497281328	-1643.02684114	
-4.62823545892	-1643.0321276	
-4.63148749431	-1643.03739175	
-4.63472898823	-1643.04263374	
-4.63796000881	-1643.04785372	
-4.64118062351	-1643.05305183	
-4.64439089914	-1643.05822824	
-4.64759090187	-1643.06338308	
-4.65078069724	-1643.06851651	
-4.65396035016	-1643.07362867	
-4.65712992492	-1643.0787197	
-4.66028948521	-1643.08378974	
-4.66343909411	-1643.08883895	
-4.66657881412	-1643.09386745	
-4.66970870713	-1643.09887539	
-4.67282883446	-1643.1038629	
-4.67593925688	-1643.10883012	
-4.67904003455	-1643.11377718	
-4.68213122712	-1643.11870422	
-4.68521289366	-1643.12361138	
-4.6882850927	-1643.12849878	
-4.69134788223	-1643.13336655	
-4.69440131972	-1643.13821482	
-4.6974454621	-1643.14304372	
-4.70048036579	-1643.14785338	
-4.70350608671	-1643.15264392	
-4.70652268025	-1643.15741547	
-4.70953020131	-1643.16216815	
-4.71252870431	-1643.16690208	
-4.71551824316	-1643.17161739	
-4.7184988713	-1643.17631419	
-4.72147064168	-1643.1809926	
-4.72443360681	-1643.18565275	
-4.72738781871	-1643.19029474	
-4.73033332894	-1643.1949187	
-4.73327018862	-1643.19952474	
-4.73619844839	-1643.20411297	
-4.7391181585	-1643.20868351	
-4.74202936871	-1643.21323647	
-4.74493212836	-1643.21777195	
-4.74782648639	-1643.22229008	
-4.75071249128	-1643.22679095	
-4.75359019111	-1643.23127469	
-4.75645963353	-1643.23574138	
-4.75932086582	-1643.24019115	
-4.7621739348	-1643.24462409	
-4.76501888693	-1643.24904031	
-4.76785576827	-1643.25343992	
-4.77068462447	-1643.25782301	
-4.77350550081	-1643.26218969	
-4.77631844218	-1643.26654006	
-4.77912349311	-1643.27087422	
-4.78192069773	-1643.27519227	
-4.78471009982	-1643.2794943	
-4.78749174278	-1643.28378042	
-4.79026566966	-1643.28805072	
-4.79303192316	-1643.2923053	
-4.7957905456	-1643.29654424	
-4.79854157897	-1643.30076766	
-4.80128506491	-1643.30497563	
-4.80402104473	-1643.30916825	
-4.80674955939	-1643.31334562	
-4.8094706495	-1643.31750782	
-4.81218435537	-1643.32165495	
-4.81489071697	-1643.3257871	
-4.81758977394	-1643.32990434	
-4.82028156561	-1643.33400678	
-4.82296613098	-1643.3380945	
-4.82564350875	-1643.34216759	
-4.8283137373	-1643.34622612	
-4.83097685472	-1643.35027019	
-4.83363289878	-1643.35429989	
-4.83628190695	-1643.35831528	
-4.83892391641	-1643.36231647	
-4.84155896405	-1643.36630353	
-4.84418708646	-1643.37027654	
-4.84680831994	-1643.37423558	
-4.84942270051	-1643.37818074	
-4.85203026392	-1643.38211209	
-4.85463104562	-1643.38602971	
-4.8572250808	-1643.38993369	
-4.85981240436	-1643.39382409	
-4.86239305096	-1643.397701	
-4.86496705495	-1643.40156449	
-4.86753445046	-1643.40541464	
-4.87009527132	-1643.40925152	
-4.87264955112	-1643.41307522	
-4.8751973232	-1643.41688579	
-4.87773862063	-1643.42068332	
-4.88027347623	-1643.42446788	
-4.88280192259	-1643.42823955	
-4.88532399202	-1643.43199838	
-4.88783971662	-1643.43574446	
-4.89034912822	-1643.43947786	
-4.89285225844	-1643.44319863	
-4.89534913864	-1643.44690687	
-4.89783979995	-1643.45060263	
-4.90032427328	-1643.45428598	
-4.90280258929	-1643.45795699	
-4.90527477844	-1643.46161573	
-4.90774087093	-1643.46526226	
-4.91020089677	-1643.46889665	
-4.91265488574	-1643.47251897	
-4.91510286737	-1643.47612928	
-4.91754487103	-1643.47972764	
-4.91998092583	-1643.48331413	
-4.92241106068	-1643.4868888	
-4.92483530429	-1643.49045172	
-4.92725368516	-1643.49400294	
-4.92966623156	-1643.49754254	
-4.93207297159	-1643.50107058	
-4.93447393313	-1643.50458711	
-4.93686914386	-1643.5080922	
-4.93925863125	-1643.5115859	
-4.94164242261	-1643.51506828	
-4.94402054501	-1643.5185394	
-4.94639302537	-1643.52199931	
-4.94875989038	-1643.52544808	
-4.95112116656	-1643.52888575	
-4.95347688026	-1643.5323124	
-4.9558270576	-1643.53572808	
-4.95817172456	-1643.53913284	
-4.96051090691	-1643.54252674	
-4.96284463026	-1643.54590983	
-4.96517292002	-1643.54928218	
-4.96749580144	-1643.55264383	
-4.96981329958	-1643.55599485	
-4.97212543933	-1643.55933528	
-4.97443224543	-1643.56266518	
-4.97673374242	-1643.56598461	
-4.97902995468	-1643.56929361	
-4.98132090643	-1643.57259224	
-4.98360662171	-1643.57588056	
-4.98588712441	-1643.5791586	
-4.98816243824	-1643.58242643	
-4.99043258678	-1643.5856841	
-4.99269759341	-1643.58893166	
-4.99495748138	-1643.59216915	
-4.99721227376	-1643.59539663	
-4.9994619935	-1643.59861415	
-5.00170666335	-1643.60182175	
-5.00394630595	-1643.60501949	
-5.00618094375	-1643.60820741	
-5.00841059907	-1643.61138557	
-5.0106352941	-1643.61455401	
-5.01285505083	-1643.61771278	
-5.01506989116	-1643.62086192	
-5.01727983681	-1643.62400148	
-5.01948490937	-1643.62713151	
-5.02168513028	-1643.63025206	
-5.02388052085	-1643.63336317	
-5.02607110223	-1643.63646489	
-5.02825689545	-1643.63955726	
-5.03043792139	-1643.64264032	
-5.03261420082	-1643.64571413	
-5.03478575433	-1643.64877872	
-5.03695260241	-1643.65183414	
-5.03911476542	-1643.65488044	
-5.04127226356	-1643.65791765	
-5.04342511692	-1643.66094583	
-5.04557334546	-1643.663965	
-5.047716969	-1643.66697522	
-5.04985600725	-1643.66997653	
-5.05199047978	-1643.67296897	
-5.05412040604	-1643.67595258	
-5.05624580535	-1643.6789274	
-5.05836669692	-1643.68189348	
-5.06048309982	-1643.68485085	
-5.06259503303	-1643.68779955	
-5.06470251537	-1643.69073963	
-5.06680556556	-1643.69367113	
-5.06890420222	-1643.69659408	
-5.07099844382	-1643.69950852	
-5.07308830874	-1643.70241449	
-5.07517381523	-1643.70531204	
-5.07725498144	-1643.7082012	
-5.07933182538	-1643.71108201	
-5.08140436498	-1643.7139545	
-5.08347261805	-1643.71681872	
-5.08553660227	-1643.7196747	
-5.08759633523	-1643.72252248	
-5.08965183441	-1643.72536209	
-5.09170311719	-1643.72819358	
-5.09375020081	-1643.73101698	
-5.09579310244	-1643.73383232	
-5.09783183913	-1643.73663965	
-5.09986642782	-1643.739439	
-5.10189688537	-1643.7422304	
-5.10392322852	-1643.74501388	
-5.1059454739	-1643.7477895	
-5.10796363806	-1643.75055727	
-5.10997773743	-1643.75331723	
-5.11198778836	-1643.75606943	
-5.11399380708	-1643.75881388	
-5.11599580975	-1643.76155063	
-5.11799381242	-1643.76427972	
-5.11998783102	-1643.76700116	
-5.12197788143	-1643.76971501	
-5.1239639794	-1643.77242128	
-5.12594614061	-1643.77512002	
-5.12792438062	-1643.77781125	
-5.12989871492	-1643.78049501	
-5.13186915891	-1643.78317133	
-5.13383572788	-1643.78584024	
-5.13579843705	-1643.78850178	
-5.13775730154	-1643.79115597	
-5.13971233637	-1643.79380285	
-5.1416635565	-1643.79644245	
-5.14361097679	-1643.7990748	
-5.145554612	-1643.80169994	
-5.14749447681	-1643.80431788	
-5.14943058584	-1643.80692866	
-5.15136295359	-1643.80953232	
-5.1532915945	-1643.81212888	
-5.15521652291	-1643.81471837	
-5.15713775309	-1643.81730082	
-5.15905529921	-1643.81987626	
-5.1609691754	-1643.82244473	
-5.16287939565	-1643.82500624	
-5.16478597392	-1643.82756084	
-5.16668892407	-1643.83010854	
-5.16858825987	-1643.83264938	
-5.17048399504	-1643.83518338	
-5.17237614319	-1643.83771057	
-5.17426471788	-1643.84023099	
-5.17614973257	-1643.84274465	
-5.17803120067	-1643.8452516	
-5.1799091355	-1643.84775184	
-5.18178355029	-1643.85024542	
-5.18365445823	-1643.85273236	
-5.1855218724	-1643.85521268	
-5.18738580584	-1643.85768642	
-5.18924627149	-1643.8601536	
-5.19110328224	-1643.86261424	
-5.19295685089	-1643.86506837	
-5.19480699018	-1643.86751603	
-5.19665371277	-1643.86995723	
-5.19849703127	-1643.872392	
-5.20033695819	-1643.87482037	
-5.202173506	-1643.87724236	
-5.20400668708	-1643.879658	
-5.20583651375	-1643.88206731	
-5.20766299828	-1643.88447032	
-5.20948615284	-1643.88686706	
-5.21130598956	-1643.88925754	
-5.21312252048	-1643.8916418	
-5.21493575761	-1643.89401986	
-5.21674571285	-1643.89639173	
-5.21855239808	-1643.89875746	
-5.22035582508	-1643.90111705	
-5.22215600558	-1643.90347054	
-5.22395295126	-1643.90581795	
-5.22574667371	-1643.90815931	
-5.22753718449	-1643.91049462	
-5.22932449506	-1643.91282393	
-5.23110861685	-1643.91514725	
-5.23288956123	-1643.91746461	
-5.23466733947	-1643.91977603	
-5.23644196283	-1643.92208153	
-5.23821344248	-1643.92438113	
-5.23998178954	-1643.92667486	
-5.24174701506	-1643.92896275	
-5.24350913005	-1643.9312448	
-5.24526814546	-1643.93352105	
-5.24702407216	-1643.93579152	
-5.24877692099	-1643.93805623	
-5.25052670271	-1643.94031519	
-5.25227342805	-1643.94256844	
-5.25401710765	-1643.944816	
-5.25575775213	-1643.94705788	
-5.25749537203	-1643.94929411	
-5.25922997784	-1643.95152471	
-5.26096158	-1643.9537497	
-5.2626901889	-1643.9559691	
-5.26441581487	-1643.95818293	
-5.26613846818	-1643.96039122	
-5.26785815906	-1643.96259398	
-5.26957489768	-1643.96479123	
-5.27128869416	-1643.966983	
-5.27299955856	-1643.9691693	
-5.27470750091	-1643.97135016	
-5.27641253116	-1643.9735256	
-5.27811465923	-1643.97569563	
-5.27981389498	-1643.97786027	
-5.28151024823	-1643.98001955	
-5.28320372874	-1643.98217349	
-5.28489434622	-1643.9843221	
-5.28658211033	-1643.98646541	
-5.28826703069	-1643.98860342	
-5.28994911688	-1643.99073618	
-5.2916283784	-1643.99286368	
-5.29330482472	-1643.99498596	
-5.29497846528	-1643.99710302	
-5.29664930945	-1643.9992149	
-5.29831736655	-1644.0013216	
-5.29998264587	-1644.00342315	
-5.30164515664	-1644.00551956	
-5.30330490806	-1644.00761086	
-5.30496190927	-1644.00969706	
-5.30661616936	-1644.01177818	
-5.3082676974	-1644.01385424	
-5.30991650239	-1644.01592525	
-5.3115625933	-1644.01799124	
-5.31320597904	-1644.02005222	
-5.3148466685	-1644.02210821	
-5.3164846705	-1644.02415923	
-5.31811999384	-1644.0262053	
-5.31975264727	-1644.02824642	
-5.32138263948	-1644.03028263	
-5.32300997914	-1644.03231394	
-5.32463467487	-1644.03434036	
-5.32625673524	-1644.03636191	
-5.32787616879	-1644.03837862	
-5.32949298402	-1644.04039049	
-5.33110718937	-1644.04239754	
-5.33271879327	-1644.04439979	
-5.33432780407	-1644.04639726	
-5.33593423012	-1644.04838996	
-5.3375380797	-1644.05037791	
-5.33913936107	-1644.05236113	
-5.34073808243	-1644.05433963	
-5.34233425196	-1644.05631343	
-5.3439278778	-1644.05828255	
-5.34551896803	-1644.060247	
-5.34710753072	-1644.06220679	
-5.34869357387	-1644.06416195	
-5.35027710548	-1644.06611249	
-5.35185813348	-1644.06805842	
-5.35343666577	-1644.06999976	
-5.35501271022	-1644.07193653	
-5.35658627467	-1644.07386874	
-5.3581573669	-1644.07579641	
-5.35972599468	-1644.07771955	
-5.36129216571	-1644.07963818	
-5.36285588769	-1644.08155231	
-5.36441716825	-1644.08346197	
-5.36597601502	-1644.08536715	
-5.36753243557	-1644.08726789	
-5.36908643744	-1644.08916419	
-5.37063802813	-1644.09105606	
-5.37218721511	-1644.09294354	
-5.37373400583	-1644.09482662	
-5.37527840768	-1644.09670532	
-5.37682042804	-1644.09857966	
-5.37836007422	-1644.10044965	
-5.37989735354	-1644.10231531	
-5.38143227326	-1644.10417665	
-5.38296484061	-1644.10603368	
-5.38449506279	-1644.10788643	
-5.38602294697	-1644.10973489	
-5.38754850028	-1644.1115791	
-5.38907172982	-1644.11341906	
-5.39059264266	-1644.11525478	
-5.39211124583	-1644.11708628	
-5.39362754635	-1644.11891358	
-5.39514155118	-1644.12073668	
-5.39665326727	-1644.12255561	
-5.39816270152	-1644.12437037	
-5.39966986081	-1644.12618097	
-5.40117475199	-1644.12798744	
-5.40267738187	-1644.12978979	
-5.40417775725	-1644.13158802	
-5.40567588487	-1644.13338215	
-5.40717177146	-1644.1351722	
-5.40866542372	-1644.13695818	
-5.4101568483	-1644.1387401	
-5.41164605186	-1644.14051797	
-5.41313304098	-1644.14229181	
-5.41461782224	-1644.14406164	
-5.4161004022	-1644.14582745	
-5.41758078737	-1644.14758927	
-5.41905898424	-1644.14934711	
-5.42053499927	-1644.15110098	
-5.42200883889	-1644.1528509	
-5.4234805095	-1644.15459687	
-5.42495001748	-1644.15633891	
-5.42641736918	-1644.15807704	
-5.4278825709	-1644.15981126	
-5.42934562895	-1644.16154158	
-5.43080654959	-1644.16326803	
-5.43226533906	-1644.1649906	
-5.43372200355	-1644.16670932	
-5.43517654927	-1644.16842419	
-5.43662898235	-1644.17013524	
-5.43807930892	-1644.17184246	
-5.4395275351	-1644.17354587	
-5.44097366695	-1644.17524549	
-5.44241771052	-1644.17694132	
-5.44385967184	-1644.17863338	
-5.4452995569	-1644.18032167	
-5.44673737167	-1644.18200622	
-5.44817312209	-1644.18368703	
-5.44960681409	-1644.18536412	
-5.45103845357	-1644.18703749	
-5.45246804638	-1644.18870715	
-5.45389559837	-1644.19037313	
-5.45532111536	-1644.19203542	
-5.45674460314	-1644.19369405	
-5.45816606749	-1644.19534902	
-5.45958551414	-1644.19700034	
-5.46100294883	-1644.19864803	
-5.46241837723	-1644.20029209	
-5.46383180503	-1644.20193254	
-5.46524323786	-1644.20356938	
-5.46665268137	-1644.20520264	
-5.46806014114	-1644.20683232	
-5.46946562274	-1644.20845842	
-5.47086913175	-1644.21008097	
-5.47227067367	-1644.21169997	
-5.47367025403	-1644.21331544	
-5.47506787829	-1644.21492738	
-5.47646355193	-1644.2165358	
-5.47785728038	-1644.21814072	
-5.47924906905	-1644.21974214	
-5.48063892334	-1644.22134008	
-5.48202684862	-1644.22293455	
-5.48341285022	-1644.22452556	
-5.48479693349	-1644.22611311	
-5.48617910372	-1644.22769722	
-5.48755936619	-1644.2292779	
-5.48893772616	-1644.23085515	
-5.49031418887	-1644.232429	
-5.49168875953	-1644.23399944	
-5.49306144334	-1644.2355665	
-5.49443224547	-1644.23713017	
-5.49580117108	-1644.23869047	
-5.49716822529	-1644.24024741	
-5.49853341322	-1644.241801	
-5.49989673995	-1644.24335125	
-5.50125821054	-1644.24489816	
-5.50261783006	-1644.24644176	
-5.50397560352	-1644.24798205	
-5.50533153593	-1644.24951903	
-5.50668563228	-1644.25105272	
-5.50803789753	-1644.25258313	
-5.50938833663	-1644.25411026	
-5.5107369545	-1644.25563413	
-5.51208375605	-1644.25715475	
-5.51342874616	-1644.25867213	
-5.51477192971	-1644.26018626	
-5.51611331154	-1644.26169718	
-5.51745289646	-1644.26320488	
-5.51879068931	-1644.26470937	
-5.52012669485	-1644.26621066	
-5.52146091786	-1644.26770877	
-5.5227933631	-1644.26920369	
-5.52412403528	-1644.27069545	
-5.52545293913	-1644.27218405	
-5.52678007934	-1644.27366949	
-5.52810546058	-1644.2751518	
-5.52942908751	-1644.27663097	
-5.53075096477	-1644.27810701	
-5.53207109697	-1644.27957994	
-5.53338948873	-1644.28104977	
-5.53470614461	-1644.28251649	
-5.53602106919	-1644.28398013	
-5.53733426702	-1644.28544069	
-5.53864574262	-1644.28689818	
-5.5399555005	-1644.2883526	
-5.54126354516	-1644.28980397	
-5.54256988107	-1644.2912523	
-5.5438745127	-1644.29269759	
-5.54517744448	-1644.29413985	
-5.54647868084	-1644.2955791	
-5.54777822618	-1644.29701533	
-5.5490760849	-1644.29844856	
-5.55037226136	-1644.2998788	
-5.55166675992	-1644.30130606	
-5.55295958492	-1644.30273033	
-5.55425074069	-1644.30415164	
-5.55554023152	-1644.30556999	
-5.5568280617	-1644.30698539	
-5.55811423551	-1644.30839784	
-5.5593987572	-1644.30980736	
-5.56068163102	-1644.31121395	
-5.56196286117	-1644.31261762	
-5.56324245188	-1644.31401839	
-5.56452040732	-1644.31541625	
-5.56579673168	-1644.31681121	
-5.56707142911	-1644.31820329	
-5.56834450376	-1644.31959249	
-5.56961595975	-1644.32097882	
-5.57088580119	-1644.32236229	
-5.57215403218	-1644.32374291	
-5.57342065679	-1644.32512067	
-5.5746856791	-1644.3264956	
-5.57594910315	-1644.3278677	
-5.57721093297	-1644.32923698	
-5.57847117258	-1644.33060344	
-5.57972982599	-1644.33196709	
-5.58098689718	-1644.33332795	
-5.58224239012	-1644.33468601	
-5.58349630878	-1644.33604128	
-5.5847486571	-1644.33739378	
-5.585999439	-1644.33874351	
-5.5872486584	-1644.34009048	
-5.5884963192	-1644.3414347	
-5.58974242528	-1644.34277617	
-5.59098698051	-1644.3441149	
-5.59222998875	-1644.34545089	
-5.59347145384	-1644.34678417	
-5.5947113796	-1644.34811473	
-5.59594976985	-1644.34944257	
-5.59718662839	-1644.35076772	
-5.598421959	-1644.35209017	
-5.59965576545	-1644.35340993	
-5.60088805149	-1644.35472702	
-5.60211882088	-1644.35604143	
-5.60334807733	-1644.35735317	
-5.60457582457	-1644.35866226	
-5.6058020663	-1644.35996869	
-5.60702680619	-1644.36127248	
-5.60825004793	-1644.36257364	
-5.60947179518	-1644.36387216	
-5.61069205159	-1644.36516806	
-5.61191082078	-1644.36646134	
-5.61312810639	-1644.36775202	
-5.61434391201	-1644.36904009	
-5.61555824124	-1644.37032557	
-5.61677109767	-1644.37160846	
-5.61798248485	-1644.37288876	
-5.61919240636	-1644.3741665	
-5.62040086572	-1644.37544166	
-5.62160786647	-1644.37671427	
-5.62281341212	-1644.37798432	
-5.62401750619	-1644.37925182	
-5.62522015215	-1644.38051679	
-5.6264213535	-1644.38177922	
-5.62762111369	-1644.38303912	
-5.62881943618	-1644.3842965	
-5.63001632442	-1644.38555137	
-5.63121178182	-1644.38680373	
-5.63240581181	-1644.38805359	
-5.6335984178	-1644.38930096	
-5.63478960317	-1644.39054584	
-5.6359793713	-1644.39178824	
-5.63716772557	-1644.39302816	
-5.63835466933	-1644.39426562	
-5.63954020593	-1644.39550061	
-5.64072433869	-1644.39673315	
-5.64190707094	-1644.39796324	
-5.64308840598	-1644.39919089	
-5.64426834712	-1644.4004161	
-5.64544689764	-1644.40163889	
-5.64662406082	-1644.40285925	
-5.64779983991	-1644.40407719	
-5.64897423816	-1644.40529272	
-5.65014725882	-1644.40650585	
-5.65131890512	-1644.40771658	
-5.65248918027	-1644.40892492	
-5.65365808747	-1644.41013087	
-5.65482562993	-1644.41133444	
-5.65599181082	-1644.41253564	
-5.65715663332	-1644.41373448	
-5.65832010058	-1644.41493095	
-5.65948221576	-1644.41612506	
-5.660642982	-1644.41731683	
-5.66180240242	-1644.41850625	
-5.66296048014	-1644.41969334	
-5.66411721826	-1644.42087809	
-5.66527261989	-1644.42206052	
-5.66642668811	-1644.42324064	
-5.66757942599	-1644.42441843	
-5.6687308366	-1644.42559392	
-5.66988092298	-1644.42676711	
-5.67102968818	-1644.42793801	
-5.67217713524	-1644.42910661	
-5.67332326717	-1644.43027293	
-5.67446808699	-1644.43143697	
-5.67561159769	-1644.43259874	
-5.67675380227	-1644.43375825	
-5.6778947037	-1644.43491549	
-5.67903430497	-1644.43607048	
-5.68017260902	-1644.43722322	
-5.6813096188	-1644.43837371	
-5.68244533727	-1644.43952197	
-5.68357976734	-1644.440668	
-5.68471291194	-1644.44181179	
-5.68584477397	-1644.44295337	
-5.68697535634	-1644.44409273	
-5.68810466194	-1644.44522989	
-5.68923269364	-1644.44636483	
-5.69035945432	-1644.44749758	
-5.69148494685	-1644.44862814	
-5.69260917406	-1644.44975651	
-5.6937321388	-1644.45088269	
-5.69485384391	-1644.4520067	
-5.69597429221	-1644.45312854	
-5.69709348651	-1644.45424821	
-5.69821142961	-1644.45536573	
-5.69932812431	-1644.45648108	
-5.70044357339	-1644.45759429	
-5.70155777963	-1644.45870535	
-5.7026707458	-1644.45981427	
-5.70378247466	-1644.46092106	
-5.70489296894	-1644.46202573	
-5.70600223139	-1644.46312826	
-5.70711026475	-1644.46422868	
-5.70821707172	-1644.46532699	
-5.70932265503	-1644.46642319	
-5.71042701737	-1644.46751729	
-5.71153016145	-1644.46860929	
-5.71263208993	-1644.4696992	
-5.71373280551	-1644.47078703	
-5.71483231084	-1644.47187277	
-5.71593060859	-1644.47295643	
-5.71702770141	-1644.47403803	
-5.71812359193	-1644.47511755	
-5.71921828279	-1644.47619502	
-5.72031177661	-1644.47727043	
-5.72140407601	-1644.47834379	
-5.72249518359	-1644.47941511	
-5.72358510195	-1644.48048438	
-5.72467383369	-1644.48155162	
-5.72576138137	-1644.48261682	
-5.72684774759	-1644.48368	
-5.72793293489	-1644.48474116	
-5.72901694583	-1644.48580031	
-5.73009978297	-1644.48685744	
-5.73118144884	-1644.48791256	
-5.73226194598	-1644.48896569	
-5.7333412769	-1644.49001682	
-5.73441944412	-1644.49106595	
-5.73549645015	-1644.4921131	
-5.73657229748	-1644.49315827	
-5.73764698861	-1644.49420146	
-5.73872052602	-1644.49524268	
-5.73979291218	-1644.49628193	
-5.74086414956	-1644.49731922	
-5.74193424062	-1644.49835455	
-5.74300318781	-1644.49938792	
-5.74407099357	-1644.50041935	
-5.74513766034	-1644.50144883	
-5.74620319054	-1644.50247638	
-5.7472675866	-1644.50350199	
-5.74833085092	-1644.50452567	
-5.74939298591	-1644.50554742	
-5.75045399397	-1644.50656725	
-5.75151387748	-1644.50758517	
-5.75257263883	-1644.50860118	
-5.75363028038	-1644.50961528	
-5.75468680452	-1644.51062747	
-5.75574221359	-1644.51163777	
-5.75679650994	-1644.51264618	
-5.75784969593	-1644.5136527	
-5.75890177388	-1644.51465733	
-5.75995274612	-1644.51566008	
-5.76100261499	-1644.51666096	
-5.76205138278	-1644.51765997	
-5.76309905181	-1644.51865711	
-5.76414562438	-1644.51965239	
-5.76519110278	-1644.52064581	
-5.7662354893	-1644.52163738	
-5.76727878622	-1644.5226271	
-5.76832099579	-1644.52361497	
-5.7693621203	-1644.52460101	
-5.770402162	-1644.52558521	
-5.77144112313	-1644.52656758	
-5.77247900594	-1644.52754812	
-5.77351581267	-1644.52852684	
-5.77455154554	-1644.52950374	
-5.77558620679	-1644.53047883	
-5.77661979861	-1644.53145211	
-5.77765232322	-1644.53242358	
-5.77868378283	-1644.53339326	
-5.77971417962	-1644.53436113	
-5.78074351579	-1644.53532721	
-5.78177179352	-1644.53629151	
-5.78279901497	-1644.53725402	
-5.78382518233	-1644.53821475	
-5.78485029774	-1644.5391737	
-5.78587436337	-1644.54013088	
-5.78689738137	-1644.5410863	
-5.78791935386	-1644.54203995	
-5.788940283	-1644.54299184	
-5.7899601709	-1644.54394197	
-5.79097901969	-1644.54489036	
-5.79199683148	-1644.545837	
-5.79301360838	-1644.54678189	
-5.7940293525	-1644.54772505	
-5.79504406593	-1644.54866647	
-5.79605775077	-1644.54960616	
-5.79707040908	-1644.55054413	
-5.79808204295	-1644.55148037	
-5.79909265446	-1644.55241489	
-5.80010224566	-1644.5533477	
-5.80111081862	-1644.5542788	
-5.80211837538	-1644.55520819	
-5.80312491799	-1644.55613587	
-5.80413044849	-1644.55706186	
-5.80513496892	-1644.55798616	
-5.80613848129	-1644.55890876	
-5.80714098764	-1644.55982967	
-5.80814248998	-1644.5607489	
-5.80914299031	-1644.56166646	
