#Site	lnL	
0	-1.70695617329
1	-8.62955509201
2	-5.01024838849
3	-1.52878737247
4	-2.24683414574
5	-4.01513693411
6	-5.48617479804
7	-1.76154874459
8	-4.46168511821
9	-1.70695617329
10	-7.02398087019
11	-9.47437876914
12	-5.02206989731
13	-5.83160332628
14	-6.13030513554
15	-6.66524552104
16	-1.96255599466
17	-4.01513693411
18	-5.57456928357
19	-1.76154874459
20	-4.01513693411
21	-6.99802492411
22	-12.0256988717
23	-11.6679247154
24	-7.63055653679
25	-12.252532145
26	-5.01007476362
27	-5.02206989731
28	-1.85169933761
29	-7.33109902531
30	-5.165588849
31	-1.96255599466
32	-4.01513693411
33	-1.60644331729
34	-1.85169933761
35	-7.26366691108
36	-5.0575733079
37	-1.76154874459
38	-4.01513693411
39	-1.52878737247
40	-6.37358618606
41	-4.46168511821
42	-5.46211492881
43	-1.85169933761
44	-12.3557200043
45	-1.97164078572
46	-1.85169933761
47	-4.46168511821
48	-1.52878737247
49	-1.76154874459
50	-4.01513693411
51	-1.52878737247
52	-7.83133386153
53	-4.22888982497
54	-6.66524552104
55	-4.46719822344
56	-9.86090303725
57	-6.30587112501
58	-2.24683414574
59	-5.01007476362
60	-6.88324849181
61	-6.76939496002
62	-4.46168511821
63	-1.60644331729
64	-1.76154874459
65	-4.46168511821
66	-1.60644331729
67	-1.85169933761
68	-5.50018426106
69	-1.97164078572
70	-2.24683414574
71	-8.01652273599
72	-9.40691346184
73	-11.339974247
74	-9.3333523449
75	-1.70695617329
76	-2.24683414574
77	-4.81594077831
78	-1.70695617329
79	-6.53478108998
80	-4.46168511821
81	-1.52878737247
82	-4.61195731827
83	-4.46168511821
84	-1.60644331729
85	-1.85169933761
86	-12.4959765727
87	-1.60644331729
88	-1.85169933761
89	-8.93676373576
90	-1.60644331729
91	-6.54628110854
92	-4.22888982497
93	-1.97164078572
94	-4.63258170941
95	-4.81594077831
96	-1.70695617329
97	-1.96255599466
98	-5.4033058605
99	-1.52878737247
100	-1.96255599466
101	-4.83046297733
102	-1.52878737247
103	-6.3124799859
104	-4.46168511821
105	-1.60644331729
106	-1.96255599466
107	-4.22888982497
108	-7.13636542112
109	-1.85169933761
110	-4.01513693411
111	-9.51804022986
112	-8.2391481375
113	-7.82274385291
114	-1.60644331729
115	-1.85169933761
116	-5.01024838849
117	-1.70695617329
118	-5.04393538276
119	-4.01513693411
120	-1.52878737247
121	-1.96255599466
122	-4.22888982497
123	-5.058917128
124	-1.76154874459
125	-4.22888982497
126	-1.52878737247
127	-1.76154874459
128	-4.90787493199
129	-1.52878737247
130	-2.24683414574
131	-5.01024838849
132	-1.60644331729
133	-11.5190905426
134	-5.01024838849
135	-1.70695617329
136	-2.24683414574
137	-4.01513693411
138	-1.60644331729
139	-7.71380572348
140	-4.01513693411
141	-1.60644331729
142	-1.76154874459
143	-5.01024838849
144	-8.20833764053
145	-2.24683414574
146	-4.22888982497
147	-1.52878737247
148	-2.24683414574
149	-4.81594077831
150	-1.60644331729
151	-2.24683414574
152	-4.01513693411
153	-1.60644331729
154	-1.76154874459
155	-7.81807807961
156	-1.60644331729
157	-11.7397980133
158	-4.46168511821
159	-1.52878737247
160	-9.13495722349
161	-7.5289113672
162	-1.52878737247
163	-1.85169933761
164	-4.01513693411
165	-1.70695617329
166	-9.73046859674
167	-4.46168511821
168	-6.89775381488
169	-7.34277821795
170	-11.3717637893
171	-1.52878737247
172	-2.24683414574
173	-4.22888982497
174	-1.60644331729
175	-1.85169933761
176	-8.98011084821
177	-1.52878737247
178	-1.96255599466
179	-5.01007476362
180	-1.70695617329
181	-2.24683414574
182	-7.03388275455
183	-8.08600184188
184	-1.85169933761
185	-4.46168511821
186	-1.52878737247
187	-6.75579391958
188	-6.88263678363
189	-1.97164078572
190	-1.96255599466
191	-4.22888982497
192	-1.97164078572
193	-1.76154874459
194	-6.88263678363
195	-1.52878737247
196	-1.76154874459
197	-5.4033058605
198	-1.52878737247
199	-1.96255599466
200	-4.46168511821
201	-5.058917128
202	-2.24683414574
203	-7.87894065327
204	-1.52878737247
205	-1.85169933761
206	-4.01513693411
207	-6.20621237038
208	-2.24683414574
209	-6.26763623739
210	-1.60644331729
211	-1.76154874459
212	-4.81878393765
213	-1.52878737247
214	-1.76154874459
215	-4.22888982497
216	-1.70695617329
217	-2.24683414574
218	-7.5289113672
219	-1.70695617329
220	-9.52098118041
221	-10.206694725
222	-1.52878737247
223	-1.76154874459
224	-4.22888982497
225	-1.70695617329
226	-7.19629256431
227	-4.01513693411
228	-1.70695617329
229	-1.76154874459
230	-5.50018426106
231	-1.52878737247
232	-1.96255599466
233	-4.22888982497
234	-9.40854559146
235	-7.73946800641
236	-4.22888982497
237	-1.60644331729
238	-1.96255599466
239	-4.46168511821
240	-7.44846817467
241	-8.07418295979
242	-6.13030513554
243	-7.46212580629
244	-1.96255599466
245	-4.01513693411
246	-1.52878737247
247	-2.24683414574
248	-4.01513693411
249	-1.60644331729
250	-8.59481224856
251	-4.46168511821
252	-1.52878737247
253	-5.17659838086
254	-4.01513693411
255	-1.60644331729
256	-1.96255599466
257	-4.46168511821
258	-6.66524552104
259	-7.27066189634
260	-6.75348935876
261	-1.60644331729
262	-2.24683414574
263	-4.01513693411
264	-1.70695617329
265	-4.46719822344
266	-4.22888982497
267	-1.60644331729
268	-7.26103006869
269	-6.7259199068
270	-1.70695617329
271	-1.96255599466
272	-4.46168511821
273	-1.70695617329
274	-6.54628110854
275	-5.01024838849
276	-1.60644331729
277	-1.85169933761
278	-9.46639610997
279	-1.52878737247
280	-1.85169933761
281	-4.46168511821
282	-1.60644331729
283	-8.31217454055
284	-7.19190647232
285	-1.52878737247
286	-1.76154874459
287	-6.7009554179
288	-1.60644331729
289	-5.61095575471
290	-4.22888982497
291	-1.52878737247
292	-2.24683414574
293	-5.01024838849
294	-1.70695617329
295	-1.96255599466
296	-4.01513693411
297	-1.52878737247
298	-4.63258170941
299	-5.01024838849
300	-1.60644331729
301	-8.40173036436
302	-5.01024838849
303	-12.833172392
304	-1.85169933761
305	-4.46168511821
306	-6.91503544033
307	-1.76154874459
308	-4.46168511821
309	-1.70695617329
310	-7.25092597535
311	-4.01513693411
312	-1.70695617329
313	-1.85169933761
314	-4.01513693411
315	-6.99802492411
316	-5.89468995602
317	-7.77217037
318	-1.52878737247
319	-4.72097619493
320	-4.22888982497
321	-1.52878737247
322	-1.85169933761
323	-5.01024838849
324	-1.52878737247
325	-5.8468987036
326	-5.27266438873
327	-1.60644331729
328	-1.85169933761
329	-5.01024838849
330	-1.97164078572
331	-1.76154874459
332	-4.46168511821
333	-1.97164078572
334	-1.96255599466
335	-7.44291630569
336	-6.67735537499
337	-1.76154874459
338	-7.19190647232
339	-1.97164078572
340	-2.24683414574
341	-4.01513693411
342	-1.60644331729
343	-2.24683414574
344	-4.01513693411
345	-1.70695617329
346	-7.27235521765
347	-5.01024838849
348	-1.70695617329
349	-4.72097619493
350	-7.22036251336
351	-12.8216532427
352	-7.26103006869
353	-5.01024838849
354	-1.70695617329
355	-1.85169933761
356	-7.51812767333
357	-1.52878737247
358	-1.76154874459
359	-4.22888982497
360	-7.76348537898
361	-1.96255599466
362	-4.22888982497
363	-1.52878737247
364	-1.76154874459
365	-4.01513693411
366	-11.5870550763
367	-6.72961705919
368	-8.25379745084
369	-1.60644331729
370	-6.29002930378
371	-4.01513693411
372	-1.70695617329
373	-13.2471717948
374	-4.83046297733
375	-1.70695617329
376	-9.13060445103
377	-4.01513693411
378	-1.52878737247
379	-4.63258170941
380	-7.73434936739
381	-1.52878737247
382	-6.44276184548
383	-4.90787493199
384	-5.14731161353
385	-5.76490999878
386	-7.02234486992
387	-1.97164078572
388	-4.46719822344
389	-4.46168511821
390	-1.70695617329
391	-2.24683414574
392	-4.22888982497
393	-4.86160515753
394	-1.85169933761
395	-4.46168511821
396	-6.30587112501
397	-2.24683414574
398	-7.22746788207
399	-1.60644331729
400	-2.24683414574
401	-4.22888982497
402	-1.97164078572
403	-4.67673177078
404	-4.22888982497
405	-1.97164078572
406	-1.76154874459
407	-4.46168511821
408	-8.11804403304
409	-5.14755822054
410	-4.46168511821
411	-1.52878737247
412	-1.85169933761
413	-7.19190647232
414	-1.60644331729
415	-6.29002930378
416	-4.46168511821
417	-1.70695617329
418	-6.37358618606
419	-6.84342984198
420	-1.70695617329
421	-1.96255599466
422	-5.58857874659
423	-5.165588849
424	-5.63211029248
425	-7.27011889698
426	-1.97164078572
427	-7.15009133837
428	-7.48297592282
429	-1.70695617329
430	-5.8468987036
431	-5.01024838849
432	-6.87976819113
433	-6.01829603018
434	-4.46168511821
435	-1.60644331729
436	-8.78391691754
437	-5.01024838849
438	-1.60644331729
439	-11.2910957589
440	-4.01513693411
441	-9.4107940803
442	-1.96255599466
443	-4.46168511821
444	-1.60644331729
445	-4.61195731827
446	-4.81878393765
447	-9.13566995791
448	-9.38934956921
449	-4.46168511821
450	-1.60644331729
451	-1.76154874459
452	-8.16517971894
453	-1.52878737247
454	-1.76154874459
455	-6.89585428829
456	-1.60644331729
457	-1.85169933761
458	-7.33109902531
459	-5.02206989731
460	-8.39935183304
461	-8.2586015769
462	-1.97164078572
463	-1.85169933761
464	-4.01513693411
465	-1.70695617329
466	-1.85169933761
467	-4.01513693411
468	-1.52878737247
469	-5.08820389533
470	-4.01513693411
