# log_p 	 lnL 	 
0.0	-1639.25531722	
-0.287682072452	-1639.15802281	
-0.510825623766	-1638.96453403	
-0.69314718056	-1638.73084926	
-0.847297860387	-1638.48552712	
-0.980829253012	-1638.24423224	
-1.09861228867	-1638.01469269	
-1.20397280433	-1637.79997704	
-1.29928298413	-1637.60064229	
-1.38629436112	-1637.4160151	
-1.46633706879	-1637.24490256	
-1.54044504095	-1637.08596438	
-1.60943791243	-1636.93789614	
-1.67397643357	-1636.79951111	
-1.73460105539	-1636.66976905	
-1.79175946923	-1636.54777808	
-1.8458266905	-1636.43278364	
-1.89711998489	-1636.32415177	
-1.94591014906	-1636.22135084	
-1.99243016469	-1636.12393388	
-2.03688192726	-1636.03152243	
-2.07944154168	-1635.9437927	
-2.1202635362	-1635.86046387	
-2.15948424935	-1635.7812887	
-2.19722457734	-1635.70604606	
-2.23359222151	-1635.63453514	
-2.26868354132	-1635.56657117	
-2.30258509299	-1635.50198214	
-2.33537491582	-1635.44060647	
-2.36712361413	-1635.38229135	
-2.3978952728	-1635.32689158	
-2.42774823595	-1635.27426872	
-2.45673577282	-1635.22429053	
-2.48490664979	-1635.1768306	
-2.51230562398	-1635.13176803	
-2.53897387106	-1635.08898724	
-2.56494935746	-1635.04837777	
-2.59026716545	-1635.00983418	
-2.61495977804	-1634.97325585	
-2.63905732962	-1634.93854686	
-2.66258782703	-1634.90561586	
-2.68557734525	-1634.87437593	
-2.7080502011	-1634.84474438	
-2.73002910782	-1634.81664263	
-2.75153531304	-1634.78999604	
-2.77258872224	-1634.76473376	
-2.79320800944	-1634.74078853	
-2.81341071676	-1634.71809656	
-2.83321334406	-1634.69659734	
-2.85263142991	-1634.67623349	
-2.87167962488	-1634.6569506	
-2.8903717579	-1634.63869711	
-2.90872089656	-1634.6214241	
-2.92673940207	-1634.60508523	
-2.94443897917	-1634.58963653	
-2.96183072188	-1634.57503634	
-2.97892515524	-1634.56124512	
-2.99573227355	-1634.5482254	
-3.01226157551	-1634.5359416	
-3.02852209638	-1634.52435998	
-3.04452243772	-1634.51344852	
-3.06027079469	-1634.50317681	
-3.07577498123	-1634.49351598	
-3.09104245336	-1634.48443862	
-3.10608033072	-1634.47591868	
-3.12089541651	-1634.46793141	
-3.13549421593	-1634.46045326	
-3.14988295338	-1634.45346187	
-3.16406758837	-1634.44693595	
-3.17805383035	-1634.44085525	
-3.19184715248	-1634.4352005	
-3.20545280454	-1634.42995335	
-3.21887582487	-1634.42509632	
-3.23212105162	-1634.42061278	
-3.24519313319	-1634.41648685	
-3.25809653802	-1634.41270342	
-3.2708355638	-1634.40924807	
-3.28341434601	-1634.40610704	
-3.295836866	-1634.40326723	
-3.3081069586	-1634.40071612	
-3.32022831913	-1634.39844174	
-3.33220451018	-1634.39643268	
-3.34403896782	-1634.39467806	
-3.35573500759	-1634.39316744	
-3.36729582999	-1634.39189088	
-3.37872452581	-1634.39083887	
-3.39002408106	-1634.3900023	
-3.40119738166	-1634.38937246	
-3.41224721785	-1634.38894104	
-3.42317628838	-1634.38870007	
-3.43398720449	-1634.38864192	
-3.4446824936	-1634.38875928	
-3.45526460293	-1634.38904517	
-3.4657359028	-1634.38949289	
-3.47609868984	-1634.39009601	
-3.48635519	-1634.3908484	
-3.49650756147	-1634.39174414	
-3.50655789732	-1634.39277759	
-3.51650822817	-1634.39394333	
-3.52636052462	-1634.39523615	
-3.53611669956	-1634.39665108	
-3.54577861047	-1634.39818331	
-3.55534806149	-1634.39982827	
-3.56482680544	-1634.40158153	
-3.57421654579	-1634.40343887	
-3.58351893846	-1634.40539621	
-3.59273559356	-1634.40744965	
-3.60186807712	-1634.40959544	
-3.61091791264	-1634.41182998	
-3.61988658263	-1634.41414979	
-3.62877553004	-1634.41655154	
-3.63758615973	-1634.41903205	
-3.6463198397	-1634.42158822	
-3.65497790244	-1634.42421709	
-3.66356164613	-1634.42691583	
-3.6720723358	-1634.42968168	
-3.68051120444	-1634.43251202	
-3.68887945411	-1634.4354043	
-3.69717825693	-1634.4383561	
-3.70540875607	-1634.44136505	
-3.7135720667	-1634.44442891	
-3.72166927694	-1634.44754548	
-3.72970144863	-1634.45071268	
-3.73766961828	-1634.45392848	
-3.74557479779	-1634.45719095	
-3.75341797525	-1634.46049821	
-3.76120011569	-1634.46384845	
-3.76892216179	-1634.46723994	
-3.77658503453	-1634.47067099	
-3.78418963392	-1634.47414001	
-3.79173683955	-1634.47764542	
-3.79922751128	-1634.48118574	
-3.80666248977	-1634.48475951	
-3.81404259707	-1634.48836534	
-3.82136863716	-1634.49200188	
-3.82864139649	-1634.49566785	
-3.83586164446	-1634.49936199	
-3.84303013394	-1634.50308309	
-3.85014760171	-1634.50682999	
-3.85721476893	-1634.51060157	
-3.86423234159	-1634.51439674	
-3.87120101091	-1634.51821447	
-3.87812145375	-1634.52205375	
-3.88499433304	-1634.5259136	
-3.89182029811	-1634.52979308	
-3.8985999851	-1634.53369129	
-3.90533401728	-1634.53760735	
-3.91202300543	-1634.54154043	
-3.91866754815	-1634.5454897	
-3.92526823218	-1634.54945438	
-3.93182563272	-1634.55343371	
-3.93834031375	-1634.55742696	
-3.94481282825	-1634.56143342	
-3.95124371858	-1634.56545241	
-3.95763351668	-1634.56948326	
-3.96398274436	-1634.57352535	
-3.97029191355	-1634.57757804	
-3.97656152657	-1634.58164076	
-3.98279207632	-1634.58571293	
-3.98898404656	-1634.58979399	
-3.99513791214	-1634.5938834	
-4.00125413916	-1634.59798065	
-4.00733318523	-1634.60208525	
-4.01337549969	-1634.6061967	
-4.01938152375	-1634.61031454	
-4.02535169074	-1634.61443832	
-4.03128642625	-1634.61856761	
-4.03718614838	-1634.62270198	
-4.04305126783	-1634.62684103	
-4.04888218815	-1634.63098436	
-4.05467930583	-1634.63513161	
-4.06044301055	-1634.63928239	
-4.06617368526	-1634.64343637	
-4.07187170637	-1634.64759319	
-4.07753744391	-1634.65175252	
-4.08317126162	-1634.65591406	
-4.08877351717	-1634.66007748	
-4.09434456222	-1634.66424249	
-4.0998847426	-1634.6684088	
-4.10539439841	-1634.67257614	
-4.11087386417	-1634.67674424	
-4.11632346894	-1634.68091283	
-4.12174353641	-1634.68508167	
-4.12713438505	-1634.68925051	
-4.13249632819	-1634.69341913	
-4.13782967416	-1634.69758729	
-4.14313472639	-1634.70175478	
-4.14841178349	-1634.70592138	
-4.15366113938	-1634.7100869	
-4.15888308336	-1634.71425113	
-4.16407790024	-1634.71841389	
-4.1692458704	-1634.722575	
-4.1743872699	-1634.72673427	
-4.17950237056	-1634.73089153	
-4.18459144007	-1634.73504663	
-4.18965474203	-1634.7391994	
-4.19469253606	-1634.74334969	
-4.19970507788	-1634.74749735	
-4.20469261939	-1634.75164224	
-4.20965540873	-1634.75578421	
-4.21459369037	-1634.75992315	
-4.21950770518	-1634.76405891	
-4.22439769047	-1634.76819137	
-4.22926388012	-1634.77232042	
-4.2341065046	-1634.77644593	
-4.23892579103	-1634.7805678	
-4.2437219633	-1634.78468593	
-4.24849524205	-1634.7888002	
-4.25324584481	-1634.79291052	
-4.257973986	-1634.79701679	
-4.26267987704	-1634.80111892	
-4.26736372635	-1634.80521682	
-4.27202573946	-1634.8093104	
-4.27666611902	-1634.81339959	
-4.28128506487	-1634.81748429	
-4.28588277412	-1634.82156445	
-4.29045944115	-1634.82563998	
-4.29501525768	-1634.82971081	
-4.29955041285	-1634.83377687	
-4.3040650932	-1634.8378381	
-4.30855948279	-1634.84189444	
-4.31303376319	-1634.84594583	
-4.31748811354	-1634.8499922	
-4.3219227106	-1634.8540335	
-4.32633772881	-1634.85806968	
-4.33073334029	-1634.86210069	
-4.33510971489	-1634.86612648	
-4.33946702026	-1634.87014699	
-4.34380542185	-1634.8741622	
-4.348125083	-1634.87817205	
-4.3524261649	-1634.88217649	
-4.35670882669	-1634.8861755	
-4.36097322548	-1634.89016904	
-4.36521951636	-1634.89415706	
-4.36944785247	-1634.89813954	
-4.373658385	-1634.90211644	
-4.37785126326	-1634.90608772	
-4.38202663467	-1634.91005337	
-4.38618464482	-1634.91401335	
-4.39032543749	-1634.91796763	
-4.39444915467	-1634.9219162	
-4.39855593663	-1634.92585901	
-4.40264592188	-1634.92979606	
-4.40671924726	-1634.93372732	
-4.41077604796	-1634.93765277	
-4.4148164575	-1634.94157238	
-4.4188406078	-1634.94548615	
-4.42284862919	-1634.94939406	
-4.42684065046	-1634.95329608	
-4.43081679884	-1634.9571922	
-4.43477720006	-1634.96108242	
-4.43872197835	-1634.96496671	
-4.44265125649	-1634.96884506	
-4.44656515581	-1634.97271746	
-4.45046379623	-1634.97658391	
-4.45434729625	-1634.98044439	
-4.45821577303	-1634.98429889	
-4.46206934235	-1634.9881474	
-4.46590811865	-1634.99198992	
-4.46973221509	-1634.99582645	
-4.47354174351	-1634.99965697	
-4.47733681448	-1635.00348148	
-4.48111753732	-1635.00729997	
-4.48488402011	-1635.01111245	
-4.48863636973	-1635.01491891	
-4.49237469184	-1635.01871934	
-4.49609909093	-1635.02251375	
-4.49980967033	-1635.02630213	
-4.50350653221	-1635.03008448	
-4.50718977763	-1635.0338608	
-4.51085950652	-1635.0376311	
-4.51451581772	-1635.04139537	
-4.518158809	-1635.04515361	
-4.52178857705	-1635.04890583	
-4.52540521752	-1635.05265202	
-4.52900882502	-1635.0563922	
-4.53259949315	-1635.06012636	
-4.5361773145	-1635.06385451	
-4.53974238067	-1635.06757665	
-4.54329478227	-1635.07129278	
-4.54683460898	-1635.07500292	
-4.55036194949	-1635.07870706	
-4.5538768916	-1635.0824052	
-4.55737952215	-1635.08609737	
-4.56086992709	-1635.08978355	
-4.56434819147	-1635.09346377	
-4.56781439944	-1635.09713802	
-4.57126863431	-1635.10080631	
-4.5747109785	-1635.10446865	
-4.5781415136	-1635.10812504	
-4.58156032035	-1635.1117755	
-4.58496747867	-1635.11542003	
-4.58836306767	-1635.11905864	
-4.59174716566	-1635.12269135	
-4.59511985013	-1635.12631814	
-4.59848119784	-1635.12993905	
-4.60183128472	-1635.13355407	
-4.60517018599	-1635.13716321	
-4.60849797608	-1635.14076649	
-4.61181472871	-1635.14436392	
-4.61512051684	-1635.14795549	
-4.61841541274	-1635.15154124	
-4.62169948794	-1635.15512115	
-4.62497281328	-1635.15869525	
-4.62823545892	-1635.16226355	
-4.63148749431	-1635.16582606	
-4.63472898823	-1635.16938278	
-4.63796000881	-1635.17293373	
-4.64118062351	-1635.17647892	
-4.64439089914	-1635.18001836	
-4.64759090187	-1635.18355206	
-4.65078069724	-1635.18708003	
-4.65396035016	-1635.1906023	
-4.65712992492	-1635.19411885	
-4.66028948521	-1635.19762972	
-4.66343909411	-1635.20113491	
-4.66657881412	-1635.20463444	
-4.66970870713	-1635.2081283	
-4.67282883446	-1635.21161653	
-4.67593925688	-1635.21509913	
-4.67904003455	-1635.21857611	
-4.68213122712	-1635.22204748	
-4.68521289366	-1635.22551326	
-4.6882850927	-1635.22897347	
-4.69134788223	-1635.2324281	
-4.69440131972	-1635.23587718	
-4.6974454621	-1635.23932072	
-4.70048036579	-1635.24275874	
-4.70350608671	-1635.24619123	
-4.70652268025	-1635.24961823	
-4.70953020131	-1635.25303973	
-4.71252870431	-1635.25645576	
-4.71551824316	-1635.25986632	
-4.7184988713	-1635.26327144	
-4.72147064168	-1635.26667112	
-4.72443360681	-1635.27006537	
-4.72738781871	-1635.27345422	
-4.73033332894	-1635.27683767	
-4.73327018862	-1635.28021573	
-4.73619844839	-1635.28358842	
-4.7391181585	-1635.28695576	
-4.74202936871	-1635.29031776	
-4.74493212836	-1635.29367442	
-4.74782648639	-1635.29702577	
-4.75071249128	-1635.30037181	
-4.75359019111	-1635.30371257	
-4.75645963353	-1635.30704804	
-4.75932086582	-1635.31037826	
-4.7621739348	-1635.31370323	
-4.76501888693	-1635.31702296	
-4.76785576827	-1635.32033746	
-4.77068462447	-1635.32364676	
-4.77350550081	-1635.32695087	
-4.77631844218	-1635.33024979	
-4.77912349311	-1635.33354354	
-4.78192069773	-1635.33683214	
-4.78471009982	-1635.3401156	
-4.78749174278	-1635.34339393	
-4.79026566966	-1635.34666715	
-4.79303192316	-1635.34993526	
-4.7957905456	-1635.35319829	
-4.79854157897	-1635.35645625	
-4.80128506491	-1635.35970914	
-4.80402104473	-1635.36295699	
-4.80674955939	-1635.3661998	
-4.8094706495	-1635.36943759	
-4.81218435537	-1635.37267038	
-4.81489071697	-1635.37589817	
-4.81758977394	-1635.37912098	
-4.82028156561	-1635.38233883	
-4.82296613098	-1635.38555172	
-4.82564350875	-1635.38875967	
-4.8283137373	-1635.3919627	
-4.83097685472	-1635.39516081	
-4.83363289878	-1635.39835402	
-4.83628190695	-1635.40154234	
-4.83892391641	-1635.40472579	
-4.84155896405	-1635.40790438	
-4.84418708646	-1635.41107812	
-4.84680831994	-1635.41424703	
-4.84942270051	-1635.41741112	
-4.85203026392	-1635.42057039	
-4.85463104562	-1635.42372487	
-4.8572250808	-1635.42687457	
-4.85981240436	-1635.4300195	
-4.86239305096	-1635.43315967	
-4.86496705495	-1635.4362951	
-4.86753445046	-1635.4394258	
-4.87009527132	-1635.44255178	
-4.87264955112	-1635.44567306	
-4.8751973232	-1635.44878964	
-4.87773862063	-1635.45190155	
-4.88027347623	-1635.45500879	
-4.88280192259	-1635.45811137	
-4.88532399202	-1635.46120931	
-4.88783971662	-1635.46430263	
-4.89034912822	-1635.46739132	
-4.89285225844	-1635.47047542	
-4.89534913864	-1635.47355492	
-4.89783979995	-1635.47662985	
-4.90032427328	-1635.47970021	
-4.90280258929	-1635.48276601	
-4.90527477844	-1635.48582728	
-4.90774087093	-1635.48888401	
-4.91020089677	-1635.49193623	
-4.91265488574	-1635.49498395	
-4.91510286737	-1635.49802717	
-4.91754487103	-1635.50106592	
-4.91998092583	-1635.50410019	
-4.92241106068	-1635.50713002	
-4.92483530429	-1635.5101554	
-4.92725368516	-1635.51317634	
-4.92966623156	-1635.51619287	
-4.93207297159	-1635.519205	
-4.93447393313	-1635.52221272	
-4.93686914386	-1635.52521607	
-4.93925863125	-1635.52821504	
-4.94164242261	-1635.53120966	
-4.94402054501	-1635.53419992	
-4.94639302537	-1635.53718586	
-4.94875989038	-1635.54016746	
-4.95112116656	-1635.54314476	
-4.95347688026	-1635.54611776	
-4.9558270576	-1635.54908647	
-4.95817172456	-1635.5520509	
-4.96051090691	-1635.55501106	
-4.96284463026	-1635.55796697	
-4.96517292002	-1635.56091864	
-4.96749580144	-1635.56386608	
-4.96981329958	-1635.5668093	
-4.97212543933	-1635.56974831	
-4.97443224543	-1635.57268312	
-4.97673374242	-1635.57561375	
-4.97902995468	-1635.57854021	
-4.98132090643	-1635.5814625	
-4.98360662171	-1635.58438064	
-4.98588712441	-1635.58729464	
-4.98816243824	-1635.59020451	
-4.99043258678	-1635.59311026	
-4.99269759341	-1635.5960119	
-4.99495748138	-1635.59890945	
-4.99721227376	-1635.60180292	
-4.9994619935	-1635.6046923	
-5.00170666335	-1635.60757763	
-5.00394630595	-1635.6104589	
-5.00618094375	-1635.61333614	
-5.00841059907	-1635.61620934	
-5.0106352941	-1635.61907852	
-5.01285505083	-1635.62194369	
-5.01506989116	-1635.62480487	
-5.01727983681	-1635.62766205	
-5.01948490937	-1635.63051526	
-5.02168513028	-1635.6333645	
-5.02388052085	-1635.63620979	
-5.02607110223	-1635.63905113	
-5.02825689545	-1635.64188853	
-5.03043792139	-1635.64472201	
-5.03261420082	-1635.64755158	
-5.03478575433	-1635.65037724	
-5.03695260241	-1635.65319901	
-5.03911476542	-1635.65601689	
-5.04127226356	-1635.6588309	
-5.04342511692	-1635.66164105	
-5.04557334546	-1635.66444734	
-5.047716969	-1635.6672498	
-5.04985600725	-1635.67004842	
-5.05199047978	-1635.67284322	
-5.05412040604	-1635.6756342	
-5.05624580535	-1635.67842139	
-5.05836669692	-1635.68120478	
-5.06048309982	-1635.68398439	
-5.06259503303	-1635.68676022	
-5.06470251537	-1635.6895323	
-5.06680556556	-1635.69230062	
-5.06890420222	-1635.6950652	
-5.07099844382	-1635.69782604	
-5.07308830874	-1635.70058316	
-5.07517381523	-1635.70333657	
-5.07725498144	-1635.70608627	
-5.07933182538	-1635.70883228	
-5.08140436498	-1635.7115746	
-5.08347261805	-1635.71431325	
-5.08553660227	-1635.71704823	
-5.08759633523	-1635.71977956	
-5.08965183441	-1635.72250724	
-5.09170311719	-1635.72523128	
-5.09375020081	-1635.72795169	
-5.09579310244	-1635.73066848	
-5.09783183913	-1635.73338167	
-5.09986642782	-1635.73609125	
-5.10189688537	-1635.73879725	
-5.10392322852	-1635.74149966	
-5.1059454739	-1635.7441985	
-5.10796363806	-1635.74689377	
-5.10997773743	-1635.7495855	
-5.11198778836	-1635.75227367	
-5.11399380708	-1635.75495831	
-5.11599580975	-1635.75763943	
-5.11799381242	-1635.76031702	
-5.11998783102	-1635.76299111	
-5.12197788143	-1635.76566169	
-5.1239639794	-1635.76832879	
-5.12594614061	-1635.7709924	
-5.12792438062	-1635.77365254	
-5.12989871492	-1635.77630921	
-5.13186915891	-1635.77896243	
-5.13383572788	-1635.7816122	
-5.13579843705	-1635.78425853	
-5.13775730154	-1635.78690143	
-5.13971233637	-1635.78954091	
-5.1416635565	-1635.79217698	
-5.14361097679	-1635.79480964	
-5.145554612	-1635.79743891	
-5.14749447681	-1635.80006479	
-5.14943058584	-1635.8026873	
-5.15136295359	-1635.80530643	
-5.1532915945	-1635.8079222	
-5.15521652291	-1635.81053462	
-5.15713775309	-1635.81314369	
-5.15905529921	-1635.81574943	
-5.1609691754	-1635.81835184	
-5.16287939565	-1635.82095093	
-5.16478597392	-1635.8235467	
-5.16668892407	-1635.82613918	
-5.16858825987	-1635.82872835	
-5.17048399504	-1635.83131425	
-5.17237614319	-1635.83389686	
-5.17426471788	-1635.8364762	
-5.17614973257	-1635.83905228	
-5.17803120067	-1635.8416251	
-5.1799091355	-1635.84419468	
-5.18178355029	-1635.84676102	
-5.18365445823	-1635.84932413	
-5.1855218724	-1635.85188401	
-5.18738580584	-1635.85444068	
-5.18924627149	-1635.85699415	
-5.19110328224	-1635.85954441	
-5.19295685089	-1635.86209149	
-5.19480699018	-1635.86463538	
-5.19665371277	-1635.86717609	
-5.19849703127	-1635.86971364	
-5.20033695819	-1635.87224802	
-5.202173506	-1635.87477926	
-5.20400668708	-1635.87730735	
-5.20583651375	-1635.8798323	
-5.20766299828	-1635.88235412	
-5.20948615284	-1635.88487282	
-5.21130598956	-1635.88738841	
-5.21312252048	-1635.88990089	
-5.21493575761	-1635.89241027	
-5.21674571285	-1635.89491655	
-5.21855239808	-1635.89741976	
-5.22035582508	-1635.89991988	
-5.22215600558	-1635.90241694	
-5.22395295126	-1635.90491093	
-5.22574667371	-1635.90740187	
-5.22753718449	-1635.90988976	
-5.22932449506	-1635.91237461	
-5.23110861685	-1635.91485643	
-5.23288956123	-1635.91733522	
-5.23466733947	-1635.919811	
-5.23644196283	-1635.92228376	
-5.23821344248	-1635.92475351	
-5.23998178954	-1635.92722028	
-5.24174701506	-1635.92968405	
-5.24350913005	-1635.93214483	
-5.24526814546	-1635.93460265	
-5.24702407216	-1635.93705749	
-5.24877692099	-1635.93950937	
-5.25052670271	-1635.9419583	
-5.25227342805	-1635.94440428	
-5.25401710765	-1635.94684732	
-5.25575775213	-1635.94928742	
-5.25749537203	-1635.9517246	
-5.25922997784	-1635.95415886	
-5.26096158	-1635.9565902	
-5.2626901889	-1635.95901864	
-5.26441581487	-1635.96144418	
-5.26613846818	-1635.96386682	
-5.26785815906	-1635.96628658	
-5.26957489768	-1635.96870346	
-5.27128869416	-1635.97111747	
-5.27299955856	-1635.97352861	
-5.27470750091	-1635.97593689	
-5.27641253116	-1635.97834232	
-5.27811465923	-1635.98074491	
-5.27981389498	-1635.98314465	
-5.28151024823	-1635.98554157	
-5.28320372874	-1635.98793565	
-5.28489434622	-1635.99032692	
-5.28658211033	-1635.99271537	
-5.28826703069	-1635.99510102	
-5.28994911688	-1635.99748386	
-5.2916283784	-1635.99986392	
-5.29330482472	-1636.00224118	
-5.29497846528	-1636.00461567	
-5.29664930945	-1636.00698738	
-5.29831736655	-1636.00935632	
-5.29998264587	-1636.0117225	
-5.30164515664	-1636.01408592	
-5.30330490806	-1636.0164466	
-5.30496190927	-1636.01880453	
-5.30661616936	-1636.02115972	
-5.3082676974	-1636.02351219	
-5.30991650239	-1636.02586193	
-5.3115625933	-1636.02820895	
-5.31320597904	-1636.03055327	
-5.3148466685	-1636.03289487	
-5.3164846705	-1636.03523378	
-5.31811999384	-1636.03756999	
-5.31975264727	-1636.03990351	
-5.32138263948	-1636.04223436	
-5.32300997914	-1636.04456253	
-5.32463467487	-1636.04688803	
-5.32625673524	-1636.04921086	
-5.32787616879	-1636.05153104	
-5.32949298402	-1636.05384857	
-5.33110718937	-1636.05616345	
-5.33271879327	-1636.05847569	
-5.33432780407	-1636.0607853	
-5.33593423012	-1636.06309228	
-5.3375380797	-1636.06539665	
-5.33913936107	-1636.06769839	
-5.34073808243	-1636.06999752	
-5.34233425196	-1636.07229405	
-5.3439278778	-1636.07458799	
-5.34551896803	-1636.07687933	
-5.34710753072	-1636.07916808	
-5.34869357387	-1636.08145425	
-5.35027710548	-1636.08373784	
-5.35185813348	-1636.08601887	
-5.35343666577	-1636.08829733	
-5.35501271022	-1636.09057324	
-5.35658627467	-1636.09284659	
-5.3581573669	-1636.09511739	
-5.35972599468	-1636.09738565	
-5.36129216571	-1636.09965138	
-5.36285588769	-1636.10191458	
-5.36441716825	-1636.10417525	
-5.36597601502	-1636.1064334	
-5.36753243557	-1636.10868904	
-5.36908643744	-1636.11094217	
-5.37063802813	-1636.11319279	
-5.37218721511	-1636.11544092	
-5.37373400583	-1636.11768656	
-5.37527840768	-1636.11992971	
-5.37682042804	-1636.12217039	
-5.37836007422	-1636.12440858	
-5.37989735354	-1636.12664431	
-5.38143227326	-1636.12887757	
-5.38296484061	-1636.13110837	
-5.38449506279	-1636.13333671	
-5.38602294697	-1636.13556261	
-5.38754850028	-1636.13778607	
-5.38907172982	-1636.14000708	
-5.39059264266	-1636.14222566	
-5.39211124583	-1636.14444182	
-5.39362754635	-1636.14665555	
-5.39514155118	-1636.14886687	
-5.39665326727	-1636.15107577	
-5.39816270152	-1636.15328226	
-5.39966986081	-1636.15548636	
-5.40117475199	-1636.15768805	
-5.40267738187	-1636.15988736	
-5.40417775725	-1636.16208428	
-5.40567588487	-1636.16427882	
-5.40717177146	-1636.16647098	
-5.40866542372	-1636.16866077	
-5.4101568483	-1636.17084819	
-5.41164605186	-1636.17303325	
-5.41313304098	-1636.17521596	
-5.41461782224	-1636.17739631	
-5.4161004022	-1636.17957432	
-5.41758078737	-1636.18174999	
-5.41905898424	-1636.18392332	
-5.42053499927	-1636.18609432	
-5.42200883889	-1636.188263	
-5.4234805095	-1636.19042935	
-5.42495001748	-1636.19259338	
-5.42641736918	-1636.19475511	
-5.4278825709	-1636.19691452	
-5.42934562895	-1636.19907164	
-5.43080654959	-1636.20122645	
-5.43226533906	-1636.20337898	
-5.43372200355	-1636.20552922	
-5.43517654927	-1636.20767717	
-5.43662898235	-1636.20982285	
-5.43807930892	-1636.21196625	
-5.4395275351	-1636.21410739	
-5.44097366695	-1636.21624626	
-5.44241771052	-1636.21838287	
-5.44385967184	-1636.22051722	
-5.4452995569	-1636.22264933	
-5.44673737167	-1636.22477919	
-5.44817312209	-1636.22690681	
-5.44960681409	-1636.2290322	
-5.45103845357	-1636.23115536	
-5.45246804638	-1636.23327628	
-5.45389559837	-1636.23539499	
-5.45532111536	-1636.23751148	
-5.45674460314	-1636.23962575	
-5.45816606749	-1636.24173782	
-5.45958551414	-1636.24384768	
-5.46100294883	-1636.24595535	
-5.46241837723	-1636.24806082	
-5.46383180503	-1636.2501641	
-5.46524323786	-1636.25226519	
-5.46665268137	-1636.2543641	
-5.46806014114	-1636.25646084	
-5.46946562274	-1636.2585554	
-5.47086913175	-1636.2606478	
-5.47227067367	-1636.26273803	
-5.47367025403	-1636.2648261	
-5.47506787829	-1636.26691202	
-5.47646355193	-1636.26899578	
-5.47785728038	-1636.27107741	
-5.47924906905	-1636.27315689	
-5.48063892334	-1636.27523423	
-5.48202684862	-1636.27730944	
-5.48341285022	-1636.27938252	
-5.48479693349	-1636.28145347	
-5.48617910372	-1636.28352231	
-5.48755936619	-1636.28558903	
-5.48893772616	-1636.28765364	
-5.49031418887	-1636.28971614	
-5.49168875953	-1636.29177654	
-5.49306144334	-1636.29383484	
-5.49443224547	-1636.29589104	
-5.49580117108	-1636.29794516	
-5.49716822529	-1636.29999718	
-5.49853341322	-1636.30204713	
-5.49989673995	-1636.304095	
-5.50125821054	-1636.30614079	
-5.50261783006	-1636.30818452	
-5.50397560352	-1636.31022617	
-5.50533153593	-1636.31226577	
-5.50668563228	-1636.31430331	
-5.50803789753	-1636.3163388	
-5.50938833663	-1636.31837223	
-5.5107369545	-1636.32040363	
-5.51208375605	-1636.32243298	
-5.51342874616	-1636.32446029	
-5.51477192971	-1636.32648557	
-5.51611331154	-1636.32850882	
-5.51745289646	-1636.33053005	
-5.51879068931	-1636.33254926	
-5.52012669485	-1636.33456645	
-5.52146091786	-1636.33658162	
-5.5227933631	-1636.33859479	
-5.52412403528	-1636.34060595	
-5.52545293913	-1636.34261511	
-5.52678007934	-1636.34462227	
-5.52810546058	-1636.34662744	
-5.52942908751	-1636.34863062	
-5.53075096477	-1636.35063182	
-5.53207109697	-1636.35263103	
-5.53338948873	-1636.35462826	
-5.53470614461	-1636.35662352	
-5.53602106919	-1636.35861681	
-5.53733426702	-1636.36060814	
-5.53864574262	-1636.3625975	
-5.5399555005	-1636.3645849	
-5.54126354516	-1636.36657035	
-5.54256988107	-1636.36855385	
-5.5438745127	-1636.37053539	
-5.54517744448	-1636.372515	
-5.54647868084	-1636.37449267	
-5.54777822618	-1636.3764684	
-5.5490760849	-1636.37844219	
-5.55037226136	-1636.38041406	
-5.55166675992	-1636.382384	
-5.55295958492	-1636.38435203	
-5.55425074069	-1636.38631813	
-5.55554023152	-1636.38828232	
-5.5568280617	-1636.3902446	
-5.55811423551	-1636.39220497	
-5.5593987572	-1636.39416344	
-5.56068163102	-1636.39612002	
-5.56196286117	-1636.39807469	
-5.56324245188	-1636.40002748	
-5.56452040732	-1636.40197837	
-5.56579673168	-1636.40392738	
-5.56707142911	-1636.40587451	
-5.56834450376	-1636.40781976	
-5.56961595975	-1636.40976314	
-5.57088580119	-1636.41170465	
-5.57215403218	-1636.41364428	
-5.57342065679	-1636.41558206	
-5.5746856791	-1636.41751798	
-5.57594910315	-1636.41945204	
-5.57721093297	-1636.42138424	
-5.57847117258	-1636.4233146	
-5.57972982599	-1636.42524311	
-5.58098689718	-1636.42716978	
-5.58224239012	-1636.42909461	
-5.58349630878	-1636.4310176	
-5.5847486571	-1636.43293877	
-5.585999439	-1636.4348581	
-5.5872486584	-1636.43677561	
-5.5884963192	-1636.43869129	
-5.58974242528	-1636.44060516	
-5.59098698051	-1636.44251722	
-5.59222998875	-1636.44442746	
-5.59347145384	-1636.44633589	
-5.5947113796	-1636.44824252	
-5.59594976985	-1636.45014734	
-5.59718662839	-1636.45205037	
-5.598421959	-1636.45395161	
-5.59965576545	-1636.45585105	
-5.60088805149	-1636.4577487	
-5.60211882088	-1636.45964457	
-5.60334807733	-1636.46153866	
-5.60457582457	-1636.46343097	
-5.6058020663	-1636.4653215	
-5.60702680619	-1636.46721026	
-5.60825004793	-1636.46909726	
-5.60947179518	-1636.47098248	
-5.61069205159	-1636.47286595	
-5.61191082078	-1636.47474766	
-5.61312810639	-1636.47662761	
-5.61434391201	-1636.47850581	
-5.61555824124	-1636.48038226	
-5.61677109767	-1636.48225697	
-5.61798248485	-1636.48412993	
-5.61919240636	-1636.48600116	
-5.62040086572	-1636.48787064	
-5.62160786647	-1636.4897384	
-5.62281341212	-1636.49160442	
-5.62401750619	-1636.49346872	
-5.62522015215	-1636.49533129	
-5.6264213535	-1636.49719215	
-5.62762111369	-1636.49905128	
-5.62881943618	-1636.50090871	
-5.63001632442	-1636.50276442	
-5.63121178182	-1636.50461842	
-5.63240581181	-1636.50647072	
-5.6335984178	-1636.50832131	
-5.63478960317	-1636.51017021	
-5.6359793713	-1636.51201741	
-5.63716772557	-1636.51386292	
-5.63835466933	-1636.51570674	
-5.63954020593	-1636.51754888	
-5.64072433869	-1636.51938933	
-5.64190707094	-1636.5212281	
-5.64308840598	-1636.52306519	
-5.64426834712	-1636.52490061	
-5.64544689764	-1636.52673435	
-5.64662406082	-1636.52856643	
-5.64779983991	-1636.53039684	
-5.64897423816	-1636.53222559	
-5.65014725882	-1636.53405268	
-5.65131890512	-1636.53587812	
-5.65248918027	-1636.5377019	
-5.65365808747	-1636.53952403	
-5.65482562993	-1636.54134451	
-5.65599181082	-1636.54316335	
-5.65715663332	-1636.54498054	
-5.65832010058	-1636.5467961	
-5.65948221576	-1636.54861002	
-5.660642982	-1636.55042231	
-5.66180240242	-1636.55223297	
-5.66296048014	-1636.554042	
-5.66411721826	-1636.5558494	
-5.66527261989	-1636.55765519	
-5.66642668811	-1636.55945936	
-5.66757942599	-1636.56126191	
-5.6687308366	-1636.56306284	
-5.66988092298	-1636.56486217	
-5.67102968818	-1636.56665989	
-5.67217713524	-1636.56845601	
-5.67332326717	-1636.57025052	
-5.67446808699	-1636.57204344	
-5.67561159769	-1636.57383476	
-5.67675380227	-1636.57562448	
-5.6778947037	-1636.57741262	
-5.67903430497	-1636.57919917	
-5.68017260902	-1636.58098413	
-5.6813096188	-1636.58276751	
-5.68244533727	-1636.58454931	
-5.68357976734	-1636.58632954	
-5.68471291194	-1636.58810819	
-5.68584477397	-1636.58988527	
-5.68697535634	-1636.59166078	
-5.68810466194	-1636.59343473	
-5.68923269364	-1636.59520711	
-5.69035945432	-1636.59697794	
-5.69148494685	-1636.5987472	
-5.69260917406	-1636.60051491	
-5.6937321388	-1636.60228107	
-5.69485384391	-1636.60404568	
-5.69597429221	-1636.60580874	
-5.69709348651	-1636.60757026	
-5.69821142961	-1636.60933024	
-5.69932812431	-1636.61108868	
-5.70044357339	-1636.61284558	
-5.70155777963	-1636.61460095	
-5.7026707458	-1636.61635479	
-5.70378247466	-1636.6181071	
-5.70489296894	-1636.61985789	
-5.70600223139	-1636.62160715	
-5.70711026475	-1636.62335489	
-5.70821707172	-1636.62510111	
-5.70932265503	-1636.62684582	
-5.71042701737	-1636.62858902	
-5.71153016145	-1636.6303307	
-5.71263208993	-1636.63207088	
-5.71373280551	-1636.63380956	
-5.71483231084	-1636.63554673	
-5.71593060859	-1636.6372824	
-5.71702770141	-1636.63901657	
-5.71812359193	-1636.64074925	
-5.71921828279	-1636.64248044	
-5.72031177661	-1636.64421014	
-5.72140407601	-1636.64593835	
-5.72249518359	-1636.64766508	
-5.72358510195	-1636.64939033	
-5.72467383369	-1636.65111409	
-5.72576138137	-1636.65283638	
-5.72684774759	-1636.65455719	
-5.72793293489	-1636.65627654	
-5.72901694583	-1636.65799441	
-5.73009978297	-1636.65971081	
-5.73118144884	-1636.66142576	
-5.73226194598	-1636.66313923	
-5.7333412769	-1636.66485125	
-5.73441944412	-1636.66656182	
-5.73549645015	-1636.66827092	
-5.73657229748	-1636.66997858	
-5.73764698861	-1636.67168478	
-5.73872052602	-1636.67338954	
-5.73979291218	-1636.67509285	
-5.74086414956	-1636.67679472	
-5.74193424062	-1636.67849515	
-5.74300318781	-1636.68019414	
-5.74407099357	-1636.6818917	
-5.74513766034	-1636.68358782	
-5.74620319054	-1636.68528252	
-5.7472675866	-1636.68697578	
-5.74833085092	-1636.68866762	
-5.74939298591	-1636.69035803	
-5.75045399397	-1636.69204703	
-5.75151387748	-1636.6937346	
-5.75257263883	-1636.69542076	
-5.75363028038	-1636.69710551	
-5.75468680452	-1636.69878884	
-5.75574221359	-1636.70047076	
-5.75679650994	-1636.70215128	
-5.75784969593	-1636.70383039	
-5.75890177388	-1636.7055081	
-5.75995274612	-1636.7071844	
-5.76100261499	-1636.70885931	
-5.76205138278	-1636.71053283	
-5.76309905181	-1636.71220495	
-5.76414562438	-1636.71387568	
-5.76519110278	-1636.71554502	
-5.7662354893	-1636.71721297	
-5.76727878622	-1636.71887955	
-5.76832099579	-1636.72054473	
-5.7693621203	-1636.72220854	
-5.770402162	-1636.72387097	
-5.77144112313	-1636.72553203	
-5.77247900594	-1636.72719171	
-5.77351581267	-1636.72885003	
-5.77455154554	-1636.73050697	
-5.77558620679	-1636.73216255	
-5.77661979861	-1636.73381676	
-5.77765232322	-1636.73546961	
-5.77868378283	-1636.7371211	
-5.77971417962	-1636.73877124	
-5.78074351579	-1636.74042002	
-5.78177179352	-1636.74206744	
-5.78279901497	-1636.74371352	
-5.78382518233	-1636.74535825	
-5.78485029774	-1636.74700163	
-5.78587436337	-1636.74864366	
-5.78689738137	-1636.75028436	
-5.78791935386	-1636.75192371	
-5.788940283	-1636.75356173	
-5.7899601709	-1636.75519841	
-5.79097901969	-1636.75683375	
-5.79199683148	-1636.75846777	
-5.79301360838	-1636.76010045	
-5.7940293525	-1636.76173181	
-5.79504406593	-1636.76336185	
-5.79605775077	-1636.76499056	
-5.79707040908	-1636.76661795	
-5.79808204295	-1636.76824402	
-5.79909265446	-1636.76986877	
-5.80010224566	-1636.77149221	
-5.80111081862	-1636.77311434	
-5.80211837538	-1636.77473516	
-5.80312491799	-1636.77635467	
-5.80413044849	-1636.77797287	
-5.80513496892	-1636.77958977	
-5.80613848129	-1636.78120536	
-5.80714098764	-1636.78281966	
-5.80814248998	-1636.78443266	
-5.80914299031	-1636.78604436	
