# log_p 	 lnL 	 
0.0	-1731.18816396	
-0.287682072452	-1730.95060189	
-0.510825623766	-1730.66844493	
-0.69314718056	-1730.36102208	
-0.847297860387	-1730.0459417	
-0.980829253012	-1729.73180293	
-1.09861228867	-1729.42236329	
-1.20397280433	-1729.11932779	
-1.29928298413	-1728.82359187	
-1.38629436112	-1728.53571069	
-1.46633706879	-1728.25605539	
-1.54044504095	-1727.9848615	
-1.60943791243	-1727.72224773	
-1.67397643357	-1727.46823033	
-1.73460105539	-1727.22273878	
-1.79175946923	-1726.98563247	
-1.8458266905	-1726.75671695	
-1.89711998489	-1726.53575851	
-1.94591014906	-1726.32249674	
-1.99243016469	-1726.11665468	
-2.03688192726	-1725.91794692	
-2.07944154168	-1725.72608576	
-2.1202635362	-1725.54078583	
-2.15948424935	-1725.3617674	
-2.19722457734	-1725.18875868	
-2.23359222151	-1725.02149741	
-2.26868354132	-1724.85973176	
-2.30258509299	-1724.70322083	
-2.33537491582	-1724.55173488	
-2.36712361413	-1724.40505521	
-2.3978952728	-1724.26297396	
-2.42774823595	-1724.12529383	
-2.45673577282	-1723.99182758	
-2.48490664979	-1723.86239767	
-2.51230562398	-1723.73683574	
-2.53897387106	-1723.61498216	
-2.56494935746	-1723.49668555	
-2.59026716545	-1723.38180229	
-2.61495977804	-1723.27019614	
-2.63905732962	-1723.16173776	
-2.66258782703	-1723.05630432	
-2.68557734525	-1722.95377915	
-2.7080502011	-1722.85405131	
-2.73002910782	-1722.75701532	
-2.75153531304	-1722.66257081	
-2.77258872224	-1722.57062222	
-2.79320800944	-1722.48107855	
-2.81341071676	-1722.39385304	
-2.83321334406	-1722.30886299	
-2.85263142991	-1722.2260295	
-2.87167962488	-1722.14527725	
-2.8903717579	-1722.06653434	
-2.90872089656	-1721.98973202	
-2.92673940207	-1721.91480463	
-2.94443897917	-1721.84168934	
-2.96183072188	-1721.77032603	
-2.97892515524	-1721.70065716	
-2.99573227355	-1721.63262763	
-3.01226157551	-1721.56618463	
-3.02852209638	-1721.50127755	
-3.04452243772	-1721.43785784	
-3.06027079469	-1721.37587894	
-3.07577498123	-1721.31529615	
-3.09104245336	-1721.25606657	
-3.10608033072	-1721.19814895	
-3.12089541651	-1721.1415037	
-3.13549421593	-1721.08609272	
-3.14988295338	-1721.03187941	
-3.16406758837	-1720.97882852	
-3.17805383035	-1720.92690616	
-3.19184715248	-1720.87607969	
-3.20545280454	-1720.82631766	
-3.21887582487	-1720.7775898	
-3.23212105162	-1720.72986691	
-3.24519313319	-1720.68312087	
-3.25809653802	-1720.63732454	
-3.2708355638	-1720.59245175	
-3.28341434601	-1720.54847725	
-3.295836866	-1720.50537665	
-3.3081069586	-1720.46312642	
-3.32022831913	-1720.42170382	
-3.33220451018	-1720.3810869	
-3.34403896782	-1720.34125443	
-3.35573500759	-1720.30218589	
-3.36729582999	-1720.26386145	
-3.37872452581	-1720.22626193	
-3.39002408106	-1720.18936876	
-3.40119738166	-1720.15316399	
-3.41224721785	-1720.11763024	
-3.42317628838	-1720.08275066	
-3.43398720449	-1720.04850898	
-3.4446824936	-1720.0148894	
-3.45526460293	-1719.98187662	
-3.4657359028	-1719.94945584	
-3.47609868984	-1719.91761268	
-3.48635519	-1719.88633322	
-3.49650756147	-1719.85560395	
-3.50655789732	-1719.82541178	
-3.51650822817	-1719.79574399	
-3.52636052462	-1719.76658826	
-3.53611669956	-1719.73793263	
-3.54577861047	-1719.70976546	
-3.55534806149	-1719.6820755	
-3.56482680544	-1719.65485178	
-3.57421654579	-1719.62808367	
-3.58351893846	-1719.60176084	
-3.59273559356	-1719.57587325	
-3.60186807712	-1719.55041113	
-3.61091791264	-1719.52536501	
-3.61988658263	-1719.50072567	
-3.62877553004	-1719.47648414	
-3.63758615973	-1719.4526317	
-3.6463198397	-1719.42915989	
-3.65497790244	-1719.40606044	
-3.66356164613	-1719.38332534	
-3.6720723358	-1719.36094677	
-3.68051120444	-1719.33891714	
-3.68887945411	-1719.31722905	
-3.69717825693	-1719.2958753	
-3.70540875607	-1719.27484887	
-3.7135720667	-1719.25414293	
-3.72166927694	-1719.23375084	
-3.72970144863	-1719.21366611	
-3.73766961828	-1719.19388244	
-3.74557479779	-1719.17439367	
-3.75341797525	-1719.1551938	
-3.76120011569	-1719.13627701	
-3.76892216179	-1719.11763758	
-3.77658503453	-1719.09926998	
-3.78418963392	-1719.08116878	
-3.79173683955	-1719.06332872	
-3.79922751128	-1719.04574463	
-3.80666248977	-1719.02841151	
-3.81404259707	-1719.01132445	
-3.82136863716	-1718.99447867	
-3.82864139649	-1718.97786952	
-3.83586164446	-1718.96149244	
-3.84303013394	-1718.94534298	
-3.85014760171	-1718.92941683	
-3.85721476893	-1718.91370973	
-3.86423234159	-1718.89821757	
-3.87120101091	-1718.88293631	
-3.87812145375	-1718.86786201	
-3.88499433304	-1718.85299082	
-3.89182029811	-1718.83831899	
-3.8985999851	-1718.82384285	
-3.90533401728	-1718.8095588	
-3.91202300543	-1718.79546335	
-3.91866754815	-1718.78155307	
-3.92526823218	-1718.76782462	
-3.93182563272	-1718.75427473	
-3.93834031375	-1718.7409002	
-3.94481282825	-1718.72769791	
-3.95124371858	-1718.7146648	
-3.95763351668	-1718.70179789	
-3.96398274436	-1718.68909426	
-3.97029191355	-1718.67655106	
-3.97656152657	-1718.66416548	
-3.98279207632	-1718.6519348	
-3.98898404656	-1718.63985636	
-3.99513791214	-1718.62792753	
-4.00125413916	-1718.61614575	
-4.00733318523	-1718.60450853	
-4.01337549969	-1718.59301343	
-4.01938152375	-1718.58165803	
-4.02535169074	-1718.57044	
-4.03128642625	-1718.55935704	
-4.03718614838	-1718.54840691	
-4.04305126783	-1718.53758741	
-4.04888218815	-1718.52689638	
-4.05467930583	-1718.51633172	
-4.06044301055	-1718.50589136	
-4.06617368526	-1718.49557328	
-4.07187170637	-1718.4853755	
-4.07753744391	-1718.47529608	
-4.08317126162	-1718.46533313	
-4.08877351717	-1718.45548477	
-4.09434456222	-1718.4457492	
-4.0998847426	-1718.43612462	
-4.10539439841	-1718.42660928	
-4.11087386417	-1718.41720146	
-4.11632346894	-1718.4078995	
-4.12174353641	-1718.39870174	
-4.12713438505	-1718.38960656	
-4.13249632819	-1718.38061239	
-4.13782967416	-1718.37171767	
-4.14313472639	-1718.36292089	
-4.14841178349	-1718.35422055	
-4.15366113938	-1718.34561518	
-4.15888308336	-1718.33710337	
-4.16407790024	-1718.3286837	
-4.1692458704	-1718.32035479	
-4.1743872699	-1718.31211528	
-4.17950237056	-1718.30396387	
-4.18459144007	-1718.29589924	
-4.18965474203	-1718.28792011	
-4.19469253606	-1718.28002524	
-4.19970507788	-1718.2722134	
-4.20469261939	-1718.26448338	
-4.20965540873	-1718.256834	
-4.21459369037	-1718.2492641	
-4.21950770518	-1718.24177254	
-4.22439769047	-1718.23435819	
-4.22926388012	-1718.22701998	
-4.2341065046	-1718.2197568	
-4.23892579103	-1718.21256762	
-4.2437219633	-1718.20545139	
-4.24849524205	-1718.19840709	
-4.25324584481	-1718.19143372	
-4.257973986	-1718.18453029	
-4.26267987704	-1718.17769585	
-4.26736372635	-1718.17092945	
-4.27202573946	-1718.16423015	
-4.27666611902	-1718.15759704	
-4.28128506487	-1718.15102922	
-4.28588277412	-1718.14452581	
-4.29045944115	-1718.13808594	
-4.29501525768	-1718.13170877	
-4.29955041285	-1718.12539344	
-4.3040650932	-1718.11913916	
-4.30855948279	-1718.11294509	
-4.31303376319	-1718.10681046	
-4.31748811354	-1718.10073448	
-4.3219227106	-1718.09471638	
-4.32633772881	-1718.08875542	
-4.33073334029	-1718.08285084	
-4.33510971489	-1718.07700193	
-4.33946702026	-1718.07120796	
-4.34380542185	-1718.06546824	
-4.348125083	-1718.05978207	
-4.3524261649	-1718.05414876	
-4.35670882669	-1718.04856766	
-4.36097322548	-1718.0430381	
-4.36521951636	-1718.03755944	
-4.36944785247	-1718.03213104	
-4.373658385	-1718.02675228	
-4.37785126326	-1718.02142253	
-4.38202663467	-1718.0161412	
-4.38618464482	-1718.01090768	
-4.39032543749	-1718.0057214	
-4.39444915467	-1718.00058178	
-4.39855593663	-1717.99548824	
-4.40264592188	-1717.99044024	
-4.40671924726	-1717.98543722	
-4.41077604796	-1717.98047864	
-4.4148164575	-1717.97556397	
-4.4188406078	-1717.97069269	
-4.42284862919	-1717.96586427	
-4.42684065046	-1717.96107823	
-4.43081679884	-1717.95633405	
-4.43477720006	-1717.95163125	
-4.43872197835	-1717.94696933	
-4.44265125649	-1717.94234783	
-4.44656515581	-1717.93776628	
-4.45046379623	-1717.93322422	
-4.45434729625	-1717.92872118	
-4.45821577303	-1717.92425673	
-4.46206934235	-1717.91983043	
-4.46590811865	-1717.91544183	
-4.46973221509	-1717.91109051	
-4.47354174351	-1717.90677606	
-4.47733681448	-1717.90249805	
-4.48111753732	-1717.89825608	
-4.48488402011	-1717.89404974	
-4.48863636973	-1717.88987865	
-4.49237469184	-1717.88574241	
-4.49609909093	-1717.88164063	
-4.49980967033	-1717.87757293	
-4.50350653221	-1717.87353895	
-4.50718977763	-1717.86953832	
-4.51085950652	-1717.86557067	
-4.51451581772	-1717.86163564	
-4.518158809	-1717.85773289	
-4.52178857705	-1717.85386206	
-4.52540521752	-1717.85002281	
-4.52900882502	-1717.84621482	
-4.53259949315	-1717.84243774	
-4.5361773145	-1717.83869124	
-4.53974238067	-1717.83497501	
-4.54329478227	-1717.83128873	
-4.54683460898	-1717.82763208	
-4.55036194949	-1717.82400475	
-4.5538768916	-1717.82040644	
-4.55737952215	-1717.81683685	
-4.56086992709	-1717.81329567	
-4.56434819147	-1717.80978263	
-4.56781439944	-1717.80629742	
-4.57126863431	-1717.80283977	
-4.5747109785	-1717.7994094	
-4.5781415136	-1717.79600602	
-4.58156032035	-1717.79262936	
-4.58496747867	-1717.78927916	
-4.58836306767	-1717.78595515	
-4.59174716566	-1717.78265707	
-4.59511985013	-1717.77938466	
-4.59848119784	-1717.77613766	
-4.60183128472	-1717.77291582	
-4.60517018599	-1717.7697189	
-4.60849797608	-1717.76654664	
-4.61181472871	-1717.76339882	
-4.61512051684	-1717.76027518	
-4.61841541274	-1717.75717549	
-4.62169948794	-1717.75409952	
-4.62497281328	-1717.75104705	
-4.62823545892	-1717.74801784	
-4.63148749431	-1717.74501167	
-4.63472898823	-1717.74202832	
-4.63796000881	-1717.73906758	
-4.64118062351	-1717.73612922	
-4.64439089914	-1717.73321304	
-4.64759090187	-1717.73031882	
-4.65078069724	-1717.72744637	
-4.65396035016	-1717.72459547	
-4.65712992492	-1717.72176593	
-4.66028948521	-1717.71895754	
-4.66343909411	-1717.71617011	
-4.66657881412	-1717.71340344	
-4.66970870713	-1717.71065734	
-4.67282883446	-1717.70793163	
-4.67593925688	-1717.70522612	
-4.67904003455	-1717.70254061	
-4.68213122712	-1717.69987494	
-4.68521289366	-1717.69722891	
-4.6882850927	-1717.69460236	
-4.69134788223	-1717.6919951	
-4.69440131972	-1717.68940696	
-4.6974454621	-1717.68683778	
-4.70048036579	-1717.68428737	
-4.70350608671	-1717.68175558	
-4.70652268025	-1717.67924223	
-4.70953020131	-1717.67674717	
-4.71252870431	-1717.67427023	
-4.71551824316	-1717.67181126	
-4.7184988713	-1717.66937009	
-4.72147064168	-1717.66694657	
-4.72443360681	-1717.66454055	
-4.72738781871	-1717.66215187	
-4.73033332894	-1717.65978038	
-4.73327018862	-1717.65742594	
-4.73619844839	-1717.6550884	
-4.7391181585	-1717.6527676	
-4.74202936871	-1717.65046342	
-4.74493212836	-1717.64817571	
-4.74782648639	-1717.64590432	
-4.75071249128	-1717.64364911	
-4.75359019111	-1717.64140996	
-4.75645963353	-1717.63918673	
-4.75932086582	-1717.63697927	
-4.7621739348	-1717.63478747	
-4.76501888693	-1717.63261118	
-4.76785576827	-1717.63045028	
-4.77068462447	-1717.62830464	
-4.77350550081	-1717.62617413	
-4.77631844218	-1717.62405864	
-4.77912349311	-1717.62195802	
-4.78192069773	-1717.61987217	
-4.78471009982	-1717.61780096	
-4.78749174278	-1717.61574427	
-4.79026566966	-1717.61370199	
-4.79303192316	-1717.61167399	
-4.7957905456	-1717.60966015	
-4.79854157897	-1717.60766038	
-4.80128506491	-1717.60567454	
-4.80402104473	-1717.60370254	
-4.80674955939	-1717.60174425	
-4.8094706495	-1717.59979957	
-4.81218435537	-1717.59786839	
-4.81489071697	-1717.5959506	
-4.81758977394	-1717.5940461	
-4.82028156561	-1717.59215478	
-4.82296613098	-1717.59027654	
-4.82564350875	-1717.58841127	
-4.8283137373	-1717.58655887	
-4.83097685472	-1717.58471924	
-4.83363289878	-1717.58289229	
-4.83628190695	-1717.58107791	
-4.83892391641	-1717.579276	
-4.84155896405	-1717.57748647	
-4.84418708646	-1717.57570922	
-4.84680831994	-1717.57394416	
-4.84942270051	-1717.5721912	
-4.85203026392	-1717.57045023	
-4.85463104562	-1717.56872118	
-4.8572250808	-1717.56700394	
-4.85981240436	-1717.56529843	
-4.86239305096	-1717.56360456	
-4.86496705495	-1717.56192224	
-4.86753445046	-1717.56025139	
-4.87009527132	-1717.55859191	
-4.87264955112	-1717.55694373	
-4.8751973232	-1717.55530675	
-4.87773862063	-1717.5536809	
-4.88027347623	-1717.55206609	
-4.88280192259	-1717.55046223	
-4.88532399202	-1717.54886925	
-4.88783971662	-1717.54728707	
-4.89034912822	-1717.54571561	
-4.89285225844	-1717.54415478	
-4.89534913864	-1717.54260451	
-4.89783979995	-1717.54106472	
-4.90032427328	-1717.53953534	
-4.90280258929	-1717.53801629	
-4.90527477844	-1717.53650749	
-4.90774087093	-1717.53500887	
-4.91020089677	-1717.53352035	
-4.91265488574	-1717.53204187	
-4.91510286737	-1717.53057335	
-4.91754487103	-1717.52911471	
-4.91998092583	-1717.5276659	
-4.92241106068	-1717.52622683	
-4.92483530429	-1717.52479743	
-4.92725368516	-1717.52337765	
-4.92966623156	-1717.5219674	
-4.93207297159	-1717.52056663	
-4.93447393313	-1717.51917526	
-4.93686914386	-1717.51779323	
-4.93925863125	-1717.51642047	
-4.94164242261	-1717.51505692	
-4.94402054501	-1717.51370251	
-4.94639302537	-1717.51235718	
-4.94875989038	-1717.51102087	
-4.95112116656	-1717.5096935	
-4.95347688026	-1717.50837503	
-4.9558270576	-1717.50706539	
-4.95817172456	-1717.50576451	
-4.96051090691	-1717.50447234	
-4.96284463026	-1717.50318881	
-4.96517292002	-1717.50191387	
-4.96749580144	-1717.50064746	
-4.96981329958	-1717.49938951	
-4.97212543933	-1717.49813998	
-4.97443224543	-1717.4968988	
-4.97673374242	-1717.49566592	
-4.97902995468	-1717.49444128	
-4.98132090643	-1717.49322482	
-4.98360662171	-1717.4920165	
-4.98588712441	-1717.49081624	
-4.98816243824	-1717.48962401	
-4.99043258678	-1717.48843974	
-4.99269759341	-1717.48726339	
-4.99495748138	-1717.48609489	
-4.99721227376	-1717.4849342	
-4.9994619935	-1717.48378127	
-5.00170666335	-1717.48263603	
-5.00394630595	-1717.48149845	
-5.00618094375	-1717.48036847	
-5.00841059907	-1717.47924604	
-5.0106352941	-1717.47813112	
-5.01285505083	-1717.47702364	
-5.01506989116	-1717.47592356	
-5.01727983681	-1717.47483084	
-5.01948490937	-1717.47374543	
-5.02168513028	-1717.47266727	
-5.02388052085	-1717.47159632	
-5.02607110223	-1717.47053254	
-5.02825689545	-1717.46947587	
-5.03043792139	-1717.46842627	
-5.03261420082	-1717.4673837	
-5.03478575433	-1717.4663481	
-5.03695260241	-1717.46531945	
-5.03911476542	-1717.46429768	
-5.04127226356	-1717.46328275	
-5.04342511692	-1717.46227463	
-5.04557334546	-1717.46127326	
-5.047716969	-1717.46027861	
-5.04985600725	-1717.45929063	
-5.05199047978	-1717.45830928	
-5.05412040604	-1717.45733452	
-5.05624580535	-1717.4563663	
-5.05836669692	-1717.45540458	
-5.06048309982	-1717.45444933	
-5.06259503303	-1717.4535005	
-5.06470251537	-1717.45255805	
-5.06680556556	-1717.45162195	
-5.06890420222	-1717.45069214	
-5.07099844382	-1717.4497686	
-5.07308830874	-1717.44885127	
-5.07517381523	-1717.44794014	
-5.07725498144	-1717.44703514	
-5.07933182538	-1717.44613626	
-5.08140436498	-1717.44524344	
-5.08347261805	-1717.44435666	
-5.08553660227	-1717.44347587	
-5.08759633523	-1717.44260103	
-5.08965183441	-1717.44173212	
-5.09170311719	-1717.44086909	
-5.09375020081	-1717.44001191	
-5.09579310244	-1717.43916054	
-5.09783183913	-1717.43831495	
-5.09986642782	-1717.43747509	
-5.10189688537	-1717.43664095	
-5.10392322852	-1717.43581247	
-5.1059454739	-1717.43498963	
-5.10796363806	-1717.4341724	
-5.10997773743	-1717.43336073	
-5.11198778836	-1717.4325546	
-5.11399380708	-1717.43175396	
-5.11599580975	-1717.4309588	
-5.11799381242	-1717.43016907	
-5.11998783102	-1717.42938474	
-5.12197788143	-1717.42860579	
-5.1239639794	-1717.42783217	
-5.12594614061	-1717.42706386	
-5.12792438062	-1717.42630082	
-5.12989871492	-1717.42554302	
-5.13186915891	-1717.42479044	
-5.13383572788	-1717.42404303	
-5.13579843705	-1717.42330078	
-5.13775730154	-1717.42256364	
-5.13971233637	-1717.4218316	
-5.1416635565	-1717.42110461	
-5.14361097679	-1717.42038265	
-5.145554612	-1717.41966569	
-5.14749447681	-1717.4189537	
-5.14943058584	-1717.41824665	
-5.15136295359	-1717.41754452	
-5.1532915945	-1717.41684726	
-5.15521652291	-1717.41615486	
-5.15713775309	-1717.41546729	
-5.15905529921	-1717.41478452	
-5.1609691754	-1717.41410651	
-5.16287939565	-1717.41343325	
-5.16478597392	-1717.4127647	
-5.16668892407	-1717.41210084	
-5.16858825987	-1717.41144164	
-5.17048399504	-1717.41078708	
-5.17237614319	-1717.41013712	
-5.17426471788	-1717.40949174	
-5.17614973257	-1717.40885091	
-5.17803120067	-1717.40821462	
-5.1799091355	-1717.40758282	
-5.18178355029	-1717.4069555	
-5.18365445823	-1717.40633263	
-5.1855218724	-1717.40571419	
-5.18738580584	-1717.40510015	
-5.18924627149	-1717.40449048	
-5.19110328224	-1717.40388516	
-5.19295685089	-1717.40328417	
-5.19480699018	-1717.40268748	
-5.19665371277	-1717.40209506	
-5.19849703127	-1717.4015069	
-5.20033695819	-1717.40092296	
-5.202173506	-1717.40034323	
-5.20400668708	-1717.39976768	
-5.20583651375	-1717.39919629	
-5.20766299828	-1717.39862903	
-5.20948615284	-1717.39806589	
-5.21130598956	-1717.39750683	
-5.21312252048	-1717.39695183	
-5.21493575761	-1717.39640088	
-5.21674571285	-1717.39585395	
-5.21855239808	-1717.39531102	
-5.22035582508	-1717.39477206	
-5.22215600558	-1717.39423705	
-5.22395295126	-1717.39370598	
-5.22574667371	-1717.39317881	
-5.22753718449	-1717.39265554	
-5.22932449506	-1717.39213612	
-5.23110861685	-1717.39162056	
-5.23288956123	-1717.39110882	
-5.23466733947	-1717.39060088	
-5.23644196283	-1717.39009672	
-5.23821344248	-1717.38959633	
-5.23998178954	-1717.38909968	
-5.24174701506	-1717.38860674	
-5.24350913005	-1717.38811751	
-5.24526814546	-1717.38763195	
-5.24702407216	-1717.38715006	
-5.24877692099	-1717.38667181	
-5.25052670271	-1717.38619717	
-5.25227342805	-1717.38572614	
-5.25401710765	-1717.38525869	
-5.25575775213	-1717.38479479	
-5.25749537203	-1717.38433445	
-5.25922997784	-1717.38387762	
-5.26096158	-1717.3834243	
-5.2626901889	-1717.38297446	
-5.26441581487	-1717.38252809	
-5.26613846818	-1717.38208517	
-5.26785815906	-1717.38164568	
-5.26957489768	-1717.3812096	
-5.27128869416	-1717.38077691	
-5.27299955856	-1717.3803476	
-5.27470750091	-1717.37992164	
-5.27641253116	-1717.37949902	
-5.27811465923	-1717.37907972	
-5.27981389498	-1717.37866373	
-5.28151024823	-1717.37825102	
-5.28320372874	-1717.37784158	
-5.28489434622	-1717.37743539	
-5.28658211033	-1717.37703243	
-5.28826703069	-1717.3766327	
-5.28994911688	-1717.37623616	
-5.2916283784	-1717.3758428	
-5.29330482472	-1717.37545261	
-5.29497846528	-1717.37506557	
-5.29664930945	-1717.37468166	
-5.29831736655	-1717.37430087	
-5.29998264587	-1717.37392318	
-5.30164515664	-1717.37354857	
-5.30330490806	-1717.37317703	
-5.30496190927	-1717.37280854	
-5.30661616936	-1717.37244309	
-5.3082676974	-1717.37208065	
-5.30991650239	-1717.37172122	
-5.3115625933	-1717.37136478	
-5.31320597904	-1717.37101132	
-5.3148466685	-1717.37066081	
-5.3164846705	-1717.37031324	
-5.31811999384	-1717.3699686	
-5.31975264727	-1717.36962687	
-5.32138263948	-1717.36928803	
-5.32300997914	-1717.36895208	
-5.32463467487	-1717.368619	
-5.32625673524	-1717.36828877	
-5.32787616879	-1717.36796137	
-5.32949298402	-1717.3676368	
-5.33110718937	-1717.36731504	
-5.33271879327	-1717.36699607	
-5.33432780407	-1717.36667988	
-5.33593423012	-1717.36636646	
-5.3375380797	-1717.36605579	
-5.33913936107	-1717.36574785	
-5.34073808243	-1717.36544264	
-5.34233425196	-1717.36514014	
-5.3439278778	-1717.36484033	
-5.34551896803	-1717.36454321	
-5.34710753072	-1717.36424875	
-5.34869357387	-1717.36395695	
-5.35027710548	-1717.36366779	
-5.35185813348	-1717.36338125	
-5.35343666577	-1717.36309734	
-5.35501271022	-1717.36281602	
-5.35658627467	-1717.36253729	
-5.3581573669	-1717.36226114	
-5.35972599468	-1717.36198755	
-5.36129216571	-1717.36171651	
-5.36285588769	-1717.36144801	
-5.36441716825	-1717.36118202	
-5.36597601502	-1717.36091856	
-5.36753243557	-1717.36065758	
-5.36908643744	-1717.3603991	
-5.37063802813	-1717.36014309	
-5.37218721511	-1717.35988954	
-5.37373400583	-1717.35963844	
-5.37527840768	-1717.35938977	
-5.37682042804	-1717.35914354	
-5.37836007422	-1717.35889971	
-5.37989735354	-1717.35865828	
-5.38143227326	-1717.35841925	
-5.38296484061	-1717.35818259	
-5.38449506279	-1717.35794829	
-5.38602294697	-1717.35771635	
-5.38754850028	-1717.35748675	
-5.38907172982	-1717.35725948	
-5.39059264266	-1717.35703452	
-5.39211124583	-1717.35681188	
-5.39362754635	-1717.35659153	
-5.39514155118	-1717.35637347	
-5.39665326727	-1717.35615768	
-5.39816270152	-1717.35594415	
-5.39966986081	-1717.35573287	
-5.40117475199	-1717.35552383	
-5.40267738187	-1717.35531702	
-5.40417775725	-1717.35511243	
-5.40567588487	-1717.35491005	
-5.40717177146	-1717.35470986	
-5.40866542372	-1717.35451186	
-5.4101568483	-1717.35431603	
-5.41164605186	-1717.35412237	
-5.41313304098	-1717.35393086	
-5.41461782224	-1717.35374149	
-5.4161004022	-1717.35355426	
-5.41758078737	-1717.35336915	
-5.41905898424	-1717.35318615	
-5.42053499927	-1717.35300526	
-5.42200883889	-1717.35282645	
-5.4234805095	-1717.35264973	
-5.42495001748	-1717.35247508	
-5.42641736918	-1717.35230249	
-5.4278825709	-1717.35213195	
-5.42934562895	-1717.35196346	
-5.43080654959	-1717.35179699	
-5.43226533906	-1717.35163255	
-5.43372200355	-1717.35147013	
-5.43517654927	-1717.3513097	
-5.43662898235	-1717.35115127	
-5.43807930892	-1717.35099482	
-5.4395275351	-1717.35084034	
-5.44097366695	-1717.35068783	
-5.44241771052	-1717.35053728	
-5.44385967184	-1717.35038867	
-5.4452995569	-1717.350242	
-5.44673737167	-1717.35009725	
-5.44817312209	-1717.34995443	
-5.44960681409	-1717.34981351	
-5.45103845357	-1717.34967449	
-5.45246804638	-1717.34953736	
-5.45389559837	-1717.34940212	
-5.45532111536	-1717.34926875	
-5.45674460314	-1717.34913724	
-5.45816606749	-1717.34900759	
-5.45958551414	-1717.34887978	
-5.46100294883	-1717.34875381	
-5.46241837723	-1717.34862967	
-5.46383180503	-1717.34850736	
-5.46524323786	-1717.34838685	
-5.46665268137	-1717.34826814	
-5.46806014114	-1717.34815124	
-5.46946562274	-1717.34803611	
-5.47086913175	-1717.34792277	
-5.47227067367	-1717.34781119	
-5.47367025403	-1717.34770138	
-5.47506787829	-1717.34759332	
-5.47646355193	-1717.347487	
-5.47785728038	-1717.34738242	
-5.47924906905	-1717.34727957	
-5.48063892334	-1717.34717844	
-5.48202684862	-1717.34707902	
-5.48341285022	-1717.34698131	
-5.48479693349	-1717.34688529	
-5.48617910372	-1717.34679096	
-5.48755936619	-1717.34669831	
-5.48893772616	-1717.34660733	
-5.49031418887	-1717.34651802	
-5.49168875953	-1717.34643037	
-5.49306144334	-1717.34634436	
-5.49443224547	-1717.34626	
-5.49580117108	-1717.34617727	
-5.49716822529	-1717.34609616	
-5.49853341322	-1717.34601668	
-5.49989673995	-1717.34593881	
-5.50125821054	-1717.34586254	
-5.50261783006	-1717.34578787	
-5.50397560352	-1717.34571479	
-5.50533153593	-1717.34564329	
-5.50668563228	-1717.34557336	
-5.50803789753	-1717.345505	
-5.50938833663	-1717.34543821	
-5.5107369545	-1717.34537296	
-5.51208375605	-1717.34530926	
-5.51342874616	-1717.3452471	
-5.51477192971	-1717.34518647	
-5.51611331154	-1717.34512737	
-5.51745289646	-1717.34506978	
-5.51879068931	-1717.3450137	
-5.52012669485	-1717.34495913	
-5.52146091786	-1717.34490606	
-5.5227933631	-1717.34485447	
-5.52412403528	-1717.34480437	
-5.52545293913	-1717.34475574	
-5.52678007934	-1717.34470859	
-5.52810546058	-1717.34466289	
-5.52942908751	-1717.34461866	
-5.53075096477	-1717.34457587	
-5.53207109697	-1717.34453452	
-5.53338948873	-1717.34449462	
-5.53470614461	-1717.34445614	
-5.53602106919	-1717.34441908	
-5.53733426702	-1717.34438345	
-5.53864574262	-1717.34434922	
-5.5399555005	-1717.3443164	
-5.54126354516	-1717.34428497	
-5.54256988107	-1717.34425494	
-5.5438745127	-1717.34422629	
-5.54517744448	-1717.34419902	
-5.54647868084	-1717.34417312	
-5.54777822618	-1717.34414859	
-5.5490760849	-1717.34412542	
-5.55037226136	-1717.3441036	
-5.55166675992	-1717.34408313	
-5.55295958492	-1717.34406401	
-5.55425074069	-1717.34404622	
-5.55554023152	-1717.34402975	
-5.5568280617	-1717.34401462	
-5.55811423551	-1717.3440008	
-5.5593987572	-1717.34398829	
-5.56068163102	-1717.34397709	
-5.56196286117	-1717.34396719	
-5.56324245188	-1717.34395858	
-5.56452040732	-1717.34395127	
-5.56579673168	-1717.34394523	
-5.56707142911	-1717.34394047	
-5.56834450376	-1717.34393699	
-5.56961595975	-1717.34393477	
-5.57088580119	-1717.34393381	
-5.57215403218	-1717.3439341	
-5.57342065679	-1717.34393564	
-5.5746856791	-1717.34393843	
-5.57594910315	-1717.34394245	
-5.57721093297	-1717.34394771	
-5.57847117258	-1717.34395419	
-5.57972982599	-1717.34396189	
-5.58098689718	-1717.34397081	
-5.58224239012	-1717.34398094	
-5.58349630878	-1717.34399228	
-5.5847486571	-1717.34400481	
-5.585999439	-1717.34401854	
-5.5872486584	-1717.34403346	
-5.5884963192	-1717.34404956	
-5.58974242528	-1717.34406684	
-5.59098698051	-1717.34408529	
-5.59222998875	-1717.34410492	
-5.59347145384	-1717.3441257	
-5.5947113796	-1717.34414764	
-5.59594976985	-1717.34417074	
-5.59718662839	-1717.34419498	
-5.598421959	-1717.34422037	
-5.59965576545	-1717.34424689	
-5.60088805149	-1717.34427454	
-5.60211882088	-1717.34430333	
-5.60334807733	-1717.34433323	
-5.60457582457	-1717.34436425	
-5.6058020663	-1717.34439639	
-5.60702680619	-1717.34442963	
-5.60825004793	-1717.34446398	
-5.60947179518	-1717.34449942	
-5.61069205159	-1717.34453596	
-5.61191082078	-1717.34457359	
-5.61312810639	-1717.3446123	
-5.61434391201	-1717.34465209	
-5.61555824124	-1717.34469295	
-5.61677109767	-1717.34473488	
-5.61798248485	-1717.34477788	
-5.61919240636	-1717.34482193	
-5.62040086572	-1717.34486705	
-5.62160786647	-1717.34491321	
-5.62281341212	-1717.34496042	
-5.62401750619	-1717.34500867	
-5.62522015215	-1717.34505796	
-5.6264213535	-1717.34510828	
-5.62762111369	-1717.34515963	
-5.62881943618	-1717.34521201	
-5.63001632442	-1717.3452654	
-5.63121178182	-1717.34531981	
-5.63240581181	-1717.34537522	
-5.6335984178	-1717.34543165	
-5.63478960317	-1717.34548907	
-5.6359793713	-1717.3455475	
-5.63716772557	-1717.34560691	
-5.63835466933	-1717.34566731	
-5.63954020593	-1717.3457287	
-5.64072433869	-1717.34579107	
-5.64190707094	-1717.34585442	
-5.64308840598	-1717.34591873	
-5.64426834712	-1717.34598402	
-5.64544689764	-1717.34605026	
-5.64662406082	-1717.34611747	
-5.64779983991	-1717.34618563	
-5.64897423816	-1717.34625474	
-5.65014725882	-1717.3463248	
-5.65131890512	-1717.3463958	
-5.65248918027	-1717.34646773	
-5.65365808747	-1717.34654061	
-5.65482562993	-1717.34661441	
-5.65599181082	-1717.34668914	
-5.65715663332	-1717.34676479	
-5.65832010058	-1717.34684136	
-5.65948221576	-1717.34691885	
-5.660642982	-1717.34699724	
-5.66180240242	-1717.34707655	
-5.66296048014	-1717.34715675	
-5.66411721826	-1717.34723785	
-5.66527261989	-1717.34731985	
-5.66642668811	-1717.34740274	
-5.66757942599	-1717.34748652	
-5.6687308366	-1717.34757118	
-5.66988092298	-1717.34765672	
-5.67102968818	-1717.34774314	
-5.67217713524	-1717.34783042	
-5.67332326717	-1717.34791858	
-5.67446808699	-1717.3480076	
-5.67561159769	-1717.34809748	
-5.67675380227	-1717.34818822	
-5.6778947037	-1717.34827982	
-5.67903430497	-1717.34837226	
-5.68017260902	-1717.34846555	
-5.6813096188	-1717.34855968	
-5.68244533727	-1717.34865465	
-5.68357976734	-1717.34875046	
-5.68471291194	-1717.3488471	
-5.68584477397	-1717.34894456	
-5.68697535634	-1717.34904286	
-5.68810466194	-1717.34914197	
-5.68923269364	-1717.3492419	
-5.69035945432	-1717.34934265	
-5.69148494685	-1717.3494442	
-5.69260917406	-1717.34954657	
-5.6937321388	-1717.34964974	
-5.69485384391	-1717.3497537	
-5.69597429221	-1717.34985847	
-5.69709348651	-1717.34996403	
-5.69821142961	-1717.35007038	
-5.69932812431	-1717.35017752	
-5.70044357339	-1717.35028544	
-5.70155777963	-1717.35039414	
-5.7026707458	-1717.35050362	
-5.70378247466	-1717.35061387	
-5.70489296894	-1717.35072489	
-5.70600223139	-1717.35083668	
-5.70711026475	-1717.35094923	
-5.70821707172	-1717.35106255	
-5.70932265503	-1717.35117662	
-5.71042701737	-1717.35129145	
-5.71153016145	-1717.35140702	
-5.71263208993	-1717.35152335	
-5.71373280551	-1717.35164042	
-5.71483231084	-1717.35175823	
-5.71593060859	-1717.35187678	
-5.71702770141	-1717.35199607	
-5.71812359193	-1717.35211608	
-5.71921828279	-1717.35223683	
-5.72031177661	-1717.3523583	
-5.72140407601	-1717.3524805	
-5.72249518359	-1717.35260341	
-5.72358510195	-1717.35272705	
-5.72467383369	-1717.35285139	
-5.72576138137	-1717.35297645	
-5.72684774759	-1717.35310221	
-5.72793293489	-1717.35322868	
-5.72901694583	-1717.35335586	
-5.73009978297	-1717.35348373	
-5.73118144884	-1717.35361229	
-5.73226194598	-1717.35374155	
-5.7333412769	-1717.3538715	
-5.73441944412	-1717.35400214	
-5.73549645015	-1717.35413346	
-5.73657229748	-1717.35426547	
-5.73764698861	-1717.35439815	
-5.73872052602	-1717.35453151	
-5.73979291218	-1717.35466554	
-5.74086414956	-1717.35480024	
-5.74193424062	-1717.3549356	
-5.74300318781	-1717.35507164	
-5.74407099357	-1717.35520833	
-5.74513766034	-1717.35534568	
-5.74620319054	-1717.35548369	
-5.7472675866	-1717.35562235	
-5.74833085092	-1717.35576167	
-5.74939298591	-1717.35590163	
-5.75045399397	-1717.35604223	
-5.75151387748	-1717.35618348	
-5.75257263883	-1717.35632537	
-5.75363028038	-1717.35646789	
-5.75468680452	-1717.35661105	
-5.75574221359	-1717.35675485	
-5.75679650994	-1717.35689927	
-5.75784969593	-1717.35704431	
-5.75890177388	-1717.35718998	
-5.75995274612	-1717.35733628	
-5.76100261499	-1717.35748319	
-5.76205138278	-1717.35763071	
-5.76309905181	-1717.35777885	
-5.76414562438	-1717.35792761	
-5.76519110278	-1717.35807696	
-5.7662354893	-1717.35822693	
-5.76727878622	-1717.3583775	
-5.76832099579	-1717.35852867	
-5.7693621203	-1717.35868044	
-5.770402162	-1717.3588328	
-5.77144112313	-1717.35898576	
-5.77247900594	-1717.3591393	
-5.77351581267	-1717.35929344	
-5.77455154554	-1717.35944816	
-5.77558620679	-1717.35960346	
-5.77661979861	-1717.35975935	
-5.77765232322	-1717.35991582	
-5.77868378283	-1717.36007286	
-5.77971417962	-1717.36023047	
-5.78074351579	-1717.36038866	
-5.78177179352	-1717.36054741	
-5.78279901497	-1717.36070673	
-5.78382518233	-1717.36086662	
-5.78485029774	-1717.36102706	
-5.78587436337	-1717.36118807	
-5.78689738137	-1717.36134963	
-5.78791935386	-1717.36151175	
-5.788940283	-1717.36167442	
-5.7899601709	-1717.36183765	
-5.79097901969	-1717.36200142	
-5.79199683148	-1717.36216573	
-5.79301360838	-1717.36233059	
-5.7940293525	-1717.36249599	
-5.79504406593	-1717.36266193	
-5.79605775077	-1717.3628284	
-5.79707040908	-1717.36299541	
-5.79808204295	-1717.36316295	
-5.79909265446	-1717.36333103	
-5.80010224566	-1717.36349963	
-5.80111081862	-1717.36366875	
-5.80211837538	-1717.3638384	
-5.80312491799	-1717.36400857	
-5.80413044849	-1717.36417926	
-5.80513496892	-1717.36435046	
-5.80613848129	-1717.36452218	
-5.80714098764	-1717.36469442	
-5.80814248998	-1717.36486716	
-5.80914299031	-1717.36504041	
