#Site	lnL	
0	-2.05446015715
1	-2.22163288576
2	-1.35059987483
3	-1.59823090594
4	-4.63129236819
5	-1.63243680772
6	-5.47037923804
7	-1.8879448447
8	-1.35059987483
9	-1.59823090594
10	-9.65238344405
11	-1.24888036754
12	-5.6806956305
13	-5.24247532741
14	-1.63243680772
15	-2.05446015715
16	-4.41320603981
17	-1.35059987483
18	-5.5999490029
19	-1.8879448447
20	-12.3389141223
21	-5.89925063136
22	-5.28140153597
23	-1.35287675314
24	-1.73866646317
25	-6.20185704273
26	-1.35059987483
27	-1.59823090594
28	-2.22163288576
29	-1.35059987483
30	-1.73866646317
31	-1.89087961988
32	-13.7931856337
33	-2.05446015715
34	-2.22163288576
35	-1.35287675314
36	-1.73592118518
37	-7.37891845076
38	-12.8928063723
39	-2.05446015715
40	-5.36343749087
41	-1.35059987483
42	-10.7553270183
43	-1.89087961988
44	-15.7804898379
45	-5.16359895932
46	-1.8879448447
47	-36.4888001217
48	-1.73866646317
49	-1.8879448447
50	-1.63243680772
51	-1.73866646317
52	-1.89087961988
53	-1.35287675314
54	-6.33822037491
55	-1.8879448447
56	-1.35059987483
57	-6.25969923792
58	-6.84148148427
59	-12.8928063723
60	-1.73866646317
61	-5.30497871129
62	-13.1859651664
63	-2.05446015715
64	-1.8879448447
65	-13.0081126184
66	-1.73592118518
67	-6.13889284241
68	-13.0081127713
69	-1.73866646317
70	-4.97990741906
71	-12.3389141223
72	-1.73866646317
73	-7.86682281457
74	-1.35287675314
75	-1.73592118518
76	-1.73597911239
77	-1.24888036754
78	-1.73866646317
79	-2.22163288576
80	-1.63243680772
81	-1.73592118518
82	-5.30497871129
83	-13.0706569727
84	-1.73866646317
85	-1.73597911239
86	-25.1660382599
87	-8.43862933275
88	-6.13889284241
89	-1.24888036754
90	-1.73866646317
91	-6.6782484267
92	-1.35059987483
93	-1.59823090594
94	-1.73597911239
95	-25.5012225858
96	-1.59823090594
97	-1.73597911239
98	-13.1603627289
99	-1.73592118518
100	-8.64171276752
101	-1.35059987483
102	-9.12289128666
103	-1.73597911239
104	-13.8920944298
105	-6.25969923792
106	-1.73597911239
107	-1.24888036754
108	-1.59823090594
109	-1.8879448447
110	-1.63243680772
111	-1.73866646317
112	-1.73597911239
113	-1.35287675314
114	-5.50455570603
115	-5.09083035774
116	-1.35059987483
117	-8.47235916469
118	-1.73597911239
119	-13.5085580202
120	-1.73592118518
121	-5.24247532741
122	-38.1343818118
123	-1.59823090594
124	-10.2702592429
125	-15.5890351476
126	-5.46995722558
127	-1.89087961988
128	-16.1640385196
129	-1.73866646317
130	-1.73597911239
131	-13.8921020064
132	-9.90216305798
133	-1.8879448447
134	-12.1610839588
135	-1.59823090594
136	-2.22163288576
137	-14.439126509
138	-7.48177099484
139	-1.73597911239
140	-1.35287675314
141	-1.73592118518
142	-1.8879448447
143	-1.63243680772
144	-5.45910109886
145	-12.6016235007
146	-13.1626294252
147	-1.59823090594
148	-5.50576959548
149	-13.8920944298
150	-1.73866646317
151	-1.73597911239
152	-1.35059987483
153	-1.59823090594
154	-1.8879448447
155	-15.7782273261
156	-1.73592118518
157	-2.22163288576
158	-1.24888036754
159	-1.59823090594
160	-5.09083035774
161	-1.24888036754
162	-1.59823090594
163	-1.73597911239
164	-23.6420415181
165	-5.57433438738
166	-1.8879448447
167	-1.35059987483
168	-1.73866646317
169	-1.89087961988
170	-24.7034470146
171	-2.05446015715
172	-5.28199458575
173	-42.8404507676
174	-1.73592118518
175	-4.63129236819
176	-14.0073881704
177	-4.60771604759
178	-1.73597911239
179	-1.35287675314
180	-1.73592118518
181	-1.89087961988
182	-1.35059987483
183	-1.73866646317
184	-2.22163288576
185	-1.24888036754
186	-1.59823090594
187	-1.8879448447
188	-13.508551709
189	-1.59823090594
190	-1.89087961988
191	-12.3389141223
192	-1.73592118518
193	-1.8879448447
194	-1.24888036754
195	-8.91849886359
196	-5.50576959548
197	-25.2194082335
198	-2.05446015715
199	-9.83216264593
200	-1.35287675314
201	-2.05446015715
202	-7.45895350788
203	-13.0081127713
204	-1.73592118518
205	-2.22163288576
206	-1.24888036754
207	-1.73592118518
208	-1.89087961988
209	-1.24888036754
210	-1.73592118518
211	-5.87496464899
212	-13.7931854715
213	-1.73866646317
214	-5.09043042944
215	-13.6261349584
216	-6.04010930336
217	-2.22163288576
218	-1.35059987483
219	-5.45910109886
220	-2.22163288576
221	-14.0073999173
222	-1.59823090594
223	-4.41371979947
224	-27.0912523606
225	-2.05446015715
226	-5.09083035774
227	-1.35059987483
228	-1.73592118518
229	-1.73597911239
230	-12.1610838241
231	-1.73866646317
232	-1.8879448447
233	-1.24888036754
234	-11.3374443146
235	-1.73597911239
236	-1.24888036754
237	-5.89925063136
238	-9.08913123935
239	-1.35287675314
240	-1.59823090594
241	-4.97990741906
242	-1.35059987483
243	-1.73592118518
244	-8.43725306299
245	-1.35287675314
246	-1.73592118518
247	-1.89087961988
248	-1.35059987483
249	-9.9945302864
250	-5.41374590065
251	-15.3403020029
252	-1.73592118518
253	-1.73597911239
254	-1.63243680772
255	-1.73866646317
256	-2.22163288576
257	-1.63243680772
258	-6.48621075644
259	-4.94471512873
260	-14.7924767336
261	-1.73592118518
262	-1.73597911239
263	-1.35059987483
264	-1.59823090594
265	-1.8879448447
266	-1.35287675314
267	-1.59823090594
268	-5.50576959548
269	-13.5108348589
270	-7.4381052478
271	-1.89087961988
272	-1.63243680772
273	-1.59823090594
274	-7.0617784985
275	-1.35287675314
276	-1.73592118518
277	-9.44132001153
278	-1.35287675314
279	-5.57433438738
280	-1.89087961988
281	-1.35287675314
282	-4.60734873489
283	-5.3662122093
284	-1.35059987483
285	-1.73592118518
286	-4.94243842045
287	-1.24888036754
288	-1.73592118518
289	-5.30497871129
290	-1.63243680772
291	-1.59823090594
292	-4.63129236819
293	-13.5085580202
294	-5.45910109886
295	-4.41371979947
296	-1.24888036754
297	-1.59823090594
298	-1.73597911239
299	-28.4128873395
300	-1.59823090594
301	-1.8879448447
302	-1.35059987483
303	-1.73866646317
304	-2.22163288576
305	-1.35287675314
306	-1.73866646317
307	-10.121777328
308	-25.414620091
309	-1.73866646317
310	-1.73597911239
311	-1.24888036754
312	-11.3520082278
313	-1.73597911239
314	-12.8928063723
315	-6.45602048041
316	-1.89087961988
317	-13.0081126184
318	-1.73592118518
319	-1.8879448447
320	-1.24888036754
321	-1.73866646317
322	-1.73597911239
323	-1.35287675314
324	-5.91612169213
325	-1.73597911239
326	-14.0096766255
327	-8.51379002424
328	-2.22163288576
329	-1.63243680772
330	-5.30025300549
331	-6.25849472079
332	-24.9104603015
333	-1.59823090594
334	-1.73597911239
335	-1.35287675314
336	-2.05446015715
337	-5.28140153597
338	-1.24888036754
339	-1.59823090594
340	-1.73597911239
341	-13.508551709
342	-4.81381975028
343	-5.24247532741
344	-1.35059987483
345	-1.73592118518
346	-1.89087961988
347	-1.35287675314
348	-1.73866646317
349	-1.89087961988
350	-1.63243680772
351	-5.50455570603
352	-7.11355090381
353	-1.35059987483
354	-1.73592118518
355	-6.20185704273
356	-1.35287675314
357	-8.74651734315
358	-5.50576959548
359	-26.5493682841
360	-1.59823090594
361	-1.89087961988
362	-13.5108348589
363	-12.2353403674
364	-1.8879448447
365	-13.508551709
366	-4.75680371591
367	-5.40554802869
368	-1.35059987483
369	-5.47037923804
370	-4.41371979947
371	-13.0081126184
372	-1.73592118518
373	-1.8879448447
374	-13.9710136258
375	-1.73866646317
376	-1.89087961988
377	-12.8928063723
378	-2.05446015715
379	-1.89087961988
380	-1.35287675314
381	-1.59823090594
382	-1.89087961988
383	-12.7768126198
384	-1.59823090594
385	-1.73597911239
386	-1.63243680772
387	-10.7626545571
388	-1.73597911239
389	-14.0073999173
390	-6.86794275466
391	-1.8879448447
392	-15.0571540204
393	-1.73592118518
394	-2.22163288576
395	-1.63243680772
396	-1.73866646317
397	-4.9826821375
398	-23.796975641
399	-1.73866646317
400	-1.73597911239
401	-1.63243680772
402	-1.59823090594
403	-2.22163288576
404	-1.24888036754
405	-1.73592118518
406	-1.73597911239
407	-1.24888036754
408	-1.73866646317
409	-7.75274429235
410	-13.1859414587
411	-1.73866646317
412	-6.25849472079
413	-1.35287675314
414	-2.05446015715
415	-1.8879448447
416	-13.0081126184
417	-1.59823090594
418	-1.89087961988
419	-1.63243680772
420	-1.73866646317
421	-6.20185704273
422	-26.3203798011
423	-1.59823090594
424	-5.09083035774
425	-39.5654501242
426	-1.73866646317
427	-5.68019574533
428	-1.35059987483
429	-11.5844430206
430	-5.70343087937
431	-12.1610839588
432	-1.73866646317
433	-1.89087961988
434	-13.623846342
435	-5.19080431557
436	-1.89087961988
437	-26.2693056829
438	-5.18817254659
439	-2.22163288576
440	-1.24888036754
441	-1.73592118518
442	-1.89087961988
443	-1.35287675314
444	-1.59823090594
445	-1.89087961988
446	-1.35287675314
447	-1.59823090594
448	-4.63129236819
449	-15.0548648482
450	-1.73592118518
451	-9.32451843872
452	-12.1610839588
453	-1.73866646317
454	-1.73597911239
455	-12.7768225159
456	-5.5717026184
457	-6.93954546318
458	-14.439126509
459	-1.59823090594
460	-1.89087961988
461	-1.24888036754
462	-1.73592118518
463	-1.8879448447
464	-25.4478714969
465	-1.73866646317
466	-4.63129236819
467	-1.35287675314
468	-1.59823090594
469	-4.41371979947
470	-1.63243680772
