#Site	lnL	
0	-5.74618226843
1	-7.3330114454
2	-2.09418434325
3	-1.9229767135
4	-6.08429140744
5	-1.73175270018
6	-1.9229767135
7	-1.9100273179
8	-9.69349636208
9	-1.66819997869
10	-6.7566796614
11	-2.09418434325
12	-1.66819997869
13	-1.9100273179
14	-2.09418434325
15	-1.58349780962
16	-1.9100273179
17	-10.9336398039
18	-5.74618226843
19	-1.73313310833
20	-1.90851699514
21	-1.58349780962
22	-1.82632860215
23	-1.90851699514
24	-1.9229767135
25	-1.82632860215
26	-1.73175270018
27	-1.74637047209
28	-10.0799877828
29	-1.73175270018
30	-5.7166518062
31	-8.40660473194
32	-1.73175270018
33	-1.74637047209
34	-8.45816494719
35	-5.56539080527
36	-1.9229767135
37	-1.82632860215
38	-1.90851699514
39	-1.74637047209
40	-6.30228311487
41	-6.01297043389
42	-9.16577079388
43	-2.09578000026
44	-1.82486963491
45	-1.66819997869
46	-9.46326912872
47	-2.09418434325
48	-1.66819997869
49	-7.91357892982
50	-2.09418434325
51	-1.66819997869
52	-1.9100273179
53	-5.49740055878
54	-1.58349780962
55	-5.49575007141
56	-6.32905694318
57	-10.788738874
58	-6.53126629225
59	-1.82486963491
60	-1.74637047209
61	-1.9100273179
62	-6.0844544746
63	-6.8313822103
64	-1.82632860215
65	-2.09418434325
66	-1.58349780962
67	-1.73313310833
68	-1.73175270018
69	-1.9229767135
70	-6.80676597554
71	-6.151731268
72	-1.74637047209
73	-6.56558117504
74	-2.09418434325
75	-1.58349780962
76	-7.00402393548
77	-1.73175270018
78	-1.58349780962
79	-1.9100273179
80	-7.02973607385
81	-1.58349780962
82	-1.82632860215
83	-4.81702319039
84	-6.33402030201
85	-6.02197168573
86	-6.01207963766
87	-5.74618226843
88	-2.09578000026
89	-1.82486963491
90	-1.66819997869
91	-6.56558117504
92	-2.09418434325
93	-1.58349780962
94	-2.09578000026
95	-1.90851699514
96	-1.74637047209
97	-2.09578000026
98	-7.61640194414
99	-1.9229767135
100	-1.82632860215
101	-1.82486963491
102	-1.58349780962
103	-1.9100273179
104	-1.90851699514
105	-7.21882320449
106	-8.23317348415
107	-1.90851699514
108	-1.66819997869
109	-8.49052154313
110	-5.56539080527
111	-1.58349780962
112	-2.09578000026
113	-10.2934966044
114	-1.66819997869
115	-2.09578000026
116	-1.73175270018
117	-9.99856811482
118	-1.82632860215
119	-1.82486963491
120	-1.58349780962
121	-1.9100273179
122	-1.90851699514
123	-1.66819997869
124	-6.08265960452
125	-2.09418434325
126	-1.58349780962
127	-1.9100273179
128	-1.90851699514
129	-5.7166518062
130	-1.82632860215
131	-7.11273512092
132	-6.81471623872
133	-1.82632860215
134	-6.0844544746
135	-1.74637047209
136	-1.73313310833
137	-5.52744218599
138	-1.66819997869
139	-1.73313310833
140	-6.22184659614
141	-1.58349780962
142	-6.63237280896
143	-1.73175270018
144	-1.74637047209
145	-1.9100273179
146	-4.81702319039
147	-5.77172177307
148	-8.11217614728
149	-1.82486963491
150	-7.09745119195
151	-1.82632860215
152	-1.90851699514
153	-1.66819997869
154	-1.73313310833
155	-2.09418434325
156	-1.74637047209
157	-1.82632860215
158	-1.90851699514
159	-5.7166518062
160	-2.09578000026
161	-1.90851699514
162	-1.66819997869
163	-1.9100273179
164	-2.09418434325
165	-1.66819997869
166	-6.01047538757
167	-1.82486963491
168	-1.58349780962
169	-1.82632860215
170	-5.43338171779
171	-1.74637047209
172	-1.9100273179
173	-4.7028810946
174	-9.90627068145
175	-1.82632860215
176	-6.10221091945
177	-10.1662978637
178	-1.82632860215
179	-1.73175270018
180	-1.74637047209
181	-6.10114231928
182	-6.53283870928
183	-7.02219219709
184	-2.09578000026
185	-6.42802669454
186	-1.74637047209
187	-1.82632860215
188	-1.73175270018
189	-6.32301297208
190	-2.09578000026
191	-1.73175270018
192	-1.74637047209
193	-1.73313310833
194	-1.90851699514
195	-1.58349780962
196	-5.43178179866
197	-2.09418434325
198	-1.58349780962
199	-6.80676597554
200	-6.01297043389
201	-1.58349780962
202	-6.2201958334
203	-1.73175270018
204	-6.32301297208
205	-1.73313310833
206	-1.73175270018
207	-8.85007064165
208	-1.82632860215
209	-10.0791615734
210	-1.66819997869
211	-1.73313310833
212	-2.09418434325
213	-1.74637047209
214	-6.88228798129
215	-1.82486963491
216	-1.66819997869
217	-2.09578000026
218	-4.7028810946
219	-1.58349780962
220	-1.73313310833
221	-1.90851699514
222	-5.78999895962
223	-1.82632860215
224	-7.80557729047
225	-4.93332730499
226	-6.41267207808
227	-6.02374946476
228	-1.9229767135
229	-5.59645144258
230	-6.085883516
231	-5.74094011836
232	-8.20223501499
233	-1.73175270018
234	-1.58349780962
235	-2.09578000026
236	-7.3654297885
237	-1.74637047209
238	-1.9100273179
239	-1.90851699514
240	-1.74637047209
241	-1.73313310833
242	-5.44888266023
243	-10.359975811
244	-1.73313310833
245	-2.09418434325
246	-1.66819997869
247	-5.53996663633
248	-1.90851699514
249	-1.74637047209
250	-2.09578000026
251	-1.73175270018
252	-5.50077209991
253	-4.70126459918
254	-10.5596137274
255	-1.9229767135
256	-1.82632860215
257	-6.58324598084
258	-8.89816385336
259	-8.71917079549
260	-5.21576495916
261	-1.58349780962
262	-1.73313310833
263	-1.73175270018
264	-1.66819997869
265	-1.9100273179
266	-5.49740055878
267	-6.35564267372
268	-5.52572794704
269	-2.09418434325
270	-1.66819997869
271	-1.73313310833
272	-1.90851699514
273	-1.66819997869
274	-2.09578000026
275	-1.82486963491
276	-1.66819997869
277	-1.82632860215
278	-5.51863225594
279	-5.77172177307
280	-1.9100273179
281	-9.51162785071
282	-1.9229767135
283	-6.63237280896
284	-1.73175270018
285	-1.9229767135
286	-9.7112580038
287	-5.21576495916
288	-1.9229767135
289	-1.73313310833
290	-1.73175270018
291	-10.6381488476
292	-4.70126459918
293	-6.0844544746
294	-1.58349780962
295	-10.1205931139
296	-5.97335616678
297	-6.66073742886
298	-8.15527268091
299	-1.82486963491
300	-1.58349780962
301	-6.33350005179
302	-4.75834888726
303	-1.74637047209
304	-4.6872233302
305	-1.73175270018
306	-1.58349780962
307	-2.09578000026
308	-7.45372961708
309	-12.8569023478
310	-9.87795155803
311	-1.90851699514
312	-1.66819997869
313	-1.82632860215
314	-7.27939253094
315	-1.58349780962
316	-7.34701140379
317	-6.92653142093
318	-1.58349780962
319	-1.9100273179
320	-1.73175270018
321	-4.93332730499
322	-1.9100273179
323	-1.82486963491
324	-1.58349780962
325	-7.97527889281
326	-2.09418434325
327	-1.58349780962
328	-2.09578000026
329	-1.82486963491
330	-1.9229767135
331	-6.9918408796
332	-7.83150847321
333	-1.9229767135
334	-2.09578000026
335	-7.83264725758
336	-1.66819997869
337	-7.3639436117
338	-1.73175270018
339	-1.66819997869
340	-1.73313310833
341	-1.82486963491
342	-1.58349780962
343	-1.82632860215
344	-6.56726928064
345	-1.66819997869
346	-8.9537957298
347	-5.51863225594
348	-1.58349780962
349	-8.54328801287
350	-1.73175270018
351	-1.66819997869
352	-2.09578000026
353	-4.7028810946
354	-1.58349780962
355	-1.9100273179
356	-1.73175270018
357	-1.9229767135
358	-10.4497115768
359	-1.82486963491
360	-1.74637047209
361	-5.90484320725
362	-1.90851699514
363	-1.58349780962
364	-5.56391703675
365	-1.73175270018
366	-1.9229767135
367	-1.82632860215
368	-10.1774091224
369	-5.42484407891
370	-1.82632860215
371	-8.97363177513
372	-1.58349780962
373	-1.9100273179
374	-1.90851699514
375	-1.58349780962
376	-1.82632860215
377	-1.90851699514
378	-7.91035584622
379	-7.64408087845
380	-1.82486963491
381	-1.74637047209
382	-1.73313310833
383	-2.09418434325
384	-1.74637047209
385	-1.82632860215
386	-2.09418434325
387	-1.9229767135
388	-5.49575007141
389	-5.56539080527
390	-1.58349780962
391	-2.09578000026
392	-6.02374946476
393	-1.9229767135
394	-1.73313310833
395	-2.09418434325
396	-1.74637047209
397	-2.09578000026
398	-1.73175270018
399	-5.04945865032
400	-5.63356944659
401	-1.73175270018
402	-1.58349780962
403	-2.09578000026
404	-1.82486963491
405	-5.88022229377
406	-2.09578000026
407	-1.73175270018
408	-1.9229767135
409	-6.21867456356
410	-9.12810569345
411	-1.58349780962
412	-2.09578000026
413	-4.68888191455
414	-1.9229767135
415	-5.56391703675
416	-1.90851699514
417	-1.74637047209
418	-1.9100273179
419	-1.90851699514
420	-1.74637047209
421	-5.49877333785
422	-1.82486963491
423	-1.58349780962
424	-1.9100273179
425	-4.81702319039
426	-1.58349780962
427	-1.9100273179
428	-1.73175270018
429	-6.54239690603
430	-1.82632860215
431	-8.46086843381
432	-7.55407535226
433	-7.3639436117
434	-1.82486963491
435	-1.9229767135
436	-1.73313310833
437	-7.00571777434
438	-6.15759192824
439	-4.8154770098
440	-6.75862930996
441	-1.66819997869
442	-2.09578000026
443	-1.82486963491
444	-1.66819997869
445	-5.49575007141
446	-1.73175270018
447	-1.9229767135
448	-1.73313310833
449	-5.56539080527
450	-6.87689344797
451	-1.73313310833
452	-1.90851699514
453	-4.94281836991
454	-1.9100273179
455	-1.73175270018
456	-1.66819997869
457	-7.77048997424
458	-1.90851699514
459	-1.74637047209
460	-1.82632860215
461	-7.77348045681
462	-1.58349780962
463	-7.73503484405
464	-2.09418434325
465	-1.58349780962
466	-6.2607389392
467	-1.90851699514
468	-1.58349780962
469	-6.02197168573
470	-2.09418434325
