#Site	lnL	
0	-6.7067219499
1	-2.54754459008
2	-8.71300689651
3	-1.71957181009
4	-2.54754459008
5	-1.58562985133
6	-1.56199246525
7	-5.22308532323
8	-1.9037198044
9	-1.56199246525
10	-2.16779868085
11	-7.66339726406
12	-1.71957181009
13	-5.42013121045
14	-1.35460727094
15	-1.56199246525
16	-5.75631855202
17	-1.9037198044
18	-1.71957181009
19	-1.8367091592
20	-8.4056177236
21	-8.78054191326
22	-2.16779868085
23	-7.39206410357
24	-8.78054191326
25	-6.29926764802
26	-6.91195552471
27	-1.56199246525
28	-2.16779868085
29	-5.75137888083
30	-1.71957181009
31	-2.03278229506
32	-1.48325618788
33	-1.71957181009
34	-2.54754459008
35	-1.35460727094
36	-1.71957181009
37	-6.91926453709
38	-1.35460727094
39	-1.83579465654
40	-2.54754459008
41	-1.58562985133
42	-1.56199246525
43	-2.54754459008
44	-1.58562985133
45	-2.17969692982
46	-13.0552574821
47	-7.10116626631
48	-6.61328120286
49	-2.54754459008
50	-5.95570475863
51	-1.56199246525
52	-10.051311502
53	-1.58562985133
54	-1.71957181009
55	-4.41125056511
56	-6.56669328965
57	-7.91879332667
58	-7.77440383815
59	-1.35460727094
60	-1.71957181009
61	-8.30176257589
62	-14.5892828782
63	-1.56199246525
64	-9.8252493873
65	-1.58562985133
66	-1.71957181009
67	-12.4827686222
68	-6.59867479534
69	-1.83579465654
70	-5.30406809963
71	-1.48325618788
72	-1.56199246525
73	-1.8367091592
74	-5.75608262773
75	-1.56199246525
76	-2.03278229506
77	-1.58562985133
78	-1.56199246525
79	-2.16779868085
80	-15.9827704953
81	-1.83579465654
82	-4.41125056511
83	-1.58562985133
84	-1.56199246525
85	-5.67983305838
86	-1.35460727094
87	-2.17969692982
88	-4.38027225086
89	-1.58562985133
90	-1.56199246525
91	-1.8367091592
92	-11.673542564
93	-1.56199246525
94	-5.42013121045
95	-1.48325618788
96	-5.92229833111
97	-1.8367091592
98	-1.9037198044
99	-6.61328120286
100	-5.42013121045
101	-6.5820585631
102	-1.71957181009
103	-2.54754459008
104	-1.58562985133
105	-1.56199246525
106	-2.54754459008
107	-7.22739039213
108	-1.83579465654
109	-2.03278229506
110	-11.2940600555
111	-1.71957181009
112	-6.1538847224
113	-6.67392549722
114	-5.37238158268
115	-7.85265146558
116	-1.48325618788
117	-2.17969692982
118	-2.16779868085
119	-1.35460727094
120	-2.17969692982
121	-1.8367091592
122	-1.9037198044
123	-5.45591985794
124	-2.03278229506
125	-1.9037198044
126	-9.7494333043
127	-5.81248111306
128	-1.35460727094
129	-2.17969692982
130	-2.54754459008
131	-1.35460727094
132	-1.83579465654
133	-1.8367091592
134	-1.48325618788
135	-5.67233317682
136	-1.8367091592
137	-5.93241158907
138	-5.37238158268
139	-4.99121929552
140	-1.35460727094
141	-1.71957181009
142	-5.8570495847
143	-6.39752322592
144	-1.83579465654
145	-1.8367091592
146	-1.9037198044
147	-9.95694999354
148	-5.17872942132
149	-1.35460727094
150	-6.51438598271
151	-6.27788134256
152	-1.9037198044
153	-5.52096863552
154	-5.81248111306
155	-1.58562985133
156	-5.9765627088
157	-1.8367091592
158	-5.93241158907
159	-6.61009804728
160	-2.16779868085
161	-1.9037198044
162	-5.91684862243
163	-7.62736695669
164	-6.40087535748
165	-1.71957181009
166	-7.27181648798
167	-9.34534403202
168	-7.61780011647
169	-2.16779868085
170	-1.9037198044
171	-1.56199246525
172	-7.84080293753
173	-1.48325618788
174	-1.71957181009
175	-1.8367091592
176	-1.58562985133
177	-1.83579465654
178	-7.90629083381
179	-7.39206410357
180	-1.71957181009
181	-5.42013121045
182	-1.35460727094
183	-1.83579465654
184	-6.20436760401
185	-1.35460727094
186	-6.86762007679
187	-6.67452757325
188	-7.1180835739
189	-1.71957181009
190	-2.54754459008
191	-1.48325618788
192	-1.71957181009
193	-7.11534307916
194	-1.58562985133
195	-1.83579465654
196	-2.03278229506
197	-11.6610302081
198	-5.91684862243
199	-2.03278229506
200	-1.48325618788
201	-1.83579465654
202	-6.20436760401
203	-1.58562985133
204	-1.56199246525
205	-6.04601887652
206	-1.35460727094
207	-6.18933432916
208	-5.42013121045
209	-1.35460727094
210	-6.08762661036
211	-1.8367091592
212	-1.35460727094
213	-5.54242666078
214	-5.42013121045
215	-7.74812065991
216	-8.84693338271
217	-4.98838393446
218	-12.1816730589
219	-1.56199246525
220	-4.9678471326
221	-7.76321290251
222	-1.56199246525
223	-1.8367091592
224	-1.48325618788
225	-7.5366014149
226	-8.40757749518
227	-6.59867479534
228	-2.17969692982
229	-1.8367091592
230	-1.9037198044
231	-1.71957181009
232	-2.54754459008
233	-1.48325618788
234	-1.71957181009
235	-2.54754459008
236	-1.35460727094
237	-1.56199246525
238	-2.16779868085
239	-1.35460727094
240	-1.56199246525
241	-10.4252348503
242	-1.35460727094
243	-1.83579465654
244	-6.38233869943
245	-7.66246350602
246	-9.90233461706
247	-1.8367091592
248	-13.9152876277
249	-1.71957181009
250	-1.8367091592
251	-6.58052341546
252	-1.83579465654
253	-10.2295260368
254	-1.48325618788
255	-1.56199246525
256	-4.98838393446
257	-6.56669328965
258	-2.17969692982
259	-1.8367091592
260	-11.597025804
261	-1.71957181009
262	-5.05227185875
263	-1.9037198044
264	-1.71957181009
265	-5.81248111306
266	-1.35460727094
267	-4.908914946
268	-5.60107080142
269	-1.35460727094
270	-1.56199246525
271	-5.76303875504
272	-13.015581399
273	-1.71957181009
274	-2.54754459008
275	-7.66246350602
276	-1.83579465654
277	-5.08784319814
278	-1.35460727094
279	-6.45888280468
280	-5.81248111306
281	-11.0790669693
282	-6.61328120286
283	-5.30406809963
284	-12.8308962605
285	-1.71957181009
286	-2.16779868085
287	-1.35460727094
288	-1.71957181009
289	-1.8367091592
290	-6.66847079471
291	-2.17969692982
292	-1.8367091592
293	-1.35460727094
294	-1.71957181009
295	-1.8367091592
296	-1.9037198044
297	-1.83579465654
298	-4.66017156081
299	-1.9037198044
300	-2.17969692982
301	-5.60107080142
302	-13.8343167042
303	-1.71957181009
304	-6.02190488144
305	-5.75137888083
306	-6.7067219499
307	-6.30099150663
308	-1.48325618788
309	-1.56199246525
310	-4.9678471326
311	-1.48325618788
312	-7.22058771929
313	-5.68860585476
314	-9.2310738555
315	-1.71957181009
316	-1.8367091592
317	-1.58562985133
318	-1.56199246525
319	-5.34059769029
320	-5.95570475863
321	-1.71957181009
322	-2.03278229506
323	-7.76321290251
324	-1.71957181009
325	-5.22308532323
326	-1.48325618788
327	-1.56199246525
328	-1.8367091592
329	-9.85415225328
330	-1.83579465654
331	-4.38027225086
332	-10.6863158979
333	-1.71957181009
334	-5.56333371415
335	-1.48325618788
336	-1.83579465654
337	-2.54754459008
338	-6.66847079471
339	-1.71957181009
340	-8.7011865532
341	-1.48325618788
342	-1.56199246525
343	-2.16779868085
344	-1.35460727094
345	-8.30924494247
346	-2.16779868085
347	-5.75608262773
348	-1.56199246525
349	-6.41903254089
350	-1.58562985133
351	-1.83579465654
352	-2.03278229506
353	-10.3380000595
354	-2.17969692982
355	-10.0937452975
356	-1.35460727094
357	-1.56199246525
358	-6.99774316713
359	-8.27856215352
360	-2.17969692982
361	-2.03278229506
362	-8.26876351076
363	-1.83579465654
364	-5.65648286111
365	-1.9037198044
366	-4.76744242375
367	-4.38027225086
368	-1.35460727094
369	-1.83579465654
370	-2.54754459008
371	-1.35460727094
372	-1.83579465654
373	-1.8367091592
374	-1.48325618788
375	-1.71957181009
376	-5.05227185875
377	-1.35460727094
378	-2.17969692982
379	-4.66017156081
380	-6.39752322592
381	-4.908914946
382	-7.11534307916
383	-1.48325618788
384	-1.56199246525
385	-2.54754459008
386	-7.74812065991
387	-5.91684862243
388	-2.03278229506
389	-6.5820585631
390	-2.17969692982
391	-7.30404933067
392	-1.35460727094
393	-6.18933432916
394	-2.16779868085
395	-7.1180835739
396	-2.17969692982
397	-2.16779868085
398	-9.23028014882
399	-1.71957181009
400	-2.16779868085
401	-1.35460727094
402	-5.4243447329
403	-2.16779868085
404	-1.35460727094
405	-1.83579465654
406	-10.0152763345
407	-1.48325618788
408	-2.17969692982
409	-2.54754459008
410	-8.4056177236
411	-1.71957181009
412	-6.79852419341
413	-5.75608262773
414	-1.71957181009
415	-1.8367091592
416	-1.48325618788
417	-1.56199246525
418	-2.16779868085
419	-5.75137888083
420	-10.00599363
421	-1.8367091592
422	-1.48325618788
423	-2.17969692982
424	-2.54754459008
425	-7.00006212831
426	-2.17969692982
427	-2.03278229506
428	-16.0465589248
429	-5.37238158268
430	-2.16779868085
431	-7.76321290251
432	-1.56199246525
433	-5.42013121045
434	-1.35460727094
435	-6.08762661036
436	-2.03278229506
437	-7.66339726406
438	-1.71957181009
439	-6.38233869943
440	-1.48325618788
441	-2.17969692982
442	-2.16779868085
443	-7.67034670327
444	-1.83579465654
445	-9.57630693038
446	-1.35460727094
447	-5.37238158268
448	-4.98838393446
449	-6.84804181666
450	-1.56199246525
451	-1.8367091592
452	-1.48325618788
453	-1.56199246525
454	-2.16779868085
455	-1.58562985133
456	-1.83579465654
457	-2.54754459008
458	-1.35460727094
459	-5.92229833111
460	-4.38027225086
461	-6.66847079471
462	-1.71957181009
463	-2.16779868085
464	-5.75137888083
465	-5.9405429406
466	-6.49523557012
467	-6.67392549722
468	-1.71957181009
469	-1.8367091592
470	-7.13442149734
