# log_p 	 lnL 	 
0.0	-1643.1880403	
-0.287682072452	-1643.20366182	
-0.510825623766	-1643.20313185	
-0.69314718056	-1643.20889283	
-0.847297860387	-1643.22355594	
-0.980829253012	-1643.24526121	
-1.09861228867	-1643.27161576	
-1.20397280433	-1643.30064412	
-1.29928298413	-1643.33092296	
-1.38629436112	-1643.36149901	
-1.46633706879	-1643.39176837	
-1.54044504095	-1643.42137013	
-1.60943791243	-1643.45010525	
-1.67397643357	-1643.477879	
-1.73460105539	-1643.50466172	
-1.79175946923	-1643.53046273	
-1.8458266905	-1643.55531341	
-1.89711998489	-1643.57925638	
-1.94591014906	-1643.60233885	
-1.99243016469	-1643.62460856	
-2.03688192726	-1643.64611153	
-2.07944154168	-1643.66689083	
-2.1202635362	-1643.6869861	
-2.15948424935	-1643.70643345	
-2.19722457734	-1643.72526561	
-2.23359222151	-1643.74351217	
-2.26868354132	-1643.76119994	
-2.30258509299	-1643.77835328	
-2.33537491582	-1643.79499439	
-2.36712361413	-1643.81114364	
-2.3978952728	-1643.82681984	
-2.42774823595	-1643.8420404	
-2.45673577282	-1643.85682163	
-2.48490664979	-1643.87117881	
-2.51230562398	-1643.88512638	
-2.53897387106	-1643.89867804	
-2.56494935746	-1643.91184686	
-2.59026716545	-1643.9246453	
-2.61495977804	-1643.93708534	
-2.63905732962	-1643.9491785	
-2.66258782703	-1643.96093588	
-2.68557734525	-1643.97236818	
-2.7080502011	-1643.98348577	
-2.73002910782	-1643.99429863	
-2.75153531304	-1644.00481648	
-2.77258872224	-1644.01504869	
-2.79320800944	-1644.02500434	
-2.81341071676	-1644.03469224	
-2.83321334406	-1644.04412092	
-2.85263142991	-1644.05329862	
-2.87167962488	-1644.06223335	
-2.8903717579	-1644.07093283	
-2.90872089656	-1644.07940457	
-2.92673940207	-1644.0876558	
-2.94443897917	-1644.09569354	
-2.96183072188	-1644.10352457	
-2.97892515524	-1644.11115542	
-2.99573227355	-1644.11859244	
-3.01226157551	-1644.12584175	
-3.02852209638	-1644.13290925	
-3.04452243772	-1644.13980065	
-3.06027079469	-1644.14652145	
-3.07577498123	-1644.15307698	
-3.09104245336	-1644.15947237	
-3.10608033072	-1644.16571257	
-3.12089541651	-1644.17180236	
-3.13549421593	-1644.17774635	
-3.14988295338	-1644.18354897	
-3.16406758837	-1644.18921454	
-3.17805383035	-1644.19474716	
-3.19184715248	-1644.20015085	
-3.20545280454	-1644.20542944	
-3.21887582487	-1644.21058664	
-3.23212105162	-1644.21562603	
-3.24519313319	-1644.22055107	
-3.25809653802	-1644.22536507	
-3.2708355638	-1644.23007125	
-3.28341434601	-1644.2346727	
-3.295836866	-1644.23917241	
-3.3081069586	-1644.24357326	
-3.32022831913	-1644.24787802	
-3.33220451018	-1644.25208939	
-3.34403896782	-1644.25620994	
-3.35573500759	-1644.26024217	
-3.36729582999	-1644.2641885	
-3.37872452581	-1644.26805125	
-3.39002408106	-1644.27183267	
-3.40119738166	-1644.27553493	
-3.41224721785	-1644.27916012	
-3.42317628838	-1644.28271027	
-3.43398720449	-1644.28618733	
-3.4446824936	-1644.2895932	
-3.45526460293	-1644.2929297	
-3.4657359028	-1644.2961986	
-3.47609868984	-1644.29940161	
-3.48635519	-1644.30254037	
-3.49650756147	-1644.3056165	
-3.50655789732	-1644.30863152	
-3.51650822817	-1644.31158694	
-3.52636052462	-1644.31448421	
-3.53611669956	-1644.31732472	
-3.54577861047	-1644.32010984	
-3.55534806149	-1644.32284088	
-3.56482680544	-1644.32551912	
-3.57421654579	-1644.32814578	
-3.58351893846	-1644.33072207	
-3.59273559356	-1644.33324915	
-3.60186807712	-1644.33572813	
-3.61091791264	-1644.33816012	
-3.61988658263	-1644.34054616	
-3.62877553004	-1644.34288729	
-3.63758615973	-1644.3451845	
-3.6463198397	-1644.34743875	
-3.65497790244	-1644.349651	
-3.66356164613	-1644.35182214	
-3.6720723358	-1644.35395307	
-3.68051120444	-1644.35604465	
-3.68887945411	-1644.35809771	
-3.69717825693	-1644.36011306	
-3.70540875607	-1644.36209151	
-3.7135720667	-1644.3640338	
-3.72166927694	-1644.3659407	
-3.72970144863	-1644.36781293	
-3.73766961828	-1644.36965119	
-3.74557479779	-1644.37145619	
-3.75341797525	-1644.37322858	
-3.76120011569	-1644.37496901	
-3.76892216179	-1644.37667814	
-3.77658503453	-1644.37835657	
-3.78418963392	-1644.38000491	
-3.79173683955	-1644.38162375	
-3.79922751128	-1644.38321365	
-3.80666248977	-1644.38477519	
-3.81404259707	-1644.3863089	
-3.82136863716	-1644.38781531	
-3.82864139649	-1644.38929494	
-3.83586164446	-1644.39074831	
-3.84303013394	-1644.39217589	
-3.85014760171	-1644.39357818	
-3.85721476893	-1644.39495564	
-3.86423234159	-1644.39630873	
-3.87120101091	-1644.3976379	
-3.87812145375	-1644.39894358	
-3.88499433304	-1644.40022621	
-3.89182029811	-1644.4014862	
-3.8985999851	-1644.40272396	
-3.90533401728	-1644.40393989	
-3.91202300543	-1644.40513437	
-3.91866754815	-1644.4063078	
-3.92526823218	-1644.40746053	
-3.93182563272	-1644.40859293	
-3.93834031375	-1644.40970537	
-3.94481282825	-1644.41079818	
-3.95124371858	-1644.41187172	
-3.95763351668	-1644.41292631	
-3.96398274436	-1644.41396227	
-3.97029191355	-1644.41497993	
-3.97656152657	-1644.41597961	
-3.98279207632	-1644.4169616	
-3.98898404656	-1644.41792621	
-3.99513791214	-1644.41887372	
-4.00125413916	-1644.41980444	
-4.00733318523	-1644.42071863	
-4.01337549969	-1644.42161657	
-4.01938152375	-1644.42249854	
-4.02535169074	-1644.4233648	
-4.03128642625	-1644.4242156	
-4.03718614838	-1644.42505121	
-4.04305126783	-1644.42587187	
-4.04888218815	-1644.42667783	
-4.05467930583	-1644.42746931	
-4.06044301055	-1644.42824657	
-4.06617368526	-1644.42900983	
-4.07187170637	-1644.42975931	
-4.07753744391	-1644.43049524	
-4.08317126162	-1644.43121784	
-4.08877351717	-1644.43192731	
-4.09434456222	-1644.43262387	
-4.0998847426	-1644.43330772	
-4.10539439841	-1644.43397906	
-4.11087386417	-1644.43463809	
-4.11632346894	-1644.43528501	
-4.12174353641	-1644.43592	
-4.12713438505	-1644.43654325	
-4.13249632819	-1644.43715494	
-4.13782967416	-1644.43775526	
-4.14313472639	-1644.43834439	
-4.14841178349	-1644.43892248	
-4.15366113938	-1644.43948973	
-4.15888308336	-1644.44004628	
-4.16407790024	-1644.44059232	
-4.1692458704	-1644.44112799	
-4.1743872699	-1644.44165346	
-4.17950237056	-1644.44216889	
-4.18459144007	-1644.44267442	
-4.18965474203	-1644.44317021	
-4.19469253606	-1644.44365641	
-4.19970507788	-1644.44413315	
-4.20469261939	-1644.44460059	
-4.20965540873	-1644.44505887	
-4.21459369037	-1644.44550812	
-4.21950770518	-1644.44594847	
-4.22439769047	-1644.44638007	
-4.22926388012	-1644.44680304	
-4.2341065046	-1644.44721751	
-4.23892579103	-1644.44762361	
-4.2437219633	-1644.44802147	
-4.24849524205	-1644.4484112	
-4.25324584481	-1644.44879292	
-4.257973986	-1644.44916676	
-4.26267987704	-1644.44953283	
-4.26736372635	-1644.44989125	
-4.27202573946	-1644.45024213	
-4.27666611902	-1644.45058558	
-4.28128506487	-1644.45092171	
-4.28588277412	-1644.45125062	
-4.29045944115	-1644.45157243	
-4.29501525768	-1644.45188723	
-4.29955041285	-1644.45219513	
-4.3040650932	-1644.45249623	
-4.30855948279	-1644.45279063	
-4.31303376319	-1644.45307842	
-4.31748811354	-1644.45335971	
-4.3219227106	-1644.45363459	
-4.32633772881	-1644.45390314	
-4.33073334029	-1644.45416546	
-4.33510971489	-1644.45442165	
-4.33946702026	-1644.45467178	
-4.34380542185	-1644.45491595	
-4.348125083	-1644.45515424	
-4.3524261649	-1644.45538674	
-4.35670882669	-1644.45561353	
-4.36097322548	-1644.4558347	
-4.36521951636	-1644.45605031	
-4.36944785247	-1644.45626046	
-4.373658385	-1644.45646522	
-4.37785126326	-1644.45666467	
-4.38202663467	-1644.45685888	
-4.38618464482	-1644.45704793	
-4.39032543749	-1644.45723189	
-4.39444915467	-1644.45741084	
-4.39855593663	-1644.45758484	
-4.40264592188	-1644.45775397	
-4.40671924726	-1644.4579183	
-4.41077604796	-1644.45807789	
-4.4148164575	-1644.45823281	
-4.4188406078	-1644.45838312	
-4.42284862919	-1644.4585289	
-4.42684065046	-1644.45867021	
-4.43081679884	-1644.45880711	
-4.43477720006	-1644.45893966	
-4.43872197835	-1644.45906792	
-4.44265125649	-1644.45919196	
-4.44656515581	-1644.45931183	
-4.45046379623	-1644.45942759	
-4.45434729625	-1644.45953931	
-4.45821577303	-1644.45964703	
-4.46206934235	-1644.45975082	
-4.46590811865	-1644.45985073	
-4.46973221509	-1644.45994681	
-4.47354174351	-1644.46003912	
-4.47733681448	-1644.4601277	
-4.48111753732	-1644.46021263	
-4.48488402011	-1644.46029394	
-4.48863636973	-1644.46037168	
-4.49237469184	-1644.46044591	
-4.49609909093	-1644.46051667	
-4.49980967033	-1644.46058402	
-4.50350653221	-1644.460648	
-4.50718977763	-1644.46070865	
-4.51085950652	-1644.46076604	
-4.51451581772	-1644.46082019	
-4.518158809	-1644.46087116	
-4.52178857705	-1644.46091899	
-4.52540521752	-1644.46096373	
-4.52900882502	-1644.46100541	
-4.53259949315	-1644.46104409	
-4.5361773145	-1644.4610798	
-4.53974238067	-1644.46111258	
-4.54329478227	-1644.46114249	
-4.54683460898	-1644.46116954	
-4.55036194949	-1644.4611938	
-4.5538768916	-1644.46121528	
-4.55737952215	-1644.46123405	
-4.56086992709	-1644.46125012	
-4.56434819147	-1644.46126355	
-4.56781439944	-1644.46127436	
-4.57126863431	-1644.4612826	
-4.5747109785	-1644.46128829	
-4.5781415136	-1644.46129149	
-4.58156032035	-1644.46129221	
-4.58496747867	-1644.4612905	
-4.58836306767	-1644.46128639	
-4.59174716566	-1644.46127991	
-4.59511985013	-1644.4612711	
-4.59848119784	-1644.46125998	
-4.60183128472	-1644.4612466	
-4.60517018599	-1644.46123099	
-4.60849797608	-1644.46121316	
-4.61181472871	-1644.46119317	
-4.61512051684	-1644.46117103	
-4.61841541274	-1644.46114678	
-4.62169948794	-1644.46112044	
-4.62497281328	-1644.46109205	
-4.62823545892	-1644.46106164	
-4.63148749431	-1644.46102923	
-4.63472898823	-1644.46099485	
-4.63796000881	-1644.46095853	
-4.64118062351	-1644.4609203	
-4.64439089914	-1644.46088018	
-4.64759090187	-1644.4608382	
-4.65078069724	-1644.4607944	
-4.65396035016	-1644.46074878	
-4.65712992492	-1644.46070138	
-4.66028948521	-1644.46065223	
-4.66343909411	-1644.46060135	
-4.66657881412	-1644.46054876	
-4.66970870713	-1644.46049449	
-4.67282883446	-1644.46043856	
-4.67593925688	-1644.460381	
-4.67904003455	-1644.46032183	
-4.68213122712	-1644.46026107	
-4.68521289366	-1644.46019874	
-4.6882850927	-1644.46013487	
-4.69134788223	-1644.46006949	
-4.69440131972	-1644.4600026	
-4.6974454621	-1644.45993424	
-4.70048036579	-1644.45986442	
-4.70350608671	-1644.45979317	
-4.70652268025	-1644.4597205	
-4.70953020131	-1644.45964644	
-4.71252870431	-1644.45957101	
-4.71551824316	-1644.45949422	
-4.7184988713	-1644.4594161	
-4.72147064168	-1644.45933667	
-4.72443360681	-1644.45925594	
-4.72738781871	-1644.45917393	
-4.73033332894	-1644.45909067	
-4.73327018862	-1644.45900617	
-4.73619844839	-1644.45892045	
-4.7391181585	-1644.45883352	
-4.74202936871	-1644.45874541	
-4.74493212836	-1644.45865613	
-4.74782648639	-1644.4585657	
-4.75071249128	-1644.45847414	
-4.75359019111	-1644.45838146	
-4.75645963353	-1644.45828768	
-4.75932086582	-1644.45819282	
-4.7621739348	-1644.45809689	
-4.76501888693	-1644.45799991	
-4.76785576827	-1644.45790189	
-4.77068462447	-1644.45780285	
-4.77350550081	-1644.45770281	
-4.77631844218	-1644.45760178	
-4.77912349311	-1644.45749977	
-4.78192069773	-1644.4573968	
-4.78471009982	-1644.45729289	
-4.78749174278	-1644.45718804	
-4.79026566966	-1644.45708228	
-4.79303192316	-1644.45697562	
-4.7957905456	-1644.45686806	
-4.79854157897	-1644.45675963	
-4.80128506491	-1644.45665034	
-4.80402104473	-1644.4565402	
-4.80674955939	-1644.45642923	
-4.8094706495	-1644.45631743	
-4.81218435537	-1644.45620482	
-4.81489071697	-1644.45609141	
-4.81758977394	-1644.45597722	
-4.82028156561	-1644.45586226	
-4.82296613098	-1644.45574654	
-4.82564350875	-1644.45563007	
-4.8283137373	-1644.45551286	
-4.83097685472	-1644.45539493	
-4.83363289878	-1644.45527629	
-4.83628190695	-1644.45515694	
-4.83892391641	-1644.4550369	
-4.84155896405	-1644.45491619	
-4.84418708646	-1644.4547948	
-4.84680831994	-1644.45467276	
-4.84942270051	-1644.45455007	
-4.85203026392	-1644.45442675	
-4.85463104562	-1644.4543028	
-4.8572250808	-1644.45417823	
-4.85981240436	-1644.45405306	
-4.86239305096	-1644.45392729	
-4.86496705495	-1644.45380094	
-4.86753445046	-1644.45367402	
-4.87009527132	-1644.45354652	
-4.87264955112	-1644.45341847	
-4.8751973232	-1644.45328988	
-4.87773862063	-1644.45316075	
-4.88027347623	-1644.45303108	
-4.88280192259	-1644.4529009	
-4.88532399202	-1644.45277021	
-4.88783971662	-1644.45263902	
-4.89034912822	-1644.45250734	
-4.89285225844	-1644.45237517	
-4.89534913864	-1644.45224252	
-4.89783979995	-1644.45210941	
-4.90032427328	-1644.45197584	
-4.90280258929	-1644.45184182	
-4.90527477844	-1644.45170736	
-4.90774087093	-1644.45157246	
-4.91020089677	-1644.45143713	
-4.91265488574	-1644.45130139	
-4.91510286737	-1644.45116524	
-4.91754487103	-1644.45102868	
-4.91998092583	-1644.45089173	
-4.92241106068	-1644.45075439	
-4.92483530429	-1644.45061666	
-4.92725368516	-1644.45047857	
-4.92966623156	-1644.4503401	
-4.93207297159	-1644.45020128	
-4.93447393313	-1644.4500621	
-4.93686914386	-1644.44992258	
-4.93925863125	-1644.44978272	
-4.94164242261	-1644.44964253	
-4.94402054501	-1644.44950201	
-4.94639302537	-1644.44936117	
-4.94875989038	-1644.44922002	
-4.95112116656	-1644.44907856	
-4.95347688026	-1644.44893681	
-4.9558270576	-1644.44879476	
-4.95817172456	-1644.44865242	
-4.96051090691	-1644.4485098	
-4.96284463026	-1644.4483669	
-4.96517292002	-1644.44822374	
-4.96749580144	-1644.44808031	
-4.96981329958	-1644.44793662	
-4.97212543933	-1644.44779268	
-4.97443224543	-1644.44764849	
-4.97673374242	-1644.44750406	
-4.97902995468	-1644.4473594	
-4.98132090643	-1644.44721451	
-4.98360662171	-1644.44706939	
-4.98588712441	-1644.44692405	
-4.98816243824	-1644.4467785	
-4.99043258678	-1644.44663274	
-4.99269759341	-1644.44648677	
-4.99495748138	-1644.44634061	
-4.99721227376	-1644.44619425	
-4.9994619935	-1644.4460477	
-5.00170666335	-1644.44590097	
-5.00394630595	-1644.44575405	
-5.00618094375	-1644.44560697	
-5.00841059907	-1644.44545971	
-5.0106352941	-1644.44531229	
-5.01285505083	-1644.4451647	
-5.01506989116	-1644.44501696	
-5.01727983681	-1644.44486907	
-5.01948490937	-1644.44472103	
-5.02168513028	-1644.44457284	
-5.02388052085	-1644.44442452	
-5.02607110223	-1644.44427606	
-5.02825689545	-1644.44412747	
-5.03043792139	-1644.44397876	
-5.03261420082	-1644.44382992	
-5.03478575433	-1644.44368096	
-5.03695260241	-1644.44353189	
-5.03911476542	-1644.4433827	
-5.04127226356	-1644.44323342	
-5.04342511692	-1644.44308402	
-5.04557334546	-1644.44293453	
-5.047716969	-1644.44278494	
-5.04985600725	-1644.44263526	
-5.05199047978	-1644.4424855	
-5.05412040604	-1644.44233564	
-5.05624580535	-1644.44218571	
-5.05836669692	-1644.4420357	
-5.06048309982	-1644.44188561	
-5.06259503303	-1644.44173546	
-5.06470251537	-1644.44158523	
-5.06680556556	-1644.44143495	
-5.06890420222	-1644.4412846	
-5.07099844382	-1644.44113419	
-5.07308830874	-1644.44098373	
-5.07517381523	-1644.44083322	
-5.07725498144	-1644.44068266	
-5.07933182538	-1644.44053205	
-5.08140436498	-1644.4403814	
-5.08347261805	-1644.44023072	
-5.08553660227	-1644.44007999	
-5.08759633523	-1644.43992924	
-5.08965183441	-1644.43977845	
-5.09170311719	-1644.43962764	
-5.09375020081	-1644.4394768	
-5.09579310244	-1644.43932594	
-5.09783183913	-1644.43917506	
-5.09986642782	-1644.43902416	
-5.10189688537	-1644.43887325	
-5.10392322852	-1644.43872233	
-5.1059454739	-1644.4385714	
-5.10796363806	-1644.43842046	
-5.10997773743	-1644.43826952	
-5.11198778836	-1644.43811858	
-5.11399380708	-1644.43796764	
-5.11599580975	-1644.43781671	
-5.11799381242	-1644.43766578	
-5.11998783102	-1644.43751486	
-5.12197788143	-1644.43736395	
-5.1239639794	-1644.43721306	
-5.12594614061	-1644.43706218	
-5.12792438062	-1644.43691132	
-5.12989871492	-1644.43676048	
-5.13186915891	-1644.43660966	
-5.13383572788	-1644.43645886	
-5.13579843705	-1644.4363081	
-5.13775730154	-1644.43615736	
-5.13971233637	-1644.43600665	
-5.1416635565	-1644.43585597	
-5.14361097679	-1644.43570533	
-5.145554612	-1644.43555473	
-5.14749447681	-1644.43540417	
-5.14943058584	-1644.43525364	
-5.15136295359	-1644.43510316	
-5.1532915945	-1644.43495273	
-5.15521652291	-1644.43480234	
-5.15713775309	-1644.434652	
-5.15905529921	-1644.43450171	
-5.1609691754	-1644.43435147	
-5.16287939565	-1644.43420129	
-5.16478597392	-1644.43405116	
-5.16668892407	-1644.43390109	
-5.16858825987	-1644.43375108	
-5.17048399504	-1644.43360113	
-5.17237614319	-1644.43345124	
-5.17426471788	-1644.43330142	
-5.17614973257	-1644.43315166	
-5.17803120067	-1644.43300197	
-5.1799091355	-1644.43285234	
-5.18178355029	-1644.43270279	
-5.18365445823	-1644.43255331	
-5.1855218724	-1644.43240391	
-5.18738580584	-1644.43225457	
-5.18924627149	-1644.43210532	
-5.19110328224	-1644.43195614	
-5.19295685089	-1644.43180704	
-5.19480699018	-1644.43165803	
-5.19665371277	-1644.43150909	
-5.19849703127	-1644.43136024	
-5.20033695819	-1644.43121148	
-5.202173506	-1644.4310628	
-5.20400668708	-1644.4309142	
-5.20583651375	-1644.4307657	
-5.20766299828	-1644.43061729	
-5.20948615284	-1644.43046897	
-5.21130598956	-1644.43032074	
-5.21312252048	-1644.4301726	
-5.21493575761	-1644.43002456	
-5.21674571285	-1644.42987662	
-5.21855239808	-1644.42972877	
-5.22035582508	-1644.42958102	
-5.22215600558	-1644.42943338	
-5.22395295126	-1644.42928583	
-5.22574667371	-1644.42913839	
-5.22753718449	-1644.42899104	
-5.22932449506	-1644.42884381	
-5.23110861685	-1644.42869667	
-5.23288956123	-1644.42854965	
-5.23466733947	-1644.42840273	
-5.23644196283	-1644.42825592	
-5.23821344248	-1644.42810922	
-5.23998178954	-1644.42796263	
-5.24174701506	-1644.42781615	
-5.24350913005	-1644.42766979	
-5.24526814546	-1644.42752353	
-5.24702407216	-1644.42737739	
-5.24877692099	-1644.42723137	
-5.25052670271	-1644.42708546	
-5.25227342805	-1644.42693967	
-5.25401710765	-1644.426794	
-5.25575775213	-1644.42664845	
-5.25749537203	-1644.42650301	
-5.25922997784	-1644.4263577	
-5.26096158	-1644.4262125	
-5.2626901889	-1644.42606743	
-5.26441581487	-1644.42592249	
-5.26613846818	-1644.42577766	
-5.26785815906	-1644.42563296	
-5.26957489768	-1644.42548839	
-5.27128869416	-1644.42534394	
-5.27299955856	-1644.42519962	
-5.27470750091	-1644.42505542	
-5.27641253116	-1644.42491136	
-5.27811465923	-1644.42476742	
-5.27981389498	-1644.42462361	
-5.28151024823	-1644.42447993	
-5.28320372874	-1644.42433639	
-5.28489434622	-1644.42419297	
-5.28658211033	-1644.42404969	
-5.28826703069	-1644.42390654	
-5.28994911688	-1644.42376353	
-5.2916283784	-1644.42362064	
-5.29330482472	-1644.4234779	
-5.29497846528	-1644.42333528	
-5.29664930945	-1644.42319281	
-5.29831736655	-1644.42305047	
-5.29998264587	-1644.42290827	
-5.30164515664	-1644.4227662	
-5.30330490806	-1644.42262428	
-5.30496190927	-1644.42248249	
-5.30661616936	-1644.42234084	
-5.3082676974	-1644.42219933	
-5.30991650239	-1644.42205797	
-5.3115625933	-1644.42191674	
-5.31320597904	-1644.42177565	
-5.3148466685	-1644.42163471	
-5.3164846705	-1644.42149391	
-5.31811999384	-1644.42135325	
-5.31975264727	-1644.42121273	
-5.32138263948	-1644.42107236	
-5.32300997914	-1644.42093214	
-5.32463467487	-1644.42079205	
-5.32625673524	-1644.42065212	
-5.32787616879	-1644.42051232	
-5.32949298402	-1644.42037268	
-5.33110718937	-1644.42023318	
-5.33271879327	-1644.42009383	
-5.33432780407	-1644.41995462	
-5.33593423012	-1644.41981556	
-5.3375380797	-1644.41967665	
-5.33913936107	-1644.41953789	
-5.34073808243	-1644.41939928	
-5.34233425196	-1644.41926081	
-5.3439278778	-1644.4191225	
-5.34551896803	-1644.41898433	
-5.34710753072	-1644.41884632	
-5.34869357387	-1644.41870845	
-5.35027710548	-1644.41857074	
-5.35185813348	-1644.41843317	
-5.35343666577	-1644.41829576	
-5.35501271022	-1644.4181585	
-5.35658627467	-1644.41802139	
-5.3581573669	-1644.41788443	
-5.35972599468	-1644.41774763	
-5.36129216571	-1644.41761098	
-5.36285588769	-1644.41747448	
-5.36441716825	-1644.41733813	
-5.36597601502	-1644.41720194	
-5.36753243557	-1644.4170659	
-5.36908643744	-1644.41693002	
-5.37063802813	-1644.41679429	
-5.37218721511	-1644.41665872	
-5.37373400583	-1644.4165233	
-5.37527840768	-1644.41638803	
-5.37682042804	-1644.41625292	
-5.37836007422	-1644.41611796	
-5.37989735354	-1644.41598316	
-5.38143227326	-1644.41584852	
-5.38296484061	-1644.41571403	
-5.38449506279	-1644.4155797	
-5.38602294697	-1644.41544553	
-5.38754850028	-1644.41531151	
-5.38907172982	-1644.41517765	
-5.39059264266	-1644.41504394	
-5.39211124583	-1644.41491039	
-5.39362754635	-1644.414777	
-5.39514155118	-1644.41464377	
-5.39665326727	-1644.41451069	
-5.39816270152	-1644.41437777	
-5.39966986081	-1644.41424501	
-5.40117475199	-1644.41411241	
-5.40267738187	-1644.41397996	
-5.40417775725	-1644.41384768	
-5.40567588487	-1644.41371555	
-5.40717177146	-1644.41358358	
-5.40866542372	-1644.41345177	
-5.4101568483	-1644.41332012	
-5.41164605186	-1644.41318862	
-5.41313304098	-1644.41305729	
-5.41461782224	-1644.41292611	
-5.4161004022	-1644.41279509	
-5.41758078737	-1644.41266424	
-5.41905898424	-1644.41253354	
-5.42053499927	-1644.412403	
-5.42200883889	-1644.41227262	
-5.4234805095	-1644.4121424	
-5.42495001748	-1644.41201233	
-5.42641736918	-1644.41188243	
-5.4278825709	-1644.41175269	
-5.42934562895	-1644.41162311	
-5.43080654959	-1644.41149368	
-5.43226533906	-1644.41136442	
-5.43372200355	-1644.41123532	
-5.43517654927	-1644.41110637	
-5.43662898235	-1644.41097759	
-5.43807930892	-1644.41084897	
-5.4395275351	-1644.4107205	
-5.44097366695	-1644.4105922	
-5.44241771052	-1644.41046406	
-5.44385967184	-1644.41033607	
-5.4452995569	-1644.41020825	
-5.44673737167	-1644.41008059	
-5.44817312209	-1644.40995308	
-5.44960681409	-1644.40982574	
-5.45103845357	-1644.40969856	
-5.45246804638	-1644.40957154	
-5.45389559837	-1644.40944467	
-5.45532111536	-1644.40931797	
-5.45674460314	-1644.40919143	
-5.45816606749	-1644.40906505	
-5.45958551414	-1644.40893882	
-5.46100294883	-1644.40881276	
-5.46241837723	-1644.40868686	
-5.46383180503	-1644.40856112	
-5.46524323786	-1644.40843554	
-5.46665268137	-1644.40831011	
-5.46806014114	-1644.40818485	
-5.46946562274	-1644.40805975	
-5.47086913175	-1644.40793481	
-5.47227067367	-1644.40781003	
-5.47367025403	-1644.4076854	
-5.47506787829	-1644.40756094	
-5.47646355193	-1644.40743664	
-5.47785728038	-1644.4073125	
-5.47924906905	-1644.40718851	
-5.48063892334	-1644.40706469	
-5.48202684862	-1644.40694103	
-5.48341285022	-1644.40681752	
-5.48479693349	-1644.40669418	
-5.48617910372	-1644.40657099	
-5.48755936619	-1644.40644796	
-5.48893772616	-1644.4063251	
-5.49031418887	-1644.40620239	
-5.49168875953	-1644.40607984	
-5.49306144334	-1644.40595745	
-5.49443224547	-1644.40583522	
-5.49580117108	-1644.40571315	
-5.49716822529	-1644.40559124	
-5.49853341322	-1644.40546948	
-5.49989673995	-1644.40534789	
-5.50125821054	-1644.40522645	
-5.50261783006	-1644.40510517	
-5.50397560352	-1644.40498405	
-5.50533153593	-1644.40486309	
-5.50668563228	-1644.40474229	
-5.50803789753	-1644.40462164	
-5.50938833663	-1644.40450115	
-5.5107369545	-1644.40438083	
-5.51208375605	-1644.40426065	
-5.51342874616	-1644.40414064	
-5.51477192971	-1644.40402079	
-5.51611331154	-1644.40390109	
-5.51745289646	-1644.40378155	
-5.51879068931	-1644.40366216	
-5.52012669485	-1644.40354294	
-5.52146091786	-1644.40342387	
-5.5227933631	-1644.40330496	
-5.52412403528	-1644.4031862	
-5.52545293913	-1644.40306761	
-5.52678007934	-1644.40294917	
-5.52810546058	-1644.40283088	
-5.52942908751	-1644.40271275	
-5.53075096477	-1644.40259478	
-5.53207109697	-1644.40247697	
-5.53338948873	-1644.40235931	
-5.53470614461	-1644.4022418	
-5.53602106919	-1644.40212446	
-5.53733426702	-1644.40200727	
-5.53864574262	-1644.40189023	
-5.5399555005	-1644.40177335	
-5.54126354516	-1644.40165662	
-5.54256988107	-1644.40154005	
-5.5438745127	-1644.40142364	
-5.54517744448	-1644.40130738	
-5.54647868084	-1644.40119127	
-5.54777822618	-1644.40107532	
-5.5490760849	-1644.40095953	
-5.55037226136	-1644.40084389	
-5.55166675992	-1644.4007284	
-5.55295958492	-1644.40061307	
-5.55425074069	-1644.40049789	
-5.55554023152	-1644.40038286	
-5.5568280617	-1644.40026799	
-5.55811423551	-1644.40015328	
-5.5593987572	-1644.40003871	
-5.56068163102	-1644.3999243	
-5.56196286117	-1644.39981004	
-5.56324245188	-1644.39969594	
-5.56452040732	-1644.39958199	
-5.56579673168	-1644.39946819	
-5.56707142911	-1644.39935454	
-5.56834450376	-1644.39924105	
-5.56961595975	-1644.3991277	
-5.57088580119	-1644.39901451	
-5.57215403218	-1644.39890148	
-5.57342065679	-1644.39878859	
-5.5746856791	-1644.39867585	
-5.57594910315	-1644.39856327	
-5.57721093297	-1644.39845084	
-5.57847117258	-1644.39833856	
-5.57972982599	-1644.39822643	
-5.58098689718	-1644.39811445	
-5.58224239012	-1644.39800262	
-5.58349630878	-1644.39789094	
-5.5847486571	-1644.39777941	
-5.585999439	-1644.39766804	
-5.5872486584	-1644.39755681	
-5.5884963192	-1644.39744573	
-5.58974242528	-1644.3973348	
-5.59098698051	-1644.39722402	
-5.59222998875	-1644.39711339	
-5.59347145384	-1644.39700291	
-5.5947113796	-1644.39689258	
-5.59594976985	-1644.3967824	
-5.59718662839	-1644.39667236	
-5.598421959	-1644.39656248	
-5.59965576545	-1644.39645274	
-5.60088805149	-1644.39634315	
-5.60211882088	-1644.39623371	
-5.60334807733	-1644.39612442	
-5.60457582457	-1644.39601527	
-5.6058020663	-1644.39590627	
-5.60702680619	-1644.39579742	
-5.60825004793	-1644.39568872	
-5.60947179518	-1644.39558016	
-5.61069205159	-1644.39547175	
-5.61191082078	-1644.39536348	
-5.61312810639	-1644.39525536	
-5.61434391201	-1644.39514739	
-5.61555824124	-1644.39503957	
-5.61677109767	-1644.39493189	
-5.61798248485	-1644.39482435	
-5.61919240636	-1644.39471696	
-5.62040086572	-1644.39460972	
-5.62160786647	-1644.39450262	
-5.62281341212	-1644.39439566	
-5.62401750619	-1644.39428885	
-5.62522015215	-1644.39418219	
-5.6264213535	-1644.39407567	
-5.62762111369	-1644.39396929	
-5.62881943618	-1644.39386306	
-5.63001632442	-1644.39375697	
-5.63121178182	-1644.39365103	
-5.63240581181	-1644.39354522	
-5.6335984178	-1644.39343956	
-5.63478960317	-1644.39333405	
-5.6359793713	-1644.39322868	
-5.63716772557	-1644.39312345	
-5.63835466933	-1644.39301836	
-5.63954020593	-1644.39291341	
-5.64072433869	-1644.39280861	
-5.64190707094	-1644.39270395	
-5.64308840598	-1644.39259943	
-5.64426834712	-1644.39249505	
-5.64544689764	-1644.39239081	
-5.64662406082	-1644.39228672	
-5.64779983991	-1644.39218276	
-5.64897423816	-1644.39207895	
-5.65014725882	-1644.39197527	
-5.65131890512	-1644.39187174	
-5.65248918027	-1644.39176835	
-5.65365808747	-1644.39166509	
-5.65482562993	-1644.39156198	
-5.65599181082	-1644.39145901	
-5.65715663332	-1644.39135617	
-5.65832010058	-1644.39125348	
-5.65948221576	-1644.39115092	
-5.660642982	-1644.3910485	
-5.66180240242	-1644.39094622	
-5.66296048014	-1644.39084408	
-5.66411721826	-1644.39074208	
-5.66527261989	-1644.39064022	
-5.66642668811	-1644.39053849	
-5.66757942599	-1644.3904369	
-5.6687308366	-1644.39033545	
-5.66988092298	-1644.39023414	
-5.67102968818	-1644.39013296	
-5.67217713524	-1644.39003192	
-5.67332326717	-1644.38993101	
-5.67446808699	-1644.38983025	
-5.67561159769	-1644.38972962	
-5.67675380227	-1644.38962912	
-5.6778947037	-1644.38952876	
-5.67903430497	-1644.38942854	
-5.68017260902	-1644.38932845	
-5.6813096188	-1644.3892285	
-5.68244533727	-1644.38912868	
-5.68357976734	-1644.389029	
-5.68471291194	-1644.38892945	
-5.68584477397	-1644.38883004	
-5.68697535634	-1644.38873076	
-5.68810466194	-1644.38863162	
-5.68923269364	-1644.38853261	
-5.69035945432	-1644.38843373	
-5.69148494685	-1644.38833499	
-5.69260917406	-1644.38823638	
-5.6937321388	-1644.3881379	
-5.69485384391	-1644.38803955	
-5.69597429221	-1644.38794134	
-5.69709348651	-1644.38784326	
-5.69821142961	-1644.38774532	
-5.69932812431	-1644.3876475	
-5.70044357339	-1644.38754982	
-5.70155777963	-1644.38745227	
-5.7026707458	-1644.38735485	
-5.70378247466	-1644.38725756	
-5.70489296894	-1644.38716041	
-5.70600223139	-1644.38706338	
-5.70711026475	-1644.38696649	
-5.70821707172	-1644.38686972	
-5.70932265503	-1644.38677309	
-5.71042701737	-1644.38667658	
-5.71153016145	-1644.38658021	
-5.71263208993	-1644.38648397	
-5.71373280551	-1644.38638785	
-5.71483231084	-1644.38629187	
-5.71593060859	-1644.38619601	
-5.71702770141	-1644.38610028	
-5.71812359193	-1644.38600469	
-5.71921828279	-1644.38590922	
-5.72031177661	-1644.38581387	
-5.72140407601	-1644.38571866	
-5.72249518359	-1644.38562358	
-5.72358510195	-1644.38552862	
-5.72467383369	-1644.38543379	
-5.72576138137	-1644.38533909	
-5.72684774759	-1644.38524451	
-5.72793293489	-1644.38515006	
-5.72901694583	-1644.38505574	
-5.73009978297	-1644.38496155	
-5.73118144884	-1644.38486748	
-5.73226194598	-1644.38477354	
-5.7333412769	-1644.38467972	
-5.73441944412	-1644.38458603	
-5.73549645015	-1644.38449247	
-5.73657229748	-1644.38439903	
-5.73764698861	-1644.38430572	
-5.73872052602	-1644.38421253	
-5.73979291218	-1644.38411946	
-5.74086414956	-1644.38402653	
-5.74193424062	-1644.38393371	
-5.74300318781	-1644.38384102	
-5.74407099357	-1644.38374845	
-5.74513766034	-1644.38365601	
-5.74620319054	-1644.38356369	
-5.7472675866	-1644.3834715	
-5.74833085092	-1644.38337943	
-5.74939298591	-1644.38328748	
-5.75045399397	-1644.38319565	
-5.75151387748	-1644.38310395	
-5.75257263883	-1644.38301237	
-5.75363028038	-1644.38292091	
-5.75468680452	-1644.38282957	
-5.75574221359	-1644.38273836	
-5.75679650994	-1644.38264727	
-5.75784969593	-1644.38255629	
-5.75890177388	-1644.38246544	
-5.75995274612	-1644.38237472	
-5.76100261499	-1644.38228411	
-5.76205138278	-1644.38219362	
-5.76309905181	-1644.38210326	
-5.76414562438	-1644.38201301	
-5.76519110278	-1644.38192288	
-5.7662354893	-1644.38183288	
-5.76727878622	-1644.38174299	
-5.76832099579	-1644.38165323	
-5.7693621203	-1644.38156358	
-5.770402162	-1644.38147405	
-5.77144112313	-1644.38138464	
-5.77247900594	-1644.38129535	
-5.77351581267	-1644.38120618	
-5.77455154554	-1644.38111713	
-5.77558620679	-1644.3810282	
-5.77661979861	-1644.38093938	
-5.77765232322	-1644.38085068	
-5.77868378283	-1644.3807621	
-5.77971417962	-1644.38067364	
-5.78074351579	-1644.38058529	
-5.78177179352	-1644.38049706	
-5.78279901497	-1644.38040895	
-5.78382518233	-1644.38032096	
-5.78485029774	-1644.38023308	
-5.78587436337	-1644.38014531	
-5.78689738137	-1644.38005767	
-5.78791935386	-1644.37997014	
-5.788940283	-1644.37988272	
-5.7899601709	-1644.37979543	
-5.79097901969	-1644.37970824	
-5.79199683148	-1644.37962118	
-5.79301360838	-1644.37953422	
-5.7940293525	-1644.37944738	
-5.79504406593	-1644.37936066	
-5.79605775077	-1644.37927405	
-5.79707040908	-1644.37918756	
-5.79808204295	-1644.37910118	
-5.79909265446	-1644.37901491	
-5.80010224566	-1644.37892876	
-5.80111081862	-1644.37884272	
-5.80211837538	-1644.37875679	
-5.80312491799	-1644.37867098	
-5.80413044849	-1644.37858528	
-5.80513496892	-1644.37849969	
-5.80613848129	-1644.37841422	
-5.80714098764	-1644.37832886	
-5.80814248998	-1644.37824361	
-5.80914299031	-1644.37815847	
