#Site	lnL	
0	-1.69650351429
1	-1.89150656528
2	-7.38973279037
3	-5.19958101927
4	-2.15029020186
5	-1.37449256946
6	-1.90101604789
7	-8.31897230967
8	-1.57343383591
9	-1.91405167466
10	-7.1998918368
11	-7.01606995391
12	-5.818705831
13	-6.50495740605
14	-12.8533920187
15	-1.68010407153
16	-2.15029020186
17	-9.83363229302
18	-1.69650351429
19	-1.90942948501
20	-1.57343383591
21	-5.77035959681
22	-1.89150656528
23	-1.38876057742
24	-1.91405167466
25	-1.90942948501
26	-11.5230731568
27	-1.68010407153
28	-2.15029020186
29	-1.38876057742
30	-1.90101604789
31	-8.01239135835
32	-1.37449256946
33	-1.90101604789
34	-8.01823510869
35	-1.57343383591
36	-1.69650351429
37	-5.83837000118
38	-6.86841415719
39	-1.69650351429
40	-1.89150656528
41	-1.37449256946
42	-1.90101604789
43	-2.15029020186
44	-13.5570603752
45	-6.78921948116
46	-1.89150656528
47	-1.56272434025
48	-1.90101604789
49	-7.96988415299
50	-6.8688453485
51	-4.47927943241
52	-2.13561615113
53	-1.37449256946
54	-10.0057445147
55	-2.13561615113
56	-1.57343383591
57	-1.90101604789
58	-6.41844004342
59	-8.07054326793
60	-1.68010407153
61	-8.20246397879
62	-7.01189981845
63	-6.11467049089
64	-2.15029020186
65	-6.67847577057
66	-7.61974676535
67	-1.90942948501
68	-7.01912784655
69	-1.68010407153
70	-1.90942948501
71	-1.56272434025
72	-6.31390373489
73	-1.90942948501
74	-1.37449256946
75	-4.48478838642
76	-1.89150656528
77	-1.38876057742
78	-1.90101604789
79	-2.15029020186
80	-1.37449256946
81	-1.69650351429
82	-1.90942948501
83	-1.37449256946
84	-5.1813898119
85	-5.58445555116
86	-1.37449256946
87	-14.7520553651
88	-1.89150656528
89	-1.57343383591
90	-1.69650351429
91	-2.13561615113
92	-7.14849443625
93	-1.68010407153
94	-1.89150656528
95	-1.37449256946
96	-4.5113376087
97	-2.15029020186
98	-8.12309455692
99	-5.23192150725
100	-2.15029020186
101	-8.26705240815
102	-5.76945651894
103	-2.15029020186
104	-5.76244727522
105	-1.68010407153
106	-2.15029020186
107	-7.01606995391
108	-1.90101604789
109	-2.15029020186
110	-1.56272434025
111	-1.69650351429
112	-1.89150656528
113	-8.71425490703
114	-1.90101604789
115	-1.90942948501
116	-11.7137990755
117	-1.91405167466
118	-2.13561615113
119	-1.57343383591
120	-1.69650351429
121	-6.4497906851
122	-6.47830710407
123	-1.68010407153
124	-4.91584156149
125	-7.14698872539
126	-6.66043620799
127	-5.67589245987
128	-1.57343383591
129	-5.19958101927
130	-2.13561615113
131	-1.38876057742
132	-1.90101604789
133	-8.5682303435
134	-1.38876057742
135	-1.68010407153
136	-5.55700651554
137	-1.38876057742
138	-1.69650351429
139	-5.08194897579
140	-1.38876057742
141	-1.69650351429
142	-5.83837000118
143	-1.56272434025
144	-5.81341649666
145	-1.90942948501
146	-1.57343383591
147	-1.68010407153
148	-2.13561615113
149	-7.15177338131
150	-6.58629079925
151	-1.89150656528
152	-1.38876057742
153	-1.69650351429
154	-5.54470297954
155	-8.07054326793
156	-1.90101604789
157	-2.13561615113
158	-11.6103157608
159	-1.68010407153
160	-7.36775873645
161	-6.86841415719
162	-6.67187355453
163	-2.15029020186
164	-1.57343383591
165	-1.90101604789
166	-5.50166168612
167	-1.38876057742
168	-1.91405167466
169	-1.89150656528
170	-6.67243496694
171	-5.81341649666
172	-8.40227947281
173	-1.37449256946
174	-1.68010407153
175	-5.01734516916
176	-1.57343383591
177	-1.69650351429
178	-1.90942948501
179	-30.4533733004
180	-1.91405167466
181	-6.41844004342
182	-6.86841415719
183	-1.68010407153
184	-2.15029020186
185	-1.57343383591
186	-1.69650351429
187	-1.90942948501
188	-1.37449256946
189	-1.91405167466
190	-9.88320230723
191	-1.57343383591
192	-1.68010407153
193	-2.15029020186
194	-1.57343383591
195	-1.69650351429
196	-1.89150656528
197	-1.57343383591
198	-7.91689243458
199	-7.96965963837
200	-7.2240961078
201	-1.69650351429
202	-4.29300326773
203	-18.0566774646
204	-5.56903066449
205	-2.13561615113
206	-1.57343383591
207	-1.68010407153
208	-8.01239135835
209	-8.71841144109
210	-1.91405167466
211	-5.55083920904
212	-8.93425685457
213	-1.69650351429
214	-2.13561615113
215	-7.38973279037
216	-1.91405167466
217	-1.89150656528
218	-1.37449256946
219	-1.69650351429
220	-6.47781208973
221	-1.38876057742
222	-1.69650351429
223	-1.89150656528
224	-1.57343383591
225	-1.68010407153
226	-1.90942948501
227	-1.57343383591
228	-1.68010407153
229	-2.15029020186
230	-5.76902485657
231	-1.69650351429
232	-4.29300326773
233	-1.38876057742
234	-1.68010407153
235	-6.76660007643
236	-1.38876057742
237	-1.91405167466
238	-1.90942948501
239	-5.76644917614
240	-1.69650351429
241	-1.89150656528
242	-1.37449256946
243	-5.818705831
244	-11.7266723825
245	-6.48204414602
246	-8.80756876415
247	-8.07902346537
248	-6.7027379342
249	-1.68010407153
250	-2.15029020186
251	-1.56272434025
252	-1.90101604789
253	-1.89150656528
254	-1.56272434025
255	-1.68010407153
256	-1.90942948501
257	-1.37449256946
258	-1.69650351429
259	-5.55083920904
260	-8.49342142392
261	-1.91405167466
262	-2.15029020186
263	-6.48513120057
264	-1.68010407153
265	-5.10879546097
266	-9.25118158128
267	-4.5113376087
268	-1.89150656528
269	-9.17124101317
270	-1.69650351429
271	-8.20965437237
272	-10.470236003
273	-1.90101604789
274	-1.90942948501
275	-1.37449256946
276	-1.69650351429
277	-4.29279638086
278	-7.01189981845
279	-1.91405167466
280	-2.13561615113
281	-13.4189878569
282	-14.3653602758
283	-1.89150656528
284	-1.57343383591
285	-1.90101604789
286	-5.32127663912
287	-1.38876057742
288	-10.028477013
289	-5.55700651554
290	-1.57343383591
291	-1.90101604789
292	-5.50166168612
293	-7.2240961078
294	-1.68010407153
295	-2.15029020186
296	-1.38876057742
297	-1.90101604789
298	-2.13561615113
299	-5.77218909168
300	-6.9843445587
301	-2.13561615113
302	-1.56272434025
303	-4.5113376087
304	-1.89150656528
305	-1.57343383591
306	-4.5113376087
307	-1.89150656528
308	-1.56272434025
309	-1.68010407153
310	-4.24273895272
311	-1.37449256946
312	-1.69650351429
313	-11.6642067432
314	-1.38876057742
315	-1.90101604789
316	-2.15029020186
317	-1.57343383591
318	-1.68010407153
319	-4.91584156149
320	-8.12364648397
321	-1.68010407153
322	-5.10879546097
323	-1.57343383591
324	-1.91405167466
325	-5.58445555116
326	-1.37449256946
327	-1.91405167466
328	-2.13561615113
329	-1.38876057742
330	-1.69650351429
331	-5.58445555116
332	-1.37449256946
333	-1.68010407153
334	-9.53400529146
335	-1.57343383591
336	-1.68010407153
337	-1.90942948501
338	-1.38876057742
339	-1.68010407153
340	-4.24273895272
341	-9.17616437318
342	-6.15031763708
343	-1.89150656528
344	-1.37449256946
345	-4.47927943241
346	-2.15029020186
347	-1.38876057742
348	-1.90101604789
349	-4.24931973954
350	-1.56272434025
351	-1.68010407153
352	-1.89150656528
353	-1.37449256946
354	-1.90101604789
355	-9.45712471309
356	-7.41403449442
357	-7.93856940408
358	-6.63972907171
359	-1.38876057742
360	-1.68010407153
361	-2.15029020186
362	-1.38876057742
363	-5.23192150725
364	-5.01734516916
365	-5.77218909168
366	-6.86449868536
367	-2.15029020186
368	-1.38876057742
369	-8.68282167784
370	-1.90942948501
371	-10.7596388992
372	-1.68010407153
373	-1.89150656528
374	-9.17124101317
375	-1.69650351429
376	-1.89150656528
377	-1.56272434025
378	-5.72893671973
379	-5.89383046546
380	-10.0965882142
381	-7.9426350479
382	-4.91584156149
383	-12.4822746904
384	-1.91405167466
385	-12.7484439657
386	-1.57343383591
387	-1.69650351429
388	-1.89150656528
389	-1.38876057742
390	-5.76945651894
391	-5.67589245987
392	-10.7644368191
393	-1.68010407153
394	-12.5558174716
395	-7.2240961078
396	-1.68010407153
397	-7.2605774767
398	-7.42132688355
399	-1.90101604789
400	-5.67589245987
401	-9.68933727327
402	-1.69650351429
403	-1.89150656528
404	-18.059747453
405	-9.22885020364
406	-1.90942948501
407	-7.95753906967
408	-1.69650351429
409	-5.32127663912
410	-1.57343383591
411	-9.58829766709
412	-8.77457428983
413	-7.9331561703
414	-7.93856940408
415	-4.95786195045
416	-1.56272434025
417	-1.91405167466
418	-6.08770143062
419	-1.56272434025
420	-1.68010407153
421	-1.89150656528
422	-1.57343383591
423	-1.68010407153
424	-2.15029020186
425	-1.37449256946
426	-1.91405167466
427	-1.90942948501
428	-10.6166103916
429	-1.68010407153
430	-1.89150656528
431	-10.4082260146
432	-9.69177074857
433	-1.90942948501
434	-1.37449256946
435	-1.69650351429
436	-2.13561615113
437	-7.42132688355
438	-1.90101604789
439	-1.89150656528
440	-7.95753906967
441	-11.8919762547
442	-2.15029020186
443	-1.38876057742
444	-1.90101604789
445	-1.90942948501
446	-1.57343383591
447	-5.73499960832
448	-8.51073663905
449	-12.1348499827
450	-1.68010407153
451	-1.89150656528
452	-8.72621089381
453	-1.68010407153
454	-6.08770143062
455	-1.57343383591
456	-1.91405167466
457	-5.67226258689
458	-6.48204414602
459	-1.90101604789
460	-4.91885707436
461	-1.57343383591
462	-5.18331459704
463	-7.95209863302
464	-5.76244727522
465	-1.69650351429
466	-2.13561615113
467	-1.37449256946
468	-1.68010407153
469	-6.76660007643
470	-1.38876057742
