# log_p 	 lnL 	 
0.0	-1627.91435165	
-0.287682072452	-1627.94326488	
-0.510825623766	-1627.96048123	
-0.69314718056	-1627.97732292	
-0.847297860387	-1627.99639431	
-0.980829253012	-1628.01755276	
-1.09861228867	-1628.04000465	
-1.20397280433	-1628.0630121	
-1.29928298413	-1628.08604392	
-1.38629436112	-1628.10875672	
-1.46633706879	-1628.13094379	
-1.54044504095	-1628.15248995	
-1.60943791243	-1628.17333876	
-1.67397643357	-1628.19347034	
-1.73460105539	-1628.21288681	
-1.79175946923	-1628.23160303	
-1.8458266905	-1628.24964063	
-1.89711998489	-1628.26702451	
-1.94591014906	-1628.2837806	
-1.99243016469	-1628.29993471	
-2.03688192726	-1628.31551181	
-2.07944154168	-1628.3305358	
-2.1202635362	-1628.34502933	
-2.15948424935	-1628.35901388	
-2.19722457734	-1628.37250975	
-2.23359222151	-1628.38553622	
-2.26868354132	-1628.39811159	
-2.30258509299	-1628.41025329	
-2.33537491582	-1628.42197795	
-2.36712361413	-1628.43330147	
-2.3978952728	-1628.44423905	
-2.42774823595	-1628.45480529	
-2.45673577282	-1628.46501419	
-2.48490664979	-1628.47487919	
-2.51230562398	-1628.48441321	
-2.53897387106	-1628.49362865	
-2.56494935746	-1628.50253744	
-2.59026716545	-1628.51115104	
-2.61495977804	-1628.51948048	
-2.63905732962	-1628.52753634	
-2.66258782703	-1628.5353288	
-2.68557734525	-1628.54286763	
-2.7080502011	-1628.55016224	
-2.73002910782	-1628.55722163	
-2.75153531304	-1628.56405448	
-2.77258872224	-1628.5706691	
-2.79320800944	-1628.57707348	
-2.81341071676	-1628.58327529	
-2.83321334406	-1628.58928189	
-2.85263142991	-1628.59510036	
-2.87167962488	-1628.60073746	
-2.8903717579	-1628.60619972	
-2.90872089656	-1628.61149339	
-2.92673940207	-1628.61662446	
-2.94443897917	-1628.62159869	
-2.96183072188	-1628.62642162	
-2.97892515524	-1628.63109855	
-2.99573227355	-1628.63563459	
-3.01226157551	-1628.64003461	
-3.02852209638	-1628.64430334	
-3.04452243772	-1628.64844527	
-3.06027079469	-1628.65246475	
-3.07577498123	-1628.65636595	
-3.09104245336	-1628.66015287	
-3.10608033072	-1628.66382935	
-3.12089541651	-1628.66739911	
-3.13549421593	-1628.67086568	
-3.14988295338	-1628.6742325	
-3.16406758837	-1628.67750285	
-3.17805383035	-1628.68067989	
-3.19184715248	-1628.68376668	
-3.20545280454	-1628.68676612	
-3.21887582487	-1628.68968105	
-3.23212105162	-1628.69251418	
-3.24519313319	-1628.69526811	
-3.25809653802	-1628.69794537	
-3.2708355638	-1628.70054837	
-3.28341434601	-1628.70307945	
-3.295836866	-1628.70554085	
-3.3081069586	-1628.70793475	
-3.32022831913	-1628.71026324	
-3.33220451018	-1628.71252832	
-3.34403896782	-1628.71473193	
-3.35573500759	-1628.71687596	
-3.36729582999	-1628.7189622	
-3.37872452581	-1628.72099241	
-3.39002408106	-1628.72296825	
-3.40119738166	-1628.72489136	
-3.41224721785	-1628.7267633	
-3.42317628838	-1628.72858558	
-3.43398720449	-1628.73035967	
-3.4446824936	-1628.73208698	
-3.45526460293	-1628.73376886	
-3.4657359028	-1628.73540665	
-3.47609868984	-1628.7370016	
-3.48635519	-1628.73855496	
-3.49650756147	-1628.7400679	
-3.50655789732	-1628.74154159	
-3.51650822817	-1628.74297713	
-3.52636052462	-1628.7443756	
-3.53611669956	-1628.74573804	
-3.54577861047	-1628.74706546	
-3.55534806149	-1628.74835883	
-3.56482680544	-1628.74961909	
-3.57421654579	-1628.75084716	
-3.58351893846	-1628.75204392	
-3.59273559356	-1628.75321023	
-3.60186807712	-1628.75434692	
-3.61091791264	-1628.75545479	
-3.61988658263	-1628.75653462	
-3.62877553004	-1628.75758716	
-3.63758615973	-1628.75861314	
-3.6463198397	-1628.75961327	
-3.65497790244	-1628.76058824	
-3.66356164613	-1628.76153872	
-3.6720723358	-1628.76246534	
-3.68051120444	-1628.76336873	
-3.68887945411	-1628.7642495	
-3.69717825693	-1628.76510824	
-3.70540875607	-1628.76594553	
-3.7135720667	-1628.76676191	
-3.72166927694	-1628.76755791	
-3.72970144863	-1628.76833408	
-3.73766961828	-1628.7690909	
-3.74557479779	-1628.76982888	
-3.75341797525	-1628.77054849	
-3.76120011569	-1628.77125019	
-3.76892216179	-1628.77193444	
-3.77658503453	-1628.77260167	
-3.78418963392	-1628.77325231	
-3.79173683955	-1628.77388677	
-3.79922751128	-1628.77450545	
-3.80666248977	-1628.77510874	
-3.81404259707	-1628.77569703	
-3.82136863716	-1628.77627067	
-3.82864139649	-1628.77683003	
-3.83586164446	-1628.77737545	
-3.84303013394	-1628.77790729	
-3.85014760171	-1628.77842585	
-3.85721476893	-1628.77893147	
-3.86423234159	-1628.77942445	
-3.87120101091	-1628.7799051	
-3.87812145375	-1628.78037372	
-3.88499433304	-1628.78083059	
-3.89182029811	-1628.78127598	
-3.8985999851	-1628.78171018	
-3.90533401728	-1628.78213344	
-3.91202300543	-1628.78254603	
-3.91866754815	-1628.78294819	
-3.92526823218	-1628.78334017	
-3.93182563272	-1628.7837222	
-3.93834031375	-1628.78409452	
-3.94481282825	-1628.78445735	
-3.95124371858	-1628.78481092	
-3.95763351668	-1628.78515542	
-3.96398274436	-1628.78549109	
-3.97029191355	-1628.78581811	
-3.97656152657	-1628.78613668	
-3.98279207632	-1628.786447	
-3.98898404656	-1628.78674926	
-3.99513791214	-1628.78704363	
-4.00125413916	-1628.78733031	
-4.00733318523	-1628.78760945	
-4.01337549969	-1628.78788123	
-4.01938152375	-1628.78814582	
-4.02535169074	-1628.78840337	
-4.03128642625	-1628.78865405	
-4.03718614838	-1628.788898	
-4.04305126783	-1628.78913538	
-4.04888218815	-1628.78936633	
-4.05467930583	-1628.789591	
-4.06044301055	-1628.78980952	
-4.06617368526	-1628.79002203	
-4.07187170637	-1628.79022867	
-4.07753744391	-1628.79042955	
-4.08317126162	-1628.79062481	
-4.08877351717	-1628.79081457	
-4.09434456222	-1628.79099894	
-4.0998847426	-1628.79117805	
-4.10539439841	-1628.79135202	
-4.11087386417	-1628.79152094	
-4.11632346894	-1628.79168494	
-4.12174353641	-1628.79184411	
-4.12713438505	-1628.79199856	
-4.13249632819	-1628.7921484	
-4.13782967416	-1628.79229371	
-4.14313472639	-1628.79243461	
-4.14841178349	-1628.79257117	
-4.15366113938	-1628.7927035	
-4.15888308336	-1628.79283169	
-4.16407790024	-1628.79295582	
-4.1692458704	-1628.79307598	
-4.1743872699	-1628.79319225	
-4.17950237056	-1628.79330472	
-4.18459144007	-1628.79341346	
-4.18965474203	-1628.79351856	
-4.19469253606	-1628.79362009	
-4.19970507788	-1628.79371813	
-4.20469261939	-1628.79381274	
-4.20965540873	-1628.79390401	
-4.21459369037	-1628.793992	
-4.21950770518	-1628.79407678	
-4.22439769047	-1628.79415841	
-4.22926388012	-1628.79423697	
-4.2341065046	-1628.79431251	
-4.23892579103	-1628.7943851	
-4.2437219633	-1628.7944548	
-4.24849524205	-1628.79452168	
-4.25324584481	-1628.79458578	
-4.257973986	-1628.79464716	
-4.26267987704	-1628.79470589	
-4.26736372635	-1628.79476202	
-4.27202573946	-1628.7948156	
-4.27666611902	-1628.79486668	
-4.28128506487	-1628.79491531	
-4.28588277412	-1628.79496155	
-4.29045944115	-1628.79500545	
-4.29501525768	-1628.79504704	
-4.29955041285	-1628.79508639	
-4.3040650932	-1628.79512353	
-4.30855948279	-1628.79515851	
-4.31303376319	-1628.79519138	
-4.31748811354	-1628.79522218	
-4.3219227106	-1628.79525094	
-4.32633772881	-1628.79527772	
-4.33073334029	-1628.79530255	
-4.33510971489	-1628.79532548	
-4.33946702026	-1628.79534653	
-4.34380542185	-1628.79536575	
-4.348125083	-1628.79538318	
-4.3524261649	-1628.79539886	
-4.35670882669	-1628.79541281	
-4.36097322548	-1628.79542508	
-4.36521951636	-1628.79543569	
-4.36944785247	-1628.79544469	
-4.373658385	-1628.7954521	
-4.37785126326	-1628.79545796	
-4.38202663467	-1628.7954623	
-4.38618464482	-1628.79546515	
-4.39032543749	-1628.79546654	
-4.39444915467	-1628.79546649	
-4.39855593663	-1628.79546505	
-4.40264592188	-1628.79546224	
-4.40671924726	-1628.79545808	
-4.41077604796	-1628.7954526	
-4.4148164575	-1628.79544583	
-4.4188406078	-1628.7954378	
-4.42284862919	-1628.79542853	
-4.42684065046	-1628.79541804	
-4.43081679884	-1628.79540637	
-4.43477720006	-1628.79539354	
-4.43872197835	-1628.79537956	
-4.44265125649	-1628.79536447	
-4.44656515581	-1628.79534828	
-4.45046379623	-1628.79533102	
-4.45434729625	-1628.79531271	
-4.45821577303	-1628.79529338	
-4.46206934235	-1628.79527303	
-4.46590811865	-1628.7952517	
-4.46973221509	-1628.79522941	
-4.47354174351	-1628.79520617	
-4.47733681448	-1628.795182	
-4.48111753732	-1628.79515692	
-4.48488402011	-1628.79513096	
-4.48863636973	-1628.79510412	
-4.49237469184	-1628.79507643	
-4.49609909093	-1628.79504791	
-4.49980967033	-1628.79501857	
-4.50350653221	-1628.79498843	
-4.50718977763	-1628.79495751	
-4.51085950652	-1628.79492582	
-4.51451581772	-1628.79489337	
-4.518158809	-1628.7948602	
-4.52178857705	-1628.7948263	
-4.52540521752	-1628.7947917	
-4.52900882502	-1628.7947564	
-4.53259949315	-1628.79472044	
-4.5361773145	-1628.79468381	
-4.53974238067	-1628.79464653	
-4.54329478227	-1628.79460862	
-4.54683460898	-1628.7945701	
-4.55036194949	-1628.79453096	
-4.5538768916	-1628.79449123	
-4.55737952215	-1628.79445092	
-4.56086992709	-1628.79441005	
-4.56434819147	-1628.79436861	
-4.56781439944	-1628.79432664	
-4.57126863431	-1628.79428413	
-4.5747109785	-1628.7942411	
-4.5781415136	-1628.79419756	
-4.58156032035	-1628.79415352	
-4.58496747867	-1628.794109	
-4.58836306767	-1628.794064	
-4.59174716566	-1628.79401854	
-4.59511985013	-1628.79397262	
-4.59848119784	-1628.79392625	
-4.60183128472	-1628.79387945	
-4.60517018599	-1628.79383223	
-4.60849797608	-1628.79378459	
-4.61181472871	-1628.79373654	
-4.61512051684	-1628.7936881	
-4.61841541274	-1628.79363927	
-4.62169948794	-1628.79359006	
-4.62497281328	-1628.79354048	
-4.62823545892	-1628.79349054	
-4.63148749431	-1628.79344025	
-4.63472898823	-1628.79338961	
-4.63796000881	-1628.79333864	
-4.64118062351	-1628.79328733	
-4.64439089914	-1628.79323571	
-4.64759090187	-1628.79318378	
-4.65078069724	-1628.79313154	
-4.65396035016	-1628.793079	
-4.65712992492	-1628.79302617	
-4.66028948521	-1628.79297306	
-4.66343909411	-1628.79291967	
-4.66657881412	-1628.79286601	
-4.66970870713	-1628.79281209	
-4.67282883446	-1628.79275791	
-4.67593925688	-1628.79270349	
-4.67904003455	-1628.79264882	
-4.68213122712	-1628.79259391	
-4.68521289366	-1628.79253878	
-4.6882850927	-1628.79248341	
-4.69134788223	-1628.79242784	
-4.69440131972	-1628.79237204	
-4.6974454621	-1628.79231605	
-4.70048036579	-1628.79225985	
-4.70350608671	-1628.79220345	
-4.70652268025	-1628.79214687	
-4.70953020131	-1628.7920901	
-4.71252870431	-1628.79203315	
-4.71551824316	-1628.79197602	
-4.7184988713	-1628.79191873	
-4.72147064168	-1628.79186128	
-4.72443360681	-1628.79180366	
-4.72738781871	-1628.79174589	
-4.73033332894	-1628.79168797	
-4.73327018862	-1628.7916299	
-4.73619844839	-1628.79157169	
-4.7391181585	-1628.79151335	
-4.74202936871	-1628.79145488	
-4.74493212836	-1628.79139627	
-4.74782648639	-1628.79133755	
-4.75071249128	-1628.7912787	
-4.75359019111	-1628.79121974	
-4.75645963353	-1628.79116067	
-4.75932086582	-1628.79110149	
-4.7621739348	-1628.79104221	
-4.76501888693	-1628.79098283	
-4.76785576827	-1628.79092336	
-4.77068462447	-1628.79086379	
-4.77350550081	-1628.79080413	
-4.77631844218	-1628.79074439	
-4.77912349311	-1628.79068457	
-4.78192069773	-1628.79062466	
-4.78471009982	-1628.79056469	
-4.78749174278	-1628.79050464	
-4.79026566966	-1628.79044453	
-4.79303192316	-1628.79038435	
-4.7957905456	-1628.7903241	
-4.79854157897	-1628.7902638	
-4.80128506491	-1628.79020345	
-4.80402104473	-1628.79014304	
-4.80674955939	-1628.79008258	
-4.8094706495	-1628.79002207	
-4.81218435537	-1628.78996152	
-4.81489071697	-1628.78990093	
-4.81758977394	-1628.78984029	
-4.82028156561	-1628.78977963	
-4.82296613098	-1628.78971892	
-4.82564350875	-1628.78965819	
-4.8283137373	-1628.78959743	
-4.83097685472	-1628.78953664	
-4.83363289878	-1628.78947583	
-4.83628190695	-1628.789415	
-4.83892391641	-1628.78935415	
-4.84155896405	-1628.78929328	
-4.84418708646	-1628.7892324	
-4.84680831994	-1628.7891715	
-4.84942270051	-1628.7891106	
-4.85203026392	-1628.78904969	
-4.85463104562	-1628.78898877	
-4.8572250808	-1628.78892784	
-4.85981240436	-1628.78886692	
-4.86239305096	-1628.788806	
-4.86496705495	-1628.78874507	
-4.86753445046	-1628.78868415	
-4.87009527132	-1628.78862324	
-4.87264955112	-1628.78856234	
-4.8751973232	-1628.78850144	
-4.87773862063	-1628.78844056	
-4.88027347623	-1628.78837969	
-4.88280192259	-1628.78831883	
-4.88532399202	-1628.78825799	
-4.88783971662	-1628.78819717	
-4.89034912822	-1628.78813637	
-4.89285225844	-1628.78807558	
-4.89534913864	-1628.78801483	
-4.89783979995	-1628.78795409	
-4.90032427328	-1628.78789338	
-4.90280258929	-1628.7878327	
-4.90527477844	-1628.78777205	
-4.90774087093	-1628.78771143	
-4.91020089677	-1628.78765084	
-4.91265488574	-1628.78759028	
-4.91510286737	-1628.78752975	
-4.91754487103	-1628.78746927	
-4.91998092583	-1628.78740881	
-4.92241106068	-1628.7873484	
-4.92483530429	-1628.78728803	
-4.92725368516	-1628.78722769	
-4.92966623156	-1628.7871674	
-4.93207297159	-1628.78710715	
-4.93447393313	-1628.78704694	
-4.93686914386	-1628.78698678	
-4.93925863125	-1628.78692667	
-4.94164242261	-1628.7868666	
-4.94402054501	-1628.78680658	
-4.94639302537	-1628.78674661	
-4.94875989038	-1628.78668669	
-4.95112116656	-1628.78662682	
-4.95347688026	-1628.78656701	
-4.9558270576	-1628.78650725	
-4.95817172456	-1628.78644754	
-4.96051090691	-1628.78638789	
-4.96284463026	-1628.78632829	
-4.96517292002	-1628.78626875	
-4.96749580144	-1628.78620927	
-4.96981329958	-1628.78614984	
-4.97212543933	-1628.78609048	
-4.97443224543	-1628.78603117	
-4.97673374242	-1628.78597193	
-4.97902995468	-1628.78591275	
-4.98132090643	-1628.78585363	
-4.98360662171	-1628.78579458	
-4.98588712441	-1628.78573559	
-4.98816243824	-1628.78567666	
-4.99043258678	-1628.7856178	
-4.99269759341	-1628.78555901	
-4.99495748138	-1628.78550028	
-4.99721227376	-1628.78544162	
-4.9994619935	-1628.78538303	
-5.00170666335	-1628.7853245	
-5.00394630595	-1628.78526605	
-5.00618094375	-1628.78520767	
-5.00841059907	-1628.78514935	
-5.0106352941	-1628.78509111	
-5.01285505083	-1628.78503294	
-5.01506989116	-1628.78497485	
-5.01727983681	-1628.78491682	
-5.01948490937	-1628.78485887	
-5.02168513028	-1628.78480099	
-5.02388052085	-1628.78474319	
-5.02607110223	-1628.78468546	
-5.02825689545	-1628.78462781	
-5.03043792139	-1628.78457023	
-5.03261420082	-1628.78451273	
-5.03478575433	-1628.78445531	
-5.03695260241	-1628.78439796	
-5.03911476542	-1628.78434069	
-5.04127226356	-1628.7842835	
-5.04342511692	-1628.78422639	
-5.04557334546	-1628.78416936	
-5.047716969	-1628.78411241	
-5.04985600725	-1628.78405553	
-5.05199047978	-1628.78399874	
-5.05412040604	-1628.78394202	
-5.05624580535	-1628.78388539	
-5.05836669692	-1628.78382884	
-5.06048309982	-1628.78377237	
-5.06259503303	-1628.78371598	
-5.06470251537	-1628.78365967	
-5.06680556556	-1628.78360345	
-5.06890420222	-1628.7835473	
-5.07099844382	-1628.78349125	
-5.07308830874	-1628.78343527	
-5.07517381523	-1628.78337938	
-5.07725498144	-1628.78332357	
-5.07933182538	-1628.78326784	
-5.08140436498	-1628.7832122	
-5.08347261805	-1628.78315665	
-5.08553660227	-1628.78310118	
-5.08759633523	-1628.78304579	
-5.08965183441	-1628.78299049	
-5.09170311719	-1628.78293528	
-5.09375020081	-1628.78288015	
-5.09579310244	-1628.7828251	
-5.09783183913	-1628.78277014	
-5.09986642782	-1628.78271527	
-5.10189688537	-1628.78266049	
-5.10392322852	-1628.78260579	
-5.1059454739	-1628.78255118	
-5.10796363806	-1628.78249665	
-5.10997773743	-1628.78244221	
-5.11198778836	-1628.78238786	
-5.11399380708	-1628.7823336	
-5.11599580975	-1628.78227942	
-5.11799381242	-1628.78222533	
-5.11998783102	-1628.78217133	
-5.12197788143	-1628.78211742	
-5.1239639794	-1628.7820636	
-5.12594614061	-1628.78200986	
-5.12792438062	-1628.78195621	
-5.12989871492	-1628.78190265	
-5.13186915891	-1628.78184918	
-5.13383572788	-1628.7817958	
-5.13579843705	-1628.7817425	
-5.13775730154	-1628.7816893	
-5.13971233637	-1628.78163618	
-5.1416635565	-1628.78158315	
-5.14361097679	-1628.78153021	
-5.145554612	-1628.78147736	
-5.14749447681	-1628.7814246	
-5.14943058584	-1628.78137193	
-5.15136295359	-1628.78131935	
-5.1532915945	-1628.78126685	
-5.15521652291	-1628.78121445	
-5.15713775309	-1628.78116213	
-5.15905529921	-1628.78110991	
-5.1609691754	-1628.78105777	
-5.16287939565	-1628.78100573	
-5.16478597392	-1628.78095377	
-5.16668892407	-1628.7809019	
-5.16858825987	-1628.78085012	
-5.17048399504	-1628.78079843	
-5.17237614319	-1628.78074683	
-5.17426471788	-1628.78069532	
-5.17614973257	-1628.7806439	
-5.17803120067	-1628.78059257	
-5.1799091355	-1628.78054133	
-5.18178355029	-1628.78049018	
-5.18365445823	-1628.78043912	
-5.1855218724	-1628.78038814	
-5.18738580584	-1628.78033726	
-5.18924627149	-1628.78028647	
-5.19110328224	-1628.78023576	
-5.19295685089	-1628.78018515	
-5.19480699018	-1628.78013462	
-5.19665371277	-1628.78008418	
-5.19849703127	-1628.78003384	
-5.20033695819	-1628.77998358	
-5.202173506	-1628.77993341	
-5.20400668708	-1628.77988333	
-5.20583651375	-1628.77983334	
-5.20766299828	-1628.77978344	
-5.20948615284	-1628.77973363	
-5.21130598956	-1628.77968391	
-5.21312252048	-1628.77963427	
-5.21493575761	-1628.77958473	
-5.21674571285	-1628.77953527	
-5.21855239808	-1628.7794859	
-5.22035582508	-1628.77943663	
-5.22215600558	-1628.77938744	
-5.22395295126	-1628.77933834	
-5.22574667371	-1628.77928932	
-5.22753718449	-1628.7792404	
-5.22932449506	-1628.77919156	
-5.23110861685	-1628.77914282	
-5.23288956123	-1628.77909416	
-5.23466733947	-1628.77904559	
-5.23644196283	-1628.7789971	
-5.23821344248	-1628.77894871	
-5.23998178954	-1628.7789004	
-5.24174701506	-1628.77885218	
-5.24350913005	-1628.77880405	
-5.24526814546	-1628.77875601	
-5.24702407216	-1628.77870806	
-5.24877692099	-1628.77866019	
-5.25052670271	-1628.77861241	
-5.25227342805	-1628.77856471	
-5.25401710765	-1628.77851711	
-5.25575775213	-1628.77846959	
-5.25749537203	-1628.77842216	
-5.25922997784	-1628.77837481	
-5.26096158	-1628.77832755	
-5.2626901889	-1628.77828038	
-5.26441581487	-1628.7782333	
-5.26613846818	-1628.7781863	
-5.26785815906	-1628.77813939	
-5.26957489768	-1628.77809256	
-5.27128869416	-1628.77804583	
-5.27299955856	-1628.77799917	
-5.27470750091	-1628.77795261	
-5.27641253116	-1628.77790612	
-5.27811465923	-1628.77785973	
-5.27981389498	-1628.77781342	
-5.28151024823	-1628.7777672	
-5.28320372874	-1628.77772106	
-5.28489434622	-1628.777675	
-5.28658211033	-1628.77762904	
-5.28826703069	-1628.77758315	
-5.28994911688	-1628.77753736	
-5.2916283784	-1628.77749164	
-5.29330482472	-1628.77744601	
-5.29497846528	-1628.77740047	
-5.29664930945	-1628.77735501	
-5.29831736655	-1628.77730964	
-5.29998264587	-1628.77726434	
-5.30164515664	-1628.77721914	
-5.30330490806	-1628.77717401	
-5.30496190927	-1628.77712898	
-5.30661616936	-1628.77708402	
-5.3082676974	-1628.77703915	
-5.30991650239	-1628.77699436	
-5.3115625933	-1628.77694965	
-5.31320597904	-1628.77690503	
-5.3148466685	-1628.77686049	
-5.3164846705	-1628.77681604	
-5.31811999384	-1628.77677166	
-5.31975264727	-1628.77672737	
-5.32138263948	-1628.77668317	
-5.32300997914	-1628.77663904	
-5.32463467487	-1628.776595	
-5.32625673524	-1628.77655103	
-5.32787616879	-1628.77650716	
-5.32949298402	-1628.77646336	
-5.33110718937	-1628.77641964	
-5.33271879327	-1628.77637601	
-5.33432780407	-1628.77633245	
-5.33593423012	-1628.77628898	
-5.3375380797	-1628.77624559	
-5.33913936107	-1628.77620228	
-5.34073808243	-1628.77615905	
-5.34233425196	-1628.7761159	
-5.3439278778	-1628.77607283	
-5.34551896803	-1628.77602985	
-5.34710753072	-1628.77598694	
-5.34869357387	-1628.77594411	
-5.35027710548	-1628.77590136	
-5.35185813348	-1628.7758587	
-5.35343666577	-1628.77581611	
-5.35501271022	-1628.7757736	
-5.35658627467	-1628.77573117	
-5.3581573669	-1628.77568882	
-5.35972599468	-1628.77564655	
-5.36129216571	-1628.77560436	
-5.36285588769	-1628.77556224	
-5.36441716825	-1628.77552021	
-5.36597601502	-1628.77547825	
-5.36753243557	-1628.77543638	
-5.36908643744	-1628.77539458	
-5.37063802813	-1628.77535285	
-5.37218721511	-1628.77531121	
-5.37373400583	-1628.77526964	
-5.37527840768	-1628.77522816	
-5.37682042804	-1628.77518674	
-5.37836007422	-1628.77514541	
-5.37989735354	-1628.77510415	
-5.38143227326	-1628.77506297	
-5.38296484061	-1628.77502187	
-5.38449506279	-1628.77498084	
-5.38602294697	-1628.77493989	
-5.38754850028	-1628.77489902	
-5.38907172982	-1628.77485822	
-5.39059264266	-1628.7748175	
-5.39211124583	-1628.77477686	
-5.39362754635	-1628.77473629	
-5.39514155118	-1628.77469579	
-5.39665326727	-1628.77465537	
-5.39816270152	-1628.77461503	
-5.39966986081	-1628.77457476	
-5.40117475199	-1628.77453457	
-5.40267738187	-1628.77449445	
-5.40417775725	-1628.77445441	
-5.40567588487	-1628.77441444	
-5.40717177146	-1628.77437454	
-5.40866542372	-1628.77433472	
-5.4101568483	-1628.77429498	
-5.41164605186	-1628.7742553	
-5.41313304098	-1628.7742157	
-5.41461782224	-1628.77417618	
-5.4161004022	-1628.77413673	
-5.41758078737	-1628.77409735	
-5.41905898424	-1628.77405804	
-5.42053499927	-1628.77401881	
-5.42200883889	-1628.77397965	
-5.4234805095	-1628.77394056	
-5.42495001748	-1628.77390155	
-5.42641736918	-1628.77386261	
-5.4278825709	-1628.77382374	
-5.42934562895	-1628.77378494	
-5.43080654959	-1628.77374621	
-5.43226533906	-1628.77370756	
-5.43372200355	-1628.77366898	
-5.43517654927	-1628.77363047	
-5.43662898235	-1628.77359203	
-5.43807930892	-1628.77355366	
-5.4395275351	-1628.77351536	
-5.44097366695	-1628.77347714	
-5.44241771052	-1628.77343898	
-5.44385967184	-1628.77340089	
-5.4452995569	-1628.77336288	
-5.44673737167	-1628.77332493	
-5.44817312209	-1628.77328706	
-5.44960681409	-1628.77324925	
-5.45103845357	-1628.77321152	
-5.45246804638	-1628.77317385	
-5.45389559837	-1628.77313626	
-5.45532111536	-1628.77309873	
-5.45674460314	-1628.77306127	
-5.45816606749	-1628.77302389	
-5.45958551414	-1628.77298657	
-5.46100294883	-1628.77294932	
-5.46241837723	-1628.77291213	
-5.46383180503	-1628.77287502	
-5.46524323786	-1628.77283797	
-5.46665268137	-1628.772801	
-5.46806014114	-1628.77276409	
-5.46946562274	-1628.77272725	
-5.47086913175	-1628.77269047	
-5.47227067367	-1628.77265377	
-5.47367025403	-1628.77261713	
-5.47506787829	-1628.77258056	
-5.47646355193	-1628.77254405	
-5.47785728038	-1628.77250761	
-5.47924906905	-1628.77247124	
-5.48063892334	-1628.77243494	
-5.48202684862	-1628.7723987	
-5.48341285022	-1628.77236253	
-5.48479693349	-1628.77232642	
-5.48617910372	-1628.77229038	
-5.48755936619	-1628.77225441	
-5.48893772616	-1628.7722185	
-5.49031418887	-1628.77218266	
-5.49168875953	-1628.77214688	
-5.49306144334	-1628.77211117	
-5.49443224547	-1628.77207553	
-5.49580117108	-1628.77203994	
-5.49716822529	-1628.77200443	
-5.49853341322	-1628.77196898	
-5.49989673995	-1628.77193359	
-5.50125821054	-1628.77189827	
-5.50261783006	-1628.77186301	
-5.50397560352	-1628.77182781	
-5.50533153593	-1628.77179268	
-5.50668563228	-1628.77175762	
-5.50803789753	-1628.77172262	
-5.50938833663	-1628.77168768	
-5.5107369545	-1628.7716528	
-5.51208375605	-1628.77161799	
-5.51342874616	-1628.77158324	
-5.51477192971	-1628.77154855	
-5.51611331154	-1628.77151393	
-5.51745289646	-1628.77147937	
-5.51879068931	-1628.77144487	
-5.52012669485	-1628.77141043	
-5.52146091786	-1628.77137606	
-5.5227933631	-1628.77134175	
-5.52412403528	-1628.7713075	
-5.52545293913	-1628.77127331	
-5.52678007934	-1628.77123918	
-5.52810546058	-1628.77120512	
-5.52942908751	-1628.77117112	
-5.53075096477	-1628.77113717	
-5.53207109697	-1628.77110329	
-5.53338948873	-1628.77106947	
-5.53470614461	-1628.77103572	
-5.53602106919	-1628.77100202	
-5.53733426702	-1628.77096838	
-5.53864574262	-1628.7709348	
-5.5399555005	-1628.77090129	
-5.54126354516	-1628.77086783	
-5.54256988107	-1628.77083443	
-5.5438745127	-1628.7708011	
-5.54517744448	-1628.77076782	
-5.54647868084	-1628.7707346	
-5.54777822618	-1628.77070144	
-5.5490760849	-1628.77066834	
-5.55037226136	-1628.77063531	
-5.55166675992	-1628.77060232	
-5.55295958492	-1628.7705694	
-5.55425074069	-1628.77053654	
-5.55554023152	-1628.77050374	
-5.5568280617	-1628.77047099	
-5.55811423551	-1628.7704383	
-5.5593987572	-1628.77040567	
-5.56068163102	-1628.7703731	
-5.56196286117	-1628.77034059	
-5.56324245188	-1628.77030814	
-5.56452040732	-1628.77027574	
-5.56579673168	-1628.7702434	
-5.56707142911	-1628.77021112	
-5.56834450376	-1628.77017889	
-5.56961595975	-1628.77014672	
-5.57088580119	-1628.77011461	
-5.57215403218	-1628.77008256	
-5.57342065679	-1628.77005056	
-5.5746856791	-1628.77001862	
-5.57594910315	-1628.76998674	
-5.57721093297	-1628.76995491	
-5.57847117258	-1628.76992314	
-5.57972982599	-1628.76989143	
-5.58098689718	-1628.76985977	
-5.58224239012	-1628.76982816	
-5.58349630878	-1628.76979662	
-5.5847486571	-1628.76976512	
-5.585999439	-1628.76973369	
-5.5872486584	-1628.76970231	
-5.5884963192	-1628.76967098	
-5.58974242528	-1628.76963971	
-5.59098698051	-1628.76960849	
-5.59222998875	-1628.76957733	
-5.59347145384	-1628.76954623	
-5.5947113796	-1628.76951518	
-5.59594976985	-1628.76948418	
-5.59718662839	-1628.76945324	
-5.598421959	-1628.76942235	
-5.59965576545	-1628.76939151	
-5.60088805149	-1628.76936073	
-5.60211882088	-1628.76933001	
-5.60334807733	-1628.76929933	
-5.60457582457	-1628.76926871	
-5.6058020663	-1628.76923815	
-5.60702680619	-1628.76920763	
-5.60825004793	-1628.76917718	
-5.60947179518	-1628.76914677	
-5.61069205159	-1628.76911642	
-5.61191082078	-1628.76908612	
-5.61312810639	-1628.76905587	
-5.61434391201	-1628.76902567	
-5.61555824124	-1628.76899553	
-5.61677109767	-1628.76896544	
-5.61798248485	-1628.7689354	
-5.61919240636	-1628.76890541	
-5.62040086572	-1628.76887548	
-5.62160786647	-1628.7688456	
-5.62281341212	-1628.76881577	
-5.62401750619	-1628.76878599	
-5.62522015215	-1628.76875626	
-5.6264213535	-1628.76872659	
-5.62762111369	-1628.76869696	
-5.62881943618	-1628.76866739	
-5.63001632442	-1628.76863787	
-5.63121178182	-1628.76860839	
-5.63240581181	-1628.76857897	
-5.6335984178	-1628.7685496	
-5.63478960317	-1628.76852028	
-5.6359793713	-1628.76849101	
-5.63716772557	-1628.7684618	
-5.63835466933	-1628.76843263	
-5.63954020593	-1628.76840351	
-5.64072433869	-1628.76837444	
-5.64190707094	-1628.76834542	
-5.64308840598	-1628.76831645	
-5.64426834712	-1628.76828753	
-5.64544689764	-1628.76825866	
-5.64662406082	-1628.76822984	
-5.64779983991	-1628.76820107	
-5.64897423816	-1628.76817235	
-5.65014725882	-1628.76814368	
-5.65131890512	-1628.76811505	
-5.65248918027	-1628.76808648	
-5.65365808747	-1628.76805795	
-5.65482562993	-1628.76802948	
-5.65599181082	-1628.76800105	
-5.65715663332	-1628.76797267	
-5.65832010058	-1628.76794433	
-5.65948221576	-1628.76791605	
-5.660642982	-1628.76788781	
-5.66180240242	-1628.76785962	
-5.66296048014	-1628.76783148	
-5.66411721826	-1628.76780339	
-5.66527261989	-1628.76777535	
-5.66642668811	-1628.76774735	
-5.66757942599	-1628.7677194	
-5.6687308366	-1628.76769149	
-5.66988092298	-1628.76766364	
-5.67102968818	-1628.76763583	
-5.67217713524	-1628.76760807	
-5.67332326717	-1628.76758035	
-5.67446808699	-1628.76755268	
-5.67561159769	-1628.76752506	
-5.67675380227	-1628.76749749	
-5.6778947037	-1628.76746996	
-5.67903430497	-1628.76744248	
-5.68017260902	-1628.76741504	
-5.6813096188	-1628.76738765	
-5.68244533727	-1628.76736031	
-5.68357976734	-1628.76733301	
-5.68471291194	-1628.76730575	
-5.68584477397	-1628.76727855	
-5.68697535634	-1628.76725139	
-5.68810466194	-1628.76722427	
-5.68923269364	-1628.7671972	
-5.69035945432	-1628.76717017	
-5.69148494685	-1628.76714319	
-5.69260917406	-1628.76711626	
-5.6937321388	-1628.76708937	
-5.69485384391	-1628.76706252	
-5.69597429221	-1628.76703572	
-5.69709348651	-1628.76700897	
-5.69821142961	-1628.76698226	
-5.69932812431	-1628.76695559	
-5.70044357339	-1628.76692897	
-5.70155777963	-1628.76690239	
-5.7026707458	-1628.76687585	
-5.70378247466	-1628.76684936	
-5.70489296894	-1628.76682292	
-5.70600223139	-1628.76679651	
-5.70711026475	-1628.76677016	
-5.70821707172	-1628.76674384	
-5.70932265503	-1628.76671757	
-5.71042701737	-1628.76669134	
-5.71153016145	-1628.76666516	
-5.71263208993	-1628.76663901	
-5.71373280551	-1628.76661291	
-5.71483231084	-1628.76658686	
-5.71593060859	-1628.76656085	
-5.71702770141	-1628.76653488	
-5.71812359193	-1628.76650895	
-5.71921828279	-1628.76648306	
-5.72031177661	-1628.76645722	
-5.72140407601	-1628.76643142	
-5.72249518359	-1628.76640567	
-5.72358510195	-1628.76637995	
-5.72467383369	-1628.76635428	
-5.72576138137	-1628.76632865	
-5.72684774759	-1628.76630306	
-5.72793293489	-1628.76627751	
-5.72901694583	-1628.76625201	
-5.73009978297	-1628.76622654	
-5.73118144884	-1628.76620112	
-5.73226194598	-1628.76617574	
-5.7333412769	-1628.7661504	
-5.73441944412	-1628.7661251	
-5.73549645015	-1628.76609985	
-5.73657229748	-1628.76607463	
-5.73764698861	-1628.76604946	
-5.73872052602	-1628.76602432	
-5.73979291218	-1628.76599923	
-5.74086414956	-1628.76597418	
-5.74193424062	-1628.76594917	
-5.74300318781	-1628.7659242	
-5.74407099357	-1628.76589927	
-5.74513766034	-1628.76587438	
-5.74620319054	-1628.76584953	
-5.7472675866	-1628.76582472	
-5.74833085092	-1628.76579995	
-5.74939298591	-1628.76577522	
-5.75045399397	-1628.76575053	
-5.75151387748	-1628.76572588	
-5.75257263883	-1628.76570127	
-5.75363028038	-1628.7656767	
-5.75468680452	-1628.76565217	
-5.75574221359	-1628.76562768	
-5.75679650994	-1628.76560323	
-5.75784969593	-1628.76557882	
-5.75890177388	-1628.76555444	
-5.75995274612	-1628.76553011	
-5.76100261499	-1628.76550581	
-5.76205138278	-1628.76548156	
-5.76309905181	-1628.76545734	
-5.76414562438	-1628.76543316	
-5.76519110278	-1628.76540902	
-5.7662354893	-1628.76538492	
-5.76727878622	-1628.76536086	
-5.76832099579	-1628.76533683	
-5.7693621203	-1628.76531285	
-5.770402162	-1628.7652889	
-5.77144112313	-1628.76526499	
-5.77247900594	-1628.76524112	
-5.77351581267	-1628.76521728	
-5.77455154554	-1628.76519349	
-5.77558620679	-1628.76516973	
-5.77661979861	-1628.76514601	
-5.77765232322	-1628.76512233	
-5.77868378283	-1628.76509868	
-5.77971417962	-1628.76507507	
-5.78074351579	-1628.7650515	
-5.78177179352	-1628.76502797	
-5.78279901497	-1628.76500448	
-5.78382518233	-1628.76498102	
-5.78485029774	-1628.7649576	
-5.78587436337	-1628.76493421	
-5.78689738137	-1628.76491087	
-5.78791935386	-1628.76488755	
-5.788940283	-1628.76486428	
-5.7899601709	-1628.76484104	
-5.79097901969	-1628.76481784	
-5.79199683148	-1628.76479468	
-5.79301360838	-1628.76477155	
-5.7940293525	-1628.76474846	
-5.79504406593	-1628.7647254	
-5.79605775077	-1628.76470239	
-5.79707040908	-1628.7646794	
-5.79808204295	-1628.76465646	
-5.79909265446	-1628.76463354	
-5.80010224566	-1628.76461067	
-5.80111081862	-1628.76458783	
-5.80211837538	-1628.76456503	
-5.80312491799	-1628.76454226	
-5.80413044849	-1628.76451953	
-5.80513496892	-1628.76449683	
-5.80613848129	-1628.76447417	
-5.80714098764	-1628.76445154	
-5.80814248998	-1628.76442895	
-5.80914299031	-1628.76440639	
