#Site	lnL	
0	-11.5821825449
1	-2.34334053583
2	-2.49806739006
3	-13.8729461128
4	-2.34334053583
5	-2.14933681182
6	-1.4858166571
7	-6.36860865855
8	-2.49806739006
9	-9.30038977879
10	-2.01132092756
11	-8.4971700306
12	-1.69372585824
13	-1.72451309758
14	-1.84330770964
15	-1.4858166571
16	-9.91756836321
17	-2.49806739006
18	-1.69372585824
19	-1.72451309758
20	-4.76631688684
21	-6.58204475672
22	-2.01132092756
23	-1.84330770964
24	-1.69372585824
25	-8.54293357829
26	-2.10036573308
27	-1.4858166571
28	-2.01132092756
29	-4.22236569118
30	-8.48705376815
31	-1.96510729375
32	-2.10036573308
33	-6.58204475672
34	-8.45097652779
35	-4.87649295095
36	-1.69372585824
37	-8.18219864542
38	-1.84330770964
39	-1.73450695665
40	-2.34334053583
41	-2.14933681182
42	-1.4858166571
43	-2.34334053583
44	-7.30104982585
45	-2.03387079278
46	-1.72451309758
47	-5.33967599686
48	-7.85806356575
49	-2.34334053583
50	-4.39215020204
51	-6.2527854341
52	-7.91327060612
53	-2.14933681182
54	-1.69372585824
55	-4.30875435919
56	-4.80058155993
57	-15.9863559108
58	-1.72451309758
59	-7.14032074315
60	-1.69372585824
61	-8.15474463408
62	-7.06362033816
63	-1.4858166571
64	-5.48353121193
65	-2.14933681182
66	-1.69372585824
67	-1.72451309758
68	-7.18088500915
69	-6.757620212
70	-6.19337913696
71	-5.82682516498
72	-1.4858166571
73	-1.72451309758
74	-4.2335011542
75	-1.4858166571
76	-1.96510729375
77	-2.14933681182
78	-6.29220368657
79	-2.01132092756
80	-2.49806739006
81	-1.73450695665
82	-4.30875435919
83	-2.14933681182
84	-1.4858166571
85	-1.72451309758
86	-1.84330770964
87	-6.71968612418
88	-8.17798419489
89	-2.14933681182
90	-1.4858166571
91	-1.72451309758
92	-10.463818258
93	-5.62931787586
94	-1.72451309758
95	-2.10036573308
96	-1.69372585824
97	-6.51462705379
98	-8.43184659638
99	-1.69372585824
100	-1.72451309758
101	-9.247297471
102	-1.69372585824
103	-2.34334053583
104	-2.14933681182
105	-1.4858166571
106	-2.34334053583
107	-8.06430976247
108	-1.73450695665
109	-1.96510729375
110	-8.23351959881
111	-1.69372585824
112	-2.01132092756
113	-2.14933681182
114	-1.69372585824
115	-1.96510729375
116	-2.10036573308
117	-2.03387079278
118	-2.01132092756
119	-1.84330770964
120	-2.03387079278
121	-6.54889172688
122	-6.28782460654
123	-5.30172422532
124	-1.96510729375
125	-6.74176979048
126	-5.79834341751
127	-5.9477516559
128	-1.84330770964
129	-2.03387079278
130	-2.34334053583
131	-1.84330770964
132	-1.73450695665
133	-1.72451309758
134	-5.15826357753
135	-1.69372585824
136	-1.72451309758
137	-4.24706879055
138	-10.6178395302
139	-4.87160310759
140	-1.84330770964
141	-1.69372585824
142	-2.34334053583
143	-9.77192476693
144	-1.73450695665
145	-1.72451309758
146	-2.49806739006
147	-4.70712966981
148	-4.967742158
149	-5.741593611
150	-1.73450695665
151	-7.33099890969
152	-2.49806739006
153	-5.30683938738
154	-2.01132092756
155	-2.14933681182
156	-5.76490727124
157	-1.72451309758
158	-4.24706879055
159	-1.4858166571
160	-5.24464488418
161	-5.34644562685
162	-2.03387079278
163	-6.0738407533
164	-2.14933681182
165	-1.69372585824
166	-5.92314107185
167	-2.14933681182
168	-1.4858166571
169	-2.01132092756
170	-2.49806739006
171	-1.4858166571
172	-7.49240077424
173	-2.10036573308
174	-1.69372585824
175	-6.51462705379
176	-2.14933681182
177	-1.73450695665
178	-7.26568817128
179	-9.51909169657
180	-1.69372585824
181	-1.72451309758
182	-1.84330770964
183	-1.73450695665
184	-1.72451309758
185	-1.84330770964
186	-2.03387079278
187	-2.01132092756
188	-2.49806739006
189	-1.69372585824
190	-7.38877196334
191	-7.83274939229
192	-6.23812596604
193	-7.09220753224
194	-9.02672260404
195	-1.73450695665
196	-5.23352928828
197	-4.83142579249
198	-5.70822611141
199	-1.96510729375
200	-2.10036573308
201	-1.73450695665
202	-1.72451309758
203	-2.14933681182
204	-1.4858166571
205	-10.070087047
206	-1.84330770964
207	-1.4858166571
208	-5.25874556999
209	-1.84330770964
210	-12.1770158735
211	-1.72451309758
212	-1.84330770964
213	-10.6048294623
214	-1.72451309758
215	-2.14933681182
216	-9.27207271431
217	-5.53628960667
218	-11.6495535476
219	-5.62931787586
220	-10.079859337
221	-11.6888950644
222	-1.4858166571
223	-1.72451309758
224	-2.10036573308
225	-1.73450695665
226	-8.91650043917
227	-5.58844195131
228	-7.11610611989
229	-1.72451309758
230	-2.49806739006
231	-8.24061218317
232	-2.34334053583
233	-10.3899899208
234	-1.69372585824
235	-7.29263014091
236	-1.84330770964
237	-1.4858166571
238	-2.01132092756
239	-1.84330770964
240	-1.4858166571
241	-7.33099890969
242	-6.42252528336
243	-1.73450695665
244	-6.77369737555
245	-13.634659318
246	-2.03387079278
247	-1.72451309758
248	-1.84330770964
249	-1.69372585824
250	-5.92314107185
251	-4.87649295095
252	-6.757620212
253	-8.23881891338
254	-2.10036573308
255	-1.4858166571
256	-6.20488757581
257	-4.80058155993
258	-2.03387079278
259	-1.72451309758
260	-6.09364080573
261	-1.69372585824
262	-4.92468887496
263	-2.49806739006
264	-7.54762152416
265	-6.969767235
266	-1.84330770964
267	-4.70712966981
268	-2.34334053583
269	-1.84330770964
270	-1.4858166571
271	-10.9830960811
272	-4.87649295095
273	-1.69372585824
274	-2.34334053583
275	-7.31729143852
276	-1.73450695665
277	-4.90586778068
278	-1.84330770964
279	-1.4858166571
280	-8.23881891338
281	-9.10264869786
282	-6.92599563809
283	-1.96510729375
284	-6.28485337553
285	-1.69372585824
286	-2.01132092756
287	-1.84330770964
288	-7.70269860759
289	-1.72451309758
290	-5.15826357753
291	-2.03387079278
292	-1.72451309758
293	-1.84330770964
294	-1.69372585824
295	-1.72451309758
296	-6.37822666272
297	-1.73450695665
298	-4.45501903228
299	-2.49806739006
300	-2.03387079278
301	-2.34334053583
302	-5.15826357753
303	-1.69372585824
304	-5.90267125661
305	-4.22236569118
306	-1.4858166571
307	-5.92314107185
308	-6.54154102942
309	-1.4858166571
310	-5.52960921324
311	-2.10036573308
312	-2.03387079278
313	-10.3600584359
314	-1.84330770964
315	-1.69372585824
316	-7.29583424781
317	-7.0183896064
318	-1.4858166571
319	-2.01132092756
320	-4.39215020204
321	-1.69372585824
322	-1.96510729375
323	-6.68957057166
324	-1.69372585824
325	-5.6710460029
326	-5.82682516498
327	-1.4858166571
328	-1.72451309758
329	-2.14933681182
330	-1.73450695665
331	-4.29967823638
332	-4.2335011542
333	-1.69372585824
334	-1.96510729375
335	-2.10036573308
336	-1.73450695665
337	-2.34334053583
338	-2.10036573308
339	-1.69372585824
340	-4.33677992933
341	-5.15826357753
342	-1.4858166571
343	-2.01132092756
344	-1.84330770964
345	-1.4858166571
346	-2.01132092756
347	-4.2335011542
348	-7.63949985311
349	-9.59432019141
350	-2.14933681182
351	-1.73450695665
352	-1.96510729375
353	-2.14933681182
354	-2.03387079278
355	-8.20476499317
356	-1.84330770964
357	-1.4858166571
358	-2.34334053583
359	-2.49806739006
360	-2.03387079278
361	-1.96510729375
362	-5.8410745878
363	-1.73450695665
364	-9.01563049429
365	-2.49806739006
366	-4.6502010684
367	-4.29967823638
368	-1.84330770964
369	-1.73450695665
370	-2.34334053583
371	-1.84330770964
372	-1.73450695665
373	-1.72451309758
374	-2.10036573308
375	-1.69372585824
376	-4.92468887496
377	-5.741593611
378	-2.03387079278
379	-4.45501903228
380	-5.43648436512
381	-4.70712966981
382	-2.01132092756
383	-2.10036573308
384	-1.4858166571
385	-2.34334053583
386	-5.86924942596
387	-2.03387079278
388	-1.96510729375
389	-5.48313241027
390	-2.03387079278
391	-12.8516123411
392	-1.84330770964
393	-6.62144326179
394	-2.01132092756
395	-2.49806739006
396	-2.03387079278
397	-2.01132092756
398	-2.10036573308
399	-1.69372585824
400	-2.01132092756
401	-1.84330770964
402	-5.27257471429
403	-2.01132092756
404	-1.84330770964
405	-1.73450695665
406	-10.778807625
407	-2.10036573308
408	-5.70822611141
409	-2.34334053583
410	-2.10036573308
411	-1.69372585824
412	-1.96510729375
413	-4.2335011542
414	-1.69372585824
415	-5.92314107185
416	-6.97011521696
417	-1.4858166571
418	-5.24464488418
419	-4.22236569118
420	-10.8597816714
421	-1.72451309758
422	-8.21127667765
423	-2.03387079278
424	-2.34334053583
425	-5.29460883841
426	-2.03387079278
427	-9.31570000088
428	-2.49806739006
429	-5.90660059816
430	-2.01132092756
431	-6.68957057166
432	-1.4858166571
433	-10.0511405581
434	-1.84330770964
435	-6.58536227119
436	-1.96510729375
437	-2.14933681182
438	-1.69372585824
439	-6.77369737555
440	-5.82682516498
441	-2.03387079278
442	-2.01132092756
443	-6.69461861936
444	-1.73450695665
445	-5.6710460029
446	-1.84330770964
447	-5.90660059816
448	-5.53628960667
449	-5.16820736288
450	-1.4858166571
451	-1.72451309758
452	-2.10036573308
453	-1.4858166571
454	-2.01132092756
455	-5.8410745878
456	-1.73450695665
457	-6.0738407533
458	-5.77585828409
459	-1.69372585824
460	-4.29967823638
461	-2.10036573308
462	-1.69372585824
463	-2.01132092756
464	-4.22236569118
465	-1.73450695665
466	-6.36860865855
467	-2.14933681182
468	-1.69372585824
469	-1.72451309758
470	-6.12790934627
