#Site	lnL	
0	-1.75945272843
1	-1.71071525723
2	-2.27694378487
3	-1.58001511385
4	-1.79701009562
5	-6.13663434649
6	-13.3513168086
7	-1.79701009562
8	-10.265419217
9	-1.6529278
10	-11.4445359695
11	-2.75879923648
12	-4.33497276277
13	-1.71071525723
14	-2.27694378487
15	-1.6529278
16	-5.95534914577
17	-2.14681837649
18	-5.63578715411
19	-1.79701009562
20	-6.13663434649
21	-8.46216726275
22	-1.79701009562
23	-2.75879923648
24	-7.12872107278
25	-1.91155990705
26	-4.99437567991
27	-1.6529278
28	-5.29888542865
29	-2.27694378487
30	-12.7892433768
31	-2.21108850098
32	-2.14681837649
33	-1.75945272843
34	-8.97699849229
35	-2.41912124216
36	-2.04803795032
37	-1.79701009562
38	-2.14681837649
39	-1.75945272843
40	-12.9162705347
41	-2.41912124216
42	-1.6529278
43	-1.91155990705
44	-7.28441609566
45	-1.75945272843
46	-7.33345816657
47	-2.14681837649
48	-1.58001511385
49	-1.91155990705
50	-4.72938758701
51	-1.58001511385
52	-2.21108850098
53	-2.41912124216
54	-1.58001511385
55	-1.71071525723
56	-2.14681837649
57	-1.75945272843
58	-2.21108850098
59	-10.0595094205
60	-8.88759439157
61	-1.79701009562
62	-4.99437567991
63	-5.5652798742
64	-1.79701009562
65	-2.41912124216
66	-2.04803795032
67	-7.48801406044
68	-4.20865259303
69	-1.58001511385
70	-5.3424434527
71	-2.14681837649
72	-1.58001511385
73	-8.94130922672
74	-8.6082748507
75	-2.04803795032
76	-1.91155990705
77	-5.88258544412
78	-1.58001511385
79	-6.38704817103
80	-2.14681837649
81	-1.75945272843
82	-8.27656371937
83	-13.1914965336
84	-1.6529278
85	-1.79701009562
86	-2.14681837649
87	-6.63961302803
88	-7.9305268975
89	-2.41912124216
90	-1.58001511385
91	-2.21108850098
92	-7.90644279223
93	-12.9879262389
94	-1.91155990705
95	-8.04395068698
96	-1.75945272843
97	-11.8834002963
98	-8.64599861403
99	-1.58001511385
100	-1.71071525723
101	-4.72938758701
102	-1.6529278
103	-1.91155990705
104	-4.94444461156
105	-1.6529278
106	-8.70586220174
107	-2.75879923648
108	-1.6529278
109	-2.21108850098
110	-2.75879923648
111	-1.6529278
112	-1.91155990705
113	-2.27694378487
114	-7.78206022586
115	-1.79701009562
116	-6.46715202056
117	-6.20935754512
118	-1.79701009562
119	-2.75879923648
120	-1.6529278
121	-2.21108850098
122	-2.14681837649
123	-1.58001511385
124	-4.90848065743
125	-4.72938758701
126	-1.58001511385
127	-1.91155990705
128	-8.80570147298
129	-5.2030327026
130	-2.21108850098
131	-6.64495928916
132	-1.58001511385
133	-1.71071525723
134	-8.06253059113
135	-1.58001511385
136	-7.48801406044
137	-2.27694378487
138	-1.58001511385
139	-1.79701009562
140	-6.13663434649
141	-1.6529278
142	-1.71071525723
143	-5.11979235823
144	-8.25295884683
145	-5.99664339981
146	-6.13663434649
147	-1.75945272843
148	-1.79701009562
149	-2.75879923648
150	-1.58001511385
151	-5.16729014802
152	-6.42060268061
153	-2.04803795032
154	-1.79701009562
155	-2.41912124216
156	-1.6529278
157	-5.19209619144
158	-2.27694378487
159	-6.31382546468
160	-4.12721789323
161	-2.75879923648
162	-1.58001511385
163	-4.12721789323
164	-2.41912124216
165	-1.58001511385
166	-8.82292586911
167	-2.27694378487
168	-1.75945272843
169	-4.12721789323
170	-4.94444461156
171	-5.23889994464
172	-1.79701009562
173	-2.75879923648
174	-2.04803795032
175	-5.87990493807
176	-2.41912124216
177	-1.75945272843
178	-1.71071525723
179	-2.27694378487
180	-1.75945272843
181	-1.71071525723
182	-2.41912124216
183	-6.01097567839
184	-1.79701009562
185	-2.41912124216
186	-1.75945272843
187	-1.91155990705
188	-2.27694378487
189	-1.6529278
190	-8.91415337779
191	-6.24407883301
192	-1.58001511385
193	-1.71071525723
194	-7.8376254213
195	-5.63578715411
196	-1.91155990705
197	-2.14681837649
198	-2.04803795032
199	-2.21108850098
200	-5.37894896698
201	-1.6529278
202	-10.8548658388
203	-2.27694378487
204	-2.04803795032
205	-2.21108850098
206	-6.37192131063
207	-1.6529278
208	-4.31579852427
209	-2.27694378487
210	-1.58001511385
211	-6.6585192579
212	-2.41912124216
213	-8.95888206181
214	-5.67926141914
215	-7.81030811193
216	-1.6529278
217	-1.79701009562
218	-2.14681837649
219	-1.75945272843
220	-1.79701009562
221	-2.41912124216
222	-2.04803795032
223	-1.79701009562
224	-5.6944854459
225	-5.5652798742
226	-1.71071525723
227	-2.41912124216
228	-1.6529278
229	-4.12721789323
230	-7.43590261544
231	-1.75945272843
232	-2.21108850098
233	-5.41106967549
234	-2.04803795032
235	-1.71071525723
236	-11.7064757819
237	-7.18779450458
238	-2.21108850098
239	-2.14681837649
240	-4.33497276277
241	-1.91155990705
242	-2.75879923648
243	-1.6529278
244	-6.96879757096
245	-2.14681837649
246	-5.3718884378
247	-6.62451142952
248	-2.27694378487
249	-6.70423023591
250	-5.29888542865
251	-7.58727971298
252	-5.63578715411
253	-1.79701009562
254	-2.14681837649
255	-1.58001511385
256	-6.6585192579
257	-10.5993996991
258	-1.58001511385
259	-1.71071525723
260	-2.41912124216
261	-1.75945272843
262	-4.31579852427
263	-2.14681837649
264	-10.0942909454
265	-4.14645933774
266	-3.89887687259
267	-1.6529278
268	-5.0144339452
269	-2.75879923648
270	-10.7278773044
271	-2.21108850098
272	-2.14681837649
273	-1.75945272843
274	-1.71071525723
275	-4.6299782966
276	-1.58001511385
277	-1.71071525723
278	-6.92446151132
279	-1.58001511385
280	-6.87041585078
281	-2.27694378487
282	-1.58001511385
283	-1.79701009562
284	-2.41912124216
285	-1.75945272843
286	-1.79701009562
287	-8.00436962198
288	-2.04803795032
289	-6.57151365884
290	-2.41912124216
291	-1.6529278
292	-9.12160322454
293	-4.54272782355
294	-1.6529278
295	-1.91155990705
296	-2.75879923648
297	-1.58001511385
298	-4.12721789323
299	-5.91406858554
300	-2.04803795032
301	-1.91155990705
302	-2.75879923648
303	-6.18475142111
304	-1.79701009562
305	-5.28706192449
306	-1.6529278
307	-1.71071525723
308	-2.14681837649
309	-1.58001511385
310	-5.3484258745
311	-5.6944854459
312	-9.25910253281
313	-1.91155990705
314	-2.14681837649
315	-2.04803795032
316	-5.81410158295
317	-4.60467632812
318	-1.75945272843
319	-1.91155990705
320	-6.24245843714
321	-2.04803795032
322	-1.71071525723
323	-2.14681837649
324	-1.75945272843
325	-1.79701009562
326	-2.75879923648
327	-1.58001511385
328	-5.69683301871
329	-5.41106967549
330	-5.2030327026
331	-2.21108850098
332	-8.29851827632
333	-2.04803795032
334	-1.79701009562
335	-2.75879923648
336	-1.75945272843
337	-1.91155990705
338	-2.75879923648
339	-2.04803795032
340	-4.31579852427
341	-2.41912124216
342	-2.04803795032
343	-1.91155990705
344	-2.14681837649
345	-2.04803795032
346	-5.0144339452
347	-2.75879923648
348	-1.58001511385
349	-1.71071525723
350	-9.75385217779
351	-5.92111876616
352	-4.12721789323
353	-4.72938758701
354	-6.17987099502
355	-4.31579852427
356	-5.66644795392
357	-5.92111876616
358	-2.21108850098
359	-2.27694378487
360	-7.05862617347
361	-1.91155990705
362	-2.75879923648
363	-1.75945272843
364	-7.9528196422
365	-6.94377418948
366	-1.58001511385
367	-4.39333366974
368	-2.14681837649
369	-1.75945272843
370	-4.9639583382
371	-2.41912124216
372	-1.6529278
373	-8.91108815218
374	-2.75879923648
375	-1.58001511385
376	-1.71071525723
377	-2.27694378487
378	-7.02290256395
379	-1.79701009562
380	-6.27299021535
381	-1.58001511385
382	-9.81810237787
383	-2.27694378487
384	-2.04803795032
385	-7.19422225077
386	-2.14681837649
387	-5.99261070413
388	-2.21108850098
389	-6.57840353449
390	-1.75945272843
391	-1.91155990705
392	-4.72938758701
393	-6.31382546468
394	-6.54987514583
395	-2.27694378487
396	-1.75945272843
397	-5.87990493807
398	-2.27694378487
399	-1.6529278
400	-2.21108850098
401	-2.27694378487
402	-1.75945272843
403	-1.91155990705
404	-8.41741086259
405	-6.18475142111
406	-5.95140777172
407	-2.75879923648
408	-1.58001511385
409	-1.91155990705
410	-2.27694378487
411	-1.75945272843
412	-7.01939275503
413	-2.27694378487
414	-1.6529278
415	-1.71071525723
416	-2.14681837649
417	-1.58001511385
418	-4.90848065743
419	-2.14681837649
420	-1.58001511385
421	-2.21108850098
422	-2.75879923648
423	-1.6529278
424	-6.49869058276
425	-2.14681837649
426	-6.76287091865
427	-2.21108850098
428	-2.14681837649
429	-1.75945272843
430	-1.91155990705
431	-5.74622957526
432	-1.58001511385
433	-1.79701009562
434	-5.41106967549
435	-1.6529278
436	-5.29888542865
437	-5.37894896698
438	-4.34860560251
439	-1.91155990705
440	-2.41912124216
441	-5.13842452789
442	-8.2141053551
443	-7.69885787557
444	-5.11578222954
445	-1.71071525723
446	-4.94444461156
447	-6.18475142111
448	-1.91155990705
449	-6.25499052596
450	-1.58001511385
451	-1.71071525723
452	-2.14681837649
453	-1.75945272843
454	-1.91155990705
455	-2.27694378487
456	-2.04803795032
457	-2.21108850098
458	-6.57840353449
459	-1.6529278
460	-1.71071525723
461	-2.27694378487
462	-5.11578222954
463	-1.91155990705
464	-2.27694378487
465	-2.04803795032
466	-1.79701009562
467	-5.7024015392
468	-6.11514822399
469	-2.21108850098
470	-4.05409975821
