#Site	lnL	
0	-15.9859947964
1	-4.52259096152
2	-6.58809536864
3	-4.61746455636
4	-8.7817571168
5	-7.03910588962
6	-6.99215938558
7	-4.52259096152
8	-9.36630052349
9	-4.39583130347
10	-7.46963409743
11	-9.08837613837
12	-4.39583130347
13	-4.52259096152
14	-7.88805056702
15	-4.2122170031
16	-4.52259096152
17	-6.30428072275
18	-4.2122170031
19	-4.25742434473
20	-6.30428072275
21	-4.2122170031
22	-4.44463415343
23	-6.30428072275
24	-4.61746455636
25	-4.44463415343
26	-5.83029775385
27	-4.47216951154
28	-4.6714179535
29	-9.55401905192
30	-10.9902095455
31	-4.44463415343
32	-5.83029775385
33	-7.8675521575
34	-4.25742434473
35	-6.58809536864
36	-4.61746455636
37	-10.693579038
38	-6.30428072275
39	-4.47216951154
40	-12.2465671302
41	-5.83029775385
42	-4.39583130347
43	-4.6714179535
44	-6.16248914121
45	-4.39583130347
46	-4.44463415343
47	-6.58809536864
48	-8.0081911897
49	-8.51863214725
50	-7.17109294506
51	-4.39583130347
52	-4.52259096152
53	-11.8193983539
54	-4.2122170031
55	-11.0176727714
56	-7.81110188014
57	-10.6668428561
58	-4.52259096152
59	-6.16248914121
60	-8.02166023251
61	-4.52259096152
62	-7.34739508991
63	-4.2122170031
64	-4.44463415343
65	-6.58809536864
66	-11.5369423822
67	-4.25742434473
68	-7.03910588962
69	-10.4759713235
70	-4.25742434473
71	-5.83029775385
72	-4.47216951154
73	-4.25742434473
74	-9.93357090588
75	-4.2122170031
76	-4.25742434473
77	-5.83029775385
78	-4.2122170031
79	-4.52259096152
80	-6.16248914121
81	-4.2122170031
82	-4.44463415343
83	-5.83029775385
84	-8.02166023251
85	-4.44463415343
86	-6.30428072275
87	-11.1034803443
88	-8.7963100923
89	-6.16248914121
90	-4.39583130347
91	-6.91358707722
92	-6.58809536864
93	-16.2163295535
94	-4.6714179535
95	-6.30428072275
96	-11.2354528598
97	-18.9415731641
98	-11.3990301827
99	-9.71044809662
100	-4.44463415343
101	-10.2495156933
102	-4.2122170031
103	-4.52259096152
104	-6.30428072275
105	-4.61746455636
106	-4.6714179535
107	-6.30428072275
108	-4.39583130347
109	-4.52259096152
110	-6.58809536864
111	-4.2122170031
112	-7.82190490465
113	-7.83647099493
114	-4.39583130347
115	-4.6714179535
116	-5.83029775385
117	-7.52819239326
118	-4.44463415343
119	-7.3264617208
120	-7.44921222037
121	-4.52259096152
122	-6.30428072275
123	-4.39583130347
124	-7.45320275939
125	-6.58809536864
126	-4.2122170031
127	-4.52259096152
128	-6.30428072275
129	-4.61746455636
130	-7.95590500369
131	-6.30428072275
132	-4.2122170031
133	-8.7817571168
134	-5.83029775385
135	-7.8675521575
136	-4.25742434473
137	-8.63503912982
138	-4.39583130347
139	-6.91358707722
140	-8.82556968509
141	-4.2122170031
142	-4.25742434473
143	-5.83029775385
144	-4.47216951154
145	-7.46963409743
146	-8.24645536818
147	-4.39583130347
148	-10.5027499356
149	-6.16248914121
150	-4.2122170031
151	-4.44463415343
152	-6.30428072275
153	-4.39583130347
154	-4.25742434473
155	-9.99476439102
156	-7.8675521575
157	-4.44463415343
158	-9.50578423336
159	-15.3127235056
160	-4.6714179535
161	-6.30428072275
162	-4.39583130347
163	-9.68754314406
164	-7.75270214461
165	-4.39583130347
166	-4.52259096152
167	-6.16248914121
168	-4.2122170031
169	-4.44463415343
170	-13.7363261559
171	-4.47216951154
172	-4.52259096152
173	-8.099570764
174	-18.3720251276
175	-4.44463415343
176	-9.9786005144
177	-12.8448450027
178	-4.44463415343
179	-5.83029775385
180	-9.7394807869
181	-4.52259096152
182	-6.30428072275
183	-12.5982104434
184	-4.6714179535
185	-6.58809536864
186	-4.47216951154
187	-4.44463415343
188	-5.83029775385
189	-4.39583130347
190	-4.6714179535
191	-5.83029775385
192	-11.6276880562
193	-4.25742434473
194	-9.9786005144
195	-10.3456799267
196	-4.44463415343
197	-8.86727594374
198	-4.2122170031
199	-4.25742434473
200	-5.83029775385
201	-4.2122170031
202	-4.44463415343
203	-5.83029775385
204	-4.39583130347
205	-4.25742434473
206	-5.83029775385
207	-4.39583130347
208	-4.44463415343
209	-6.58809536864
210	-12.223338061
211	-4.25742434473
212	-9.08837613837
213	-4.47216951154
214	-9.61009241805
215	-6.16248914121
216	-4.39583130347
217	-4.6714179535
218	-8.099570764
219	-4.2122170031
220	-4.25742434473
221	-6.30428072275
222	-4.61746455636
223	-10.3886600332
224	-5.83029775385
225	-10.5691579935
226	-11.9943387555
227	-9.36630052349
228	-15.4648661983
229	-4.25742434473
230	-6.16248914121
231	-11.1793807232
232	-10.3886600332
233	-5.83029775385
234	-8.76330656329
235	-9.72311335247
236	-10.4552661578
237	-8.84980708612
238	-4.52259096152
239	-8.95811688707
240	-4.47216951154
241	-4.25742434473
242	-6.30428072275
243	-4.2122170031
244	-9.76270616195
245	-9.08837613837
246	-4.39583130347
247	-4.6714179535
248	-6.30428072275
249	-10.5691579935
250	-4.6714179535
251	-13.6723541113
252	-10.7941190106
253	-9.47041801684
254	-8.82556968509
255	-4.61746455636
256	-8.7817571168
257	-5.83029775385
258	-4.2122170031
259	-19.2877479154
260	-8.54928740535
261	-4.2122170031
262	-4.25742434473
263	-5.83029775385
264	-4.39583130347
265	-10.4157969131
266	-9.30482864059
267	-8.84980708612
268	-4.52259096152
269	-6.58809536864
270	-4.39583130347
271	-4.25742434473
272	-6.30428072275
273	-10.5424557733
274	-10.2353434029
275	-6.16248914121
276	-4.39583130347
277	-4.44463415343
278	-6.16248914121
279	-4.39583130347
280	-4.52259096152
281	-5.83029775385
282	-4.61746455636
283	-14.6721029176
284	-5.83029775385
285	-4.61746455636
286	-10.826116625
287	-8.54928740535
288	-10.8440903016
289	-4.25742434473
290	-5.83029775385
291	-10.567166723
292	-9.47041801684
293	-8.86202615895
294	-4.2122170031
295	-14.1271178755
296	-5.83029775385
297	-4.47216951154
298	-4.25742434473
299	-6.16248914121
300	-4.2122170031
301	-4.44463415343
302	-7.75270214461
303	-4.47216951154
304	-14.062645754
305	-5.83029775385
306	-4.2122170031
307	-11.4839348679
308	-6.58809536864
309	-9.62329961531
310	-15.5547046727
311	-6.30428072275
312	-4.39583130347
313	-4.44463415343
314	-5.83029775385
315	-4.2122170031
316	-4.25742434473
317	-6.58809536864
318	-4.2122170031
319	-8.79834212348
320	-5.83029775385
321	-9.5567393716
322	-10.4157969131
323	-6.16248914121
324	-4.2122170031
325	-17.4224138032
326	-10.4552661578
327	-4.2122170031
328	-4.6714179535
329	-6.16248914121
330	-4.61746455636
331	-4.6714179535
332	-6.16248914121
333	-4.61746455636
334	-4.6714179535
335	-6.16248914121
336	-4.39583130347
337	-4.6714179535
338	-5.83029775385
339	-4.39583130347
340	-11.5409773847
341	-12.7969146989
342	-11.5945877084
343	-4.44463415343
344	-5.83029775385
345	-4.39583130347
346	-14.1076738996
347	-6.16248914121
348	-4.2122170031
349	-19.2646890383
350	-9.55401905192
351	-4.39583130347
352	-4.6714179535
353	-10.4763837335
354	-4.2122170031
355	-4.52259096152
356	-5.83029775385
357	-4.61746455636
358	-4.6714179535
359	-6.16248914121
360	-4.47216951154
361	-4.25742434473
362	-9.02083523003
363	-10.4385982899
364	-4.6714179535
365	-5.83029775385
366	-11.5919677676
367	-4.44463415343
368	-9.07101321551
369	-9.71019749672
370	-15.4402597325
371	-6.30428072275
372	-4.2122170031
373	-4.52259096152
374	-9.89729745079
375	-4.2122170031
376	-4.44463415343
377	-12.5511212118
378	-4.2122170031
379	-10.7348514944
380	-9.68966721284
381	-10.6072818811
382	-4.25742434473
383	-6.58809536864
384	-4.47216951154
385	-4.44463415343
386	-6.58809536864
387	-4.61746455636
388	-12.4404625695
389	-6.58809536864
390	-4.2122170031
391	-4.6714179535
392	-6.16248914121
393	-11.409033219
394	-10.1904244519
395	-6.58809536864
396	-9.91064470531
397	-4.6714179535
398	-5.83029775385
399	-9.71019749672
400	-10.2353434029
401	-5.83029775385
402	-4.2122170031
403	-4.6714179535
404	-6.16248914121
405	-4.61746455636
406	-10.2353434029
407	-5.83029775385
408	-4.61746455636
409	-10.2353434029
410	-10.4125434213
411	-4.2122170031
412	-4.6714179535
413	-8.00684803215
414	-4.61746455636
415	-4.6714179535
416	-6.30428072275
417	-4.47216951154
418	-4.52259096152
419	-10.7790356447
420	-4.47216951154
421	-4.25742434473
422	-10.7409255182
423	-4.2122170031
424	-4.52259096152
425	-13.2833171097
426	-9.36887886899
427	-8.79834212348
428	-5.83029775385
429	-4.47216951154
430	-4.44463415343
431	-9.55401905192
432	-4.2122170031
433	-4.6714179535
434	-9.68966721284
435	-4.61746455636
436	-4.25742434473
437	-5.83029775385
438	-4.2122170031
439	-9.55894390007
440	-6.30428072275
441	-4.39583130347
442	-4.6714179535
443	-6.16248914121
444	-10.6274141291
445	-11.0176727714
446	-9.18834498842
447	-4.61746455636
448	-4.25742434473
449	-6.58809536864
450	-4.61746455636
451	-4.25742434473
452	-6.30428072275
453	-10.5424557733
454	-4.52259096152
455	-8.71996423721
456	-4.39583130347
457	-4.52259096152
458	-6.30428072275
459	-4.47216951154
460	-4.44463415343
461	-11.0827027544
462	-4.2122170031
463	-4.6714179535
464	-6.58809536864
465	-4.2122170031
466	-4.6714179535
467	-6.30428072275
468	-4.2122170031
469	-4.44463415343
470	-6.58809536864
