#Site	lnL	
0	-2.40766691744
1	-2.85186463482
2	-11.4703748377
3	-2.27390955001
4	-2.5451209328
5	-3.23605945372
6	-2.54142031732
7	-5.78415758558
8	-3.43337512862
9	-2.40766691744
10	-2.5451209328
11	-3.06563115239
12	-2.54142031732
13	-2.68626862189
14	-5.63688033004
15	-2.40766691744
16	-6.74410210087
17	-3.06563115239
18	-2.27390955001
19	-2.85186463482
20	-2.89236525325
21	-6.958566174
22	-2.5451209328
23	-3.23605945372
24	-2.27390955001
25	-10.5322255283
26	-3.06563115239
27	-2.27390955001
28	-2.68626862189
29	-2.89236525325
30	-2.27390955001
31	-9.12780200447
32	-3.06563115239
33	-2.40766691744
34	-2.85186463482
35	-3.23605945372
36	-2.40766691744
37	-7.04790649443
38	-2.89236525325
39	-2.27390955001
40	-13.3873718529
41	-5.71761644434
42	-2.54142031732
43	-5.50480838837
44	-2.89236525325
45	-2.40766691744
46	-2.85186463482
47	-6.4929894
48	-2.27390955001
49	-2.5451209328
50	-5.15692157315
51	-2.69905220969
52	-2.85186463482
53	-6.01848474753
54	-9.59883920198
55	-2.40336118924
56	-5.80814127347
57	-2.69905220969
58	-2.40336118924
59	-2.89236525325
60	-2.69905220969
61	-2.68626862189
62	-3.06563115239
63	-2.27390955001
64	-2.5451209328
65	-2.89236525325
66	-6.958566174
67	-6.06872774326
68	-7.69961735224
69	-2.40766691744
70	-5.3885535983
71	-5.37808812236
72	-2.54142031732
73	-2.85186463482
74	-5.64825718284
75	-10.1201679458
76	-11.7901489536
77	-5.60124454032
78	-9.02377808556
79	-2.40336118924
80	-5.64825718284
81	-2.54142031732
82	-2.5451209328
83	-5.49928261912
84	-2.40766691744
85	-12.4808605793
86	-3.06563115239
87	-9.61467031064
88	-2.40336118924
89	-6.54323175783
90	-2.27390955001
91	-2.85186463482
92	-3.23605945372
93	-7.62823981205
94	-2.85186463482
95	-8.52806785873
96	-2.27390955001
97	-2.85186463482
98	-7.88455289463
99	-2.27390955001
100	-2.68626862189
101	-3.23605945372
102	-2.27390955001
103	-5.40120931784
104	-2.89236525325
105	-2.54142031732
106	-2.68626862189
107	-5.71761644434
108	-2.40766691744
109	-8.52842035619
110	-3.43337512862
111	-2.69905220969
112	-8.43539557918
113	-8.00571345869
114	-2.69905220969
115	-5.65790125519
116	-3.06563115239
117	-5.99867253152
118	-2.40336118924
119	-6.01848474753
120	-12.4947781314
121	-2.85186463482
122	-3.23605945372
123	-2.40766691744
124	-5.84723888539
125	-2.89236525325
126	-2.54142031732
127	-6.74326420968
128	-3.23605945372
129	-2.54142031732
130	-2.68626862189
131	-3.43337512862
132	-2.54142031732
133	-2.68626862189
134	-3.43337512862
135	-2.69905220969
136	-5.9324063961
137	-3.06563115239
138	-2.40766691744
139	-5.50480838837
140	-3.43337512862
141	-2.40766691744
142	-6.46038287389
143	-6.10894217094
144	-2.27390955001
145	-6.74410210087
146	-5.29839426571
147	-2.40766691744
148	-2.5451209328
149	-5.1185998489
150	-2.54142031732
151	-2.85186463482
152	-5.15692157315
153	-6.05182686099
154	-2.85186463482
155	-5.60124454032
156	-2.27390955001
157	-8.92564777003
158	-5.63688033004
159	-2.54142031732
160	-8.76050196463
161	-3.43337512862
162	-2.69905220969
163	-8.91692520735
164	-8.13276560071
165	-2.27390955001
166	-2.40336118924
167	-2.89236525325
168	-2.27390955001
169	-2.40336118924
170	-8.11670730339
171	-2.27390955001
172	-2.68626862189
173	-2.89236525325
174	-6.12249729442
175	-2.5451209328
176	-3.06563115239
177	-2.54142031732
178	-2.5451209328
179	-2.89236525325
180	-2.40766691744
181	-9.1646514466
182	-5.63688033004
183	-2.69905220969
184	-2.5451209328
185	-6.54323175783
186	-2.27390955001
187	-7.48934286093
188	-8.07046265649
189	-2.27390955001
190	-2.85186463482
191	-3.06563115239
192	-10.563568572
193	-2.85186463482
194	-3.06563115239
195	-2.27390955001
196	-5.84723888539
197	-6.71009539628
198	-2.54142031732
199	-2.40336118924
200	-6.62157644721
201	-7.62823981205
202	-8.90584763107
203	-5.78951924204
204	-2.40766691744
205	-5.62118029238
206	-3.23605945372
207	-6.00756906257
208	-2.68626862189
209	-5.49928261912
210	-6.97469092216
211	-8.52634605311
212	-2.89236525325
213	-6.55512056758
214	-2.68626862189
215	-8.11683615266
216	-2.27390955001
217	-2.85186463482
218	-5.80814127347
219	-2.54142031732
220	-2.5451209328
221	-5.22232904534
222	-2.54142031732
223	-5.78415758558
224	-3.43337512862
225	-2.54142031732
226	-2.40336118924
227	-7.56835540941
228	-9.49506011981
229	-2.5451209328
230	-3.23605945372
231	-2.69905220969
232	-2.68626862189
233	-3.23605945372
234	-2.54142031732
235	-2.5451209328
236	-8.94938506494
237	-6.28624753289
238	-2.68626862189
239	-3.06563115239
240	-2.69905220969
241	-2.85186463482
242	-3.06563115239
243	-2.27390955001
244	-2.5451209328
245	-2.89236525325
246	-5.73883039618
247	-2.85186463482
248	-5.60124454032
249	-10.6438735552
250	-7.0000195613
251	-8.3097785848
252	-2.69905220969
253	-5.40120931784
254	-2.89236525325
255	-5.75226972973
256	-2.5451209328
257	-2.89236525325
258	-2.40766691744
259	-5.40120931784
260	-2.89236525325
261	-2.40766691744
262	-2.85186463482
263	-3.06563115239
264	-2.69905220969
265	-2.68626862189
266	-5.10125795963
267	-2.27390955001
268	-2.5451209328
269	-5.1185998489
270	-6.25123094237
271	-2.5451209328
272	-5.29839426571
273	-2.69905220969
274	-2.85186463482
275	-3.23605945372
276	-7.01610403252
277	-5.50480838837
278	-2.89236525325
279	-6.97469092216
280	-2.40336118924
281	-2.89236525325
282	-2.54142031732
283	-2.5451209328
284	-3.23605945372
285	-2.54142031732
286	-2.40336118924
287	-8.65892951712
288	-10.6444346023
289	-5.65790125519
290	-2.89236525325
291	-2.69905220969
292	-2.68626862189
293	-3.23605945372
294	-7.12553244538
295	-15.226562696
296	-2.89236525325
297	-2.69905220969
298	-2.68626862189
299	-3.43337512862
300	-2.69905220969
301	-2.5451209328
302	-3.43337512862
303	-2.40766691744
304	-5.44425587273
305	-2.89236525325
306	-2.54142031732
307	-5.44425587273
308	-3.06563115239
309	-2.69905220969
310	-2.68626862189
311	-3.06563115239
312	-2.69905220969
313	-2.5451209328
314	-2.89236525325
315	-2.40766691744
316	-10.0688164188
317	-5.67314733802
318	-2.27390955001
319	-5.3885535983
320	-8.10554663597
321	-5.60244167036
322	-2.85186463482
323	-11.0759167931
324	-2.40766691744
325	-2.40336118924
326	-2.89236525325
327	-2.27390955001
328	-2.40336118924
329	-10.9705896664
330	-10.031011977
331	-2.40336118924
332	-3.43337512862
333	-2.27390955001
334	-2.40336118924
335	-3.06563115239
336	-2.40766691744
337	-2.40336118924
338	-3.06563115239
339	-6.25123094237
340	-2.40336118924
341	-6.71009539628
342	-2.54142031732
343	-6.04701763047
344	-5.78951924204
345	-2.54142031732
346	-2.85186463482
347	-6.46284356703
348	-2.69905220969
349	-9.01807980378
350	-7.18466040788
351	-2.40766691744
352	-5.62118029238
353	-3.06563115239
354	-5.61482470465
355	-2.5451209328
356	-3.06563115239
357	-2.54142031732
358	-8.57650532395
359	-5.56575896725
360	-2.40766691744
361	-2.85186463482
362	-2.89236525325
363	-2.27390955001
364	-2.68626862189
365	-2.89236525325
366	-9.00564273423
367	-9.12237739976
368	-3.06563115239
369	-2.40766691744
370	-8.52842035619
371	-3.23605945372
372	-2.54142031732
373	-2.40336118924
374	-3.06563115239
375	-8.74734698951
376	-2.40336118924
377	-5.60124454032
378	-7.22440628847
379	-11.3564629624
380	-3.06563115239
381	-2.40766691744
382	-2.68626862189
383	-3.43337512862
384	-2.40766691744
385	-2.40336118924
386	-3.06563115239
387	-2.69905220969
388	-2.40336118924
389	-3.06563115239
390	-10.4111358182
391	-9.33948164765
392	-7.97831273209
393	-10.6444346023
394	-2.5451209328
395	-6.46284356703
396	-2.27390955001
397	-2.85186463482
398	-5.29839426571
399	-2.40766691744
400	-2.68626862189
401	-3.23605945372
402	-2.69905220969
403	-2.68626862189
404	-7.17871894525
405	-6.05182686099
406	-2.5451209328
407	-6.17836883815
408	-2.40766691744
409	-2.40336118924
410	-5.29839426571
411	-10.737853243
412	-6.76709551178
413	-5.18202236169
414	-7.88346740323
415	-2.40336118924
416	-3.23605945372
417	-5.65222328834
418	-2.85186463482
419	-2.89236525325
420	-2.69905220969
421	-2.5451209328
422	-6.46284356703
423	-2.69905220969
424	-2.40336118924
425	-3.23605945372
426	-2.27390955001
427	-2.40336118924
428	-3.43337512862
429	-7.62823981205
430	-5.91075562361
431	-3.43337512862
432	-2.40766691744
433	-7.48934286093
434	-2.89236525325
435	-2.40766691744
436	-2.40336118924
437	-2.89236525325
438	-2.54142031732
439	-5.62118029238
440	-7.23881013333
441	-6.52610643468
442	-2.85186463482
443	-3.23605945372
444	-2.27390955001
445	-7.78636576667
446	-2.89236525325
447	-2.54142031732
448	-7.64946816538
449	-2.89236525325
450	-2.27390955001
451	-2.40336118924
452	-3.06563115239
453	-2.69905220969
454	-2.40336118924
455	-5.18202236169
456	-6.15587886999
457	-2.5451209328
458	-2.89236525325
459	-2.40766691744
460	-5.50480838837
461	-3.43337512862
462	-8.01429243114
463	-2.68626862189
464	-8.82230719402
465	-2.40766691744
466	-7.64946816538
467	-2.89236525325
468	-2.27390955001
469	-13.1557434586
470	-2.89236525325
