#Site	lnL	
0	-1.89029358845
1	-1.88223898204
2	-1.62105167486
3	-1.72508146204
4	-1.9693388788
5	-7.27355036836
6	-16.3806950142
7	-1.9693388788
8	-13.6894409927
9	-1.7946661154
10	-11.6668462858
11	-2.02955557759
12	-4.69401145577
13	-1.88223898204
14	-1.62105167486
15	-1.7946661154
16	-6.06951176019
17	-1.56900631229
18	-5.8556689335
19	-1.9693388788
20	-7.27355036836
21	-6.16316602233
22	-1.9693388788
23	-2.02955557759
24	-9.22097276695
25	-2.07357812907
26	-6.03989283901
27	-1.7946661154
28	-5.65484438751
29	-1.62105167486
30	-9.94473388554
31	-2.42284461411
32	-1.56900631229
33	-1.89029358845
34	-5.7440642861
35	-1.70826098024
36	-2.22519030175
37	-1.9693388788
38	-1.56900631229
39	-1.89029358845
40	-9.72904158896
41	-1.70826098024
42	-1.7946661154
43	-2.07357812907
44	-10.4204418461
45	-1.89029358845
46	-4.96113664677
47	-1.56900631229
48	-1.72508146204
49	-2.07357812907
50	-6.09208916492
51	-1.72508146204
52	-2.42284461411
53	-1.70826098024
54	-1.72508146204
55	-1.88223898204
56	-1.56900631229
57	-1.89029358845
58	-2.42284461411
59	-11.0444193684
60	-8.28069653998
61	-1.9693388788
62	-6.03989283901
63	-1.72508146204
64	-4.94598857856
65	-7.59821031536
66	-2.22519030175
67	-5.19410928772
68	-10.4033889988
69	-1.72508146204
70	-5.70933847687
71	-1.56900631229
72	-1.72508146204
73	-6.88342439765
74	-11.3824666045
75	-2.22519030175
76	-2.07357812907
77	-6.94133980344
78	-1.72508146204
79	-6.53617765028
80	-1.56900631229
81	-1.89029358845
82	-7.50390526214
83	-11.4541303524
84	-6.02496971495
85	-1.9693388788
86	-1.56900631229
87	-6.48783352142
88	-7.9606256257
89	-1.70826098024
90	-1.72508146204
91	-2.42284461411
92	-6.53666738221
93	-10.9599151952
94	-5.96000278509
95	-6.94815733292
96	-1.89029358845
97	-8.22294353689
98	-11.3613666158
99	-1.72508146204
100	-1.88223898204
101	-6.09208916492
102	-1.7946661154
103	-2.07357812907
104	-5.71482110872
105	-1.7946661154
106	-6.88342439765
107	-8.08365209043
108	-1.7946661154
109	-2.42284461411
110	-7.99757084054
111	-1.7946661154
112	-2.07357812907
113	-1.62105167486
114	-10.3937690119
115	-1.9693388788
116	-11.5635335285
117	-6.35578908739
118	-1.9693388788
119	-2.02955557759
120	-1.7946661154
121	-2.42284461411
122	-1.56900631229
123	-1.72508146204
124	-5.23632714828
125	-6.09208916492
126	-1.72508146204
127	-2.07357812907
128	-7.47909376099
129	-5.54187429499
130	-2.42284461411
131	-11.0067704722
132	-1.72508146204
133	-1.88223898204
134	-6.62920096658
135	-1.72508146204
136	-7.94978665714
137	-1.62105167486
138	-1.72508146204
139	-1.9693388788
140	-7.27355036836
141	-1.7946661154
142	-1.88223898204
143	-6.51060640415
144	-5.50504090953
145	-5.76501680812
146	-7.27355036836
147	-1.89029358845
148	-1.9693388788
149	-7.88712620434
150	-1.72508146204
151	-5.31022882019
152	-14.3788591705
153	-2.22519030175
154	-1.9693388788
155	-1.70826098024
156	-1.7946661154
157	-9.22027573127
158	-1.62105167486
159	-6.44966988102
160	-4.45705959136
161	-2.02955557759
162	-1.72508146204
163	-4.45705959136
164	-1.70826098024
165	-1.72508146204
166	-5.19410928772
167	-1.62105167486
168	-1.89029358845
169	-4.45705959136
170	-6.03171164123
171	-5.58286752054
172	-1.9693388788
173	-2.02955557759
174	-2.22519030175
175	-5.19410928772
176	-1.70826098024
177	-1.89029358845
178	-1.88223898204
179	-1.62105167486
180	-1.89029358845
181	-1.88223898204
182	-1.70826098024
183	-6.17967009681
184	-1.9693388788
185	-1.70826098024
186	-1.89029358845
187	-2.07357812907
188	-1.62105167486
189	-1.7946661154
190	-9.4021065274
191	-7.77375727291
192	-1.72508146204
193	-1.88223898204
194	-8.9349391868
195	-5.8556689335
196	-2.07357812907
197	-1.56900631229
198	-2.22519030175
199	-2.42284461411
200	-5.71482110872
201	-1.7946661154
202	-11.0561477315
203	-1.62105167486
204	-2.22519030175
205	-2.42284461411
206	-6.62920096658
207	-1.7946661154
208	-4.68715812586
209	-1.62105167486
210	-1.72508146204
211	-5.86190671229
212	-1.70826098024
213	-8.27669880841
214	-4.94598857856
215	-9.18901424762
216	-1.7946661154
217	-1.9693388788
218	-1.56900631229
219	-1.89029358845
220	-1.9693388788
221	-1.70826098024
222	-2.22519030175
223	-1.9693388788
224	-6.00547612403
225	-5.78102885206
226	-6.14777147925
227	-1.70826098024
228	-1.7946661154
229	-4.45705959136
230	-9.63675966505
231	-1.89029358845
232	-2.42284461411
233	-5.72036845325
234	-2.22519030175
235	-1.88223898204
236	-14.3297489609
237	-6.46230056015
238	-2.42284461411
239	-1.56900631229
240	-4.69401145577
241	-2.07357812907
242	-2.02955557759
243	-1.7946661154
244	-6.21164867276
245	-1.56900631229
246	-5.54039014103
247	-5.82830825003
248	-1.62105167486
249	-6.86818712025
250	-6.25045605875
251	-9.07898235679
252	-5.8556689335
253	-1.9693388788
254	-1.56900631229
255	-1.72508146204
256	-9.7468192639
257	-11.0845286036
258	-1.72508146204
259	-1.88223898204
260	-1.70826098024
261	-1.89029358845
262	-4.68715812586
263	-1.56900631229
264	-9.61371270245
265	-4.47825316004
266	-5.19271216015
267	-1.7946661154
268	-5.33478729311
269	-10.0324063871
270	-4.70827678067
271	-2.42284461411
272	-1.56900631229
273	-1.89029358845
274	-1.88223898204
275	-6.07076029748
276	-1.72508146204
277	-1.88223898204
278	-7.98431480524
279	-1.72508146204
280	-6.88666745357
281	-1.62105167486
282	-1.72508146204
283	-1.9693388788
284	-1.70826098024
285	-1.89029358845
286	-1.9693388788
287	-8.92871614687
288	-2.22519030175
289	-6.84568287318
290	-1.70826098024
291	-1.7946661154
292	-9.68843393995
293	-5.99250057842
294	-1.7946661154
295	-2.07357812907
296	-2.02955557759
297	-1.72508146204
298	-4.96113664677
299	-6.94815733292
300	-2.22519030175
301	-2.07357812907
302	-2.02955557759
303	-6.40248269725
304	-1.9693388788
305	-6.32689815176
306	-1.7946661154
307	-1.88223898204
308	-1.56900631229
309	-1.72508146204
310	-5.53478960055
311	-10.920170671
312	-6.01038912488
313	-2.07357812907
314	-1.56900631229
315	-2.22519030175
316	-5.96000278509
317	-6.00685168362
318	-1.89029358845
319	-2.07357812907
320	-6.544468852
321	-2.22519030175
322	-5.82830825003
323	-1.56900631229
324	-1.89029358845
325	-1.9693388788
326	-2.02955557759
327	-1.72508146204
328	-4.96113664677
329	-9.45260066119
330	-5.54187429499
331	-2.42284461411
332	-11.2729562673
333	-2.22519030175
334	-1.9693388788
335	-2.02955557759
336	-1.89029358845
337	-2.07357812907
338	-2.02955557759
339	-2.22519030175
340	-4.68715812586
341	-1.70826098024
342	-2.22519030175
343	-2.07357812907
344	-1.56900631229
345	-2.22519030175
346	-5.82830825003
347	-2.02955557759
348	-1.72508146204
349	-1.88223898204
350	-11.8874798568
351	-5.21000238428
352	-4.45705959136
353	-6.09208916492
354	-6.32318508561
355	-4.68715812586
356	-6.8380274732
357	-5.21000238428
358	-2.42284461411
359	-1.62105167486
360	-7.09479993333
361	-2.07357812907
362	-2.02955557759
363	-5.21000238428
364	-7.98715607206
365	-7.88712620434
366	-1.72508146204
367	-4.78695754487
368	-1.56900631229
369	-1.89029358845
370	-5.27408351104
371	-1.70826098024
372	-1.7946661154
373	-9.2204580986
374	-2.02955557759
375	-1.72508146204
376	-1.88223898204
377	-1.62105167486
378	-10.5452737474
379	-1.9693388788
380	-7.35985704267
381	-1.72508146204
382	-9.29224096166
383	-1.62105167486
384	-2.22519030175
385	-8.04755529151
386	-1.56900631229
387	-6.16316602233
388	-2.42284461411
389	-8.08365209043
390	-1.89029358845
391	-2.07357812907
392	-6.09208916492
393	-6.44966988102
394	-5.76501680812
395	-1.62105167486
396	-1.89029358845
397	-5.19410928772
398	-1.62105167486
399	-1.7946661154
400	-2.42284461411
401	-1.62105167486
402	-1.89029358845
403	-2.07357812907
404	-11.6481931272
405	-6.40248269725
406	-5.26614091412
407	-2.02955557759
408	-1.72508146204
409	-2.07357812907
410	-1.62105167486
411	-1.89029358845
412	-7.08248390411
413	-1.62105167486
414	-1.7946661154
415	-1.88223898204
416	-1.56900631229
417	-1.72508146204
418	-5.23632714828
419	-1.56900631229
420	-1.72508146204
421	-2.42284461411
422	-2.02955557759
423	-1.7946661154
424	-6.63781185268
425	-1.56900631229
426	-6.01038912488
427	-2.42284461411
428	-1.56900631229
429	-1.89029358845
430	-2.07357812907
431	-6.85503312913
432	-1.72508146204
433	-1.9693388788
434	-5.72036845325
435	-1.7946661154
436	-5.65484438751
437	-5.71482110872
438	-4.70827678067
439	-2.07357812907
440	-1.70826098024
441	-5.49108310064
442	-15.242896252
443	-1.62105167486
444	-5.46361457592
445	-1.88223898204
446	-6.03171164123
447	-6.40248269725
448	-2.07357812907
449	-7.2943374615
450	-1.72508146204
451	-1.88223898204
452	-1.56900631229
453	-1.89029358845
454	-2.07357812907
455	-1.62105167486
456	-2.22519030175
457	-2.42284461411
458	-8.08365209043
459	-1.7946661154
460	-1.88223898204
461	-1.62105167486
462	-5.46361457592
463	-2.07357812907
464	-1.62105167486
465	-2.22519030175
466	-1.9693388788
467	-6.90828123685
468	-5.45558909654
469	-2.42284461411
470	-5.45135055449
