#Site	lnL	
0	-1.78122401913
1	-1.83254104297
2	-8.35553561379
3	-1.78122401913
4	-5.61428823552
5	-3.54784506067
6	-5.41043237724
7	-1.83254104297
8	-3.21287559117
9	-1.95723278934
10	-4.88375532631
11	-3.48555400952
12	-6.62886141109
13	-8.03745554037
14	-3.85509830676
15	-5.02305830113
16	-6.6080646206
17	-8.27191401969
18	-1.74657073203
19	-1.83254104297
20	-3.54784506067
21	-6.73302609197
22	-1.86844400395
23	-3.21287559117
24	-1.59870863462
25	-1.67894697217
26	-6.82286144027
27	-1.78122401913
28	-1.83254104297
29	-3.85509830676
30	-7.15720393649
31	-6.46903424776
32	-6.29276442493
33	-7.15840077442
34	-1.83254104297
35	-3.21287559117
36	-1.59870863462
37	-1.83254104297
38	-8.19314759337
39	-5.02305830113
40	-1.83254104297
41	-3.21287559117
42	-1.78122401913
43	-4.88113756374
44	-3.21287559117
45	-1.74657073203
46	-1.67894697217
47	-3.85509830676
48	-1.78122401913
49	-6.05479305503
50	-6.08639418945
51	-5.03026785254
52	-1.86844400395
53	-3.54784506067
54	-5.03026785254
55	-1.86844400395
56	-3.85509830676
57	-1.95723278934
58	-1.83254104297
59	-3.85509830676
60	-1.95723278934
61	-1.83254104297
62	-3.21287559117
63	-1.78122401913
64	-8.77781597343
65	-3.21287559117
66	-5.03026785254
67	-7.6619716342
68	-6.96960269954
69	-1.74657073203
70	-8.46671146222
71	-3.85509830676
72	-7.83736738243
73	-1.83254104297
74	-7.00531769821
75	-1.95723278934
76	-1.86844400395
77	-3.54784506067
78	-8.81406577546
79	-1.67894697217
80	-3.54784506067
81	-5.76622806495
82	-6.46903424776
83	-4.82618613127
84	-1.78122401913
85	-7.24955368432
86	-3.21287559117
87	-7.81581013812
88	-1.83254104297
89	-6.87828292753
90	-8.16191278273
91	-1.86844400395
92	-7.30295937495
93	-1.74657073203
94	-1.86844400395
95	-3.54784506067
96	-1.78122401913
97	-8.04857677065
98	-3.54784506067
99	-1.59870863462
100	-2.05029096083
101	-3.21287559117
102	-6.17918644992
103	-1.67894697217
104	-3.54784506067
105	-6.18389411323
106	-1.83254104297
107	-7.31714233544
108	-1.74657073203
109	-1.67894697217
110	-3.21287559117
111	-7.12908493814
112	-7.25594154237
113	-3.85509830676
114	-1.78122401913
115	-1.83254104297
116	-6.76257970061
117	-1.95723278934
118	-1.86844400395
119	-7.54818276418
120	-1.74657073203
121	-6.80742808809
122	-3.48555400952
123	-1.95723278934
124	-11.3791099983
125	-3.85509830676
126	-7.39031430823
127	-1.67894697217
128	-3.48555400952
129	-1.78122401913
130	-1.67894697217
131	-3.85509830676
132	-9.27977730087
133	-7.02700286253
134	-3.21287559117
135	-1.95723278934
136	-6.80691606431
137	-3.54784506067
138	-12.075159671
139	-1.86844400395
140	-7.37844259726
141	-8.784423341
142	-2.05029096083
143	-7.53990993686
144	-1.59870863462
145	-1.83254104297
146	-3.21287559117
147	-1.78122401913
148	-7.6619716342
149	-3.54784506067
150	-13.4111470038
151	-1.67894697217
152	-6.45880684307
153	-1.78122401913
154	-1.83254104297
155	-3.48555400952
156	-1.78122401913
157	-8.82188656881
158	-3.48555400952
159	-1.59870863462
160	-2.05029096083
161	-7.03309686284
162	-8.16839077349
163	-1.67894697217
164	-7.378268317
165	-1.59870863462
166	-1.67894697217
167	-9.15856496624
168	-1.59870863462
169	-1.83254104297
170	-8.45961339061
171	-1.74657073203
172	-1.67894697217
173	-7.71220579901
174	-1.59870863462
175	-5.61428823552
176	-8.58504633751
177	-7.42237275869
178	-1.83254104297
179	-3.48555400952
180	-1.74657073203
181	-1.86844400395
182	-3.54784506067
183	-9.23143989636
184	-1.67894697217
185	-3.21287559117
186	-1.74657073203
187	-1.83254104297
188	-6.51908858273
189	-1.59870863462
190	-1.83254104297
191	-3.54784506067
192	-1.59870863462
193	-1.83254104297
194	-4.66736096081
195	-1.59870863462
196	-2.05029096083
197	-7.01809972632
198	-1.95723278934
199	-6.6080646206
200	-3.21287559117
201	-5.75585706337
202	-1.86844400395
203	-10.5563595439
204	-1.78122401913
205	-2.05029096083
206	-3.48555400952
207	-1.78122401913
208	-1.67894697217
209	-3.54784506067
210	-5.02756353066
211	-1.67894697217
212	-3.54784506067
213	-5.43974821352
214	-1.67894697217
215	-3.48555400952
216	-1.59870863462
217	-10.2010877859
218	-3.21287559117
219	-1.95723278934
220	-2.05029096083
221	-6.89683716543
222	-1.59870863462
223	-1.83254104297
224	-3.85509830676
225	-1.59870863462
226	-7.2800109288
227	-3.85509830676
228	-1.78122401913
229	-1.83254104297
230	-3.85509830676
231	-1.59870863462
232	-5.58600606929
233	-6.8372091431
234	-1.95723278934
235	-6.06100522341
236	-3.85509830676
237	-6.18389411323
238	-10.3182376683
239	-3.48555400952
240	-5.03026785254
241	-6.06100522341
242	-3.21287559117
243	-1.59870863462
244	-1.67894697217
245	-3.54784506067
246	-1.78122401913
247	-1.86844400395
248	-10.4664697523
249	-1.59870863462
250	-1.83254104297
251	-3.54784506067
252	-1.74657073203
253	-2.05029096083
254	-3.21287559117
255	-1.78122401913
256	-7.2800109288
257	-3.54784506067
258	-1.78122401913
259	-1.67894697217
260	-3.54784506067
261	-1.95723278934
262	-7.31394129862
263	-7.53990993686
264	-1.95723278934
265	-2.05029096083
266	-7.00531769821
267	-9.02593498664
268	-7.33077572006
269	-6.31867477778
270	-7.82654104165
271	-7.25289784689
272	-4.93172633851
273	-1.59870863462
274	-1.86844400395
275	-7.02313133937
276	-1.78122401913
277	-10.5963250799
278	-9.84029570454
279	-1.78122401913
280	-6.46815648705
281	-6.34799061406
282	-1.74657073203
283	-1.67894697217
284	-12.5732772773
285	-1.78122401913
286	-1.67894697217
287	-3.54784506067
288	-10.6828514724
289	-9.05064342358
290	-3.21287559117
291	-7.39031430823
292	-2.05029096083
293	-3.21287559117
294	-1.95723278934
295	-2.05029096083
296	-6.96960269954
297	-1.74657073203
298	-1.83254104297
299	-3.48555400952
300	-1.59870863462
301	-1.86844400395
302	-3.85509830676
303	-6.89830882136
304	-1.67894697217
305	-3.21287559117
306	-1.59870863462
307	-5.31653828386
308	-6.76257970061
309	-1.74657073203
310	-9.33901112798
311	-3.85509830676
312	-1.59870863462
313	-11.9128425171
314	-3.48555400952
315	-1.78122401913
316	-5.61428823552
317	-6.34799061406
318	-1.74657073203
319	-1.83254104297
320	-3.54784506067
321	-7.48593580489
322	-1.67894697217
323	-3.54784506067
324	-7.39444976707
325	-1.83254104297
326	-6.8372091431
327	-1.78122401913
328	-2.05029096083
329	-3.85509830676
330	-1.95723278934
331	-16.9686163465
332	-6.96960269954
333	-1.95723278934
334	-4.88664704969
335	-7.30295937495
336	-6.18421973897
337	-2.05029096083
338	-3.21287559117
339	-6.17918644992
340	-1.67894697217
341	-3.85509830676
342	-1.59870863462
343	-1.83254104297
344	-3.54784506067
345	-1.78122401913
346	-1.67894697217
347	-3.54784506067
348	-1.59870863462
349	-2.05029096083
350	-7.85910217536
351	-7.83933597885
352	-6.6080646206
353	-3.85509830676
354	-1.78122401913
355	-7.2526647569
356	-3.85509830676
357	-5.02756353066
358	-1.86844400395
359	-3.48555400952
360	-6.18389411323
361	-1.83254104297
362	-3.21287559117
363	-1.78122401913
364	-2.05029096083
365	-7.47387480292
366	-1.95723278934
367	-7.25289784689
368	-3.85509830676
369	-1.95723278934
370	-1.86844400395
371	-3.85509830676
372	-1.74657073203
373	-6.05409448902
374	-8.87562850062
375	-1.78122401913
376	-12.4870974784
377	-3.85509830676
378	-8.16230893578
379	-1.83254104297
380	-6.60977521219
381	-1.78122401913
382	-1.67894697217
383	-3.21287559117
384	-1.78122401913
385	-7.0046208761
386	-3.21287559117
387	-1.74657073203
388	-1.83254104297
389	-3.21287559117
390	-1.59870863462
391	-1.83254104297
392	-7.08445564504
393	-1.59870863462
394	-1.67894697217
395	-6.51908858273
396	-1.74657073203
397	-1.67894697217
398	-6.29276442493
399	-1.95723278934
400	-2.05029096083
401	-3.48555400952
402	-1.74657073203
403	-10.7943252066
404	-3.21287559117
405	-1.59870863462
406	-4.88375532631
407	-3.21287559117
408	-6.40153341671
409	-1.67894697217
410	-6.50534446234
411	-1.59870863462
412	-1.83254104297
413	-3.54784506067
414	-7.48593580489
415	-6.32255013317
416	-3.54784506067
417	-6.44119634678
418	-5.25933446619
419	-3.54784506067
420	-1.74657073203
421	-9.18021986196
422	-3.48555400952
423	-1.95723278934
424	-1.67894697217
425	-7.51059410059
426	-1.74657073203
427	-1.67894697217
428	-3.48555400952
429	-6.44119634678
430	-1.67894697217
431	-3.54784506067
432	-1.95723278934
433	-1.67894697217
434	-3.21287559117
435	-11.6917611762
436	-1.67894697217
437	-3.54784506067
438	-1.74657073203
439	-6.05409448902
440	-3.21287559117
441	-1.95723278934
442	-6.6080646206
443	-6.5866580411
444	-1.59870863462
445	-5.58600606929
446	-5.36830149343
447	-1.59870863462
448	-2.05029096083
449	-6.94028686326
450	-1.78122401913
451	-1.86844400395
452	-3.48555400952
453	-1.78122401913
454	-11.204116575
455	-3.85509830676
456	-6.82813637975
457	-1.67894697217
458	-7.02313133937
459	-5.7328518526
460	-2.05029096083
461	-3.48555400952
462	-1.78122401913
463	-2.05029096083
464	-6.34799061406
465	-1.74657073203
466	-2.05029096083
467	-3.54784506067
468	-1.78122401913
469	-1.67894697217
470	-6.46216981547
