#Site	lnL	
0	-1.67679584117
1	-1.97529830256
2	-1.47895705799
3	-1.8393616308
4	-5.04738917271
5	-8.21585410493
6	-1.67679584117
7	-2.03598452167
8	-1.47895705799
9	-6.52698232825
10	-1.77060302438
11	-12.9373037659
12	-5.01994351833
13	-5.56601582158
14	-1.47895705799
15	-1.59370058063
16	-1.97529830256
17	-1.31091044484
18	-5.33329468689
19	-1.85953662715
20	-7.82414817116
21	-1.59370058063
22	-2.03598452167
23	-7.43843226834
24	-8.06825459479
25	-8.1220340931
26	-1.31091044484
27	-1.78405567373
28	-2.03598452167
29	-7.75630907881
30	-1.67679584117
31	-1.77060302438
32	-1.52580367312
33	-12.2098223823
34	-4.74262055879
35	-1.38495931211
36	-5.75373372775
37	-5.61299975738
38	-17.2420296847
39	-1.59370058063
40	-2.03598452167
41	-1.38495931211
42	-1.78405567373
43	-1.77060302438
44	-1.38495931211
45	-1.59370058063
46	-1.77060302438
47	-8.38294933678
48	-1.78405567373
49	-2.03598452167
50	-12.5515776652
51	-1.59370058063
52	-6.75264238147
53	-7.7443763562
54	-1.59370058063
55	-1.77060302438
56	-7.75573993304
57	-1.8393616308
58	-1.85953662715
59	-1.31091044484
60	-1.78405567373
61	-8.81874643052
62	-1.52580367312
63	-11.9497044643
64	-1.77060302438
65	-1.38495931211
66	-1.67679584117
67	-2.03598452167
68	-1.38495931211
69	-1.67679584117
70	-5.6800850702
71	-1.31091044484
72	-1.78405567373
73	-5.02774228209
74	-1.31091044484
75	-5.88605903472
76	-1.77060302438
77	-1.38495931211
78	-7.71957504595
79	-5.38991163376
80	-1.31091044484
81	-6.08057064135
82	-1.97529830256
83	-7.65062562988
84	-1.59370058063
85	-5.94452546549
86	-14.7223154419
87	-8.06825459479
88	-1.97529830256
89	-8.28808931966
90	-1.78405567373
91	-1.77060302438
92	-1.38495931211
93	-1.8393616308
94	-1.85953662715
95	-1.38495931211
96	-8.06825459479
97	-1.77060302438
98	-1.31091044484
99	-1.8393616308
100	-6.75264238147
101	-1.47895705799
102	-1.78405567373
103	-1.85953662715
104	-1.47895705799
105	-1.78405567373
106	-5.22581098407
107	-7.82414817116
108	-1.8393616308
109	-6.00854017037
110	-8.28808931966
111	-1.67679584117
112	-5.4823550153
113	-1.31091044484
114	-1.59370058063
115	-2.03598452167
116	-6.97529904948
117	-1.59370058063
118	-1.77060302438
119	-1.38495931211
120	-5.29103116819
121	-2.03598452167
122	-1.31091044484
123	-1.59370058063
124	-7.78791724054
125	-8.06247817508
126	-5.43206327601
127	-2.03598452167
128	-7.82414817116
129	-6.25137318754
130	-1.97529830256
131	-6.97529904948
132	-1.67679584117
133	-1.77060302438
134	-1.47895705799
135	-8.52171465181
136	-2.03598452167
137	-1.31091044484
138	-1.59370058063
139	-1.85953662715
140	-1.38495931211
141	-1.78405567373
142	-1.77060302438
143	-14.6296833031
144	-1.59370058063
145	-1.85953662715
146	-7.43843226834
147	-6.42183845265
148	-2.03598452167
149	-1.38495931211
150	-1.8393616308
151	-1.77060302438
152	-1.47895705799
153	-1.67679584117
154	-10.1959440231
155	-1.47895705799
156	-1.59370058063
157	-1.77060302438
158	-7.8275414443
159	-1.59370058063
160	-1.97529830256
161	-8.38053270121
162	-1.59370058063
163	-1.77060302438
164	-7.7443763562
165	-1.67679584117
166	-1.77060302438
167	-1.52580367312
168	-1.59370058063
169	-1.97529830256
170	-1.31091044484
171	-5.76462116996
172	-1.77060302438
173	-7.65275230595
174	-1.78405567373
175	-2.03598452167
176	-1.38495931211
177	-6.54936454396
178	-1.77060302438
179	-1.52580367312
180	-11.4378239981
181	-1.77060302438
182	-1.38495931211
183	-1.59370058063
184	-5.98662392734
185	-1.31091044484
186	-1.67679584117
187	-1.85953662715
188	-1.52580367312
189	-1.59370058063
190	-5.02774228209
191	-1.52580367312
192	-1.59370058063
193	-1.77060302438
194	-7.00480133599
195	-1.8393616308
196	-4.9969600667
197	-7.29154506175
198	-1.67679584117
199	-7.48473011785
200	-1.38495931211
201	-1.8393616308
202	-1.85953662715
203	-7.75573993304
204	-1.8393616308
205	-1.85953662715
206	-7.29371754738
207	-1.67679584117
208	-1.97529830256
209	-8.28808931966
210	-5.29103116819
211	-1.85953662715
212	-1.47895705799
213	-1.78405567373
214	-6.75264238147
215	-1.52580367312
216	-5.90001782129
217	-5.63498361257
218	-1.52580367312
219	-1.59370058063
220	-5.4823550153
221	-1.47895705799
222	-1.8393616308
223	-4.74262055879
224	-1.47895705799
225	-1.67679584117
226	-1.77060302438
227	-9.7590166507
228	-1.78405567373
229	-5.61299975738
230	-1.47895705799
231	-1.78405567373
232	-1.77060302438
233	-1.47895705799
234	-1.8393616308
235	-5.034101722
236	-13.9058632073
237	-5.7568733947
238	-5.45656100789
239	-1.38495931211
240	-1.78405567373
241	-5.13336760252
242	-1.47895705799
243	-1.8393616308
244	-1.85953662715
245	-7.75630907881
246	-1.8393616308
247	-1.85953662715
248	-7.82414817116
249	-1.8393616308
250	-4.74262055879
251	-8.19110616619
252	-1.59370058063
253	-5.69876069598
254	-7.74519568749
255	-1.67679584117
256	-1.77060302438
257	-7.82414817116
258	-1.8393616308
259	-6.37708242404
260	-1.31091044484
261	-1.78405567373
262	-6.15216993511
263	-10.0651728649
264	-1.59370058063
265	-6.2846390425
266	-13.9949233012
267	-5.85703235444
268	-1.85953662715
269	-1.31091044484
270	-1.59370058063
271	-2.03598452167
272	-7.32032928323
273	-6.67676549065
274	-1.85953662715
275	-1.47895705799
276	-1.78405567373
277	-1.97529830256
278	-1.52580367312
279	-1.59370058063
280	-5.034101722
281	-1.47895705799
282	-1.8393616308
283	-11.5445256665
284	-1.47895705799
285	-1.59370058063
286	-1.85953662715
287	-1.47895705799
288	-1.78405567373
289	-1.85953662715
290	-10.0460321452
291	-1.67679584117
292	-1.85953662715
293	-1.47895705799
294	-1.78405567373
295	-7.45970583293
296	-7.29154506175
297	-1.8393616308
298	-1.85953662715
299	-1.47895705799
300	-1.67679584117
301	-1.85953662715
302	-1.38495931211
303	-1.59370058063
304	-1.85953662715
305	-1.38495931211
306	-1.78405567373
307	-2.03598452167
308	-1.52580367312
309	-10.2405416552
310	-10.2114249782
311	-1.52580367312
312	-5.88173395305
313	-1.85953662715
314	-6.97529904948
315	-4.98369711874
316	-5.99536909997
317	-1.52580367312
318	-5.33329468689
319	-5.02774228209
320	-1.31091044484
321	-1.78405567373
322	-5.54575049125
323	-1.38495931211
324	-1.78405567373
325	-5.6800850702
326	-16.2730421235
327	-5.33329468689
328	-1.85953662715
329	-9.28707250248
330	-5.33329468689
331	-1.77060302438
332	-1.31091044484
333	-1.78405567373
334	-1.77060302438
335	-7.00480133599
336	-1.59370058063
337	-4.75698267362
338	-1.38495931211
339	-1.78405567373
340	-8.46081686508
341	-13.6266748678
342	-1.59370058063
343	-1.77060302438
344	-1.38495931211
345	-1.78405567373
346	-8.74866761826
347	-1.38495931211
348	-1.8393616308
349	-1.97529830256
350	-1.38495931211
351	-1.67679584117
352	-2.03598452167
353	-1.31091044484
354	-1.67679584117
355	-2.03598452167
356	-7.43933894104
357	-5.84410812289
358	-5.02774228209
359	-8.19110616619
360	-1.67679584117
361	-5.61299975738
362	-1.31091044484
363	-1.59370058063
364	-1.97529830256
365	-12.7139223211
366	-1.67679584117
367	-5.63498361257
368	-8.50035682417
369	-6.76920887219
370	-6.00854017037
371	-7.82414817116
372	-1.67679584117
373	-1.85953662715
374	-7.75630907881
375	-6.76920887219
376	-2.03598452167
377	-1.31091044484
378	-1.8393616308
379	-1.85953662715
380	-18.2313087825
381	-1.78405567373
382	-2.03598452167
383	-1.31091044484
384	-1.78405567373
385	-12.6440871534
386	-7.8275414443
387	-5.97281493273
388	-1.77060302438
389	-7.84853701621
390	-1.78405567373
391	-11.1807805147
392	-7.65062562988
393	-1.67679584117
394	-5.034101722
395	-14.4306222552
396	-1.67679584117
397	-2.03598452167
398	-13.9514689898
399	-1.59370058063
400	-1.97529830256
401	-1.47895705799
402	-1.67679584117
403	-9.75717445199
404	-8.65272862792
405	-1.78405567373
406	-4.9969600667
407	-7.85375155311
408	-5.32466564585
409	-5.02774228209
410	-7.96841645702
411	-1.78405567373
412	-6.93247950345
413	-1.31091044484
414	-1.67679584117
415	-5.02774228209
416	-1.52580367312
417	-5.90001782129
418	-1.97529830256
419	-1.52580367312
420	-1.59370058063
421	-6.37708242404
422	-8.21731199211
423	-1.59370058063
424	-7.4148187977
425	-1.47895705799
426	-1.59370058063
427	-2.03598452167
428	-1.38495931211
429	-1.78405567373
430	-1.85953662715
431	-7.53087564988
432	-5.84934906483
433	-5.22581098407
434	-1.38495931211
435	-1.67679584117
436	-8.29799555536
437	-14.4296951837
438	-1.59370058063
439	-1.97529830256
440	-1.38495931211
441	-1.78405567373
442	-10.5261059892
443	-10.7041101556
444	-12.3816303036
445	-1.97529830256
446	-1.31091044484
447	-1.59370058063
448	-5.034101722
449	-1.52580367312
450	-1.8393616308
451	-6.73876836432
452	-7.00340830632
453	-10.6612164698
454	-2.03598452167
455	-8.18772347348
456	-1.59370058063
457	-5.63498361257
458	-7.75630907881
459	-8.46763319434
460	-1.97529830256
461	-8.5027074919
462	-1.8393616308
463	-2.03598452167
464	-1.47895705799
465	-1.59370058063
466	-2.03598452167
467	-1.38495931211
468	-5.33329468689
469	-7.55923228449
470	-7.75630907881
