#Site	lnL	
0	-1.70315364311
1	-6.2673599664
2	-1.69852649854
3	-8.13315303552
4	-2.119667198
5	-6.4029678452
6	-1.70315364311
7	-6.30602010526
8	-1.67539627983
9	-1.89551358988
10	-5.70430555387
11	-1.69852649854
12	-2.00656202251
13	-1.90374751255
14	-2.00129912776
15	-6.11167791457
16	-2.23500154181
17	-6.49123751093
18	-2.00656202251
19	-2.23500154181
20	-10.6933957051
21	-1.89551358988
22	-11.3887336318
23	-2.00129912776
24	-1.70315364311
25	-2.23500154181
26	-1.8903462012
27	-10.2703453431
28	-2.23500154181
29	-2.00129912776
30	-8.02934026928
31	-1.88330801531
32	-5.68142822612
33	-1.89551358988
34	-1.88330801531
35	-1.8903462012
36	-5.38648808461
37	-2.23500154181
38	-6.1060353011
39	-6.09034967447
40	-1.88330801531
41	-1.67539627983
42	-1.70315364311
43	-6.01846534771
44	-1.8903462012
45	-1.68008564025
46	-2.23500154181
47	-1.69852649854
48	-2.00656202251
49	-5.59714859284
50	-10.5309675566
51	-1.68008564025
52	-6.45384226783
53	-6.54995299108
54	-1.70315364311
55	-8.86706822447
56	-2.00129912776
57	-2.00656202251
58	-1.88330801531
59	-1.69852649854
60	-6.41595595979
61	-4.97008394186
62	-1.67539627983
63	-8.05607974532
64	-5.57140333747
65	-2.00129912776
66	-1.68008564025
67	-1.90374751255
68	-11.1087653246
69	-1.68008564025
70	-1.88330801531
71	-2.00129912776
72	-1.68008564025
73	-5.82908426512
74	-1.8903462012
75	-1.89551358988
76	-9.34965446712
77	-1.8903462012
78	-1.89551358988
79	-6.2620957076
80	-1.8903462012
81	-9.36724693049
82	-1.90374751255
83	-1.69852649854
84	-6.02427908521
85	-10.3905560482
86	-11.0584612459
87	-7.18761236045
88	-1.90374751255
89	-1.67539627983
90	-1.70315364311
91	-1.90374751255
92	-1.67539627983
93	-13.8113043036
94	-8.48186110004
95	-11.2308717002
96	-2.00656202251
97	-2.119667198
98	-1.67539627983
99	-1.68008564025
100	-2.119667198
101	-1.69852649854
102	-2.00656202251
103	-1.88330801531
104	-1.8903462012
105	-1.68008564025
106	-2.23500154181
107	-12.258866122
108	-1.70315364311
109	-10.8797744931
110	-1.8903462012
111	-1.68008564025
112	-1.90374751255
113	-6.23582004277
114	-2.00656202251
115	-1.90374751255
116	-1.8903462012
117	-1.68008564025
118	-2.23500154181
119	-1.8903462012
120	-1.70315364311
121	-6.8745488278
122	-2.00129912776
123	-1.89551358988
124	-2.119667198
125	-1.67539627983
126	-1.68008564025
127	-6.91759353828
128	-1.69852649854
129	-1.68008564025
130	-1.90374751255
131	-2.00129912776
132	-1.68008564025
133	-10.3994157061
134	-1.8903462012
135	-1.70315364311
136	-1.90374751255
137	-9.83041579207
138	-1.89551358988
139	-5.84170362789
140	-1.67539627983
141	-2.00656202251
142	-2.23500154181
143	-10.3063647693
144	-1.89551358988
145	-1.90374751255
146	-12.2805256086
147	-2.00656202251
148	-10.364829533
149	-5.87092464921
150	-5.25020524707
151	-6.36909915961
152	-9.2763605023
153	-1.89551358988
154	-1.90374751255
155	-2.00129912776
156	-6.02427908521
157	-5.95628336643
158	-1.67539627983
159	-8.15680173686
160	-6.01750096316
161	-6.98391346382
162	-10.2946557418
163	-1.90374751255
164	-1.69852649854
165	-2.00656202251
166	-10.0905396881
167	-11.2718062202
168	-2.00656202251
169	-4.83053194826
170	-1.8903462012
171	-1.89551358988
172	-2.119667198
173	-6.12693249153
174	-1.68008564025
175	-6.60084820939
176	-1.67539627983
177	-1.70315364311
178	-8.58171641464
179	-5.40188478531
180	-2.00656202251
181	-5.73870717677
182	-2.00129912776
183	-6.22007650856
184	-2.23500154181
185	-1.69852649854
186	-1.89551358988
187	-6.58803146151
188	-1.69852649854
189	-1.89551358988
190	-1.88330801531
191	-1.69852649854
192	-2.00656202251
193	-1.90374751255
194	-10.8109224506
195	-1.68008564025
196	-1.90374751255
197	-5.26567538407
198	-11.435850687
199	-1.90374751255
200	-1.8903462012
201	-1.68008564025
202	-6.36909915961
203	-1.67539627983
204	-6.47494512168
205	-4.92327325557
206	-1.8903462012
207	-5.23144755702
208	-1.90374751255
209	-13.556440024
210	-10.3458799506
211	-1.90374751255
212	-1.69852649854
213	-1.70315364311
214	-2.119667198
215	-1.69852649854
216	-2.00656202251
217	-1.90374751255
218	-1.69852649854
219	-1.70315364311
220	-2.119667198
221	-2.00129912776
222	-5.23144755702
223	-1.88330801531
224	-1.67539627983
225	-1.89551358988
226	-5.78821608664
227	-10.2250795755
228	-1.68008564025
229	-1.88330801531
230	-1.67539627983
231	-6.53126285589
232	-1.88330801531
233	-2.00129912776
234	-1.89551358988
235	-1.90374751255
236	-1.67539627983
237	-6.69949856968
238	-1.88330801531
239	-6.4029678452
240	-2.00656202251
241	-1.90374751255
242	-1.67539627983
243	-1.89551358988
244	-1.88330801531
245	-1.67539627983
246	-2.00656202251
247	-1.90374751255
248	-1.67539627983
249	-1.68008564025
250	-1.90374751255
251	-6.93106984471
252	-1.89551358988
253	-5.212636547
254	-6.17322130503
255	-2.00656202251
256	-1.90374751255
257	-1.67539627983
258	-1.70315364311
259	-2.119667198
260	-6.04051087881
261	-5.25020524707
262	-1.88330801531
263	-1.69852649854
264	-1.70315364311
265	-5.84170362789
266	-6.49062678162
267	-2.00656202251
268	-1.88330801531
269	-1.69852649854
270	-1.68008564025
271	-1.88330801531
272	-1.69852649854
273	-1.89551358988
274	-6.01846534771
275	-6.19159992658
276	-1.68008564025
277	-2.119667198
278	-6.12693249153
279	-2.00656202251
280	-1.90374751255
281	-6.77129847701
282	-1.89551358988
283	-5.71783486678
284	-1.8903462012
285	-1.89551358988
286	-4.83053194826
287	-7.03441813315
288	-1.89551358988
289	-6.77164408799
290	-6.76249514145
291	-1.68008564025
292	-8.48186110004
293	-1.69852649854
294	-6.80601693832
295	-2.119667198
296	-1.67539627983
297	-1.68008564025
298	-1.90374751255
299	-1.8903462012
300	-5.25020524707
301	-6.01846534771
302	-1.67539627983
303	-7.01898773503
304	-2.23500154181
305	-1.69852649854
306	-1.70315364311
307	-6.8745488278
308	-6.90711700607
309	-1.70315364311
310	-2.119667198
311	-1.8903462012
312	-1.68008564025
313	-1.90374751255
314	-1.69852649854
315	-2.00656202251
316	-2.119667198
317	-5.89107902962
318	-5.38648808461
319	-4.83053194826
320	-1.8903462012
321	-1.89551358988
322	-10.3773723148
323	-5.89107902962
324	-6.6847095241
325	-1.90374751255
326	-1.67539627983
327	-1.68008564025
328	-2.23500154181
329	-7.76963211463
330	-2.00656202251
331	-6.0920301358
332	-1.67539627983
333	-1.89551358988
334	-5.48455953871
335	-10.1208089524
336	-1.68008564025
337	-1.90374751255
338	-5.89107902962
339	-2.00656202251
340	-1.88330801531
341	-6.16300202132
342	-1.70315364311
343	-1.90374751255
344	-5.95335121782
345	-6.38724503953
346	-1.90374751255
347	-1.8903462012
348	-1.68008564025
349	-2.23500154181
350	-1.67539627983
351	-1.70315364311
352	-2.23500154181
353	-1.69852649854
354	-1.89551358988
355	-2.23500154181
356	-1.69852649854
357	-1.70315364311
358	-2.119667198
359	-1.67539627983
360	-1.70315364311
361	-4.79534359738
362	-1.69852649854
363	-2.00656202251
364	-2.119667198
365	-1.69852649854
366	-1.89551358988
367	-2.23500154181
368	-1.8903462012
369	-1.68008564025
370	-5.73870717677
371	-1.67539627983
372	-5.6652044938
373	-4.97008394186
374	-6.17322130503
375	-1.70315364311
376	-13.6723111518
377	-1.67539627983
378	-1.89551358988
379	-1.88330801531
380	-1.8903462012
381	-2.00656202251
382	-2.119667198
383	-6.1060353011
384	-1.68008564025
385	-2.119667198
386	-6.12693249153
387	-1.70315364311
388	-1.88330801531
389	-2.00129912776
390	-1.89551358988
391	-2.119667198
392	-1.67539627983
393	-1.68008564025
394	-1.90374751255
395	-2.00129912776
396	-2.00656202251
397	-1.88330801531
398	-11.4694141727
399	-1.89551358988
400	-13.8413932649
401	-12.3687416301
402	-2.00656202251
403	-11.0747519411
404	-6.29438849205
405	-2.00656202251
406	-5.20845316048
407	-5.87092464921
408	-1.89551358988
409	-1.88330801531
410	-1.69852649854
411	-2.00656202251
412	-2.23500154181
413	-6.19159992658
414	-1.70315364311
415	-7.84179424793
416	-2.00129912776
417	-1.89551358988
418	-1.90374751255
419	-1.67539627983
420	-1.68008564025
421	-2.119667198
422	-6.19159992658
423	-1.70315364311
424	-8.39276507897
425	-1.67539627983
426	-1.68008564025
427	-6.60889848695
428	-1.8903462012
429	-1.68008564025
430	-1.88330801531
431	-1.69852649854
432	-1.89551358988
433	-1.88330801531
434	-6.27322906127
435	-1.89551358988
436	-2.119667198
437	-1.67539627983
438	-2.00656202251
439	-1.90374751255
440	-6.05429983347
441	-1.68008564025
442	-1.90374751255
443	-1.67539627983
444	-1.70315364311
445	-1.90374751255
446	-1.8903462012
447	-2.00656202251
448	-2.23500154181
449	-1.69852649854
450	-1.68008564025
451	-2.119667198
452	-14.8852512862
453	-1.89551358988
454	-2.23500154181
455	-1.8903462012
456	-1.68008564025
457	-1.88330801531
458	-5.67917808898
459	-1.70315364311
460	-2.119667198
461	-6.17322130503
462	-6.70239355722
463	-2.23500154181
464	-1.69852649854
465	-1.68008564025
466	-9.0178370045
467	-1.67539627983
468	-2.00656202251
469	-2.23500154181
470	-6.05429983347
