#Site	lnL	
0	-2.11397083636
1	-2.58414731046
2	-6.44816033463
3	-1.93391143851
4	-2.2594150178
5	-2.42938301873
6	-2.27685599003
7	-5.78006441097
8	-2.58143825059
9	-7.14992454293
10	-2.2594150178
11	-2.25701896583
12	-2.27685599003
13	-2.43193897674
14	-10.6972822103
15	-2.11397083636
16	-7.96792337843
17	-2.25701896583
18	-1.93391143851
19	-2.58414731046
20	-2.06668994076
21	-2.11397083636
22	-2.2594150178
23	-6.70209077235
24	-16.0197170069
25	-2.43193897674
26	-2.25701896583
27	-1.93391143851
28	-8.00036301587
29	-2.06668994076
30	-8.10913079031
31	-8.18901455031
32	-2.25701896583
33	-6.73440471037
34	-2.58414731046
35	-2.42938301873
36	-2.11397083636
37	-2.43193897674
38	-2.06668994076
39	-1.93391143851
40	-7.14436852834
41	-5.97590472192
42	-2.27685599003
43	-5.57568317593
44	-2.06668994076
45	-2.11397083636
46	-2.58414731046
47	-2.25701896583
48	-1.93391143851
49	-2.2594150178
50	-5.45590821814
51	-2.41982539693
52	-2.58414731046
53	-6.2854774819
54	-6.06259805071
55	-6.27142592125
56	-6.20241732574
57	-2.41982539693
58	-6.27142592125
59	-2.06668994076
60	-2.41982539693
61	-2.43193897674
62	-2.25701896583
63	-1.93391143851
64	-2.2594150178
65	-2.06668994076
66	-2.11397083636
67	-11.3317726483
68	-5.6595915072
69	-2.11397083636
70	-5.35641272945
71	-5.77839038974
72	-2.27685599003
73	-2.58414731046
74	-6.03377433334
75	-10.6885597375
76	-7.68470403953
77	-6.00243824286
78	-2.11397083636
79	-2.06891263443
80	-5.84341949544
81	-6.56180421066
82	-2.2594150178
83	-5.78272804676
84	-2.11397083636
85	-6.44670599109
86	-2.25701896583
87	-2.27685599003
88	-2.06891263443
89	-6.70209077235
90	-1.93391143851
91	-2.58414731046
92	-2.42938301873
93	-2.27685599003
94	-2.58414731046
95	-2.42938301873
96	-1.93391143851
97	-7.14436852834
98	-9.40815110202
99	-7.82936570219
100	-2.43193897674
101	-2.42938301873
102	-1.93391143851
103	-16.3971992883
104	-2.06668994076
105	-2.27685599003
106	-2.43193897674
107	-6.14219172958
108	-2.11397083636
109	-2.2594150178
110	-6.36625374659
111	-2.41982539693
112	-2.2594150178
113	-8.19658427267
114	-2.41982539693
115	-5.77579730397
116	-2.25701896583
117	-6.04973873694
118	-2.06891263443
119	-6.4492941659
120	-5.9930782745
121	-2.58414731046
122	-2.42938301873
123	-2.11397083636
124	-5.65704021506
125	-2.06668994076
126	-2.27685599003
127	-2.06891263443
128	-2.42938301873
129	-2.27685599003
130	-2.43193897674
131	-2.58143825059
132	-2.27685599003
133	-2.43193897674
134	-2.58143825059
135	-2.41982539693
136	-6.03118615853
137	-2.25701896583
138	-6.54033177863
139	-5.57568317593
140	-2.58143825059
141	-2.11397083636
142	-6.45861789508
143	-6.50586402539
144	-1.93391143851
145	-2.2594150178
146	-9.92508618548
147	-2.11397083636
148	-2.2594150178
149	-5.42613000159
150	-2.27685599003
151	-2.58414731046
152	-5.45590821814
153	-5.86326743351
154	-2.58414731046
155	-5.82743141707
156	-1.93391143851
157	-2.43193897674
158	-5.6595915072
159	-6.56180421066
160	-5.65704021506
161	-2.58143825059
162	-2.41982539693
163	-9.31814425443
164	-2.58143825059
165	-1.93391143851
166	-2.06891263443
167	-2.06668994076
168	-1.93391143851
169	-2.06891263443
170	-6.0060993668
171	-1.93391143851
172	-2.43193897674
173	-2.06668994076
174	-6.2399555073
175	-2.2594150178
176	-2.25701896583
177	-2.27685599003
178	-6.94513129783
179	-2.06668994076
180	-2.11397083636
181	-5.44740920165
182	-5.6595915072
183	-2.41982539693
184	-2.2594150178
185	-9.40073550517
186	-1.93391143851
187	-5.6781317061
188	-9.61152020227
189	-1.93391143851
190	-2.58414731046
191	-7.6368445696
192	-5.57756730121
193	-7.69307036482
194	-2.25701896583
195	-1.93391143851
196	-5.86917199805
197	-7.54087562148
198	-2.27685599003
199	-2.06891263443
200	-6.36625374659
201	-2.27685599003
202	-5.82453954668
203	-6.22100571196
204	-2.11397083636
205	-5.71543666265
206	-2.42938301873
207	-5.9930782745
208	-2.43193897674
209	-5.61152737671
210	-2.27685599003
211	-7.8984753058
212	-2.06668994076
213	-6.69535162918
214	-2.43193897674
215	-7.83411597623
216	-12.584435184
217	-2.58414731046
218	-6.0060993668
219	-2.27685599003
220	-2.2594150178
221	-5.4497685949
222	-6.56180421066
223	-5.6087515467
224	-2.58143825059
225	-2.27685599003
226	-2.06891263443
227	-9.54503134431
228	-6.05120881135
229	-2.2594150178
230	-2.42938301873
231	-2.41982539693
232	-2.43193897674
233	-2.42938301873
234	-2.27685599003
235	-2.2594150178
236	-11.7619845275
237	-6.21865455583
238	-2.43193897674
239	-2.25701896583
240	-2.41982539693
241	-6.36406973714
242	-2.25701896583
243	-1.93391143851
244	-2.2594150178
245	-2.06668994076
246	-5.80212946281
247	-5.65704021506
248	-9.71839876011
249	-10.9564664882
250	-2.06891263443
251	-9.59469792571
252	-2.41982539693
253	-5.45341266745
254	-2.06668994076
255	-5.82443567474
256	-6.33865965447
257	-6.14219172958
258	-2.11397083636
259	-5.45341266745
260	-2.06668994076
261	-2.11397083636
262	-7.69307036482
263	-2.25701896583
264	-2.41982539693
265	-6.19997095292
266	-9.43901499812
267	-1.93391143851
268	-2.2594150178
269	-5.68074476427
270	-12.7364480859
271	-2.2594150178
272	-5.71832300573
273	-2.41982539693
274	-2.58414731046
275	-2.42938301873
276	-2.41982539693
277	-5.84060478489
278	-6.4994402789
279	-2.27685599003
280	-2.06891263443
281	-2.06668994076
282	-6.65302426937
283	-2.2594150178
284	-6.20241732574
285	-2.27685599003
286	-5.999695875
287	-2.58143825059
288	-11.2637028884
289	-5.77579730397
290	-2.06668994076
291	-12.7734991142
292	-2.43193897674
293	-2.42938301873
294	-2.11397083636
295	-2.06891263443
296	-5.97590472192
297	-2.41982539693
298	-2.43193897674
299	-2.58143825059
300	-2.41982539693
301	-2.2594150178
302	-6.36625374659
303	-2.11397083636
304	-5.44740920165
305	-12.4482843305
306	-2.27685599003
307	-5.44740920165
308	-2.25701896583
309	-7.33167434573
310	-2.43193897674
311	-2.25701896583
312	-2.41982539693
313	-7.96792337843
314	-2.06668994076
315	-2.11397083636
316	-10.7021326841
317	-10.2939966104
318	-1.93391143851
319	-5.35641272945
320	-9.49742728781
321	-5.6351307889
322	-2.58414731046
323	-2.25701896583
324	-2.11397083636
325	-2.06891263443
326	-7.8705724608
327	-1.93391143851
328	-6.27142592125
329	-7.86944329776
330	-10.5227856035
331	-2.06891263443
332	-2.58143825059
333	-1.93391143851
334	-2.06891263443
335	-7.6368445696
336	-2.11397083636
337	-2.06891263443
338	-2.25701896583
339	-6.40006031343
340	-2.06891263443
341	-2.06668994076
342	-2.27685599003
343	-6.21854449228
344	-11.7619230763
345	-2.27685599003
346	-2.58414731046
347	-2.06668994076
348	-2.41982539693
349	-14.9484982807
350	-8.75792053931
351	-2.11397083636
352	-9.65602555758
353	-2.25701896583
354	-9.64443958884
355	-2.2594150178
356	-2.25701896583
357	-2.27685599003
358	-2.43193897674
359	-5.87771245399
360	-2.11397083636
361	-2.58414731046
362	-2.06668994076
363	-1.93391143851
364	-2.43193897674
365	-5.82743141707
366	-1.93391143851
367	-2.58414731046
368	-7.66329868739
369	-2.11397083636
370	-2.2594150178
371	-2.42938301873
372	-2.27685599003
373	-2.06891263443
374	-2.25701896583
375	-1.93391143851
376	-5.999695875
377	-2.06668994076
378	-6.85099151958
379	-10.2863753765
380	-2.25701896583
381	-2.11397083636
382	-2.43193897674
383	-2.58143825059
384	-2.11397083636
385	-6.27142592125
386	-2.25701896583
387	-2.41982539693
388	-2.06891263443
389	-2.25701896583
390	-6.69535162918
391	-6.45861789508
392	-5.84857181416
393	-6.65521292847
394	-7.91649656973
395	-2.06668994076
396	-1.93391143851
397	-8.4881743475
398	-5.71832300573
399	-2.11397083636
400	-2.43193897674
401	-2.42938301873
402	-2.41982539693
403	-2.43193897674
404	-5.68074476427
405	-6.0559609879
406	-2.2594150178
407	-12.5309548315
408	-2.11397083636
409	-6.49675233323
410	-5.71832300573
411	-9.13650442004
412	-2.43193897674
413	-5.578569519
414	-6.06259805071
415	-2.06891263443
416	-6.37143082388
417	-5.64209533928
418	-6.36406973714
419	-2.06668994076
420	-2.41982539693
421	-6.94513129783
422	-2.06668994076
423	-2.41982539693
424	-2.06891263443
425	-2.42938301873
426	-1.93391143851
427	-2.06891263443
428	-2.58143825059
429	-2.27685599003
430	-5.999695875
431	-2.58143825059
432	-2.11397083636
433	-5.6781317061
434	-2.06668994076
435	-6.54033177863
436	-2.06891263443
437	-2.06668994076
438	-2.27685599003
439	-5.71543666265
440	-2.58143825059
441	-6.65521292847
442	-2.58414731046
443	-2.42938301873
444	-1.93391143851
445	-10.1943645412
446	-2.06668994076
447	-2.27685599003
448	-5.84060478489
449	-7.97453839677
450	-1.93391143851
451	-2.06891263443
452	-2.25701896583
453	-2.41982539693
454	-2.06891263443
455	-5.578569519
456	-10.8601187072
457	-2.2594150178
458	-2.06668994076
459	-2.11397083636
460	-5.57568317593
461	-2.58143825059
462	-6.21865455583
463	-2.43193897674
464	-2.25701896583
465	-2.11397083636
466	-5.84060478489
467	-2.06668994076
468	-1.93391143851
469	-11.7319382606
470	-2.06668994076
