# log_p 	 lnL 	 
0.0	-1619.15971767	
-0.287682072452	-1618.68634537	
-0.510825623766	-1618.29184217	
-0.69314718056	-1617.95527938	
-0.847297860387	-1617.65639235	
-0.980829253012	-1617.38096464	
-1.09861228867	-1617.11995619	
-1.20397280433	-1616.86790158	
-1.29928298413	-1616.6216622	
-1.38629436112	-1616.37957586	
-1.46633706879	-1616.14089286	
-1.54044504095	-1615.90540499	
-1.60943791243	-1615.67320459	
-1.67397643357	-1615.44453132	
-1.73460105539	-1615.2196781	
-1.79175946923	-1614.99893608	
-1.8458266905	-1614.78256492	
-1.89711998489	-1614.57077889	
-1.94591014906	-1614.36374259	
-1.99243016469	-1614.16157212	
-2.03688192726	-1613.96433911	
-2.07944154168	-1613.77207609	
-2.1202635362	-1613.58478206	
-2.15948424935	-1613.40242806	
-2.19722457734	-1613.22496206	
-2.23359222151	-1613.05231352	
-2.26868354132	-1612.88439711	
-2.30258509299	-1612.72111608	
-2.33537491582	-1612.56236499	
-2.36712361413	-1612.40803202	
-2.3978952728	-1612.2580009	
-2.42774823595	-1612.11215247	
-2.45673577282	-1611.97036602	
-2.48490664979	-1611.8325203	
-2.51230562398	-1611.6984944	
-2.53897387106	-1611.56816847	
-2.56494935746	-1611.44142422	
-2.59026716545	-1611.31814539	
-2.61495977804	-1611.19821809	
-2.63905732962	-1611.08153103	
-2.66258782703	-1610.96797576	
-2.68557734525	-1610.85744678	
-2.7080502011	-1610.74984166	
-2.73002910782	-1610.64506107	
-2.75153531304	-1610.54300884	
-2.77258872224	-1610.44359196	
-2.79320800944	-1610.34672053	
-2.81341071676	-1610.25230778	
-2.83321334406	-1610.16026999	
-2.85263142991	-1610.07052645	
-2.87167962488	-1609.98299938	
-2.8903717579	-1609.89761388	
-2.90872089656	-1609.81429786	
-2.92673940207	-1609.73298192	
-2.94443897917	-1609.65359931	
-2.96183072188	-1609.57608584	
-2.97892515524	-1609.50037977	
-2.99573227355	-1609.42642176	
-3.01226157551	-1609.35415477	
-3.02852209638	-1609.28352397	
-3.04452243772	-1609.21447666	
-3.06027079469	-1609.14696223	
-3.07577498123	-1609.080932	
-3.09104245336	-1609.01633922	
-3.10608033072	-1608.95313896	
-3.12089541651	-1608.89128803	
-3.13549421593	-1608.83074492	
-3.14988295338	-1608.77146974	
-3.16406758837	-1608.71342415	
-3.17805383035	-1608.65657127	
-3.19184715248	-1608.60087565	
-3.20545280454	-1608.54630321	
-3.21887582487	-1608.49282114	
-3.23212105162	-1608.4403979	
-3.24519313319	-1608.38900315	
-3.25809653802	-1608.33860766	
-3.2708355638	-1608.28918333	
-3.28341434601	-1608.24070307	
-3.295836866	-1608.19314082	
-3.3081069586	-1608.14647147	
-3.32022831913	-1608.10067082	
-3.33220451018	-1608.05571554	
-3.34403896782	-1608.01158317	
-3.35573500759	-1607.96825203	
-3.36729582999	-1607.92570121	
-3.37872452581	-1607.88391055	
-3.39002408106	-1607.84286059	
-3.40119738166	-1607.80253255	
-3.41224721785	-1607.76290828	
-3.42317628838	-1607.72397026	
-3.43398720449	-1607.68570159	
-3.4446824936	-1607.64808589	
-3.45526460293	-1607.61110738	
-3.4657359028	-1607.57475075	
-3.47609868984	-1607.53900122	
-3.48635519	-1607.5038445	
-3.49650756147	-1607.46926675	
-3.50655789732	-1607.43525456	
-3.51650822817	-1607.40179496	
-3.52636052462	-1607.3688754	
-3.53611669956	-1607.33648369	
-3.54577861047	-1607.30460803	
-3.55534806149	-1607.27323701	
-3.56482680544	-1607.24235951	
-3.57421654579	-1607.2119648	
-3.58351893846	-1607.18204244	
-3.59273559356	-1607.1525823	
-3.60186807712	-1607.12357456	
-3.61091791264	-1607.09500967	
-3.61988658263	-1607.06687838	
-3.62877553004	-1607.03917167	
-3.63758615973	-1607.0118808	
-3.6463198397	-1606.98499727	
-3.65497790244	-1606.95851282	
-3.66356164613	-1606.93241941	
-3.6720723358	-1606.90670923	
-3.68051120444	-1606.88137467	
-3.68887945411	-1606.85640834	
-3.69717825693	-1606.83180303	
-3.70540875607	-1606.80755174	
-3.7135720667	-1606.78364763	
-3.72166927694	-1606.76008407	
-3.72970144863	-1606.73685458	
-3.73766961828	-1606.71395284	
-3.74557479779	-1606.69137271	
-3.75341797525	-1606.6691082	
-3.76120011569	-1606.64715346	
-3.76892216179	-1606.6255028	
-3.77658503453	-1606.60415065	
-3.78418963392	-1606.5830916	
-3.79173683955	-1606.56232035	
-3.79922751128	-1606.54183175	
-3.80666248977	-1606.52162076	
-3.81404259707	-1606.50168246	
-3.82136863716	-1606.48201204	
-3.82864139649	-1606.46260482	
-3.83586164446	-1606.44345622	
-3.84303013394	-1606.42456176	
-3.85014760171	-1606.40591707	
-3.85721476893	-1606.38751787	
-3.86423234159	-1606.36936	
-3.87120101091	-1606.35143936	
-3.87812145375	-1606.33375198	
-3.88499433304	-1606.31629394	
-3.89182029811	-1606.29906144	
-3.8985999851	-1606.28205073	
-3.90533401728	-1606.26525817	
-3.91202300543	-1606.24868018	
-3.91866754815	-1606.23231327	
-3.92526823218	-1606.21615402	
-3.93182563272	-1606.20019908	
-3.93834031375	-1606.18444517	
-3.94481282825	-1606.16888908	
-3.95124371858	-1606.15352767	
-3.95763351668	-1606.13835786	
-3.96398274436	-1606.12337665	
-3.97029191355	-1606.10858107	
-3.97656152657	-1606.09396823	
-3.98279207632	-1606.07953531	
-3.98898404656	-1606.06527952	
-3.99513791214	-1606.05119814	
-4.00125413916	-1606.03728851	
-4.00733318523	-1606.02354802	
-4.01337549969	-1606.00997409	
-4.01938152375	-1605.99656422	
-4.02535169074	-1605.98331595	
-4.03128642625	-1605.97022685	
-4.03718614838	-1605.95729457	
-4.04305126783	-1605.94451677	
-4.04888218815	-1605.93189118	
-4.05467930583	-1605.91941556	
-4.06044301055	-1605.90708771	
-4.06617368526	-1605.89490549	
-4.07187170637	-1605.88286678	
-4.07753744391	-1605.87096951	
-4.08317126162	-1605.85921164	
-4.08877351717	-1605.84759118	
-4.09434456222	-1605.83610617	
-4.0998847426	-1605.82475467	
-4.10539439841	-1605.81353481	
-4.11087386417	-1605.80244472	
-4.11632346894	-1605.79148259	
-4.12174353641	-1605.78064662	
-4.12713438505	-1605.76993505	
-4.13249632819	-1605.75934616	
-4.13782967416	-1605.74887826	
-4.14313472639	-1605.73852967	
-4.14841178349	-1605.72829876	
-4.15366113938	-1605.71818393	
-4.15888308336	-1605.70818358	
-4.16407790024	-1605.69829618	
-4.1692458704	-1605.68852018	
-4.1743872699	-1605.6788541	
-4.17950237056	-1605.66929645	
-4.18459144007	-1605.65984578	
-4.18965474203	-1605.65050068	
-4.19469253606	-1605.64125974	
-4.19970507788	-1605.63212158	
-4.20469261939	-1605.62308485	
-4.20965540873	-1605.61414822	
-4.21459369037	-1605.60531038	
-4.21950770518	-1605.59657003	
-4.22439769047	-1605.58792591	
-4.22926388012	-1605.57937678	
-4.2341065046	-1605.57092141	
-4.23892579103	-1605.56255859	
-4.2437219633	-1605.55428714	
-4.24849524205	-1605.54610589	
-4.25324584481	-1605.53801369	
-4.257973986	-1605.53000941	
-4.26267987704	-1605.52209194	
-4.26736372635	-1605.51426019	
-4.27202573946	-1605.50651307	
-4.27666611902	-1605.49884953	
-4.28128506487	-1605.49126853	
-4.28588277412	-1605.48376903	
-4.29045944115	-1605.47635003	
-4.29501525768	-1605.46901053	
-4.29955041285	-1605.46174955	
-4.3040650932	-1605.45456613	
-4.30855948279	-1605.44745932	
-4.31303376319	-1605.44042817	
-4.31748811354	-1605.43347178	
-4.3219227106	-1605.42658923	
-4.32633772881	-1605.41977963	
-4.33073334029	-1605.4130421	
-4.33510971489	-1605.40637577	
-4.33946702026	-1605.39977979	
-4.34380542185	-1605.39325332	
-4.348125083	-1605.38679554	
-4.3524261649	-1605.38040562	
-4.35670882669	-1605.37408276	
-4.36097322548	-1605.36782617	
-4.36521951636	-1605.36163507	
-4.36944785247	-1605.35550869	
-4.373658385	-1605.34944627	
-4.37785126326	-1605.34344707	
-4.38202663467	-1605.33751035	
-4.38618464482	-1605.33163539	
-4.39032543749	-1605.32582147	
-4.39444915467	-1605.32006789	
-4.39855593663	-1605.31437394	
-4.40264592188	-1605.30873896	
-4.40671924726	-1605.30316226	
-4.41077604796	-1605.29764318	
-4.4148164575	-1605.29218106	
-4.4188406078	-1605.28677526	
-4.42284862919	-1605.28142514	
-4.42684065046	-1605.27613007	
-4.43081679884	-1605.27088944	
-4.43477720006	-1605.26570262	
-4.43872197835	-1605.26056903	
-4.44265125649	-1605.25548805	
-4.44656515581	-1605.25045912	
-4.45046379623	-1605.24548165	
-4.45434729625	-1605.24055507	
-4.45821577303	-1605.23567883	
-4.46206934235	-1605.23085235	
-4.46590811865	-1605.22607511	
-4.46973221509	-1605.22134655	
-4.47354174351	-1605.21666615	
-4.47733681448	-1605.21203339	
-4.48111753732	-1605.20744774	
-4.48488402011	-1605.20290869	
-4.48863636973	-1605.19841574	
-4.49237469184	-1605.19396839	
-4.49609909093	-1605.18956616	
-4.49980967033	-1605.18520855	
-4.50350653221	-1605.1808951	
-4.50718977763	-1605.17662532	
-4.51085950652	-1605.17239875	
-4.51451581772	-1605.16821494	
-4.518158809	-1605.16407342	
-4.52178857705	-1605.15997376	
-4.52540521752	-1605.15591551	
-4.52900882502	-1605.15189824	
-4.53259949315	-1605.14792151	
-4.5361773145	-1605.14398491	
-4.53974238067	-1605.140088	
-4.54329478227	-1605.13623039	
-4.54683460898	-1605.13241165	
-4.55036194949	-1605.12863139	
-4.5538768916	-1605.12488921	
-4.55737952215	-1605.12118471	
-4.56086992709	-1605.11751751	
-4.56434819147	-1605.11388722	
-4.56781439944	-1605.11029347	
-4.57126863431	-1605.10673588	
-4.5747109785	-1605.10321409	
-4.5781415136	-1605.09972772	
-4.58156032035	-1605.09627642	
-4.58496747867	-1605.09285984	
-4.58836306767	-1605.08947761	
-4.59174716566	-1605.08612941	
-4.59511985013	-1605.08281487	
-4.59848119784	-1605.07953368	
-4.60183128472	-1605.07628548	
-4.60517018599	-1605.07306995	
-4.60849797608	-1605.06988677	
-4.61181472871	-1605.06673562	
-4.61512051684	-1605.06361617	
-4.61841541274	-1605.06052811	
-4.62169948794	-1605.05747113	
-4.62497281328	-1605.05444493	
-4.62823545892	-1605.05144919	
-4.63148749431	-1605.04848363	
-4.63472898823	-1605.04554795	
-4.63796000881	-1605.04264185	
-4.64118062351	-1605.03976505	
-4.64439089914	-1605.03691725	
-4.64759090187	-1605.03409819	
-4.65078069724	-1605.03130757	
-4.65396035016	-1605.02854513	
-4.65712992492	-1605.02581059	
-4.66028948521	-1605.02310368	
-4.66343909411	-1605.02042415	
-4.66657881412	-1605.01777171	
-4.66970870713	-1605.01514612	
-4.67282883446	-1605.01254712	
-4.67593925688	-1605.00997446	
-4.67904003455	-1605.00742788	
-4.68213122712	-1605.00490713	
-4.68521289366	-1605.00241198	
-4.6882850927	-1604.99994218	
-4.69134788223	-1604.99749748	
-4.69440131972	-1604.99507766	
-4.6974454621	-1604.99268248	
-4.70048036579	-1604.99031171	
-4.70350608671	-1604.98796512	
-4.70652268025	-1604.98564248	
-4.70953020131	-1604.98334357	
-4.71252870431	-1604.98106817	
-4.71551824316	-1604.97881605	
-4.7184988713	-1604.97658702	
-4.72147064168	-1604.97438084	
-4.72443360681	-1604.97219732	
-4.72738781871	-1604.97003623	
-4.73033332894	-1604.96789738	
-4.73327018862	-1604.96578056	
-4.73619844839	-1604.96368556	
-4.7391181585	-1604.9616122	
-4.74202936871	-1604.95956026	
-4.74493212836	-1604.95752956	
-4.74782648639	-1604.95551989	
-4.75071249128	-1604.95353108	
-4.75359019111	-1604.95156293	
-4.75645963353	-1604.94961526	
-4.75932086582	-1604.94768787	
-4.7621739348	-1604.94578059	
-4.76501888693	-1604.94389323	
-4.76785576827	-1604.94202562	
-4.77068462447	-1604.94017758	
-4.77350550081	-1604.93834893	
-4.77631844218	-1604.9365395	
-4.77912349311	-1604.93474912	
-4.78192069773	-1604.93297762	
-4.78471009982	-1604.93122483	
-4.78749174278	-1604.92949058	
-4.79026566966	-1604.92777472	
-4.79303192316	-1604.92607707	
-4.7957905456	-1604.92439748	
-4.79854157897	-1604.92273579	
-4.80128506491	-1604.92109183	
-4.80402104473	-1604.91946547	
-4.80674955939	-1604.91785653	
-4.8094706495	-1604.91626487	
-4.81218435537	-1604.91469034	
-4.81489071697	-1604.91313278	
-4.81758977394	-1604.91159206	
-4.82028156561	-1604.91006801	
-4.82296613098	-1604.90856051	
-4.82564350875	-1604.9070694	
-4.8283137373	-1604.90559454	
-4.83097685472	-1604.9041358	
-4.83363289878	-1604.90269303	
-4.83628190695	-1604.9012661	
-4.83892391641	-1604.89985486	
-4.84155896405	-1604.89845919	
-4.84418708646	-1604.89707896	
-4.84680831994	-1604.89571402	
-4.84942270051	-1604.89436425	
-4.85203026392	-1604.89302953	
-4.85463104562	-1604.89170971	
-4.8572250808	-1604.89040468	
-4.85981240436	-1604.88911431	
-4.86239305096	-1604.88783847	
-4.86496705495	-1604.88657705	
-4.86753445046	-1604.88532992	
-4.87009527132	-1604.88409695	
-4.87264955112	-1604.88287804	
-4.8751973232	-1604.88167306	
-4.87773862063	-1604.8804819	
-4.88027347623	-1604.87930444	
-4.88280192259	-1604.87814056	
-4.88532399202	-1604.87699015	
-4.88783971662	-1604.8758531	
-4.89034912822	-1604.8747293	
-4.89285225844	-1604.87361864	
-4.89534913864	-1604.87252101	
-4.89783979995	-1604.8714363	
-4.90032427328	-1604.8703644	
-4.90280258929	-1604.8693052	
-4.90527477844	-1604.86825862	
-4.90774087093	-1604.86722453	
-4.91020089677	-1604.86620283	
-4.91265488574	-1604.86519343	
-4.91510286737	-1604.86419622	
-4.91754487103	-1604.86321111	
-4.91998092583	-1604.86223798	
-4.92241106068	-1604.86127676	
-4.92483530429	-1604.86032733	
-4.92725368516	-1604.85938961	
-4.92966623156	-1604.85846349	
-4.93207297159	-1604.85754889	
-4.93447393313	-1604.8566457	
-4.93686914386	-1604.85575384	
-4.93925863125	-1604.85487322	
-4.94164242261	-1604.85400374	
-4.94402054501	-1604.85314532	
-4.94639302537	-1604.85229786	
-4.94875989038	-1604.85146128	
-4.95112116656	-1604.85063548	
-4.95347688026	-1604.84982039	
-4.9558270576	-1604.84901592	
-4.95817172456	-1604.84822198	
-4.96051090691	-1604.84743848	
-4.96284463026	-1604.84666535	
-4.96517292002	-1604.8459025	
-4.96749580144	-1604.84514986	
-4.96981329958	-1604.84440733	
-4.97212543933	-1604.84367483	
-4.97443224543	-1604.8429523	
-4.97673374242	-1604.84223964	
-4.97902995468	-1604.84153679	
-4.98132090643	-1604.84084366	
-4.98360662171	-1604.84016018	
-4.98588712441	-1604.83948626	
-4.98816243824	-1604.83882185	
-4.99043258678	-1604.83816685	
-4.99269759341	-1604.8375212	
-4.99495748138	-1604.83688482	
-4.99721227376	-1604.83625765	
-4.9994619935	-1604.8356396	
-5.00170666335	-1604.83503061	
-5.00394630595	-1604.83443061	
-5.00618094375	-1604.83383952	
-5.00841059907	-1604.83325728	
-5.0106352941	-1604.83268382	
-5.01285505083	-1604.83211907	
-5.01506989116	-1604.83156296	
-5.01727983681	-1604.83101543	
-5.01948490937	-1604.8304764	
-5.02168513028	-1604.82994582	
-5.02388052085	-1604.82942361	
-5.02607110223	-1604.82890972	
-5.02825689545	-1604.82840408	
-5.03043792139	-1604.82790662	
-5.03261420082	-1604.82741729	
-5.03478575433	-1604.82693602	
-5.03695260241	-1604.82646274	
-5.03911476542	-1604.8259974	
-5.04127226356	-1604.82553994	
-5.04342511692	-1604.8250903	
-5.04557334546	-1604.82464841	
-5.047716969	-1604.82421422	
-5.04985600725	-1604.82378766	
-5.05199047978	-1604.82336869	
-5.05412040604	-1604.82295724	
-5.05624580535	-1604.82255325	
-5.05836669692	-1604.82215668	
-5.06048309982	-1604.82176745	
-5.06259503303	-1604.82138553	
-5.06470251537	-1604.82101084	
-5.06680556556	-1604.82064334	
-5.06890420222	-1604.82028298	
-5.07099844382	-1604.81992969	
-5.07308830874	-1604.81958343	
-5.07517381523	-1604.81924414	
-5.07725498144	-1604.81891178	
-5.07933182538	-1604.81858628	
-5.08140436498	-1604.8182676	
-5.08347261805	-1604.81795568	
-5.08553660227	-1604.81765048	
-5.08759633523	-1604.81735194	
-5.08965183441	-1604.81706002	
-5.09170311719	-1604.81677466	
-5.09375020081	-1604.81649582	
-5.09579310244	-1604.81622345	
-5.09783183913	-1604.8159575	
-5.09986642782	-1604.81569792	
-5.10189688537	-1604.81544467	
-5.10392322852	-1604.81519769	
-5.1059454739	-1604.81495695	
-5.10796363806	-1604.81472239	
-5.10997773743	-1604.81449396	
-5.11198778836	-1604.81427164	
-5.11399380708	-1604.81405536	
-5.11599580975	-1604.81384509	
-5.11799381242	-1604.81364077	
-5.11998783102	-1604.81344237	
-5.12197788143	-1604.81324985	
-5.1239639794	-1604.81306315	
-5.12594614061	-1604.81288224	
-5.12792438062	-1604.81270708	
-5.12989871492	-1604.81253761	
-5.13186915891	-1604.81237381	
-5.13383572788	-1604.81221563	
-5.13579843705	-1604.81206302	
-5.13775730154	-1604.81191595	
-5.13971233637	-1604.81177437	
-5.1416635565	-1604.81163825	
-5.14361097679	-1604.81150755	
-5.145554612	-1604.81138223	
-5.14749447681	-1604.81126224	
-5.14943058584	-1604.81114755	
-5.15136295359	-1604.81103812	
-5.1532915945	-1604.81093392	
-5.15521652291	-1604.81083489	
-5.15713775309	-1604.81074102	
-5.15905529921	-1604.81065225	
-5.1609691754	-1604.81056856	
-5.16287939565	-1604.8104899	
-5.16478597392	-1604.81041624	
-5.16668892407	-1604.81034755	
-5.16858825987	-1604.81028378	
-5.17048399504	-1604.8102249	
-5.17237614319	-1604.81017089	
-5.17426471788	-1604.81012169	
-5.17614973257	-1604.81007728	
-5.17803120067	-1604.81003762	
-5.1799091355	-1604.81000268	
-5.18178355029	-1604.80997242	
-5.18365445823	-1604.80994682	
-5.1855218724	-1604.80992583	
-5.18738580584	-1604.80990943	
-5.18924627149	-1604.80989758	
-5.19110328224	-1604.80989025	
-5.19295685089	-1604.8098874	
-5.19480699018	-1604.80988902	
-5.19665371277	-1604.80989505	
-5.19849703127	-1604.80990547	
-5.20033695819	-1604.80992026	
-5.202173506	-1604.80993937	
-5.20400668708	-1604.80996278	
-5.20583651375	-1604.80999046	
-5.20766299828	-1604.81002238	
-5.20948615284	-1604.8100585	
-5.21130598956	-1604.8100988	
-5.21312252048	-1604.81014325	
-5.21493575761	-1604.81019182	
-5.21674571285	-1604.81024448	
-5.21855239808	-1604.81030119	
-5.22035582508	-1604.81036194	
-5.22215600558	-1604.81042669	
-5.22395295126	-1604.81049541	
-5.22574667371	-1604.81056809	
-5.22753718449	-1604.81064467	
-5.22932449506	-1604.81072516	
-5.23110861685	-1604.8108095	
-5.23288956123	-1604.81089768	
-5.23466733947	-1604.81098967	
-5.23644196283	-1604.81108544	
-5.23821344248	-1604.81118497	
-5.23998178954	-1604.81128823	
-5.24174701506	-1604.81139519	
-5.24350913005	-1604.81150582	
-5.24526814546	-1604.81162011	
-5.24702407216	-1604.81173802	
-5.24877692099	-1604.81185954	
-5.25052670271	-1604.81198463	
-5.25227342805	-1604.81211327	
-5.25401710765	-1604.81224543	
-5.25575775213	-1604.8123811	
-5.25749537203	-1604.81252024	
-5.25922997784	-1604.81266283	
-5.26096158	-1604.81280885	
-5.2626901889	-1604.81295827	
-5.26441581487	-1604.81311107	
-5.26613846818	-1604.81326723	
-5.26785815906	-1604.81342672	
-5.26957489768	-1604.81358952	
-5.27128869416	-1604.81375561	
-5.27299955856	-1604.81392496	
-5.27470750091	-1604.81409755	
-5.27641253116	-1604.81427336	
-5.27811465923	-1604.81445236	
-5.27981389498	-1604.81463454	
-5.28151024823	-1604.81481987	
-5.28320372874	-1604.81500833	
-5.28489434622	-1604.8151999	
-5.28658211033	-1604.81539455	
-5.28826703069	-1604.81559227	
-5.28994911688	-1604.81579304	
-5.2916283784	-1604.81599682	
-5.29330482472	-1604.81620361	
-5.29497846528	-1604.81641337	
-5.29664930945	-1604.8166261	
-5.29831736655	-1604.81684177	
-5.29998264587	-1604.81706035	
-5.30164515664	-1604.81728184	
-5.30330490806	-1604.8175062	
-5.30496190927	-1604.81773342	
-5.30661616936	-1604.81796348	
-5.3082676974	-1604.81819637	
-5.30991650239	-1604.81843205	
-5.3115625933	-1604.81867051	
-5.31320597904	-1604.81891173	
-5.3148466685	-1604.8191557	
-5.3164846705	-1604.81940239	
-5.31811999384	-1604.81965178	
-5.31975264727	-1604.81990386	
-5.32138263948	-1604.82015861	
-5.32300997914	-1604.82041601	
-5.32463467487	-1604.82067604	
-5.32625673524	-1604.82093868	
-5.32787616879	-1604.82120391	
-5.32949298402	-1604.82147172	
-5.33110718937	-1604.8217421	
-5.33271879327	-1604.82201501	
-5.33432780407	-1604.82229045	
-5.33593423012	-1604.82256839	
-5.3375380797	-1604.82284882	
-5.33913936107	-1604.82313173	
-5.34073808243	-1604.82341709	
-5.34233425196	-1604.82370489	
-5.3439278778	-1604.82399511	
-5.34551896803	-1604.82428774	
-5.34710753072	-1604.82458275	
-5.34869357387	-1604.82488014	
-5.35027710548	-1604.82517988	
-5.35185813348	-1604.82548196	
-5.35343666577	-1604.82578637	
-5.35501271022	-1604.82609308	
-5.35658627467	-1604.82640209	
-5.3581573669	-1604.82671337	
-5.35972599468	-1604.82702691	
-5.36129216571	-1604.82734269	
-5.36285588769	-1604.82766071	
-5.36441716825	-1604.82798094	
-5.36597601502	-1604.82830337	
-5.36753243557	-1604.82862798	
-5.36908643744	-1604.82895476	
-5.37063802813	-1604.82928369	
-5.37218721511	-1604.82961477	
-5.37373400583	-1604.82994797	
-5.37527840768	-1604.83028328	
-5.37682042804	-1604.83062068	
-5.37836007422	-1604.83096017	
-5.37989735354	-1604.83130172	
-5.38143227326	-1604.83164532	
-5.38296484061	-1604.83199097	
-5.38449506279	-1604.83233863	
-5.38602294697	-1604.83268831	
-5.38754850028	-1604.83303999	
-5.38907172982	-1604.83339365	
-5.39059264266	-1604.83374927	
-5.39211124583	-1604.83410686	
-5.39362754635	-1604.83446639	
-5.39514155118	-1604.83482784	
-5.39665326727	-1604.83519122	
-5.39816270152	-1604.83555649	
-5.39966986081	-1604.83592366	
-5.40117475199	-1604.8362927	
-5.40267738187	-1604.83666361	
-5.40417775725	-1604.83703637	
-5.40567588487	-1604.83741096	
-5.40717177146	-1604.83778738	
-5.40866542372	-1604.83816562	
-5.4101568483	-1604.83854566	
-5.41164605186	-1604.83892748	
-5.41313304098	-1604.83931109	
-5.41461782224	-1604.83969645	
-5.4161004022	-1604.84008357	
-5.41758078737	-1604.84047243	
-5.41905898424	-1604.84086302	
-5.42053499927	-1604.84125532	
-5.42200883889	-1604.84164933	
-5.4234805095	-1604.84204503	
-5.42495001748	-1604.84244241	
-5.42641736918	-1604.84284146	
-5.4278825709	-1604.84324217	
-5.42934562895	-1604.84364452	
-5.43080654959	-1604.84404851	
-5.43226533906	-1604.84445413	
-5.43372200355	-1604.84486135	
-5.43517654927	-1604.84527018	
-5.43662898235	-1604.8456806	
-5.43807930892	-1604.8460926	
-5.4395275351	-1604.84650617	
-5.44097366695	-1604.8469213	
-5.44241771052	-1604.84733797	
-5.44385967184	-1604.84775618	
-5.4452995569	-1604.84817592	
-5.44673737167	-1604.84859717	
-5.44817312209	-1604.84901993	
-5.44960681409	-1604.84944418	
-5.45103845357	-1604.84986992	
-5.45246804638	-1604.85029713	
-5.45389559837	-1604.8507258	
-5.45532111536	-1604.85115593	
-5.45674460314	-1604.8515875	
-5.45816606749	-1604.85202051	
-5.45958551414	-1604.85245494	
-5.46100294883	-1604.85289078	
-5.46241837723	-1604.85332803	
-5.46383180503	-1604.85376667	
-5.46524323786	-1604.8542067	
-5.46665268137	-1604.8546481	
-5.46806014114	-1604.85509087	
-5.46946562274	-1604.85553499	
-5.47086913175	-1604.85598046	
-5.47227067367	-1604.85642727	
-5.47367025403	-1604.85687541	
-5.47506787829	-1604.85732486	
-5.47646355193	-1604.85777563	
-5.47785728038	-1604.85822769	
-5.47924906905	-1604.85868105	
-5.48063892334	-1604.85913569	
-5.48202684862	-1604.8595916	
-5.48341285022	-1604.86004878	
-5.48479693349	-1604.86050722	
-5.48617910372	-1604.8609669	
-5.48755936619	-1604.86142782	
-5.48893772616	-1604.86188997	
-5.49031418887	-1604.86235334	
-5.49168875953	-1604.86281792	
-5.49306144334	-1604.86328371	
-5.49443224547	-1604.86375069	
-5.49580117108	-1604.86421886	
-5.49716822529	-1604.86468821	
-5.49853341322	-1604.86515873	
-5.49989673995	-1604.86563041	
-5.50125821054	-1604.86610325	
-5.50261783006	-1604.86657724	
-5.50397560352	-1604.86705236	
-5.50533153593	-1604.86752861	
-5.50668563228	-1604.86800598	
-5.50803789753	-1604.86848447	
-5.50938833663	-1604.86896407	
-5.5107369545	-1604.86944476	
-5.51208375605	-1604.86992655	
-5.51342874616	-1604.87040941	
-5.51477192971	-1604.87089336	
-5.51611331154	-1604.87137837	
-5.51745289646	-1604.87186444	
-5.51879068931	-1604.87235156	
-5.52012669485	-1604.87283973	
-5.52146091786	-1604.87332894	
-5.5227933631	-1604.87381918	
-5.52412403528	-1604.87431044	
-5.52545293913	-1604.87480272	
-5.52678007934	-1604.875296	
-5.52810546058	-1604.87579029	
-5.52942908751	-1604.87628557	
-5.53075096477	-1604.87678184	
-5.53207109697	-1604.87727909	
-5.53338948873	-1604.87777731	
-5.53470614461	-1604.8782765	
-5.53602106919	-1604.87877665	
-5.53733426702	-1604.87927775	
-5.53864574262	-1604.8797798	
-5.5399555005	-1604.88028278	
-5.54126354516	-1604.8807867	
-5.54256988107	-1604.88129154	
-5.5438745127	-1604.8817973	
-5.54517744448	-1604.88230397	
-5.54647868084	-1604.88281155	
-5.54777822618	-1604.88332003	
-5.5490760849	-1604.8838294	
-5.55037226136	-1604.88433965	
-5.55166675992	-1604.88485079	
-5.55295958492	-1604.88536279	
-5.55425074069	-1604.88587567	
-5.55554023152	-1604.8863894	
-5.5568280617	-1604.88690399	
-5.55811423551	-1604.88741943	
-5.5593987572	-1604.88793571	
-5.56068163102	-1604.88845283	
-5.56196286117	-1604.88897077	
-5.56324245188	-1604.88948954	
-5.56452040732	-1604.89000912	
-5.56579673168	-1604.89052952	
-5.56707142911	-1604.89105072	
-5.56834450376	-1604.89157272	
-5.56961595975	-1604.89209552	
-5.57088580119	-1604.8926191	
-5.57215403218	-1604.89314346	
-5.57342065679	-1604.8936686	
-5.5746856791	-1604.89419452	
-5.57594910315	-1604.89472119	
-5.57721093297	-1604.89524863	
-5.57847117258	-1604.89577681	
-5.57972982599	-1604.89630575	
-5.58098689718	-1604.89683543	
-5.58224239012	-1604.89736584	
-5.58349630878	-1604.89789699	
-5.5847486571	-1604.89842886	
-5.585999439	-1604.89896145	
-5.5872486584	-1604.89949476	
-5.5884963192	-1604.90002878	
-5.58974242528	-1604.9005635	
-5.59098698051	-1604.90109892	
-5.59222998875	-1604.90163503	
-5.59347145384	-1604.90217183	
-5.5947113796	-1604.90270931	
-5.59594976985	-1604.90324748	
-5.59718662839	-1604.90378631	
-5.598421959	-1604.90432581	
-5.59965576545	-1604.90486598	
-5.60088805149	-1604.9054068	
-5.60211882088	-1604.90594828	
-5.60334807733	-1604.9064904	
-5.60457582457	-1604.90703316	
-5.6058020663	-1604.90757657	
-5.60702680619	-1604.9081206	
-5.60825004793	-1604.90866526	
-5.60947179518	-1604.90921055	
-5.61069205159	-1604.90975646	
-5.61191082078	-1604.91030297	
-5.61312810639	-1604.9108501	
-5.61434391201	-1604.91139783	
-5.61555824124	-1604.91194616	
-5.61677109767	-1604.91249508	
-5.61798248485	-1604.9130446	
-5.61919240636	-1604.91359469	
-5.62040086572	-1604.91414537	
-5.62160786647	-1604.91469663	
-5.62281341212	-1604.91524846	
-5.62401750619	-1604.91580085	
-5.62522015215	-1604.91635381	
-5.6264213535	-1604.91690732	
-5.62762111369	-1604.91746139	
-5.62881943618	-1604.91801601	
-5.63001632442	-1604.91857117	
-5.63121178182	-1604.91912687	
-5.63240581181	-1604.91968311	
-5.6335984178	-1604.92023988	
-5.63478960317	-1604.92079718	
-5.6359793713	-1604.921355	
-5.63716772557	-1604.92191335	
-5.63835466933	-1604.9224722	
-5.63954020593	-1604.92303157	
-5.64072433869	-1604.92359144	
-5.64190707094	-1604.92415182	
-5.64308840598	-1604.9247127	
-5.64426834712	-1604.92527406	
-5.64544689764	-1604.92583592	
-5.64662406082	-1604.92639827	
-5.64779983991	-1604.9269611	
-5.64897423816	-1604.92752441	
-5.65014725882	-1604.92808819	
-5.65131890512	-1604.92865244	
-5.65248918027	-1604.92921716	
-5.65365808747	-1604.92978234	
-5.65482562993	-1604.93034798	
-5.65599181082	-1604.93091407	
-5.65715663332	-1604.93148062	
-5.65832010058	-1604.93204761	
-5.65948221576	-1604.93261505	
-5.660642982	-1604.93318292	
-5.66180240242	-1604.93375124	
-5.66296048014	-1604.93431998	
-5.66411721826	-1604.93488916	
-5.66527261989	-1604.93545876	
-5.66642668811	-1604.93602878	
-5.66757942599	-1604.93659921	
-5.6687308366	-1604.93717007	
-5.66988092298	-1604.93774133	
-5.67102968818	-1604.938313	
-5.67217713524	-1604.93888507	
-5.67332326717	-1604.93945755	
-5.67446808699	-1604.94003042	
-5.67561159769	-1604.94060368	
-5.67675380227	-1604.94117733	
-5.6778947037	-1604.94175137	
-5.67903430497	-1604.9423258	
-5.68017260902	-1604.9429006	
-5.6813096188	-1604.94347577	
-5.68244533727	-1604.94405132	
-5.68357976734	-1604.94462724	
-5.68471291194	-1604.94520353	
-5.68584477397	-1604.94578018	
-5.68697535634	-1604.94635719	
-5.68810466194	-1604.94693455	
-5.68923269364	-1604.94751227	
-5.69035945432	-1604.94809033	
-5.69148494685	-1604.94866875	
-5.69260917406	-1604.9492475	
-5.6937321388	-1604.9498266	
-5.69485384391	-1604.95040603	
-5.69597429221	-1604.9509858	
-5.69709348651	-1604.9515659	
-5.69821142961	-1604.95214633	
-5.69932812431	-1604.95272708	
-5.70044357339	-1604.95330815	
-5.70155777963	-1604.95388954	
-5.7026707458	-1604.95447125	
-5.70378247466	-1604.95505327	
-5.70489296894	-1604.9556356	
-5.70600223139	-1604.95621823	
-5.70711026475	-1604.95680117	
-5.70821707172	-1604.95738441	
-5.70932265503	-1604.95796795	
-5.71042701737	-1604.95855178	
-5.71153016145	-1604.9591359	
-5.71263208993	-1604.95972032	
-5.71373280551	-1604.96030502	
-5.71483231084	-1604.96089	
-5.71593060859	-1604.96147527	
-5.71702770141	-1604.96206081	
-5.71812359193	-1604.96264663	
-5.71921828279	-1604.96323272	
-5.72031177661	-1604.96381908	
-5.72140407601	-1604.9644057	
-5.72249518359	-1604.96499259	
-5.72358510195	-1604.96557974	
-5.72467383369	-1604.96616715	
-5.72576138137	-1604.96675482	
-5.72684774759	-1604.96734274	
-5.72793293489	-1604.96793091	
-5.72901694583	-1604.96851933	
-5.73009978297	-1604.96910799	
-5.73118144884	-1604.9696969	
-5.73226194598	-1604.97028605	
-5.7333412769	-1604.97087543	
-5.73441944412	-1604.97146505	
-5.73549645015	-1604.97205491	
-5.73657229748	-1604.97264499	
-5.73764698861	-1604.9732353	
-5.73872052602	-1604.97382584	
-5.73979291218	-1604.9744166	
-5.74086414956	-1604.97500758	
-5.74193424062	-1604.97559877	
-5.74300318781	-1604.97619019	
-5.74407099357	-1604.97678181	
-5.74513766034	-1604.97737365	
-5.74620319054	-1604.97796569	
-5.7472675866	-1604.97855794	
-5.74833085092	-1604.97915039	
-5.74939298591	-1604.97974305	
-5.75045399397	-1604.9803359	
-5.75151387748	-1604.98092895	
-5.75257263883	-1604.98152219	
-5.75363028038	-1604.98211562	
-5.75468680452	-1604.98270925	
-5.75574221359	-1604.98330306	
-5.75679650994	-1604.98389706	
-5.75784969593	-1604.98449123	
-5.75890177388	-1604.98508559	
-5.75995274612	-1604.98568013	
-5.76100261499	-1604.98627484	
-5.76205138278	-1604.98686973	
-5.76309905181	-1604.98746479	
-5.76414562438	-1604.98806002	
-5.76519110278	-1604.98865541	
-5.7662354893	-1604.98925097	
-5.76727878622	-1604.98984669	
-5.76832099579	-1604.99044258	
-5.7693621203	-1604.99103862	
-5.770402162	-1604.99163482	
-5.77144112313	-1604.99223117	
-5.77247900594	-1604.99282768	
-5.77351581267	-1604.99342434	
-5.77455154554	-1604.99402114	
-5.77558620679	-1604.99461809	
-5.77661979861	-1604.99521519	
-5.77765232322	-1604.99581242	
-5.77868378283	-1604.9964098	
-5.77971417962	-1604.99700732	
-5.78074351579	-1604.99760497	
-5.78177179352	-1604.99820276	
-5.78279901497	-1604.99880067	
-5.78382518233	-1604.99939872	
-5.78485029774	-1604.9999969	
-5.78587436337	-1605.0005952	
-5.78689738137	-1605.00119363	
-5.78791935386	-1605.00179218	
-5.788940283	-1605.00239086	
-5.7899601709	-1605.00298965	
-5.79097901969	-1605.00358855	
-5.79199683148	-1605.00418758	
-5.79301360838	-1605.00478671	
-5.7940293525	-1605.00538596	
-5.79504406593	-1605.00598532	
-5.79605775077	-1605.00658478	
-5.79707040908	-1605.00718435	
-5.79808204295	-1605.00778403	
-5.79909265446	-1605.00838381	
-5.80010224566	-1605.00898369	
-5.80111081862	-1605.00958366	
-5.80211837538	-1605.01018374	
-5.80312491799	-1605.01078391	
-5.80413044849	-1605.01138417	
-5.80513496892	-1605.01198452	
-5.80613848129	-1605.01258497	
-5.80714098764	-1605.0131855	
-5.80814248998	-1605.01378612	
-5.80914299031	-1605.01438682	
