#Site	lnL	
0	-1.58289567524
1	-7.25159063981
2	-2.51626838226
3	-1.58289567524
4	-5.80182460302
5	-1.96759871352
6	-1.58289567524
7	-1.85311097298
8	-6.6774356424
9	-1.71123236959
10	-7.07570420762
11	-9.98593672702
12	-1.71123236959
13	-2.21193495644
14	-1.96759871352
15	-1.71123236959
16	-1.7151580978
17	-1.96759871352
18	-2.05305655468
19	-5.16768138016
20	-2.24409458904
21	-1.58289567524
22	-7.75676849352
23	-4.9637747713
24	-7.69208350625
25	-6.93266957951
26	-5.2457361615
27	-7.96158394098
28	-1.96135024513
29	-5.10643332038
30	-1.71123236959
31	-8.54153144172
32	-2.24409458904
33	-1.71123236959
34	-1.85311097298
35	-1.96759871352
36	-7.23136461226
37	-6.19164066028
38	-2.12411954635
39	-1.58289567524
40	-5.40205835116
41	-2.24409458904
42	-7.16876808015
43	-5.45686764682
44	-6.32182790782
45	-7.38969125397
46	-1.96135024513
47	-6.9796314386
48	-1.81345004089
49	-1.96135024513
50	-2.24409458904
51	-1.58289567524
52	-2.21193495644
53	-6.77362189393
54	-2.05305655468
55	-2.21193495644
56	-6.05222032293
57	-5.28705075689
58	-7.25450327485
59	-2.24409458904
60	-6.47917398025
61	-6.98200910815
62	-2.12411954635
63	-1.58289567524
64	-2.21193495644
65	-6.85818475279
66	-1.81345004089
67	-1.96135024513
68	-2.24409458904
69	-7.39193868952
70	-7.41642174903
71	-2.12411954635
72	-1.58289567524
73	-6.58135464763
74	-4.93781443295
75	-12.7292919039
76	-1.7151580978
77	-2.51626838226
78	-1.81345004089
79	-1.7151580978
80	-2.12411954635
81	-1.81345004089
82	-7.69717676309
83	-2.24409458904
84	-7.96158394098
85	-1.96135024513
86	-6.82236796082
87	-1.71123236959
88	-10.7538088616
89	-1.96759871352
90	-7.83852366676
91	-6.19164066028
92	-8.08302639884
93	-1.71123236959
94	-1.96135024513
95	-6.84487325095
96	-1.71123236959
97	-1.96135024513
98	-1.96759871352
99	-1.81345004089
100	-1.85311097298
101	-10.911537305
102	-1.71123236959
103	-1.85311097298
104	-2.24409458904
105	-2.05305655468
106	-1.7151580978
107	-2.12411954635
108	-1.58289567524
109	-2.21193495644
110	-5.8841086952
111	-1.58289567524
112	-1.96135024513
113	-5.8841086952
114	-1.71123236959
115	-1.85311097298
116	-1.96759871352
117	-1.81345004089
118	-5.40205835116
119	-2.12411954635
120	-13.8051979238
121	-1.7151580978
122	-6.05138880718
123	-8.58795233824
124	-2.21193495644
125	-2.12411954635
126	-1.81345004089
127	-2.21193495644
128	-2.51626838226
129	-8.19449760424
130	-7.69717676309
131	-1.96759871352
132	-1.81345004089
133	-7.13584481722
134	-6.05222032293
135	-1.71123236959
136	-8.16871610364
137	-8.13102787061
138	-7.03181458904
139	-1.85311097298
140	-1.96759871352
141	-1.71123236959
142	-2.21193495644
143	-1.96759871352
144	-2.05305655468
145	-2.21193495644
146	-4.90557825619
147	-6.20448181403
148	-1.85311097298
149	-2.12411954635
150	-5.99966073766
151	-1.85311097298
152	-8.22060425177
153	-1.71123236959
154	-9.79487116425
155	-2.51626838226
156	-1.58289567524
157	-2.21193495644
158	-6.73924682593
159	-1.81345004089
160	-2.21193495644
161	-2.12411954635
162	-1.71123236959
163	-1.85311097298
164	-7.82652731535
165	-1.58289567524
166	-1.85311097298
167	-7.48502315799
168	-5.30261490713
169	-7.34114696923
170	-2.12411954635
171	-2.05305655468
172	-2.21193495644
173	-6.16341360586
174	-5.91249048808
175	-9.72987627941
176	-2.51626838226
177	-1.71123236959
178	-8.83831794987
179	-2.12411954635
180	-1.81345004089
181	-1.7151580978
182	-6.05138880718
183	-1.58289567524
184	-6.28849143341
185	-8.95173906894
186	-7.47880533903
187	-8.72204225065
188	-8.77230551274
189	-6.04126866119
190	-1.96135024513
191	-8.83005107995
192	-1.58289567524
193	-6.43623258836
194	-1.96759871352
195	-6.10056460463
196	-5.39848839751
197	-1.96759871352
198	-1.58289567524
199	-1.85311097298
200	-8.13103722425
201	-5.51882790582
202	-1.85311097298
203	-2.51626838226
204	-1.71123236959
205	-1.96135024513
206	-2.24409458904
207	-6.60469712498
208	-1.96135024513
209	-8.51086647211
210	-2.05305655468
211	-1.96135024513
212	-2.24409458904
213	-1.71123236959
214	-5.11399309471
215	-1.96759871352
216	-1.58289567524
217	-1.7151580978
218	-1.96759871352
219	-1.71123236959
220	-2.21193495644
221	-2.12411954635
222	-6.61810112661
223	-6.02531018781
224	-2.24409458904
225	-1.58289567524
226	-6.00530395511
227	-5.93926114361
228	-1.81345004089
229	-6.08450391775
230	-6.19468240362
231	-6.50329390636
232	-2.21193495644
233	-1.96759871352
234	-1.58289567524
235	-5.73159185981
236	-6.10839762414
237	-1.58289567524
238	-2.21193495644
239	-6.32182790782
240	-1.81345004089
241	-8.32003922516
242	-2.24409458904
243	-1.81345004089
244	-6.08450391775
245	-2.12411954635
246	-1.81345004089
247	-1.85311097298
248	-1.96759871352
249	-1.58289567524
250	-5.34272785982
251	-2.12411954635
252	-1.71123236959
253	-1.85311097298
254	-2.51626838226
255	-6.47896712289
256	-6.13135811168
257	-2.24409458904
258	-6.20448181403
259	-1.7151580978
260	-6.36843985939
261	-2.05305655468
262	-5.34272785982
263	-6.32182790782
264	-2.05305655468
265	-1.96135024513
266	-5.58403732327
267	-1.81345004089
268	-1.7151580978
269	-9.68639835871
270	-1.58289567524
271	-5.34272785982
272	-8.1458096499
273	-8.44998980641
274	-6.01004620288
275	-1.96759871352
276	-1.81345004089
277	-7.13554007142
278	-5.4054181005
279	-1.71123236959
280	-1.85311097298
281	-2.24409458904
282	-1.58289567524
283	-6.13135811168
284	-7.68449578251
285	-2.05305655468
286	-2.21193495644
287	-2.51626838226
288	-5.89673833522
289	-1.85311097298
290	-2.51626838226
291	-9.22458528794
292	-8.83478627199
293	-7.14528943219
294	-2.05305655468
295	-5.26186286933
296	-1.96759871352
297	-1.58289567524
298	-1.85311097298
299	-5.15945138202
300	-1.81345004089
301	-2.21193495644
302	-1.96759871352
303	-6.04126866119
304	-2.21193495644
305	-2.51626838226
306	-2.05305655468
307	-1.96135024513
308	-1.96759871352
309	-1.58289567524
310	-1.7151580978
311	-8.51086647211
312	-5.58889577703
313	-2.21193495644
314	-5.8532788173
315	-1.58289567524
316	-9.65233953453
317	-1.96759871352
318	-1.58289567524
319	-5.61743825742
320	-1.96759871352
321	-6.53717429967
322	-6.49244796374
323	-2.12411954635
324	-1.81345004089
325	-2.21193495644
326	-8.92218194429
327	-1.81345004089
328	-1.7151580978
329	-13.784829339
330	-5.78889338665
331	-1.96135024513
332	-6.19468240362
333	-1.81345004089
334	-9.99657118035
335	-6.16341360586
336	-1.58289567524
337	-1.96135024513
338	-2.24409458904
339	-11.9334838056
340	-1.96135024513
341	-5.10643332038
342	-5.65367833773
343	-2.21193495644
344	-6.05138880718
345	-6.08995090647
346	-2.21193495644
347	-2.51626838226
348	-2.05305655468
349	-8.35544316016
350	-2.12411954635
351	-1.81345004089
352	-2.21193495644
353	-2.12411954635
354	-6.40871519419
355	-8.29175431243
356	-2.24409458904
357	-1.81345004089
358	-5.904241152
359	-1.96759871352
360	-6.21163097009
361	-5.70679539757
362	-5.15964892685
363	-1.71123236959
364	-1.7151580978
365	-1.96759871352
366	-1.71123236959
367	-1.96135024513
368	-2.24409458904
369	-1.71123236959
370	-2.21193495644
371	-2.24409458904
372	-1.58289567524
373	-1.85311097298
374	-6.55915225282
375	-6.33830884249
376	-9.10686643226
377	-2.51626838226
378	-6.39349661538
379	-5.904241152
380	-2.24409458904
381	-1.81345004089
382	-6.00530395511
383	-1.96759871352
384	-6.18135796153
385	-1.7151580978
386	-2.51626838226
387	-5.6631734914
388	-1.96135024513
389	-5.58403732327
390	-1.71123236959
391	-13.7428501972
392	-2.51626838226
393	-1.58289567524
394	-1.96135024513
395	-2.51626838226
396	-1.58289567524
397	-1.96135024513
398	-1.96759871352
399	-1.58289567524
400	-5.16768138016
401	-2.51626838226
402	-6.08995090647
403	-2.21193495644
404	-1.96759871352
405	-5.79632404352
406	-1.7151580978
407	-5.52837746045
408	-1.81345004089
409	-5.32253282163
410	-2.51626838226
411	-9.77071138121
412	-1.85311097298
413	-2.12411954635
414	-1.71123236959
415	-1.7151580978
416	-2.12411954635
417	-9.76268150291
418	-1.7151580978
419	-2.24409458904
420	-1.81345004089
421	-1.7151580978
422	-1.96759871352
423	-1.71123236959
424	-1.96135024513
425	-2.24409458904
426	-2.05305655468
427	-8.16637123845
428	-5.52837746045
429	-2.05305655468
430	-2.21193495644
431	-6.29481656549
432	-2.05305655468
433	-1.7151580978
434	-2.51626838226
435	-1.58289567524
436	-5.45686764682
437	-8.59959621349
438	-1.58289567524
439	-1.96135024513
440	-1.96759871352
441	-1.71123236959
442	-6.00530395511
443	-2.12411954635
444	-1.81345004089
445	-1.7151580978
446	-2.24409458904
447	-6.34035232101
448	-1.7151580978
449	-6.82236796082
450	-5.79632404352
451	-1.96135024513
452	-6.15938600095
453	-6.61810112661
454	-6.7216801642
455	-2.12411954635
456	-1.71123236959
457	-5.34272785982
458	-1.96759871352
459	-1.58289567524
460	-1.7151580978
461	-2.12411954635
462	-1.81345004089
463	-5.61743825742
464	-1.96759871352
465	-1.58289567524
466	-5.59399485919
467	-5.2457361615
468	-1.81345004089
469	-1.7151580978
470	-1.96759871352
