#Site	lnL	
0	-1.47857734083
1	-4.7323918225
2	-1.35546051234
3	-1.57979736261
4	-6.33041227321
5	-1.31055245748
6	-1.63157928544
7	-9.07073701577
8	-14.3751513651
9	-1.57979736261
10	-1.61957664084
11	-13.6852138885
12	-1.47857734083
13	-7.02066996582
14	-15.6478309106
15	-5.74737389539
16	-9.41536525675
17	-16.5342775539
18	-1.47857734083
19	-6.6317095137
20	-13.9580545542
21	-1.57979736261
22	-1.79371802474
23	-1.23841050951
24	-2.00288372234
25	-1.73783321836
26	-1.70044507519
27	-1.57979736261
28	-1.73783321836
29	-1.35546051234
30	-1.47857734083
31	-1.73783321836
32	-1.35546051234
33	-1.47857734083
34	-1.79371802474
35	-1.31055245748
36	-1.63157928544
37	-1.79371802474
38	-39.0760056747
39	-1.47857734083
40	-8.91272159969
41	-1.70044507519
42	-1.47857734083
43	-2.18107570469
44	-1.35546051234
45	-7.38738599169
46	-5.73908520341
47	-14.6987279276
48	-1.63157928544
49	-5.31737248439
50	-15.1814533365
51	-5.3551605373
52	-1.79371802474
53	-25.9743660371
54	-1.57979736261
55	-5.66070743089
56	-1.23841050951
57	-1.57979736261
58	-1.61957664084
59	-27.9775805962
60	-1.63157928544
61	-16.8227410182
62	-14.0087886268
63	-1.47857734083
64	-1.79371802474
65	-1.35546051234
66	-5.39647726852
67	-5.39642128358
68	-15.2056581213
69	-2.00288372234
70	-2.18107570469
71	-1.23841050951
72	-5.74398110349
73	-6.16160820018
74	-1.31055245748
75	-1.47857734083
76	-1.73783321836
77	-15.1408952322
78	-1.47857734083
79	-1.79371802474
80	-1.31055245748
81	-1.57979736261
82	-6.56130231863
83	-1.35546051234
84	-6.1240956901
85	-5.06947213897
86	-1.70044507519
87	-1.63157928544
88	-1.73783321836
89	-14.0633040505
90	-2.00288372234
91	-2.18107570469
92	-14.0087886268
93	-1.47857734083
94	-1.61957664084
95	-1.31055245748
96	-1.63157928544
97	-1.61957664084
98	-15.3373893482
99	-1.57979736261
100	-1.61957664084
101	-13.68521461
102	-7.92411315032
103	-1.73783321836
104	-1.35546051234
105	-1.57979736261
106	-1.73783321836
107	-1.23841050951
108	-2.00288372234
109	-7.01857604731
110	-1.23841050951
111	-2.00288372234
112	-1.79371802474
113	-28.4087471289
114	-2.00288372234
115	-5.77008462324
116	-14.5253321819
117	-1.57979736261
118	-1.61957664084
119	-1.31055245748
120	-1.63157928544
121	-1.73783321836
122	-14.2816380229
123	-1.57979736261
124	-1.79371802474
125	-1.23841050951
126	-5.65321502757
127	-6.22731134978
128	-1.35546051234
129	-1.57979736261
130	-2.18107570469
131	-1.31055245748
132	-1.57979736261
133	-1.61957664084
134	-13.9580545542
135	-1.47857734083
136	-1.79371802474
137	-14.5253366547
138	-2.00288372234
139	-1.73783321836
140	-1.23841050951
141	-1.63157928544
142	-1.61957664084
143	-16.0273396301
144	-1.63157928544
145	-1.73783321836
146	-1.35546051234
147	-1.57979736261
148	-1.73783321836
149	-30.2996409812
150	-10.258685486
151	-1.61957664084
152	-14.0633040505
153	-1.47857734083
154	-1.79371802474
155	-28.2813049954
156	-1.63157928544
157	-1.61957664084
158	-1.23841050951
159	-6.4353767453
160	-10.5081956191
161	-1.23841050951
162	-6.98374455389
163	-2.18107570469
164	-26.2227800028
165	-2.00288372234
166	-1.73783321836
167	-14.4509608636
168	-2.00288372234
169	-5.75390717716
170	-16.1054867633
171	-1.47857734083
172	-1.61957664084
173	-15.6102279577
174	-5.39647726852
175	-5.94954678019
176	-13.3284640836
177	-1.57979736261
178	-4.74209029647
179	-14.8371821513
180	-1.47857734083
181	-1.79371802474
182	-1.70044507519
183	-2.00288372234
184	-2.18107570469
185	-1.35546051234
186	-2.00288372234
187	-6.62363045648
188	-13.9580545542
189	-1.47857734083
190	-1.79371802474
191	-1.35546051234
192	-1.47857734083
193	-1.73783321836
194	-1.23841050951
195	-1.47857734083
196	-1.61957664084
197	-1.31055245748
198	-1.57979736261
199	-5.0639572972
200	-1.31055245748
201	-2.00288372234
202	-1.73783321836
203	-1.35546051234
204	-1.47857734083
205	-1.61957664084
206	-1.35546051234
207	-1.47857734083
208	-5.31737248439
209	-1.70044507519
210	-5.65321502757
211	-11.2989165865
212	-1.23841050951
213	-10.769319913
214	-6.96775636998
215	-1.23841050951
216	-1.47857734083
217	-1.79371802474
218	-27.5236034127
219	-6.56878015851
220	-1.79371802474
221	-1.31055245748
222	-1.47857734083
223	-1.79371802474
224	-1.70044507519
225	-7.4123428578
226	-1.73783321836
227	-1.31055245748
228	-5.39647726852
229	-1.73783321836
230	-1.70044507519
231	-1.47857734083
232	-1.73783321836
233	-13.68521461
234	-6.88915382679
235	-1.73783321836
236	-14.3751535712
237	-1.57979736261
238	-5.45053519022
239	-15.6102279577
240	-1.57979736261
241	-1.73783321836
242	-15.5985562976
243	-1.47857734083
244	-1.79371802474
245	-14.4804243436
246	-1.63157928544
247	-6.61945437743
248	-1.35546051234
249	-1.63157928544
250	-1.61957664084
251	-14.3751535712
252	-5.39647726852
253	-1.73783321836
254	-25.6293872367
255	-2.00288372234
256	-5.77008462324
257	-14.3751535712
258	-1.57979736261
259	-11.61418037
260	-1.31055245748
261	-1.57979736261
262	-1.73783321836
263	-1.23841050951
264	-1.63157928544
265	-5.0639572972
266	-13.958061088
267	-1.47857734083
268	-1.73783321836
269	-15.5985562976
270	-5.72603860698
271	-6.10995973898
272	-1.23841050951
273	-2.00288372234
274	-1.61957664084
275	-27.1588115694
276	-1.63157928544
277	-2.18107570469
278	-13.958061088
279	-1.47857734083
280	-5.44096945389
281	-1.31055245748
282	-1.57979736261
283	-5.87933635542
284	-1.23841050951
285	-1.57979736261
286	-1.79371802474
287	-13.958061088
288	-1.47857734083
289	-5.40404340199
290	-1.35546051234
291	-1.63157928544
292	-6.20321201322
293	-13.6013133493
294	-5.77671751244
295	-6.6148311119
296	-1.23841050951
297	-2.00288372234
298	-1.73783321836
299	-15.6434575915
300	-6.42509416639
301	-5.06947213897
302	-1.31055245748
303	-10.4371887312
304	-1.61957664084
305	-15.6102279577
306	-2.00288372234
307	-1.73783321836
308	-1.31055245748
309	-1.57979736261
310	-5.85844353988
311	-27.5037870429
312	-1.47857734083
313	-1.79371802474
314	-14.8371821513
315	-5.98981419014
316	-1.61957664084
317	-14.8371821513
318	-1.47857734083
319	-1.79371802474
320	-14.4804299592
321	-10.8036640539
322	-6.06505304341
323	-1.35546051234
324	-2.00288372234
325	-5.75390717716
326	-16.0722478052
327	-2.00288372234
328	-7.62540521152
329	-1.35546051234
330	-1.57979736261
331	-1.79371802474
332	-1.23841050951
333	-2.00288372234
334	-5.36769640487
335	-1.23841050951
336	-1.47857734083
337	-1.61957664084
338	-1.23841050951
339	-1.57979736261
340	-1.79371802474
341	-27.418364357
342	-5.05817704932
343	-1.61957664084
344	-14.743635865
345	-5.39295182468
346	-1.79371802474
347	-13.958061088
348	-1.63157928544
349	-6.56130231863
350	-15.1408952322
351	-6.94975084037
352	-1.73783321836
353	-1.31055245748
354	-1.63157928544
355	-2.18107570469
356	-14.4804243436
357	-1.57979736261
358	-1.73783321836
359	-14.2816265195
360	-2.00288372234
361	-1.61957664084
362	-14.7436293696
363	-1.47857734083
364	-2.18107570469
365	-14.5253321819
366	-1.57979736261
367	-2.18107570469
368	-14.4509621562
369	-1.47857734083
370	-1.61957664084
371	-15.6478357716
372	-1.57979736261
373	-2.18107570469
374	-1.70044507519
375	-1.47857734083
376	-1.61957664084
377	-14.8820867162
378	-6.07443947709
379	-1.79371802474
380	-1.70044507519
381	-1.63157928544
382	-1.73783321836
383	-1.35546051234
384	-5.74398110349
385	-6.6148311119
386	-1.31055245748
387	-1.47857734083
388	-5.05357375322
389	-14.2816265195
390	-1.63157928544
391	-1.79371802474
392	-1.23841050951
393	-2.00288372234
394	-1.79371802474
395	-14.4509608636
396	-1.63157928544
397	-1.73783321836
398	-28.3630988274
399	-1.57979736261
400	-1.79371802474
401	-1.23841050951
402	-1.47857734083
403	-2.18107570469
404	-27.9732149198
405	-1.63157928544
406	-8.55046960239
407	-16.0605787615
408	-2.00288372234
409	-1.79371802474
410	-14.6987226741
411	-2.00288372234
412	-5.75390717716
413	-1.23841050951
414	-1.57979736261
415	-1.61957664084
416	-1.35546051234
417	-2.00288372234
418	-1.61957664084
419	-1.70044507519
420	-5.74398110349
421	-4.74209029647
422	-1.35546051234
423	-1.47857734083
424	-2.18107570469
425	-1.35546051234
426	-2.00288372234
427	-4.74209029647
428	-15.1408952322
429	-1.57979736261
430	-5.43068178163
431	-27.1065151638
432	-10.4378440784
433	-1.73783321836
434	-1.35546051234
435	-6.44374754537
436	-1.73783321836
437	-1.23841050951
438	-1.63157928544
439	-6.25299232198
440	-1.35546051234
441	-1.57979736261
442	-1.79371802474
443	-1.23841050951
444	-1.47857734083
445	-5.35913670642
446	-13.6852138885
447	-1.57979736261
448	-1.73783321836
449	-1.70044507519
450	-1.47857734083
451	-1.61957664084
452	-26.6246709523
453	-1.47857734083
454	-1.61957664084
455	-1.35546051234
456	-1.57979736261
457	-2.18107570469
458	-1.35546051234
459	-5.98981419014
460	-4.74209029647
461	-15.6478309106
462	-2.00288372234
463	-2.18107570469
464	-13.6852138885
465	-7.82741385675
466	-1.79371802474
467	-1.23841050951
468	-7.82741385675
469	-5.0639572972
470	-1.23841050951
