# log_p 	 lnL 	 
0.0	-1661.34873911	
-0.287682072452	-1661.34872537	
-0.510825623766	-1661.3487144	
-0.69314718056	-1661.34870716	
-0.847297860387	-1661.34870335	
-0.980829253012	-1661.3487022	
-1.09861228867	-1661.34870293	
-1.20397280433	-1661.34870491	
-1.29928298413	-1661.3487077	
-1.38629436112	-1661.34871096	
-1.46633706879	-1661.34871447	
-1.54044504095	-1661.34871808	
-1.60943791243	-1661.34872168	
-1.67397643357	-1661.3487252	
-1.73460105539	-1661.34872859	
-1.79175946923	-1661.34873183	
-1.8458266905	-1661.34873489	
-1.89711998489	-1661.34873776	
-1.94591014906	-1661.34874046	
-1.99243016469	-1661.34874297	
-2.03688192726	-1661.34874531	
-2.07944154168	-1661.34874747	
-2.1202635362	-1661.34874947	
-2.15948424935	-1661.34875132	
-2.19722457734	-1661.34875302	
-2.23359222151	-1661.34875458	
-2.26868354132	-1661.34875601	
-2.30258509299	-1661.34875732	
-2.33537491582	-1661.34875851	
-2.36712361413	-1661.3487596	
-2.3978952728	-1661.34876059	
-2.42774823595	-1661.34876149	
-2.45673577282	-1661.3487623	
-2.48490664979	-1661.34876304	
-2.51230562398	-1661.34876369	
-2.53897387106	-1661.34876428	
-2.56494935746	-1661.3487648	
-2.59026716545	-1661.34876527	
-2.61495977804	-1661.34876567	
-2.63905732962	-1661.34876603	
-2.66258782703	-1661.34876633	
-2.68557734525	-1661.34876659	
-2.7080502011	-1661.34876681	
-2.73002910782	-1661.34876699	
-2.75153531304	-1661.34876713	
-2.77258872224	-1661.34876724	
-2.79320800944	-1661.34876732	
-2.81341071676	-1661.34876737	
-2.83321334406	-1661.34876739	
-2.85263142991	-1661.34876739	
-2.87167962488	-1661.34876736	
-2.8903717579	-1661.34876731	
-2.90872089656	-1661.34876724	
-2.92673940207	-1661.34876715	
-2.94443897917	-1661.34876704	
-2.96183072188	-1661.34876692	
-2.97892515524	-1661.34876678	
-2.99573227355	-1661.34876663	
-3.01226157551	-1661.34876646	
-3.02852209638	-1661.34876628	
-3.04452243772	-1661.34876609	
-3.06027079469	-1661.34876589	
-3.07577498123	-1661.34876568	
-3.09104245336	-1661.34876546	
-3.10608033072	-1661.34876524	
-3.12089541651	-1661.348765	
-3.13549421593	-1661.34876476	
-3.14988295338	-1661.34876451	
-3.16406758837	-1661.34876426	
-3.17805383035	-1661.348764	
-3.19184715248	-1661.34876373	
-3.20545280454	-1661.34876346	
-3.21887582487	-1661.34876319	
-3.23212105162	-1661.34876291	
-3.24519313319	-1661.34876263	
-3.25809653802	-1661.34876235	
-3.2708355638	-1661.34876206	
-3.28341434601	-1661.34876177	
-3.295836866	-1661.34876148	
-3.3081069586	-1661.34876118	
-3.32022831913	-1661.34876089	
-3.33220451018	-1661.34876059	
-3.34403896782	-1661.34876029	
-3.35573500759	-1661.34875999	
-3.36729582999	-1661.34875969	
-3.37872452581	-1661.34875939	
-3.39002408106	-1661.34875909	
-3.40119738166	-1661.34875879	
-3.41224721785	-1661.34875849	
-3.42317628838	-1661.34875818	
-3.43398720449	-1661.34875788	
-3.4446824936	-1661.34875758	
-3.45526460293	-1661.34875727	
-3.4657359028	-1661.34875697	
-3.47609868984	-1661.34875667	
-3.48635519	-1661.34875637	
-3.49650756147	-1661.34875607	
-3.50655789732	-1661.34875577	
-3.51650822817	-1661.34875547	
-3.52636052462	-1661.34875517	
-3.53611669956	-1661.34875487	
-3.54577861047	-1661.34875457	
-3.55534806149	-1661.34875428	
-3.56482680544	-1661.34875398	
-3.57421654579	-1661.34875369	
-3.58351893846	-1661.3487534	
-3.59273559356	-1661.3487531	
-3.60186807712	-1661.34875281	
-3.61091791264	-1661.34875253	
-3.61988658263	-1661.34875224	
-3.62877553004	-1661.34875195	
-3.63758615973	-1661.34875167	
-3.6463198397	-1661.34875138	
-3.65497790244	-1661.3487511	
-3.66356164613	-1661.34875082	
-3.6720723358	-1661.34875054	
-3.68051120444	-1661.34875026	
-3.68887945411	-1661.34874998	
-3.69717825693	-1661.34874971	
-3.70540875607	-1661.34874943	
-3.7135720667	-1661.34874916	
-3.72166927694	-1661.34874889	
-3.72970144863	-1661.34874862	
-3.73766961828	-1661.34874835	
-3.74557479779	-1661.34874809	
-3.75341797525	-1661.34874782	
-3.76120011569	-1661.34874756	
-3.76892216179	-1661.3487473	
-3.77658503453	-1661.34874704	
-3.78418963392	-1661.34874678	
-3.79173683955	-1661.34874652	
-3.79922751128	-1661.34874627	
-3.80666248977	-1661.34874601	
-3.81404259707	-1661.34874576	
-3.82136863716	-1661.34874551	
-3.82864139649	-1661.34874526	
-3.83586164446	-1661.34874501	
-3.84303013394	-1661.34874477	
-3.85014760171	-1661.34874452	
-3.85721476893	-1661.34874428	
-3.86423234159	-1661.34874404	
-3.87120101091	-1661.3487438	
-3.87812145375	-1661.34874356	
-3.88499433304	-1661.34874332	
-3.89182029811	-1661.34874309	
-3.8985999851	-1661.34874285	
-3.90533401728	-1661.34874262	
-3.91202300543	-1661.34874239	
-3.91866754815	-1661.34874216	
-3.92526823218	-1661.34874193	
-3.93182563272	-1661.3487417	
-3.93834031375	-1661.34874148	
-3.94481282825	-1661.34874126	
-3.95124371858	-1661.34874103	
-3.95763351668	-1661.34874081	
-3.96398274436	-1661.34874059	
-3.97029191355	-1661.34874038	
-3.97656152657	-1661.34874016	
-3.98279207632	-1661.34873994	
-3.98898404656	-1661.34873973	
-3.99513791214	-1661.34873952	
-4.00125413916	-1661.34873931	
-4.00733318523	-1661.3487391	
-4.01337549969	-1661.34873889	
-4.01938152375	-1661.34873868	
-4.02535169074	-1661.34873848	
-4.03128642625	-1661.34873827	
-4.03718614838	-1661.34873807	
-4.04305126783	-1661.34873787	
-4.04888218815	-1661.34873767	
-4.05467930583	-1661.34873747	
-4.06044301055	-1661.34873727	
-4.06617368526	-1661.34873708	
-4.07187170637	-1661.34873688	
-4.07753744391	-1661.34873669	
-4.08317126162	-1661.34873649	
-4.08877351717	-1661.3487363	
-4.09434456222	-1661.34873611	
-4.0998847426	-1661.34873592	
-4.10539439841	-1661.34873574	
-4.11087386417	-1661.34873555	
-4.11632346894	-1661.34873536	
-4.12174353641	-1661.34873518	
-4.12713438505	-1661.348735	
-4.13249632819	-1661.34873482	
-4.13782967416	-1661.34873463	
-4.14313472639	-1661.34873446	
-4.14841178349	-1661.34873428	
-4.15366113938	-1661.3487341	
-4.15888308336	-1661.34873392	
-4.16407790024	-1661.34873375	
-4.1692458704	-1661.34873358	
-4.1743872699	-1661.3487334	
-4.17950237056	-1661.34873323	
-4.18459144007	-1661.34873306	
-4.18965474203	-1661.34873289	
-4.19469253606	-1661.34873272	
-4.19970507788	-1661.34873256	
-4.20469261939	-1661.34873239	
-4.20965540873	-1661.34873222	
-4.21459369037	-1661.34873206	
-4.21950770518	-1661.3487319	
-4.22439769047	-1661.34873173	
-4.22926388012	-1661.34873157	
-4.2341065046	-1661.34873141	
-4.23892579103	-1661.34873125	
-4.2437219633	-1661.34873109	
-4.24849524205	-1661.34873094	
-4.25324584481	-1661.34873078	
-4.257973986	-1661.34873063	
-4.26267987704	-1661.34873047	
-4.26736372635	-1661.34873032	
-4.27202573946	-1661.34873017	
-4.27666611902	-1661.34873001	
-4.28128506487	-1661.34872986	
-4.28588277412	-1661.34872971	
-4.29045944115	-1661.34872956	
-4.29501525768	-1661.34872942	
-4.29955041285	-1661.34872927	
-4.3040650932	-1661.34872912	
-4.30855948279	-1661.34872898	
-4.31303376319	-1661.34872883	
-4.31748811354	-1661.34872869	
-4.3219227106	-1661.34872855	
-4.32633772881	-1661.3487284	
-4.33073334029	-1661.34872826	
-4.33510971489	-1661.34872812	
-4.33946702026	-1661.34872798	
-4.34380542185	-1661.34872785	
-4.348125083	-1661.34872771	
-4.3524261649	-1661.34872757	
-4.35670882669	-1661.34872743	
-4.36097322548	-1661.3487273	
-4.36521951636	-1661.34872716	
-4.36944785247	-1661.34872703	
-4.373658385	-1661.3487269	
-4.37785126326	-1661.34872677	
-4.38202663467	-1661.34872663	
-4.38618464482	-1661.3487265	
-4.39032543749	-1661.34872637	
-4.39444915467	-1661.34872624	
-4.39855593663	-1661.34872612	
-4.40264592188	-1661.34872599	
-4.40671924726	-1661.34872586	
-4.41077604796	-1661.34872573	
-4.4148164575	-1661.34872561	
-4.4188406078	-1661.34872548	
-4.42284862919	-1661.34872536	
-4.42684065046	-1661.34872524	
-4.43081679884	-1661.34872511	
-4.43477720006	-1661.34872499	
-4.43872197835	-1661.34872487	
-4.44265125649	-1661.34872475	
-4.44656515581	-1661.34872463	
-4.45046379623	-1661.34872451	
-4.45434729625	-1661.34872439	
-4.45821577303	-1661.34872427	
-4.46206934235	-1661.34872415	
-4.46590811865	-1661.34872404	
-4.46973221509	-1661.34872392	
-4.47354174351	-1661.34872381	
-4.47733681448	-1661.34872369	
-4.48111753732	-1661.34872358	
-4.48488402011	-1661.34872346	
-4.48863636973	-1661.34872335	
-4.49237469184	-1661.34872324	
-4.49609909093	-1661.34872313	
-4.49980967033	-1661.34872301	
-4.50350653221	-1661.3487229	
-4.50718977763	-1661.34872279	
-4.51085950652	-1661.34872268	
-4.51451581772	-1661.34872258	
-4.518158809	-1661.34872247	
-4.52178857705	-1661.34872236	
-4.52540521752	-1661.34872225	
-4.52900882502	-1661.34872215	
-4.53259949315	-1661.34872204	
-4.5361773145	-1661.34872193	
-4.53974238067	-1661.34872183	
-4.54329478227	-1661.34872172	
-4.54683460898	-1661.34872162	
-4.55036194949	-1661.34872152	
-4.5538768916	-1661.34872141	
-4.55737952215	-1661.34872131	
-4.56086992709	-1661.34872121	
-4.56434819147	-1661.34872111	
-4.56781439944	-1661.34872101	
-4.57126863431	-1661.34872091	
-4.5747109785	-1661.34872081	
-4.5781415136	-1661.34872071	
-4.58156032035	-1661.34872061	
-4.58496747867	-1661.34872051	
-4.58836306767	-1661.34872042	
-4.59174716566	-1661.34872032	
-4.59511985013	-1661.34872022	
-4.59848119784	-1661.34872013	
-4.60183128472	-1661.34872003	
-4.60517018599	-1661.34871994	
-4.60849797608	-1661.34871984	
-4.61181472871	-1661.34871975	
-4.61512051684	-1661.34871965	
-4.61841541274	-1661.34871956	
-4.62169948794	-1661.34871947	
-4.62497281328	-1661.34871937	
-4.62823545892	-1661.34871928	
-4.63148749431	-1661.34871919	
-4.63472898823	-1661.3487191	
-4.63796000881	-1661.34871901	
-4.64118062351	-1661.34871892	
-4.64439089914	-1661.34871883	
-4.64759090187	-1661.34871874	
-4.65078069724	-1661.34871865	
-4.65396035016	-1661.34871856	
-4.65712992492	-1661.34871848	
-4.66028948521	-1661.34871839	
-4.66343909411	-1661.3487183	
-4.66657881412	-1661.34871822	
-4.66970870713	-1661.34871813	
-4.67282883446	-1661.34871804	
-4.67593925688	-1661.34871796	
-4.67904003455	-1661.34871787	
-4.68213122712	-1661.34871779	
-4.68521289366	-1661.3487177	
-4.6882850927	-1661.34871762	
-4.69134788223	-1661.34871754	
-4.69440131972	-1661.34871745	
-4.6974454621	-1661.34871737	
-4.70048036579	-1661.34871729	
-4.70350608671	-1661.34871721	
-4.70652268025	-1661.34871713	
-4.70953020131	-1661.34871705	
-4.71252870431	-1661.34871696	
-4.71551824316	-1661.34871688	
-4.7184988713	-1661.3487168	
-4.72147064168	-1661.34871672	
-4.72443360681	-1661.34871665	
-4.72738781871	-1661.34871657	
-4.73033332894	-1661.34871649	
-4.73327018862	-1661.34871641	
-4.73619844839	-1661.34871633	
-4.7391181585	-1661.34871626	
-4.74202936871	-1661.34871618	
-4.74493212836	-1661.3487161	
-4.74782648639	-1661.34871603	
-4.75071249128	-1661.34871595	
-4.75359019111	-1661.34871587	
-4.75645963353	-1661.3487158	
-4.75932086582	-1661.34871572	
-4.7621739348	-1661.34871565	
-4.76501888693	-1661.34871558	
-4.76785576827	-1661.3487155	
-4.77068462447	-1661.34871543	
-4.77350550081	-1661.34871535	
-4.77631844218	-1661.34871528	
-4.77912349311	-1661.34871521	
-4.78192069773	-1661.34871514	
-4.78471009982	-1661.34871506	
-4.78749174278	-1661.34871499	
-4.79026566966	-1661.34871492	
-4.79303192316	-1661.34871485	
-4.7957905456	-1661.34871478	
-4.79854157897	-1661.34871471	
-4.80128506491	-1661.34871464	
-4.80402104473	-1661.34871457	
-4.80674955939	-1661.3487145	
-4.8094706495	-1661.34871443	
-4.81218435537	-1661.34871436	
-4.81489071697	-1661.34871429	
-4.81758977394	-1661.34871423	
-4.82028156561	-1661.34871416	
-4.82296613098	-1661.34871409	
-4.82564350875	-1661.34871402	
-4.8283137373	-1661.34871396	
-4.83097685472	-1661.34871389	
-4.83363289878	-1661.34871382	
-4.83628190695	-1661.34871376	
-4.83892391641	-1661.34871369	
-4.84155896405	-1661.34871362	
-4.84418708646	-1661.34871356	
-4.84680831994	-1661.34871349	
-4.84942270051	-1661.34871343	
-4.85203026392	-1661.34871336	
-4.85463104562	-1661.3487133	
-4.8572250808	-1661.34871324	
-4.85981240436	-1661.34871317	
-4.86239305096	-1661.34871311	
-4.86496705495	-1661.34871305	
-4.86753445046	-1661.34871298	
-4.87009527132	-1661.34871292	
-4.87264955112	-1661.34871286	
-4.8751973232	-1661.3487128	
-4.87773862063	-1661.34871273	
-4.88027347623	-1661.34871267	
-4.88280192259	-1661.34871261	
-4.88532399202	-1661.34871255	
-4.88783971662	-1661.34871249	
-4.89034912822	-1661.34871243	
-4.89285225844	-1661.34871237	
-4.89534913864	-1661.34871231	
-4.89783979995	-1661.34871225	
-4.90032427328	-1661.34871219	
-4.90280258929	-1661.34871213	
-4.90527477844	-1661.34871207	
-4.90774087093	-1661.34871201	
-4.91020089677	-1661.34871195	
-4.91265488574	-1661.34871189	
-4.91510286737	-1661.34871183	
-4.91754487103	-1661.34871178	
-4.91998092583	-1661.34871172	
-4.92241106068	-1661.34871166	
-4.92483530429	-1661.3487116	
-4.92725368516	-1661.34871155	
-4.92966623156	-1661.34871149	
-4.93207297159	-1661.34871143	
-4.93447393313	-1661.34871138	
-4.93686914386	-1661.34871132	
-4.93925863125	-1661.34871126	
-4.94164242261	-1661.34871121	
-4.94402054501	-1661.34871115	
-4.94639302537	-1661.3487111	
-4.94875989038	-1661.34871104	
-4.95112116656	-1661.34871099	
-4.95347688026	-1661.34871093	
-4.9558270576	-1661.34871088	
-4.95817172456	-1661.34871082	
-4.96051090691	-1661.34871077	
-4.96284463026	-1661.34871072	
-4.96517292002	-1661.34871066	
-4.96749580144	-1661.34871061	
-4.96981329958	-1661.34871056	
-4.97212543933	-1661.3487105	
-4.97443224543	-1661.34871045	
-4.97673374242	-1661.3487104	
-4.97902995468	-1661.34871035	
-4.98132090643	-1661.34871029	
-4.98360662171	-1661.34871024	
-4.98588712441	-1661.34871019	
-4.98816243824	-1661.34871014	
-4.99043258678	-1661.34871009	
-4.99269759341	-1661.34871004	
-4.99495748138	-1661.34870998	
-4.99721227376	-1661.34870993	
-4.9994619935	-1661.34870988	
-5.00170666335	-1661.34870983	
-5.00394630595	-1661.34870978	
-5.00618094375	-1661.34870973	
-5.00841059907	-1661.34870968	
-5.0106352941	-1661.34870963	
-5.01285505083	-1661.34870958	
-5.01506989116	-1661.34870953	
-5.01727983681	-1661.34870948	
-5.01948490937	-1661.34870944	
-5.02168513028	-1661.34870939	
-5.02388052085	-1661.34870934	
-5.02607110223	-1661.34870929	
-5.02825689545	-1661.34870924	
-5.03043792139	-1661.34870919	
-5.03261420082	-1661.34870915	
-5.03478575433	-1661.3487091	
-5.03695260241	-1661.34870905	
-5.03911476542	-1661.348709	
-5.04127226356	-1661.34870896	
-5.04342511692	-1661.34870891	
-5.04557334546	-1661.34870886	
-5.047716969	-1661.34870881	
-5.04985600725	-1661.34870877	
-5.05199047978	-1661.34870872	
-5.05412040604	-1661.34870868	
-5.05624580535	-1661.34870863	
-5.05836669692	-1661.34870858	
-5.06048309982	-1661.34870854	
-5.06259503303	-1661.34870849	
-5.06470251537	-1661.34870845	
-5.06680556556	-1661.3487084	
-5.06890420222	-1661.34870836	
-5.07099844382	-1661.34870831	
-5.07308830874	-1661.34870827	
-5.07517381523	-1661.34870822	
-5.07725498144	-1661.34870818	
-5.07933182538	-1661.34870813	
-5.08140436498	-1661.34870809	
-5.08347261805	-1661.34870805	
-5.08553660227	-1661.348708	
-5.08759633523	-1661.34870796	
-5.08965183441	-1661.34870792	
-5.09170311719	-1661.34870787	
-5.09375020081	-1661.34870783	
-5.09579310244	-1661.34870779	
-5.09783183913	-1661.34870774	
-5.09986642782	-1661.3487077	
-5.10189688537	-1661.34870766	
-5.10392322852	-1661.34870762	
-5.1059454739	-1661.34870757	
-5.10796363806	-1661.34870753	
-5.10997773743	-1661.34870749	
-5.11198778836	-1661.34870745	
-5.11399380708	-1661.34870741	
-5.11599580975	-1661.34870736	
-5.11799381242	-1661.34870732	
-5.11998783102	-1661.34870728	
-5.12197788143	-1661.34870724	
-5.1239639794	-1661.3487072	
-5.12594614061	-1661.34870716	
-5.12792438062	-1661.34870712	
-5.12989871492	-1661.34870708	
-5.13186915891	-1661.34870704	
-5.13383572788	-1661.348707	
-5.13579843705	-1661.34870696	
-5.13775730154	-1661.34870692	
-5.13971233637	-1661.34870688	
-5.1416635565	-1661.34870684	
-5.14361097679	-1661.3487068	
-5.145554612	-1661.34870676	
-5.14749447681	-1661.34870672	
-5.14943058584	-1661.34870668	
-5.15136295359	-1661.34870664	
-5.1532915945	-1661.3487066	
-5.15521652291	-1661.34870656	
-5.15713775309	-1661.34870652	
-5.15905529921	-1661.34870648	
-5.1609691754	-1661.34870645	
-5.16287939565	-1661.34870641	
-5.16478597392	-1661.34870637	
-5.16668892407	-1661.34870633	
-5.16858825987	-1661.34870629	
-5.17048399504	-1661.34870625	
-5.17237614319	-1661.34870622	
-5.17426471788	-1661.34870618	
-5.17614973257	-1661.34870614	
-5.17803120067	-1661.3487061	
-5.1799091355	-1661.34870607	
-5.18178355029	-1661.34870603	
-5.18365445823	-1661.34870599	
-5.1855218724	-1661.34870596	
-5.18738580584	-1661.34870592	
-5.18924627149	-1661.34870588	
-5.19110328224	-1661.34870585	
-5.19295685089	-1661.34870581	
-5.19480699018	-1661.34870577	
-5.19665371277	-1661.34870574	
-5.19849703127	-1661.3487057	
-5.20033695819	-1661.34870567	
-5.202173506	-1661.34870563	
-5.20400668708	-1661.34870559	
-5.20583651375	-1661.34870556	
-5.20766299828	-1661.34870552	
-5.20948615284	-1661.34870549	
-5.21130598956	-1661.34870545	
-5.21312252048	-1661.34870542	
-5.21493575761	-1661.34870538	
-5.21674571285	-1661.34870535	
-5.21855239808	-1661.34870531	
-5.22035582508	-1661.34870528	
-5.22215600558	-1661.34870524	
-5.22395295126	-1661.34870521	
-5.22574667371	-1661.34870517	
-5.22753718449	-1661.34870514	
-5.22932449506	-1661.34870511	
-5.23110861685	-1661.34870507	
-5.23288956123	-1661.34870504	
-5.23466733947	-1661.348705	
-5.23644196283	-1661.34870497	
-5.23821344248	-1661.34870494	
-5.23998178954	-1661.3487049	
-5.24174701506	-1661.34870487	
-5.24350913005	-1661.34870484	
-5.24526814546	-1661.3487048	
-5.24702407216	-1661.34870477	
-5.24877692099	-1661.34870474	
-5.25052670271	-1661.3487047	
-5.25227342805	-1661.34870467	
-5.25401710765	-1661.34870464	
-5.25575775213	-1661.3487046	
-5.25749537203	-1661.34870457	
-5.25922997784	-1661.34870454	
-5.26096158	-1661.34870451	
-5.2626901889	-1661.34870448	
-5.26441581487	-1661.34870444	
-5.26613846818	-1661.34870441	
-5.26785815906	-1661.34870438	
-5.26957489768	-1661.34870435	
-5.27128869416	-1661.34870432	
-5.27299955856	-1661.34870428	
-5.27470750091	-1661.34870425	
-5.27641253116	-1661.34870422	
-5.27811465923	-1661.34870419	
-5.27981389498	-1661.34870416	
-5.28151024823	-1661.34870413	
-5.28320372874	-1661.3487041	
-5.28489434622	-1661.34870406	
-5.28658211033	-1661.34870403	
-5.28826703069	-1661.348704	
-5.28994911688	-1661.34870397	
-5.2916283784	-1661.34870394	
-5.29330482472	-1661.34870391	
-5.29497846528	-1661.34870388	
-5.29664930945	-1661.34870385	
-5.29831736655	-1661.34870382	
-5.29998264587	-1661.34870379	
-5.30164515664	-1661.34870376	
-5.30330490806	-1661.34870373	
-5.30496190927	-1661.3487037	
-5.30661616936	-1661.34870367	
-5.3082676974	-1661.34870364	
-5.30991650239	-1661.34870361	
-5.3115625933	-1661.34870358	
-5.31320597904	-1661.34870355	
-5.3148466685	-1661.34870352	
-5.3164846705	-1661.34870349	
-5.31811999384	-1661.34870346	
-5.31975264727	-1661.34870343	
-5.32138263948	-1661.3487034	
-5.32300997914	-1661.34870338	
-5.32463467487	-1661.34870335	
-5.32625673524	-1661.34870332	
-5.32787616879	-1661.34870329	
-5.32949298402	-1661.34870326	
-5.33110718937	-1661.34870323	
-5.33271879327	-1661.3487032	
-5.33432780407	-1661.34870317	
-5.33593423012	-1661.34870315	
-5.3375380797	-1661.34870312	
-5.33913936107	-1661.34870309	
-5.34073808243	-1661.34870306	
-5.34233425196	-1661.34870303	
-5.3439278778	-1661.34870301	
-5.34551896803	-1661.34870298	
-5.34710753072	-1661.34870295	
-5.34869357387	-1661.34870292	
-5.35027710548	-1661.34870289	
-5.35185813348	-1661.34870287	
-5.35343666577	-1661.34870284	
-5.35501271022	-1661.34870281	
-5.35658627467	-1661.34870279	
-5.3581573669	-1661.34870276	
-5.35972599468	-1661.34870273	
-5.36129216571	-1661.3487027	
-5.36285588769	-1661.34870268	
-5.36441716825	-1661.34870265	
-5.36597601502	-1661.34870262	
-5.36753243557	-1661.3487026	
-5.36908643744	-1661.34870257	
-5.37063802813	-1661.34870254	
-5.37218721511	-1661.34870252	
-5.37373400583	-1661.34870249	
-5.37527840768	-1661.34870246	
-5.37682042804	-1661.34870244	
-5.37836007422	-1661.34870241	
-5.37989735354	-1661.34870238	
-5.38143227326	-1661.34870236	
-5.38296484061	-1661.34870233	
-5.38449506279	-1661.34870231	
-5.38602294697	-1661.34870228	
-5.38754850028	-1661.34870225	
-5.38907172982	-1661.34870223	
-5.39059264266	-1661.3487022	
-5.39211124583	-1661.34870218	
-5.39362754635	-1661.34870215	
-5.39514155118	-1661.34870213	
-5.39665326727	-1661.3487021	
-5.39816270152	-1661.34870207	
-5.39966986081	-1661.34870205	
-5.40117475199	-1661.34870202	
-5.40267738187	-1661.348702	
-5.40417775725	-1661.34870197	
-5.40567588487	-1661.34870195	
-5.40717177146	-1661.34870192	
-5.40866542372	-1661.3487019	
-5.4101568483	-1661.34870187	
-5.41164605186	-1661.34870185	
-5.41313304098	-1661.34870182	
-5.41461782224	-1661.3487018	
-5.4161004022	-1661.34870178	
-5.41758078737	-1661.34870175	
-5.41905898424	-1661.34870173	
-5.42053499927	-1661.3487017	
-5.42200883889	-1661.34870168	
-5.4234805095	-1661.34870165	
-5.42495001748	-1661.34870163	
-5.42641736918	-1661.34870161	
-5.4278825709	-1661.34870158	
-5.42934562895	-1661.34870156	
-5.43080654959	-1661.34870153	
-5.43226533906	-1661.34870151	
-5.43372200355	-1661.34870149	
-5.43517654927	-1661.34870146	
-5.43662898235	-1661.34870144	
-5.43807930892	-1661.34870141	
-5.4395275351	-1661.34870139	
-5.44097366695	-1661.34870137	
-5.44241771052	-1661.34870134	
-5.44385967184	-1661.34870132	
-5.4452995569	-1661.3487013	
-5.44673737167	-1661.34870127	
-5.44817312209	-1661.34870125	
-5.44960681409	-1661.34870123	
-5.45103845357	-1661.3487012	
-5.45246804638	-1661.34870118	
-5.45389559837	-1661.34870116	
-5.45532111536	-1661.34870114	
-5.45674460314	-1661.34870111	
-5.45816606749	-1661.34870109	
-5.45958551414	-1661.34870107	
-5.46100294883	-1661.34870104	
-5.46241837723	-1661.34870102	
-5.46383180503	-1661.348701	
-5.46524323786	-1661.34870098	
-5.46665268137	-1661.34870095	
-5.46806014114	-1661.34870093	
-5.46946562274	-1661.34870091	
-5.47086913175	-1661.34870089	
-5.47227067367	-1661.34870086	
-5.47367025403	-1661.34870084	
-5.47506787829	-1661.34870082	
-5.47646355193	-1661.3487008	
-5.47785728038	-1661.34870078	
-5.47924906905	-1661.34870075	
-5.48063892334	-1661.34870073	
-5.48202684862	-1661.34870071	
-5.48341285022	-1661.34870069	
-5.48479693349	-1661.34870067	
-5.48617910372	-1661.34870065	
-5.48755936619	-1661.34870062	
-5.48893772616	-1661.3487006	
-5.49031418887	-1661.34870058	
-5.49168875953	-1661.34870056	
-5.49306144334	-1661.34870054	
-5.49443224547	-1661.34870052	
-5.49580117108	-1661.34870049	
-5.49716822529	-1661.34870047	
-5.49853341322	-1661.34870045	
-5.49989673995	-1661.34870043	
-5.50125821054	-1661.34870041	
-5.50261783006	-1661.34870039	
-5.50397560352	-1661.34870037	
-5.50533153593	-1661.34870035	
-5.50668563228	-1661.34870033	
-5.50803789753	-1661.34870031	
-5.50938833663	-1661.34870028	
-5.5107369545	-1661.34870026	
-5.51208375605	-1661.34870024	
-5.51342874616	-1661.34870022	
-5.51477192971	-1661.3487002	
-5.51611331154	-1661.34870018	
-5.51745289646	-1661.34870016	
-5.51879068931	-1661.34870014	
-5.52012669485	-1661.34870012	
-5.52146091786	-1661.3487001	
-5.5227933631	-1661.34870008	
-5.52412403528	-1661.34870006	
-5.52545293913	-1661.34870004	
-5.52678007934	-1661.34870002	
-5.52810546058	-1661.3487	
-5.52942908751	-1661.34869998	
-5.53075096477	-1661.34869996	
-5.53207109697	-1661.34869994	
-5.53338948873	-1661.34869992	
-5.53470614461	-1661.3486999	
-5.53602106919	-1661.34869988	
-5.53733426702	-1661.34869986	
-5.53864574262	-1661.34869984	
-5.5399555005	-1661.34869982	
-5.54126354516	-1661.3486998	
-5.54256988107	-1661.34869978	
-5.5438745127	-1661.34869976	
-5.54517744448	-1661.34869974	
-5.54647868084	-1661.34869972	
-5.54777822618	-1661.3486997	
-5.5490760849	-1661.34869968	
-5.55037226136	-1661.34869966	
-5.55166675992	-1661.34869964	
-5.55295958492	-1661.34869963	
-5.55425074069	-1661.34869961	
-5.55554023152	-1661.34869959	
-5.5568280617	-1661.34869957	
-5.55811423551	-1661.34869955	
-5.5593987572	-1661.34869953	
-5.56068163102	-1661.34869951	
-5.56196286117	-1661.34869949	
-5.56324245188	-1661.34869947	
-5.56452040732	-1661.34869945	
-5.56579673168	-1661.34869944	
-5.56707142911	-1661.34869942	
-5.56834450376	-1661.3486994	
-5.56961595975	-1661.34869938	
-5.57088580119	-1661.34869936	
-5.57215403218	-1661.34869934	
-5.57342065679	-1661.34869932	
-5.5746856791	-1661.34869931	
-5.57594910315	-1661.34869929	
-5.57721093297	-1661.34869927	
-5.57847117258	-1661.34869925	
-5.57972982599	-1661.34869923	
-5.58098689718	-1661.34869921	
-5.58224239012	-1661.3486992	
-5.58349630878	-1661.34869918	
-5.5847486571	-1661.34869916	
-5.585999439	-1661.34869914	
-5.5872486584	-1661.34869912	
-5.5884963192	-1661.34869911	
-5.58974242528	-1661.34869909	
-5.59098698051	-1661.34869907	
-5.59222998875	-1661.34869905	
-5.59347145384	-1661.34869903	
-5.5947113796	-1661.34869902	
-5.59594976985	-1661.348699	
-5.59718662839	-1661.34869898	
-5.598421959	-1661.34869896	
-5.59965576545	-1661.34869894	
-5.60088805149	-1661.34869893	
-5.60211882088	-1661.34869891	
-5.60334807733	-1661.34869889	
-5.60457582457	-1661.34869887	
-5.6058020663	-1661.34869886	
-5.60702680619	-1661.34869884	
-5.60825004793	-1661.34869882	
-5.60947179518	-1661.3486988	
-5.61069205159	-1661.34869879	
-5.61191082078	-1661.34869877	
-5.61312810639	-1661.34869875	
-5.61434391201	-1661.34869874	
-5.61555824124	-1661.34869872	
-5.61677109767	-1661.3486987	
-5.61798248485	-1661.34869868	
-5.61919240636	-1661.34869867	
-5.62040086572	-1661.34869865	
-5.62160786647	-1661.34869863	
-5.62281341212	-1661.34869862	
-5.62401750619	-1661.3486986	
-5.62522015215	-1661.34869858	
-5.6264213535	-1661.34869857	
-5.62762111369	-1661.34869855	
-5.62881943618	-1661.34869853	
-5.63001632442	-1661.34869852	
-5.63121178182	-1661.3486985	
-5.63240581181	-1661.34869848	
-5.6335984178	-1661.34869847	
-5.63478960317	-1661.34869845	
-5.6359793713	-1661.34869843	
-5.63716772557	-1661.34869842	
-5.63835466933	-1661.3486984	
-5.63954020593	-1661.34869838	
-5.64072433869	-1661.34869837	
-5.64190707094	-1661.34869835	
-5.64308840598	-1661.34869833	
-5.64426834712	-1661.34869832	
-5.64544689764	-1661.3486983	
-5.64662406082	-1661.34869829	
-5.64779983991	-1661.34869827	
-5.64897423816	-1661.34869825	
-5.65014725882	-1661.34869824	
-5.65131890512	-1661.34869822	
-5.65248918027	-1661.34869821	
-5.65365808747	-1661.34869819	
-5.65482562993	-1661.34869817	
-5.65599181082	-1661.34869816	
-5.65715663332	-1661.34869814	
-5.65832010058	-1661.34869813	
-5.65948221576	-1661.34869811	
-5.660642982	-1661.34869809	
-5.66180240242	-1661.34869808	
-5.66296048014	-1661.34869806	
-5.66411721826	-1661.34869805	
-5.66527261989	-1661.34869803	
-5.66642668811	-1661.34869802	
-5.66757942599	-1661.348698	
-5.6687308366	-1661.34869798	
-5.66988092298	-1661.34869797	
-5.67102968818	-1661.34869795	
-5.67217713524	-1661.34869794	
-5.67332326717	-1661.34869792	
-5.67446808699	-1661.34869791	
-5.67561159769	-1661.34869789	
-5.67675380227	-1661.34869788	
-5.6778947037	-1661.34869786	
-5.67903430497	-1661.34869785	
-5.68017260902	-1661.34869783	
-5.6813096188	-1661.34869782	
-5.68244533727	-1661.3486978	
-5.68357976734	-1661.34869778	
-5.68471291194	-1661.34869777	
-5.68584477397	-1661.34869775	
-5.68697535634	-1661.34869774	
-5.68810466194	-1661.34869772	
-5.68923269364	-1661.34869771	
-5.69035945432	-1661.34869769	
-5.69148494685	-1661.34869768	
-5.69260917406	-1661.34869766	
-5.6937321388	-1661.34869765	
-5.69485384391	-1661.34869764	
-5.69597429221	-1661.34869762	
-5.69709348651	-1661.34869761	
-5.69821142961	-1661.34869759	
-5.69932812431	-1661.34869758	
-5.70044357339	-1661.34869756	
-5.70155777963	-1661.34869755	
-5.7026707458	-1661.34869753	
-5.70378247466	-1661.34869752	
-5.70489296894	-1661.3486975	
-5.70600223139	-1661.34869749	
-5.70711026475	-1661.34869747	
-5.70821707172	-1661.34869746	
-5.70932265503	-1661.34869745	
-5.71042701737	-1661.34869743	
-5.71153016145	-1661.34869742	
-5.71263208993	-1661.3486974	
-5.71373280551	-1661.34869739	
-5.71483231084	-1661.34869737	
-5.71593060859	-1661.34869736	
-5.71702770141	-1661.34869734	
-5.71812359193	-1661.34869733	
-5.71921828279	-1661.34869732	
-5.72031177661	-1661.3486973	
-5.72140407601	-1661.34869729	
-5.72249518359	-1661.34869727	
-5.72358510195	-1661.34869726	
-5.72467383369	-1661.34869725	
-5.72576138137	-1661.34869723	
-5.72684774759	-1661.34869722	
-5.72793293489	-1661.3486972	
-5.72901694583	-1661.34869719	
-5.73009978297	-1661.34869718	
-5.73118144884	-1661.34869716	
-5.73226194598	-1661.34869715	
-5.7333412769	-1661.34869713	
-5.73441944412	-1661.34869712	
-5.73549645015	-1661.34869711	
-5.73657229748	-1661.34869709	
-5.73764698861	-1661.34869708	
-5.73872052602	-1661.34869707	
-5.73979291218	-1661.34869705	
-5.74086414956	-1661.34869704	
-5.74193424062	-1661.34869703	
-5.74300318781	-1661.34869701	
-5.74407099357	-1661.348697	
-5.74513766034	-1661.34869698	
-5.74620319054	-1661.34869697	
-5.7472675866	-1661.34869696	
-5.74833085092	-1661.34869694	
-5.74939298591	-1661.34869693	
-5.75045399397	-1661.34869692	
-5.75151387748	-1661.3486969	
-5.75257263883	-1661.34869689	
-5.75363028038	-1661.34869688	
-5.75468680452	-1661.34869686	
-5.75574221359	-1661.34869685	
-5.75679650994	-1661.34869684	
-5.75784969593	-1661.34869682	
-5.75890177388	-1661.34869681	
-5.75995274612	-1661.3486968	
-5.76100261499	-1661.34869678	
-5.76205138278	-1661.34869677	
-5.76309905181	-1661.34869676	
-5.76414562438	-1661.34869675	
-5.76519110278	-1661.34869673	
-5.7662354893	-1661.34869672	
-5.76727878622	-1661.34869671	
-5.76832099579	-1661.34869669	
-5.7693621203	-1661.34869668	
-5.770402162	-1661.34869667	
-5.77144112313	-1661.34869665	
-5.77247900594	-1661.34869664	
-5.77351581267	-1661.34869663	
-5.77455154554	-1661.34869662	
-5.77558620679	-1661.3486966	
-5.77661979861	-1661.34869659	
-5.77765232322	-1661.34869658	
-5.77868378283	-1661.34869657	
-5.77971417962	-1661.34869655	
-5.78074351579	-1661.34869654	
-5.78177179352	-1661.34869653	
-5.78279901497	-1661.34869651	
-5.78382518233	-1661.3486965	
-5.78485029774	-1661.34869649	
-5.78587436337	-1661.34869648	
-5.78689738137	-1661.34869646	
-5.78791935386	-1661.34869645	
-5.788940283	-1661.34869644	
-5.7899601709	-1661.34869643	
-5.79097901969	-1661.34869641	
-5.79199683148	-1661.3486964	
-5.79301360838	-1661.34869639	
-5.7940293525	-1661.34869638	
-5.79504406593	-1661.34869637	
-5.79605775077	-1661.34869635	
-5.79707040908	-1661.34869634	
-5.79808204295	-1661.34869633	
-5.79909265446	-1661.34869632	
-5.80010224566	-1661.3486963	
-5.80111081862	-1661.34869629	
-5.80211837538	-1661.34869628	
-5.80312491799	-1661.34869627	
-5.80413044849	-1661.34869626	
-5.80513496892	-1661.34869624	
-5.80613848129	-1661.34869623	
-5.80714098764	-1661.34869622	
-5.80814248998	-1661.34869621	
-5.80914299031	-1661.34869619	
