#Site	lnL	
0	-1.79240418554
1	-1.6931735316
2	-18.0082847812
3	-1.61909014836
4	-1.79180789693
5	-1.29590983583
6	-1.61909014836
7	-5.11361531424
8	-17.2145413721
9	-6.51434154372
10	-6.2430409958
11	-16.0177330765
12	-7.07302372421
13	-1.87006939542
14	-1.29590983583
15	-1.75687334569
16	-1.79180789693
17	-1.29590983583
18	-1.75687334569
19	-1.87006939542
20	-15.8807943076
21	-1.71681315023
22	-5.11361531424
23	-1.39015218145
24	-1.75687334569
25	-5.66585403179
26	-17.2145413721
27	-1.61909014836
28	-1.6931735316
29	-1.45431217529
30	-1.61909014836
31	-1.79180789693
32	-1.29590983583
33	-1.61909014836
34	-1.87006939542
35	-16.2414114074
36	-1.61909014836
37	-1.79180789693
38	-1.45431217529
39	-1.79240418554
40	-7.70684434581
41	-16.9180839174
42	-7.21873234329
43	-1.6931735316
44	-1.45431217529
45	-1.75687334569
46	-1.6931735316
47	-1.29590983583
48	-5.97112499431
49	-1.83611215201
50	-1.39015218145
51	-8.33129270195
52	-1.83611215201
53	-34.4980230377
54	-5.26457979604
55	-1.79180789693
56	-16.3783502584
57	-5.11716365007
58	-1.6931735316
59	-17.5427141776
60	-5.67447609052
61	-1.79180789693
62	-15.8807943076
63	-1.75687334569
64	-4.7893509871
65	-17.478554311
66	-1.61909014836
67	-1.83611215201
68	-1.39015218145
69	-1.61909014836
70	-1.79180789693
71	-1.45431217529
72	-6.36355464898
73	-1.79180789693
74	-20.1327645719
75	-1.61909014836
76	-1.79180789693
77	-18.2512171144
78	-1.61909014836
79	-1.83611215201
80	-16.0177330765
81	-1.71681315023
82	-1.83611215201
83	-1.41161583885
84	-1.71681315023
85	-8.132499665
86	-1.41161583885
87	-1.71681315023
88	-5.82423933013
89	-1.29590983583
90	-1.61909014836
91	-1.6931735316
92	-1.29590983583
93	-1.61909014836
94	-5.4226246791
95	-16.0177330765
96	-1.79240418554
97	-1.83611215201
98	-1.41161583885
99	-6.36355464898
100	-1.83611215201
101	-1.29590983583
102	-5.53439163971
103	-8.21670572176
104	-16.0177331887
105	-1.71681315023
106	-1.83611215201
107	-1.39015218145
108	-1.75687334569
109	-1.83611215201
110	-1.45431217529
111	-1.79240418554
112	-5.53854132528
113	-1.41161583885
114	-1.61909014836
115	-1.6931735316
116	-18.9298686055
117	-6.10246698781
118	-6.02440277732
119	-16.378350181
120	-1.75687334569
121	-1.6931735316
122	-1.39015218145
123	-1.71681315023
124	-1.79180789693
125	-1.29590983583
126	-1.75687334569
127	-8.20232152598
128	-16.0177331887
129	-1.79240418554
130	-1.6931735316
131	-16.3783502584
132	-1.79240418554
133	-6.3790928854
134	-17.5427143263
135	-1.71681315023
136	-1.83611215201
137	-1.45431217529
138	-1.61909014836
139	-1.83611215201
140	-1.41161583885
141	-1.79240418554
142	-9.2384176476
143	-19.2243479246
144	-7.00491514125
145	-1.83611215201
146	-1.29590983583
147	-1.79240418554
148	-1.87006939542
149	-1.39015218145
150	-7.95108919353
151	-1.83611215201
152	-16.7382181295
153	-1.75687334569
154	-1.83611215201
155	-1.41161583885
156	-5.25793356549
157	-8.1336768662
158	-16.8023780999
159	-1.75687334569
160	-6.38264378742
161	-1.45431217529
162	-1.61909014836
163	-5.52800305255
164	-1.39015218145
165	-1.61909014836
166	-5.82423933013
167	-18.3669760381
168	-7.85823099378
169	-1.6931735316
170	-17.5823309662
171	-5.97112499431
172	-1.6931735316
173	-1.45431217529
174	-4.79559827906
175	-1.6931735316
176	-1.41161583885
177	-6.16924204429
178	-8.05546392111
179	-17.2145412854
180	-1.79240418554
181	-5.66585403179
182	-19.2803814504
183	-1.71681315023
184	-1.83611215201
185	-17.0988354399
186	-1.75687334569
187	-1.79180789693
188	-1.29590983583
189	-1.79240418554
190	-5.11361531424
191	-16.241411557
192	-5.12995054952
193	-1.87006939542
194	-1.39015218145
195	-1.71681315023
196	-1.87006939542
197	-1.29590983583
198	-5.61390520055
199	-1.83611215201
200	-1.29590983583
201	-5.74398733815
202	-1.6931735316
203	-1.45431217529
204	-1.75687334569
205	-1.6931735316
206	-1.45431217529
207	-1.71681315023
208	-1.87006939542
209	-1.45431217529
210	-5.68737034704
211	-1.87006939542
212	-16.2414114074
213	-1.61909014836
214	-1.6931735316
215	-30.9195345943
216	-1.79240418554
217	-1.6931735316
218	-17.1629953357
219	-1.79240418554
220	-5.82423933013
221	-1.29590983583
222	-5.25793356549
223	-1.87006939542
224	-1.41161583885
225	-1.79240418554
226	-1.6931735316
227	-1.41161583885
228	-1.79240418554
229	-6.43564929612
230	-1.41161583885
231	-5.61390520055
232	-1.79180789693
233	-1.39015218145
234	-1.71681315023
235	-1.79180789693
236	-16.241411557
237	-1.61909014836
238	-1.79180789693
239	-1.45431217529
240	-1.71681315023
241	-1.6931735316
242	-1.41161583885
243	-1.61909014836
244	-1.87006939542
245	-17.4453922022
246	-5.26457979604
247	-5.65969837403
248	-1.39015218145
249	-1.71681315023
250	-4.65929568882
251	-1.29590983583
252	-5.55476476742
253	-6.38264378742
254	-1.45431217529
255	-12.5807882175
256	-7.97754746753
257	-1.41161583885
258	-1.75687334569
259	-1.87006939542
260	-16.0177330765
261	-5.80307610422
262	-5.52800305255
263	-1.29590983583
264	-6.51434154372
265	-5.11361531424
266	-17.478554311
267	-1.75687334569
268	-1.87006939542
269	-1.41161583885
270	-1.75687334569
271	-4.97195913394
272	-1.39015218145
273	-1.79240418554
274	-1.6931735316
275	-1.39015218145
276	-1.71681315023
277	-1.6931735316
278	-31.9145704784
279	-1.71681315023
280	-4.7893509871
281	-16.6211306496
282	-5.26457979604
283	-6.3790928854
284	-1.39015218145
285	-6.9425893925
286	-5.11361531424
287	-1.41161583885
288	-10.7685636032
289	-6.3790928854
290	-16.378350181
291	-1.79240418554
292	-1.79180789693
293	-1.45431217529
294	-5.53439163971
295	-1.83611215201
296	-30.8980711252
297	-1.61909014836
298	-6.38264378742
299	-1.45431217529
300	-1.71681315023
301	-1.6931735316
302	-1.29590983583
303	-1.75687334569
304	-1.87006939542
305	-19.1728019801
306	-1.75687334569
307	-4.97195913394
308	-16.241411557
309	-1.61909014836
310	-1.79180789693
311	-1.41161583885
312	-1.71681315023
313	-1.6931735316
314	-1.41161583885
315	-1.71681315023
316	-6.83282269113
317	-16.3783502584
318	-1.75687334569
319	-1.87006939542
320	-1.39015218145
321	-1.61909014836
322	-1.83611215201
323	-1.41161583885
324	-1.75687334569
325	-1.79180789693
326	-16.2414114074
327	-1.71681315023
328	-1.79180789693
329	-32.53390289
330	-1.79240418554
331	-5.39748640149
332	-1.29590983583
333	-1.79240418554
334	-1.87006939542
335	-1.29590983583
336	-1.75687334569
337	-5.95920126629
338	-19.0455744441
339	-1.75687334569
340	-1.83611215201
341	-1.41161583885
342	-1.61909014836
343	-1.6931735316
344	-1.29590983583
345	-8.09362143421
346	-1.79180789693
347	-1.41161583885
348	-1.71681315023
349	-5.39748640149
350	-1.39015218145
351	-1.61909014836
352	-5.4226246791
353	-17.4785543448
354	-6.45655138266
355	-5.90246990504
356	-1.39015218145
357	-1.75687334569
358	-1.6931735316
359	-33.8092842954
360	-1.79240418554
361	-6.30293874186
362	-16.7580693031
363	-1.71681315023
364	-1.79180789693
365	-1.39015218145
366	-1.61909014836
367	-1.87006939542
368	-1.29590983583
369	-1.79240418554
370	-1.87006939542
371	-17.2145413721
372	-1.61909014836
373	-1.83611215201
374	-1.41161583885
375	-1.71681315023
376	-6.22772597765
377	-1.39015218145
378	-5.55476476742
379	-1.87006939542
380	-1.45431217529
381	-5.55476476742
382	-1.87006939542
383	-1.45431217529
384	-1.75687334569
385	-9.05844269664
386	-1.45431217529
387	-1.61909014836
388	-5.6016941652
389	-17.5823309662
390	-6.16924204429
391	-1.83611215201
392	-1.29590983583
393	-6.03789990888
394	-1.79180789693
395	-1.29590983583
396	-1.79240418554
397	-6.43564929612
398	-1.41161583885
399	-1.79240418554
400	-1.6931735316
401	-18.3669761943
402	-1.61909014836
403	-5.53854132528
404	-1.41161583885
405	-1.75687334569
406	-6.83282269113
407	-16.378350181
408	-5.67447609052
409	-1.79180789693
410	-1.39015218145
411	-5.67447609052
412	-1.83611215201
413	-1.29590983583
414	-1.79240418554
415	-6.78335144519
416	-18.4185221639
417	-5.55476476742
418	-1.79180789693
419	-1.45431217529
420	-1.75687334569
421	-10.9527875657
422	-1.41161583885
423	-1.75687334569
424	-1.87006939542
425	-1.45431217529
426	-1.79240418554
427	-1.6931735316
428	-16.378350181
429	-1.61909014836
430	-9.33004967832
431	-16.7580693031
432	-6.49776944212
433	-1.79180789693
434	-32.1061348687
435	-1.75687334569
436	-5.53854132528
437	-1.41161583885
438	-1.71681315023
439	-5.4226246791
440	-1.29590983583
441	-1.71681315023
442	-1.6931735316
443	-1.39015218145
444	-1.75687334569
445	-1.83611215201
446	-17.0988354399
447	-1.79240418554
448	-1.83611215201
449	-32.8464708775
450	-9.59844549832
451	-1.87006939542
452	-16.8539238867
453	-1.71681315023
454	-1.79180789693
455	-1.39015218145
456	-5.26457979604
457	-1.6931735316
458	-1.45431217529
459	-1.75687334569
460	-1.6931735316
461	-1.39015218145
462	-1.75687334569
463	-1.79180789693
464	-1.29590983583
465	-1.79240418554
466	-1.83611215201
467	-16.2414114074
468	-1.79240418554
469	-1.79180789693
470	-1.39015218145
