# log_p 	 lnL 	 
0.0	-1761.48163928	
-0.287682072452	-1761.11226385	
-0.510825623766	-1760.75325288	
-0.69314718056	-1760.3873283	
-0.847297860387	-1760.01559941	
-0.980829253012	-1759.64451592	
-1.09861228867	-1759.28028999	
-1.20397280433	-1758.92738425	
-1.29928298413	-1758.5885184	
-1.38629436112	-1758.26508013	
-1.46633706879	-1757.95754713	
-1.54044504095	-1757.66581617	
-1.60943791243	-1757.3894336	
-1.67397643357	-1757.12774861	
-1.73460105539	-1756.88001146	
-1.79175946923	-1756.645435	
-1.8458266905	-1756.42323205	
-1.89711998489	-1756.21263729	
-1.94591014906	-1756.01291943	
-1.99243016469	-1755.82338723	
-2.03688192726	-1755.64339178	
-2.07944154168	-1755.4723265	
-2.1202635362	-1755.30962593	
-2.15948424935	-1755.15476372	
-2.19722457734	-1755.00725037	
-2.23359222151	-1754.86663076	
-2.26868354132	-1754.73248184	
-2.30258509299	-1754.60441025	
-2.33537491582	-1754.48205018	
-2.36712361413	-1754.36506133	
-2.3978952728	-1754.25312699	
-2.42774823595	-1754.14595233	
-2.45673577282	-1754.04326277	
-2.48490664979	-1753.94480247	
-2.51230562398	-1753.85033298	
-2.53897387106	-1753.75963195	
-2.56494935746	-1753.67249199	
-2.59026716545	-1753.58871953	
-2.61495977804	-1753.50813387	
-2.63905732962	-1753.43056626	
-2.66258782703	-1753.35585899	
-2.68557734525	-1753.28386465	
-2.7080502011	-1753.21444535	
-2.73002910782	-1753.1474721	
-2.75153531304	-1753.08282413	
-2.77258872224	-1753.0203883	
-2.79320800944	-1752.96005862	
-2.81341071676	-1752.90173568	
-2.83321334406	-1752.84532623	
-2.85263142991	-1752.79074273	
-2.87167962488	-1752.73790296	
-2.8903717579	-1752.68672964	
-2.90872089656	-1752.63715009	
-2.92673940207	-1752.58909594	
-2.94443897917	-1752.54250278	
-2.96183072188	-1752.49730994	
-2.97892515524	-1752.4534602	
-2.99573227355	-1752.41089958	
-3.01226157551	-1752.36957712	
-3.02852209638	-1752.32944465	
-3.04452243772	-1752.29045665	
-3.06027079469	-1752.25257003	
-3.07577498123	-1752.215744	
-3.09104245336	-1752.1799399	
-3.10608033072	-1752.14512109	
-3.12089541651	-1752.11125279	
-3.13549421593	-1752.07830197	
-3.14988295338	-1752.04623725	
-3.16406758837	-1752.01502879	
-3.17805383035	-1751.98464819	
-3.19184715248	-1751.9550684	
-3.20545280454	-1751.92626365	
-3.21887582487	-1751.89820935	
-3.23212105162	-1751.87088205	
-3.24519313319	-1751.84425936	
-3.25809653802	-1751.81831985	
-3.2708355638	-1751.79304306	
-3.28341434601	-1751.76840941	
-3.295836866	-1751.74440012	
-3.3081069586	-1751.72099723	
-3.32022831913	-1751.6981835	
-3.33220451018	-1751.6759424	
-3.34403896782	-1751.65425807	
-3.35573500759	-1751.63311525	
-3.36729582999	-1751.61249929	
-3.37872452581	-1751.5923961	
-3.39002408106	-1751.57279213	
-3.40119738166	-1751.55367431	
-3.41224721785	-1751.53503008	
-3.42317628838	-1751.51684732	
-3.43398720449	-1751.49911434	
-3.4446824936	-1751.48181986	
-3.45526460293	-1751.464953	
-3.4657359028	-1751.44850326	
-3.47609868984	-1751.43246047	
-3.48635519	-1751.41681483	
-3.49650756147	-1751.40155684	
-3.50655789732	-1751.38667731	
-3.51650822817	-1751.37216737	
-3.52636052462	-1751.35801839	
-3.53611669956	-1751.34422205	
-3.54577861047	-1751.33077027	
-3.55534806149	-1751.31765522	
-3.56482680544	-1751.3048693	
-3.57421654579	-1751.29240514	
-3.58351893846	-1751.2802556	
-3.59273559356	-1751.26841374	
-3.60186807712	-1751.25687281	
-3.61091791264	-1751.24562626	
-3.61988658263	-1751.23466775	
-3.62877553004	-1751.22399108	
-3.63758615973	-1751.21359024	
-3.6463198397	-1751.20345939	
-3.65497790244	-1751.19359283	
-3.66356164613	-1751.18398504	
-3.6720723358	-1751.17463063	
-3.68051120444	-1751.16552434	
-3.68887945411	-1751.15666109	
-3.69717825693	-1751.14803588	
-3.70540875607	-1751.13964388	
-3.7135720667	-1751.13148037	
-3.72166927694	-1751.12354073	
-3.72970144863	-1751.11582049	
-3.73766961828	-1751.10831527	
-3.74557479779	-1751.10102079	
-3.75341797525	-1751.09393291	
-3.76120011569	-1751.08704755	
-3.76892216179	-1751.08036075	
-3.77658503453	-1751.07386866	
-3.78418963392	-1751.06756748	
-3.79173683955	-1751.06145353	
-3.79922751128	-1751.05552321	
-3.80666248977	-1751.04977301	
-3.81404259707	-1751.0441995	
-3.82136863716	-1751.03879931	
-3.82864139649	-1751.03356916	
-3.83586164446	-1751.02850586	
-3.84303013394	-1751.02360627	
-3.85014760171	-1751.01886733	
-3.85721476893	-1751.01428605	
-3.86423234159	-1751.0098595	
-3.87120101091	-1751.00558481	
-3.87812145375	-1751.00145919	
-3.88499433304	-1750.99747989	
-3.89182029811	-1750.99364425	
-3.8985999851	-1750.98994964	
-3.90533401728	-1750.98639349	
-3.91202300543	-1750.98297329	
-3.91866754815	-1750.97968659	
-3.92526823218	-1750.97653099	
-3.93182563272	-1750.97350412	
-3.93834031375	-1750.97060368	
-3.94481282825	-1750.96782741	
-3.95124371858	-1750.96517312	
-3.95763351668	-1750.96263862	
-3.96398274436	-1750.9602218	
-3.97029191355	-1750.95792059	
-3.97656152657	-1750.95573294	
-3.98279207632	-1750.95365687	
-3.98898404656	-1750.95169042	
-3.99513791214	-1750.94983167	
-4.00125413916	-1750.94807876	
-4.00733318523	-1750.94642984	
-4.01337549969	-1750.94488312	
-4.01938152375	-1750.94343682	
-4.02535169074	-1750.94208921	
-4.03128642625	-1750.9408386	
-4.03718614838	-1750.93968332	
-4.04305126783	-1750.93862173	
-4.04888218815	-1750.93765225	
-4.05467930583	-1750.93677329	
-4.06044301055	-1750.93598333	
-4.06617368526	-1750.93528084	
-4.07187170637	-1750.93466435	
-4.07753744391	-1750.9341324	
-4.08317126162	-1750.93368357	
-4.08877351717	-1750.93331646	
-4.09434456222	-1750.93302969	
-4.0998847426	-1750.93282193	
-4.10539439841	-1750.93269184	
-4.11087386417	-1750.93263813	
-4.11632346894	-1750.93265953	
-4.12174353641	-1750.93275479	
-4.12713438505	-1750.93292268	
-4.13249632819	-1750.93316199	
-4.13782967416	-1750.93347155	
-4.14313472639	-1750.9338502	
-4.14841178349	-1750.93429679	
-4.15366113938	-1750.9348102	
-4.15888308336	-1750.93538934	
-4.16407790024	-1750.93603313	
-4.1692458704	-1750.9367405	
-4.1743872699	-1750.93751043	
-4.17950237056	-1750.93834188	
-4.18459144007	-1750.93923385	
-4.18965474203	-1750.94018535	
-4.19469253606	-1750.94119542	
-4.19970507788	-1750.9422631	
-4.20469261939	-1750.94338747	
-4.20965540873	-1750.94456759	
-4.21459369037	-1750.94580257	
-4.21950770518	-1750.94709153	
-4.22439769047	-1750.94843358	
-4.22926388012	-1750.94982787	
-4.2341065046	-1750.95127357	
-4.23892579103	-1750.95276984	
-4.2437219633	-1750.95431587	
-4.24849524205	-1750.95591086	
-4.25324584481	-1750.95755403	
-4.257973986	-1750.9592446	
-4.26267987704	-1750.96098181	
-4.26736372635	-1750.96276492	
-4.27202573946	-1750.9645932	
-4.27666611902	-1750.96646592	
-4.28128506487	-1750.96838237	
-4.28588277412	-1750.97034186	
-4.29045944115	-1750.9723437	
-4.29501525768	-1750.97438722	
-4.29955041285	-1750.97647175	
-4.3040650932	-1750.97859664	
-4.30855948279	-1750.98076125	
-4.31303376319	-1750.98296495	
-4.31748811354	-1750.98520712	
-4.3219227106	-1750.98748715	
-4.32633772881	-1750.98980443	
-4.33073334029	-1750.99215838	
-4.33510971489	-1750.99454842	
-4.33946702026	-1750.99697397	
-4.34380542185	-1750.99943447	
-4.348125083	-1751.00192937	
-4.3524261649	-1751.00445813	
-4.35670882669	-1751.00702021	
-4.36097322548	-1751.00961508	
-4.36521951636	-1751.01224222	
-4.36944785247	-1751.01490113	
-4.373658385	-1751.0175913	
-4.37785126326	-1751.02031224	
-4.38202663467	-1751.02306346	
-4.38618464482	-1751.02584448	
-4.39032543749	-1751.02865483	
-4.39444915467	-1751.03149405	
-4.39855593663	-1751.03436169	
-4.40264592188	-1751.03725728	
-4.40671924726	-1751.0401804	
-4.41077604796	-1751.0431306	
-4.4148164575	-1751.04610746	
-4.4188406078	-1751.04911055	
-4.42284862919	-1751.05213946	
-4.42684065046	-1751.05519379	
-4.43081679884	-1751.05827312	
-4.43477720006	-1751.06137706	
-4.43872197835	-1751.06450522	
-4.44265125649	-1751.06765722	
-4.44656515581	-1751.07083268	
-4.45046379623	-1751.07403123	
-4.45434729625	-1751.07725249	
-4.45821577303	-1751.08049611	
-4.46206934235	-1751.08376174	
-4.46590811865	-1751.08704901	
-4.46973221509	-1751.09035759	
-4.47354174351	-1751.09368714	
-4.47733681448	-1751.09703732	
-4.48111753732	-1751.1004078	
-4.48488402011	-1751.10379825	
-4.48863636973	-1751.10720837	
-4.49237469184	-1751.11063782	
-4.49609909093	-1751.1140863	
-4.49980967033	-1751.11755351	
-4.50350653221	-1751.12103914	
-4.50718977763	-1751.1245429	
-4.51085950652	-1751.12806449	
-4.51451581772	-1751.13160363	
-4.518158809	-1751.13516003	
-4.52178857705	-1751.13873341	
-4.52540521752	-1751.1423235	
-4.52900882502	-1751.14593002	
-4.53259949315	-1751.1495527	
-4.5361773145	-1751.1531913	
-4.53974238067	-1751.15684553	
-4.54329478227	-1751.16051515	
-4.54683460898	-1751.16419991	
-4.55036194949	-1751.16789955	
-4.5538768916	-1751.17161383	
-4.55737952215	-1751.17534252	
-4.56086992709	-1751.17908536	
-4.56434819147	-1751.18284213	
-4.56781439944	-1751.1866126	
-4.57126863431	-1751.19039653	
-4.5747109785	-1751.19419371	
-4.5781415136	-1751.1980039	
-4.58156032035	-1751.2018269	
-4.58496747867	-1751.20566249	
-4.58836306767	-1751.20951046	
-4.59174716566	-1751.21337059	
-4.59511985013	-1751.21724268	
-4.59848119784	-1751.22112652	
-4.60183128472	-1751.22502193	
-4.60517018599	-1751.22892869	
-4.60849797608	-1751.23284662	
-4.61181472871	-1751.23677552	
-4.61512051684	-1751.2407152	
-4.61841541274	-1751.24466548	
-4.62169948794	-1751.24862617	
-4.62497281328	-1751.25259709	
-4.62823545892	-1751.25657807	
-4.63148749431	-1751.26056892	
-4.63472898823	-1751.26456948	
-4.63796000881	-1751.26857956	
-4.64118062351	-1751.272599	
-4.64439089914	-1751.27662764	
-4.64759090187	-1751.28066531	
-4.65078069724	-1751.28471185	
-4.65396035016	-1751.2887671	
-4.65712992492	-1751.29283089	
-4.66028948521	-1751.29690309	
-4.66343909411	-1751.30098352	
-4.66657881412	-1751.30507204	
-4.66970870713	-1751.3091685	
-4.67282883446	-1751.31327276	
-4.67593925688	-1751.31738466	
-4.67904003455	-1751.32150407	
-4.68213122712	-1751.32563085	
-4.68521289366	-1751.32976485	
-4.6882850927	-1751.33390593	
-4.69134788223	-1751.33805397	
-4.69440131972	-1751.34220883	
-4.6974454621	-1751.34637037	
-4.70048036579	-1751.35053847	
-4.70350608671	-1751.354713	
-4.70652268025	-1751.35889382	
-4.70953020131	-1751.36308083	
-4.71252870431	-1751.36727389	
-4.71551824316	-1751.37147288	
-4.7184988713	-1751.37567768	
-4.72147064168	-1751.37988817	
-4.72443360681	-1751.38410425	
-4.72738781871	-1751.38832578	
-4.73033332894	-1751.39255266	
-4.73327018862	-1751.39678478	
-4.73619844839	-1751.40102203	
-4.7391181585	-1751.40526429	
-4.74202936871	-1751.40951146	
-4.74493212836	-1751.41376344	
-4.74782648639	-1751.41802011	
-4.75071249128	-1751.42228138	
-4.75359019111	-1751.42654714	
-4.75645963353	-1751.43081729	
-4.75932086582	-1751.43509174	
-4.7621739348	-1751.43937038	
-4.76501888693	-1751.44365312	
-4.76785576827	-1751.44793986	
-4.77068462447	-1751.45223052	
-4.77350550081	-1751.45652498	
-4.77631844218	-1751.46082318	
-4.77912349311	-1751.465125	
-4.78192069773	-1751.46943038	
-4.78471009982	-1751.4737392	
-4.78749174278	-1751.4780514	
-4.79026566966	-1751.48236689	
-4.79303192316	-1751.48668557	
-4.7957905456	-1751.49100737	
-4.79854157897	-1751.4953322	
-4.80128506491	-1751.49965998	
-4.80402104473	-1751.50399064	
-4.80674955939	-1751.50832409	
-4.8094706495	-1751.51266025	
-4.81218435537	-1751.51699905	
-4.81489071697	-1751.52134041	
-4.81758977394	-1751.52568426	
-4.82028156561	-1751.53003052	
-4.82296613098	-1751.53437912	
-4.82564350875	-1751.53872999	
-4.8283137373	-1751.54308305	
-4.83097685472	-1751.54743823	
-4.83363289878	-1751.55179547	
-4.83628190695	-1751.5561547	
-4.83892391641	-1751.56051585	
-4.84155896405	-1751.56487885	
-4.84418708646	-1751.56924363	
-4.84680831994	-1751.57361014	
-4.84942270051	-1751.5779783	
-4.85203026392	-1751.58234806	
-4.85463104562	-1751.58671935	
-4.8572250808	-1751.59109211	
-4.85981240436	-1751.59546628	
-4.86239305096	-1751.5998418	
-4.86496705495	-1751.6042186	
-4.86753445046	-1751.60859664	
-4.87009527132	-1751.61297585	
-4.87264955112	-1751.61735617	
-4.8751973232	-1751.62173756	
-4.87773862063	-1751.62611994	
-4.88027347623	-1751.63050328	
-4.88280192259	-1751.63488751	
-4.88532399202	-1751.63927258	
-4.88783971662	-1751.64365844	
-4.89034912822	-1751.64804503	
-4.89285225844	-1751.65243231	
-4.89534913864	-1751.65682023	
-4.89783979995	-1751.66120872	
-4.90032427328	-1751.66559776	
-4.90280258929	-1751.66998727	
-4.90527477844	-1751.67437723	
-4.90774087093	-1751.67876757	
-4.91020089677	-1751.68315826	
-4.91265488574	-1751.68754924	
-4.91510286737	-1751.69194047	
-4.91754487103	-1751.69633191	
-4.91998092583	-1751.70072351	
-4.92241106068	-1751.70511522	
-4.92483530429	-1751.70950701	
-4.92725368516	-1751.71389883	
-4.92966623156	-1751.71829064	
-4.93207297159	-1751.72268239	
-4.93447393313	-1751.72707405	
-4.93686914386	-1751.73146557	
-4.93925863125	-1751.73585692	
-4.94164242261	-1751.74024805	
-4.94402054501	-1751.74463892	
-4.94639302537	-1751.7490295	
-4.94875989038	-1751.75341975	
-4.95112116656	-1751.75780963	
-4.95347688026	-1751.76219911	
-4.9558270576	-1751.76658814	
-4.95817172456	-1751.77097669	
-4.96051090691	-1751.77536472	
-4.96284463026	-1751.77975221	
-4.96517292002	-1751.78413911	
-4.96749580144	-1751.78852539	
-4.96981329958	-1751.79291101	
-4.97212543933	-1751.79729595	
-4.97443224543	-1751.80168017	
-4.97673374242	-1751.80606364	
-4.97902995468	-1751.81044632	
-4.98132090643	-1751.81482818	
-4.98360662171	-1751.8192092	
-4.98588712441	-1751.82358933	
-4.98816243824	-1751.82796856	
-4.99043258678	-1751.83234684	
-4.99269759341	-1751.83672416	
-4.99495748138	-1751.84110048	
-4.99721227376	-1751.84547577	
-4.9994619935	-1751.84985	
-5.00170666335	-1751.85422314	
-5.00394630595	-1751.85859518	
-5.00618094375	-1751.86296607	
-5.00841059907	-1751.8673358	
-5.0106352941	-1751.87170433	
-5.01285505083	-1751.87607164	
-5.01506989116	-1751.8804377	
-5.01727983681	-1751.88480249	
-5.01948490937	-1751.88916598	
-5.02168513028	-1751.89352815	
-5.02388052085	-1751.89788897	
-5.02607110223	-1751.90224842	
-5.02825689545	-1751.90660647	
-5.03043792139	-1751.9109631	
-5.03261420082	-1751.91531829	
-5.03478575433	-1751.91967201	
-5.03695260241	-1751.92402423	
-5.03911476542	-1751.92837495	
-5.04127226356	-1751.93272413	
-5.04342511692	-1751.93707176	
-5.04557334546	-1751.9414178	
-5.047716969	-1751.94576225	
-5.04985600725	-1751.95010508	
-5.05199047978	-1751.95444626	
-5.05412040604	-1751.95878578	
-5.05624580535	-1751.96312362	
-5.05836669692	-1751.96745976	
-5.06048309982	-1751.97179417	
-5.06259503303	-1751.97612684	
-5.06470251537	-1751.98045775	
-5.06680556556	-1751.98478689	
-5.06890420222	-1751.98911422	
-5.07099844382	-1751.99343973	
-5.07308830874	-1751.99776341	
-5.07517381523	-1752.00208524	
-5.07725498144	-1752.0064052	
-5.07933182538	-1752.01072327	
-5.08140436498	-1752.01503943	
-5.08347261805	-1752.01935367	
-5.08553660227	-1752.02366597	
-5.08759633523	-1752.02797631	
-5.08965183441	-1752.03228469	
-5.09170311719	-1752.03659107	
-5.09375020081	-1752.04089545	
-5.09579310244	-1752.04519781	
-5.09783183913	-1752.04949814	
-5.09986642782	-1752.05379642	
-5.10189688537	-1752.05809263	
-5.10392322852	-1752.06238676	
-5.1059454739	-1752.0666788	
-5.10796363806	-1752.07096872	
-5.10997773743	-1752.07525653	
-5.11198778836	-1752.0795422	
-5.11399380708	-1752.08382571	
-5.11599580975	-1752.08810707	
-5.11799381242	-1752.09238624	
-5.11998783102	-1752.09666323	
-5.12197788143	-1752.10093801	
-5.1239639794	-1752.10521057	
-5.12594614061	-1752.10948091	
-5.12792438062	-1752.113749	
-5.12989871492	-1752.11801484	
-5.13186915891	-1752.12227841	
-5.13383572788	-1752.1265397	
-5.13579843705	-1752.13079871	
-5.13775730154	-1752.13505541	
-5.13971233637	-1752.1393098	
-5.1416635565	-1752.14356187	
-5.14361097679	-1752.1478116	
-5.145554612	-1752.15205899	
-5.14749447681	-1752.15630402	
-5.14943058584	-1752.16054668	
-5.15136295359	-1752.16478696	
-5.1532915945	-1752.16902486	
-5.15521652291	-1752.17326035	
-5.15713775309	-1752.17749344	
-5.15905529921	-1752.18172412	
-5.1609691754	-1752.18595236	
-5.16287939565	-1752.19017817	
-5.16478597392	-1752.19440153	
-5.16668892407	-1752.19862243	
-5.16858825987	-1752.20284087	
-5.17048399504	-1752.20705684	
-5.17237614319	-1752.21127032	
-5.17426471788	-1752.21548131	
-5.17614973257	-1752.2196898	
-5.17803120067	-1752.22389579	
-5.1799091355	-1752.22809925	
-5.18178355029	-1752.23230019	
-5.18365445823	-1752.2364986	
-5.1855218724	-1752.24069447	
-5.18738580584	-1752.24488779	
-5.18924627149	-1752.24907856	
-5.19110328224	-1752.25326676	
-5.19295685089	-1752.25745239	
-5.19480699018	-1752.26163544	
-5.19665371277	-1752.26581591	
-5.19849703127	-1752.26999378	
-5.20033695819	-1752.27416906	
-5.202173506	-1752.27834173	
-5.20400668708	-1752.28251178	
-5.20583651375	-1752.28667922	
-5.20766299828	-1752.29084403	
-5.20948615284	-1752.29500621	
-5.21130598956	-1752.29916575	
-5.21312252048	-1752.30332264	
-5.21493575761	-1752.30747689	
-5.21674571285	-1752.31162848	
-5.21855239808	-1752.3157774	
-5.22035582508	-1752.31992366	
-5.22215600558	-1752.32406725	
-5.22395295126	-1752.32820815	
-5.22574667371	-1752.33234637	
-5.22753718449	-1752.3364819	
-5.22932449506	-1752.34061474	
-5.23110861685	-1752.34474487	
-5.23288956123	-1752.3488723	
-5.23466733947	-1752.35299702	
-5.23644196283	-1752.35711902	
-5.23821344248	-1752.36123831	
-5.23998178954	-1752.36535487	
-5.24174701506	-1752.3694687	
-5.24350913005	-1752.3735798	
-5.24526814546	-1752.37768815	
-5.24702407216	-1752.38179377	
-5.24877692099	-1752.38589664	
-5.25052670271	-1752.38999676	
-5.25227342805	-1752.39409413	
-5.25401710765	-1752.39818873	
-5.25575775213	-1752.40228057	
-5.25749537203	-1752.40636965	
-5.25922997784	-1752.41045596	
-5.26096158	-1752.41453949	
-5.2626901889	-1752.41862024	
-5.26441581487	-1752.42269822	
-5.26613846818	-1752.42677341	
-5.26785815906	-1752.43084581	
-5.26957489768	-1752.43491542	
-5.27128869416	-1752.43898224	
-5.27299955856	-1752.44304626	
-5.27470750091	-1752.44710748	
-5.27641253116	-1752.45116589	
-5.27811465923	-1752.4552215	
-5.27981389498	-1752.45927431	
-5.28151024823	-1752.46332429	
-5.28320372874	-1752.46737147	
-5.28489434622	-1752.47141583	
-5.28658211033	-1752.47545736	
-5.28826703069	-1752.47949608	
-5.28994911688	-1752.48353197	
-5.2916283784	-1752.48756503	
-5.29330482472	-1752.49159526	
-5.29497846528	-1752.49562267	
-5.29664930945	-1752.49964723	
-5.29831736655	-1752.50366897	
-5.29998264587	-1752.50768786	
-5.30164515664	-1752.51170391	
-5.30330490806	-1752.51571713	
-5.30496190927	-1752.51972749	
-5.30661616936	-1752.52373502	
-5.3082676974	-1752.52773969	
-5.30991650239	-1752.53174152	
-5.3115625933	-1752.53574049	
-5.31320597904	-1752.53973661	
-5.3148466685	-1752.54372988	
-5.3164846705	-1752.5477203	
-5.31811999384	-1752.55170785	
-5.31975264727	-1752.55569255	
-5.32138263948	-1752.55967439	
-5.32300997914	-1752.56365336	
-5.32463467487	-1752.56762948	
-5.32625673524	-1752.57160273	
-5.32787616879	-1752.57557312	
-5.32949298402	-1752.57954064	
-5.33110718937	-1752.58350529	
-5.33271879327	-1752.58746708	
-5.33432780407	-1752.591426	
-5.33593423012	-1752.59538204	
-5.3375380797	-1752.59933522	
-5.33913936107	-1752.60328553	
-5.34073808243	-1752.60723297	
-5.34233425196	-1752.61117753	
-5.3439278778	-1752.61511922	
-5.34551896803	-1752.61905803	
-5.34710753072	-1752.62299397	
-5.34869357387	-1752.62692704	
-5.35027710548	-1752.63085723	
-5.35185813348	-1752.63478455	
-5.35343666577	-1752.63870899	
-5.35501271022	-1752.64263055	
-5.35658627467	-1752.64654923	
-5.3581573669	-1752.65046504	
-5.35972599468	-1752.65437797	
-5.36129216571	-1752.65828802	
-5.36285588769	-1752.6621952	
-5.36441716825	-1752.6660995	
-5.36597601502	-1752.67000091	
-5.36753243557	-1752.67389946	
-5.36908643744	-1752.67779512	
-5.37063802813	-1752.6816879	
-5.37218721511	-1752.68557781	
-5.37373400583	-1752.68946484	
-5.37527840768	-1752.69334899	
-5.37682042804	-1752.69723026	
-5.37836007422	-1752.70110866	
-5.37989735354	-1752.70498417	
-5.38143227326	-1752.70885681	
-5.38296484061	-1752.71272658	
-5.38449506279	-1752.71659347	
-5.38602294697	-1752.72045748	
-5.38754850028	-1752.72431861	
-5.38907172982	-1752.72817688	
-5.39059264266	-1752.73203226	
-5.39211124583	-1752.73588478	
-5.39362754635	-1752.73973441	
-5.39514155118	-1752.74358118	
-5.39665326727	-1752.74742507	
-5.39816270152	-1752.75126609	
-5.39966986081	-1752.75510424	
-5.40117475199	-1752.75893952	
-5.40267738187	-1752.76277193	
-5.40417775725	-1752.76660147	
-5.40567588487	-1752.77042814	
-5.40717177146	-1752.77425195	
-5.40866542372	-1752.77807289	
-5.4101568483	-1752.78189096	
-5.41164605186	-1752.78570616	
-5.41313304098	-1752.7895185	
-5.41461782224	-1752.79332798	
-5.4161004022	-1752.7971346	
-5.41758078737	-1752.80093835	
-5.41905898424	-1752.80473925	
-5.42053499927	-1752.80853728	
-5.42200883889	-1752.81233246	
-5.4234805095	-1752.81612478	
-5.42495001748	-1752.81991424	
-5.42641736918	-1752.82370085	
-5.4278825709	-1752.82748461	
-5.42934562895	-1752.83126551	
-5.43080654959	-1752.83504356	
-5.43226533906	-1752.83881876	
-5.43372200355	-1752.84259111	
-5.43517654927	-1752.84636061	
-5.43662898235	-1752.85012727	
-5.43807930892	-1752.85389108	
-5.4395275351	-1752.85765204	
-5.44097366695	-1752.86141017	
-5.44241771052	-1752.86516545	
-5.44385967184	-1752.86891789	
-5.4452995569	-1752.8726675	
-5.44673737167	-1752.87641426	
-5.44817312209	-1752.8801582	
-5.44960681409	-1752.88389929	
-5.45103845357	-1752.88763756	
-5.45246804638	-1752.89137299	
-5.45389559837	-1752.89510559	
-5.45532111536	-1752.89883537	
-5.45674460314	-1752.90256232	
-5.45816606749	-1752.90628644	
-5.45958551414	-1752.91000774	
-5.46100294883	-1752.91372622	
-5.46241837723	-1752.91744188	
-5.46383180503	-1752.92115472	
-5.46524323786	-1752.92486474	
-5.46665268137	-1752.92857195	
-5.46806014114	-1752.93227634	
-5.46946562274	-1752.93597792	
-5.47086913175	-1752.93967669	
-5.47227067367	-1752.94337265	
-5.47367025403	-1752.94706581	
-5.47506787829	-1752.95075616	
-5.47646355193	-1752.95444371	
-5.47785728038	-1752.95812846	
-5.47924906905	-1752.9618104	
-5.48063892334	-1752.96548955	
-5.48202684862	-1752.96916591	
-5.48341285022	-1752.97283947	
-5.48479693349	-1752.97651023	
-5.48617910372	-1752.98017821	
-5.48755936619	-1752.9838434	
-5.48893772616	-1752.9875058	
-5.49031418887	-1752.99116542	
-5.49168875953	-1752.99482226	
-5.49306144334	-1752.99847631	
-5.49443224547	-1753.00212759	
-5.49580117108	-1753.00577609	
-5.49716822529	-1753.00942181	
-5.49853341322	-1753.01306476	
-5.49989673995	-1753.01670495	
-5.50125821054	-1753.02034236	
-5.50261783006	-1753.023977	
-5.50397560352	-1753.02760889	
-5.50533153593	-1753.03123801	
-5.50668563228	-1753.03486436	
-5.50803789753	-1753.03848796	
-5.50938833663	-1753.04210881	
-5.5107369545	-1753.0457269	
-5.51208375605	-1753.04934224	
-5.51342874616	-1753.05295483	
-5.51477192971	-1753.05656467	
-5.51611331154	-1753.06017176	
-5.51745289646	-1753.06377611	
-5.51879068931	-1753.06737772	
-5.52012669485	-1753.07097659	
-5.52146091786	-1753.07457273	
-5.5227933631	-1753.07816613	
-5.52412403528	-1753.08175679	
-5.52545293913	-1753.08534473	
-5.52678007934	-1753.08892994	
-5.52810546058	-1753.09251242	
-5.52942908751	-1753.09609218	
-5.53075096477	-1753.09966922	
-5.53207109697	-1753.10324354	
-5.53338948873	-1753.10681514	
-5.53470614461	-1753.11038403	
-5.53602106919	-1753.1139502	
-5.53733426702	-1753.11751367	
-5.53864574262	-1753.12107442	
-5.5399555005	-1753.12463248	
-5.54126354516	-1753.12818783	
-5.54256988107	-1753.13174048	
-5.5438745127	-1753.13529043	
-5.54517744448	-1753.13883768	
-5.54647868084	-1753.14238224	
-5.54777822618	-1753.14592411	
-5.5490760849	-1753.14946329	
-5.55037226136	-1753.15299978	
-5.55166675992	-1753.15653359	
-5.55295958492	-1753.16006472	
-5.55425074069	-1753.16359317	
-5.55554023152	-1753.16711894	
-5.5568280617	-1753.17064204	
-5.55811423551	-1753.17416246	
-5.5593987572	-1753.17768022	
-5.56068163102	-1753.18119531	
-5.56196286117	-1753.18470773	
-5.56324245188	-1753.18821749	
-5.56452040732	-1753.19172459	
-5.56579673168	-1753.19522903	
-5.56707142911	-1753.19873082	
-5.56834450376	-1753.20222995	
-5.56961595975	-1753.20572644	
-5.57088580119	-1753.20922027	
-5.57215403218	-1753.21271146	
-5.57342065679	-1753.21620001	
-5.5746856791	-1753.21968592	
-5.57594910315	-1753.22316919	
-5.57721093297	-1753.22664983	
-5.57847117258	-1753.23012783	
-5.57972982599	-1753.2336032	
-5.58098689718	-1753.23707594	
-5.58224239012	-1753.24054606	
-5.58349630878	-1753.24401356	
-5.5847486571	-1753.24747843	
-5.585999439	-1753.25094069	
-5.5872486584	-1753.25440033	
-5.5884963192	-1753.25785736	
-5.58974242528	-1753.26131178	
-5.59098698051	-1753.26476359	
-5.59222998875	-1753.2682128	
-5.59347145384	-1753.2716594	
-5.5947113796	-1753.27510341	
-5.59594976985	-1753.27854481	
-5.59718662839	-1753.28198362	
-5.598421959	-1753.28541984	
-5.59965576545	-1753.28885347	
-5.60088805149	-1753.29228451	
-5.60211882088	-1753.29571297	
-5.60334807733	-1753.29913885	
-5.60457582457	-1753.30256214	
-5.6058020663	-1753.30598286	
-5.60702680619	-1753.30940101	
-5.60825004793	-1753.31281658	
-5.60947179518	-1753.31622959	
-5.61069205159	-1753.31964002	
-5.61191082078	-1753.3230479	
-5.61312810639	-1753.32645321	
-5.61434391201	-1753.32985596	
-5.61555824124	-1753.33325616	
-5.61677109767	-1753.3366538	
-5.61798248485	-1753.3400489	
-5.61919240636	-1753.34344144	
-5.62040086572	-1753.34683144	
-5.62160786647	-1753.3502189	
-5.62281341212	-1753.35360381	
-5.62401750619	-1753.35698619	
-5.62522015215	-1753.36036603	
-5.6264213535	-1753.36374334	
-5.62762111369	-1753.36711812	
-5.62881943618	-1753.37049037	
-5.63001632442	-1753.3738601	
-5.63121178182	-1753.3772273	
-5.63240581181	-1753.38059199	
-5.6335984178	-1753.38395416	
-5.63478960317	-1753.38731382	
-5.6359793713	-1753.39067096	
-5.63716772557	-1753.39402559	
-5.63835466933	-1753.39737772	
-5.63954020593	-1753.40072735	
-5.64072433869	-1753.40407447	
-5.64190707094	-1753.4074191	
-5.64308840598	-1753.41076123	
-5.64426834712	-1753.41410086	
-5.64544689764	-1753.41743801	
-5.64662406082	-1753.42077267	
-5.64779983991	-1753.42410484	
-5.64897423816	-1753.42743453	
-5.65014725882	-1753.43076174	
-5.65131890512	-1753.43408648	
-5.65248918027	-1753.43740873	
-5.65365808747	-1753.44072852	
-5.65482562993	-1753.44404584	
-5.65599181082	-1753.44736069	
-5.65715663332	-1753.45067308	
-5.65832010058	-1753.45398301	
-5.65948221576	-1753.45729047	
-5.660642982	-1753.46059549	
-5.66180240242	-1753.46389805	
-5.66296048014	-1753.46719815	
-5.66411721826	-1753.47049581	
-5.66527261989	-1753.47379103	
-5.66642668811	-1753.4770838	
-5.66757942599	-1753.48037413	
-5.6687308366	-1753.48366203	
-5.66988092298	-1753.48694749	
-5.67102968818	-1753.49023052	
-5.67217713524	-1753.49351112	
-5.67332326717	-1753.49678929	
-5.67446808699	-1753.50006504	
-5.67561159769	-1753.50333836	
-5.67675380227	-1753.50660927	
-5.6778947037	-1753.50987776	
-5.67903430497	-1753.51314384	
-5.68017260902	-1753.51640751	
-5.6813096188	-1753.51966877	
-5.68244533727	-1753.52292762	
-5.68357976734	-1753.52618408	
-5.68471291194	-1753.52943813	
-5.68584477397	-1753.53268978	
-5.68697535634	-1753.53593904	
-5.68810466194	-1753.53918591	
-5.68923269364	-1753.54243039	
-5.69035945432	-1753.54567248	
-5.69148494685	-1753.54891218	
-5.69260917406	-1753.55214951	
-5.6937321388	-1753.55538446	
-5.69485384391	-1753.55861703	
-5.69597429221	-1753.56184722	
-5.69709348651	-1753.56507505	
-5.69821142961	-1753.56830051	
-5.69932812431	-1753.5715236	
-5.70044357339	-1753.57474433	
-5.70155777963	-1753.57796269	
-5.7026707458	-1753.5811787	
-5.70378247466	-1753.58439236	
-5.70489296894	-1753.58760366	
-5.70600223139	-1753.59081262	
-5.70711026475	-1753.59401922	
-5.70821707172	-1753.59722349	
-5.70932265503	-1753.60042541	
-5.71042701737	-1753.60362499	
-5.71153016145	-1753.60682223	
-5.71263208993	-1753.61001714	
-5.71373280551	-1753.61320972	
-5.71483231084	-1753.61639997	
-5.71593060859	-1753.6195879	
-5.71702770141	-1753.6227735	
-5.71812359193	-1753.62595678	
-5.71921828279	-1753.62913774	
-5.72031177661	-1753.63231639	
-5.72140407601	-1753.63549272	
-5.72249518359	-1753.63866675	
-5.72358510195	-1753.64183846	
-5.72467383369	-1753.64500787	
-5.72576138137	-1753.64817498	
-5.72684774759	-1753.65133979	
-5.72793293489	-1753.65450231	
-5.72901694583	-1753.65766252	
-5.73009978297	-1753.66082045	
-5.73118144884	-1753.66397609	
-5.73226194598	-1753.66712944	
-5.7333412769	-1753.6702805	
-5.73441944412	-1753.67342929	
-5.73549645015	-1753.67657579	
-5.73657229748	-1753.67972002	
-5.73764698861	-1753.68286198	
-5.73872052602	-1753.68600166	
-5.73979291218	-1753.68913908	
-5.74086414956	-1753.69227423	
-5.74193424062	-1753.69540712	
-5.74300318781	-1753.69853775	
-5.74407099357	-1753.70166612	
-5.74513766034	-1753.70479223	
-5.74620319054	-1753.70791609	
-5.7472675866	-1753.7110377	
-5.74833085092	-1753.71415707	
-5.74939298591	-1753.71727418	
-5.75045399397	-1753.72038906	
-5.75151387748	-1753.7235017	
-5.75257263883	-1753.72661209	
-5.75363028038	-1753.72972026	
-5.75468680452	-1753.73282619	
-5.75574221359	-1753.73592989	
-5.75679650994	-1753.73903137	
-5.75784969593	-1753.74213062	
-5.75890177388	-1753.74522765	
-5.75995274612	-1753.74832246	
-5.76100261499	-1753.75141505	
-5.76205138278	-1753.75450543	
-5.76309905181	-1753.7575936	
-5.76414562438	-1753.76067955	
-5.76519110278	-1753.76376331	
-5.7662354893	-1753.76684485	
-5.76727878622	-1753.7699242	
-5.76832099579	-1753.77300135	
-5.7693621203	-1753.7760763	
-5.770402162	-1753.77914906	
-5.77144112313	-1753.78221963	
-5.77247900594	-1753.785288	
-5.77351581267	-1753.7883542	
-5.77455154554	-1753.7914182	
-5.77558620679	-1753.79448003	
-5.77661979861	-1753.79753968	
-5.77765232322	-1753.80059715	
-5.77868378283	-1753.80365245	
-5.77971417962	-1753.80670558	
-5.78074351579	-1753.80975654	
-5.78177179352	-1753.81280534	
-5.78279901497	-1753.81585197	
-5.78382518233	-1753.81889644	
-5.78485029774	-1753.82193875	
-5.78587436337	-1753.82497891	
-5.78689738137	-1753.82801691	
-5.78791935386	-1753.83105276	
-5.788940283	-1753.83408647	
-5.7899601709	-1753.83711803	
-5.79097901969	-1753.84014744	
-5.79199683148	-1753.84317472	
-5.79301360838	-1753.84619985	
-5.7940293525	-1753.84922285	
-5.79504406593	-1753.85224372	
-5.79605775077	-1753.85526246	
-5.79707040908	-1753.85827907	
-5.79808204295	-1753.86129355	
-5.79909265446	-1753.86430591	
-5.80010224566	-1753.86731615	
-5.80111081862	-1753.87032427	
-5.80211837538	-1753.87333027	
-5.80312491799	-1753.87633416	
-5.80413044849	-1753.87933594	
-5.80513496892	-1753.88233561	
-5.80613848129	-1753.88533318	
-5.80714098764	-1753.88832864	
-5.80814248998	-1753.891322	
-5.80914299031	-1753.89431326	
