# log_p 	 lnL 	 
0.0	-1644.73715956	
-0.287682072452	-1644.73714593	
-0.510825623766	-1644.73714395	
-0.69314718056	-1644.73715172	
-0.847297860387	-1644.73716908	
-0.980829253012	-1644.73719375	
-1.09861228867	-1644.7372229	
-1.20397280433	-1644.73725416	
-1.29928298413	-1644.7372858	
-1.38629436112	-1644.73731669	
-1.46633706879	-1644.73734615	
-1.54044504095	-1644.73737381	
-1.60943791243	-1644.73739948	
-1.67397643357	-1644.73742313	
-1.73460105539	-1644.7374448	
-1.79175946923	-1644.73746457	
-1.8458266905	-1644.73748255	
-1.89711998489	-1644.73749887	
-1.94591014906	-1644.73751365	
-1.99243016469	-1644.73752702	
-2.03688192726	-1644.73753908	
-2.07944154168	-1644.73754996	
-2.1202635362	-1644.73755974	
-2.15948424935	-1644.73756853	
-2.19722457734	-1644.73757641	
-2.23359222151	-1644.73758346	
-2.26868354132	-1644.73758976	
-2.30258509299	-1644.73759536	
-2.33537491582	-1644.73760032	
-2.36712361413	-1644.73760471	
-2.3978952728	-1644.73760857	
-2.42774823595	-1644.73761194	
-2.45673577282	-1644.73761486	
-2.48490664979	-1644.73761738	
-2.51230562398	-1644.73761952	
-2.53897387106	-1644.73762132	
-2.56494935746	-1644.73762281	
-2.59026716545	-1644.737624	
-2.61495977804	-1644.73762493	
-2.63905732962	-1644.73762561	
-2.66258782703	-1644.73762607	
-2.68557734525	-1644.73762633	
-2.7080502011	-1644.73762639	
-2.73002910782	-1644.73762628	
-2.75153531304	-1644.73762601	
-2.77258872224	-1644.73762559	
-2.79320800944	-1644.73762503	
-2.81341071676	-1644.73762435	
-2.83321334406	-1644.73762356	
-2.85263142991	-1644.73762265	
-2.87167962488	-1644.73762166	
-2.8903717579	-1644.73762057	
-2.90872089656	-1644.7376194	
-2.92673940207	-1644.73761816	
-2.94443897917	-1644.73761685	
-2.96183072188	-1644.73761547	
-2.97892515524	-1644.73761404	
-2.99573227355	-1644.73761256	
-3.01226157551	-1644.73761103	
-3.02852209638	-1644.73760945	
-3.04452243772	-1644.73760784	
-3.06027079469	-1644.73760619	
-3.07577498123	-1644.73760451	
-3.09104245336	-1644.7376028	
-3.10608033072	-1644.73760106	
-3.12089541651	-1644.7375993	
-3.13549421593	-1644.73759752	
-3.14988295338	-1644.73759572	
-3.16406758837	-1644.73759391	
-3.17805383035	-1644.73759208	
-3.19184715248	-1644.73759023	
-3.20545280454	-1644.73758838	
-3.21887582487	-1644.73758652	
-3.23212105162	-1644.73758465	
-3.24519313319	-1644.73758278	
-3.25809653802	-1644.7375809	
-3.2708355638	-1644.73757902	
-3.28341434601	-1644.73757714	
-3.295836866	-1644.73757525	
-3.3081069586	-1644.73757337	
-3.32022831913	-1644.73757148	
-3.33220451018	-1644.7375696	
-3.34403896782	-1644.73756772	
-3.35573500759	-1644.73756584	
-3.36729582999	-1644.73756397	
-3.37872452581	-1644.73756211	
-3.39002408106	-1644.73756024	
-3.40119738166	-1644.73755839	
-3.41224721785	-1644.73755654	
-3.42317628838	-1644.73755469	
-3.43398720449	-1644.73755286	
-3.4446824936	-1644.73755103	
-3.45526460293	-1644.7375492	
-3.4657359028	-1644.73754739	
-3.47609868984	-1644.73754559	
-3.48635519	-1644.73754379	
-3.49650756147	-1644.73754201	
-3.50655789732	-1644.73754023	
-3.51650822817	-1644.73753846	
-3.52636052462	-1644.7375367	
-3.53611669956	-1644.73753495	
-3.54577861047	-1644.73753322	
-3.55534806149	-1644.73753149	
-3.56482680544	-1644.73752977	
-3.57421654579	-1644.73752806	
-3.58351893846	-1644.73752637	
-3.59273559356	-1644.73752468	
-3.60186807712	-1644.737523	
-3.61091791264	-1644.73752134	
-3.61988658263	-1644.73751969	
-3.62877553004	-1644.73751804	
-3.63758615973	-1644.73751641	
-3.6463198397	-1644.73751479	
-3.65497790244	-1644.73751318	
-3.66356164613	-1644.73751158	
-3.6720723358	-1644.73750999	
-3.68051120444	-1644.73750841	
-3.68887945411	-1644.73750685	
-3.69717825693	-1644.73750529	
-3.70540875607	-1644.73750375	
-3.7135720667	-1644.73750221	
-3.72166927694	-1644.73750069	
-3.72970144863	-1644.73749918	
-3.73766961828	-1644.73749768	
-3.74557479779	-1644.73749618	
-3.75341797525	-1644.7374947	
-3.76120011569	-1644.73749323	
-3.76892216179	-1644.73749178	
-3.77658503453	-1644.73749033	
-3.78418963392	-1644.73748889	
-3.79173683955	-1644.73748746	
-3.79922751128	-1644.73748605	
-3.80666248977	-1644.73748464	
-3.81404259707	-1644.73748324	
-3.82136863716	-1644.73748186	
-3.82864139649	-1644.73748048	
-3.83586164446	-1644.73747911	
-3.84303013394	-1644.73747776	
-3.85014760171	-1644.73747641	
-3.85721476893	-1644.73747508	
-3.86423234159	-1644.73747375	
-3.87120101091	-1644.73747243	
-3.87812145375	-1644.73747113	
-3.88499433304	-1644.73746983	
-3.89182029811	-1644.73746854	
-3.8985999851	-1644.73746726	
-3.90533401728	-1644.73746599	
-3.91202300543	-1644.73746474	
-3.91866754815	-1644.73746348	
-3.92526823218	-1644.73746224	
-3.93182563272	-1644.73746101	
-3.93834031375	-1644.73745979	
-3.94481282825	-1644.73745857	
-3.95124371858	-1644.73745737	
-3.95763351668	-1644.73745617	
-3.96398274436	-1644.73745498	
-3.97029191355	-1644.7374538	
-3.97656152657	-1644.73745263	
-3.98279207632	-1644.73745147	
-3.98898404656	-1644.73745032	
-3.99513791214	-1644.73744917	
-4.00125413916	-1644.73744803	
-4.00733318523	-1644.73744691	
-4.01337549969	-1644.73744578	
-4.01938152375	-1644.73744467	
-4.02535169074	-1644.73744357	
-4.03128642625	-1644.73744247	
-4.03718614838	-1644.73744138	
-4.04305126783	-1644.7374403	
-4.04888218815	-1644.73743923	
-4.05467930583	-1644.73743816	
-4.06044301055	-1644.7374371	
-4.06617368526	-1644.73743605	
-4.07187170637	-1644.73743501	
-4.07753744391	-1644.73743397	
-4.08317126162	-1644.73743294	
-4.08877351717	-1644.73743192	
-4.09434456222	-1644.73743091	
-4.0998847426	-1644.7374299	
-4.10539439841	-1644.7374289	
-4.11087386417	-1644.73742791	
-4.11632346894	-1644.73742692	
-4.12174353641	-1644.73742594	
-4.12713438505	-1644.73742497	
-4.13249632819	-1644.737424	
-4.13782967416	-1644.73742304	
-4.14313472639	-1644.73742209	
-4.14841178349	-1644.73742114	
-4.15366113938	-1644.7374202	
-4.15888308336	-1644.73741927	
-4.16407790024	-1644.73741834	
-4.1692458704	-1644.73741742	
-4.1743872699	-1644.73741651	
-4.17950237056	-1644.7374156	
-4.18459144007	-1644.7374147	
-4.18965474203	-1644.7374138	
-4.19469253606	-1644.73741291	
-4.19970507788	-1644.73741203	
-4.20469261939	-1644.73741115	
-4.20965540873	-1644.73741028	
-4.21459369037	-1644.73740941	
-4.21950770518	-1644.73740855	
-4.22439769047	-1644.73740769	
-4.22926388012	-1644.73740684	
-4.2341065046	-1644.737406	
-4.23892579103	-1644.73740516	
-4.2437219633	-1644.73740433	
-4.24849524205	-1644.7374035	
-4.25324584481	-1644.73740268	
-4.257973986	-1644.73740186	
-4.26267987704	-1644.73740105	
-4.26736372635	-1644.73740025	
-4.27202573946	-1644.73739944	
-4.27666611902	-1644.73739865	
-4.28128506487	-1644.73739786	
-4.28588277412	-1644.73739707	
-4.29045944115	-1644.73739629	
-4.29501525768	-1644.73739552	
-4.29955041285	-1644.73739475	
-4.3040650932	-1644.73739398	
-4.30855948279	-1644.73739322	
-4.31303376319	-1644.73739246	
-4.31748811354	-1644.73739171	
-4.3219227106	-1644.73739097	
-4.32633772881	-1644.73739022	
-4.33073334029	-1644.73738949	
-4.33510971489	-1644.73738875	
-4.33946702026	-1644.73738803	
-4.34380542185	-1644.7373873	
-4.348125083	-1644.73738658	
-4.3524261649	-1644.73738587	
-4.35670882669	-1644.73738516	
-4.36097322548	-1644.73738445	
-4.36521951636	-1644.73738375	
-4.36944785247	-1644.73738305	
-4.373658385	-1644.73738236	
-4.37785126326	-1644.73738167	
-4.38202663467	-1644.73738099	
-4.38618464482	-1644.73738031	
-4.39032543749	-1644.73737963	
-4.39444915467	-1644.73737896	
-4.39855593663	-1644.73737829	
-4.40264592188	-1644.73737763	
-4.40671924726	-1644.73737697	
-4.41077604796	-1644.73737631	
-4.4148164575	-1644.73737566	
-4.4188406078	-1644.73737501	
-4.42284862919	-1644.73737436	
-4.42684065046	-1644.73737372	
-4.43081679884	-1644.73737308	
-4.43477720006	-1644.73737245	
-4.43872197835	-1644.73737182	
-4.44265125649	-1644.7373712	
-4.44656515581	-1644.73737057	
-4.45046379623	-1644.73736995	
-4.45434729625	-1644.73736934	
-4.45821577303	-1644.73736873	
-4.46206934235	-1644.73736812	
-4.46590811865	-1644.73736751	
-4.46973221509	-1644.73736691	
-4.47354174351	-1644.73736632	
-4.47733681448	-1644.73736572	
-4.48111753732	-1644.73736513	
-4.48488402011	-1644.73736454	
-4.48863636973	-1644.73736396	
-4.49237469184	-1644.73736338	
-4.49609909093	-1644.7373628	
-4.49980967033	-1644.73736222	
-4.50350653221	-1644.73736165	
-4.50718977763	-1644.73736109	
-4.51085950652	-1644.73736052	
-4.51451581772	-1644.73735996	
-4.518158809	-1644.7373594	
-4.52178857705	-1644.73735884	
-4.52540521752	-1644.73735829	
-4.52900882502	-1644.73735774	
-4.53259949315	-1644.7373572	
-4.5361773145	-1644.73735665	
-4.53974238067	-1644.73735611	
-4.54329478227	-1644.73735557	
-4.54683460898	-1644.73735504	
-4.55036194949	-1644.73735451	
-4.5538768916	-1644.73735398	
-4.55737952215	-1644.73735345	
-4.56086992709	-1644.73735293	
-4.56434819147	-1644.73735241	
-4.56781439944	-1644.73735189	
-4.57126863431	-1644.73735138	
-4.5747109785	-1644.73735087	
-4.5781415136	-1644.73735036	
-4.58156032035	-1644.73734985	
-4.58496747867	-1644.73734935	
-4.58836306767	-1644.73734884	
-4.59174716566	-1644.73734835	
-4.59511985013	-1644.73734785	
-4.59848119784	-1644.73734736	
-4.60183128472	-1644.73734687	
-4.60517018599	-1644.73734638	
-4.60849797608	-1644.73734589	
-4.61181472871	-1644.73734541	
-4.61512051684	-1644.73734493	
-4.61841541274	-1644.73734445	
-4.62169948794	-1644.73734397	
-4.62497281328	-1644.7373435	
-4.62823545892	-1644.73734303	
-4.63148749431	-1644.73734256	
-4.63472898823	-1644.7373421	
-4.63796000881	-1644.73734163	
-4.64118062351	-1644.73734117	
-4.64439089914	-1644.73734071	
-4.64759090187	-1644.73734026	
-4.65078069724	-1644.7373398	
-4.65396035016	-1644.73733935	
-4.65712992492	-1644.7373389	
-4.66028948521	-1644.73733845	
-4.66343909411	-1644.73733801	
-4.66657881412	-1644.73733756	
-4.66970870713	-1644.73733712	
-4.67282883446	-1644.73733668	
-4.67593925688	-1644.73733625	
-4.67904003455	-1644.73733581	
-4.68213122712	-1644.73733538	
-4.68521289366	-1644.73733495	
-4.6882850927	-1644.73733452	
-4.69134788223	-1644.7373341	
-4.69440131972	-1644.73733367	
-4.6974454621	-1644.73733325	
-4.70048036579	-1644.73733283	
-4.70350608671	-1644.73733241	
-4.70652268025	-1644.737332	
-4.70953020131	-1644.73733159	
-4.71252870431	-1644.73733117	
-4.71551824316	-1644.73733076	
-4.7184988713	-1644.73733036	
-4.72147064168	-1644.73732995	
-4.72443360681	-1644.73732955	
-4.72738781871	-1644.73732915	
-4.73033332894	-1644.73732875	
-4.73327018862	-1644.73732835	
-4.73619844839	-1644.73732795	
-4.7391181585	-1644.73732756	
-4.74202936871	-1644.73732717	
-4.74493212836	-1644.73732677	
-4.74782648639	-1644.73732639	
-4.75071249128	-1644.737326	
-4.75359019111	-1644.73732561	
-4.75645963353	-1644.73732523	
-4.75932086582	-1644.73732485	
-4.7621739348	-1644.73732447	
-4.76501888693	-1644.73732409	
-4.76785576827	-1644.73732372	
-4.77068462447	-1644.73732334	
-4.77350550081	-1644.73732297	
-4.77631844218	-1644.7373226	
-4.77912349311	-1644.73732223	
-4.78192069773	-1644.73732186	
-4.78471009982	-1644.73732149	
-4.78749174278	-1644.73732113	
-4.79026566966	-1644.73732077	
-4.79303192316	-1644.73732041	
-4.7957905456	-1644.73732005	
-4.79854157897	-1644.73731969	
-4.80128506491	-1644.73731933	
-4.80402104473	-1644.73731898	
-4.80674955939	-1644.73731863	
-4.8094706495	-1644.73731827	
-4.81218435537	-1644.73731792	
-4.81489071697	-1644.73731758	
-4.81758977394	-1644.73731723	
-4.82028156561	-1644.73731688	
-4.82296613098	-1644.73731654	
-4.82564350875	-1644.7373162	
-4.8283137373	-1644.73731586	
-4.83097685472	-1644.73731552	
-4.83363289878	-1644.73731518	
-4.83628190695	-1644.73731485	
-4.83892391641	-1644.73731451	
-4.84155896405	-1644.73731418	
-4.84418708646	-1644.73731385	
-4.84680831994	-1644.73731352	
-4.84942270051	-1644.73731319	
-4.85203026392	-1644.73731286	
-4.85463104562	-1644.73731253	
-4.8572250808	-1644.73731221	
-4.85981240436	-1644.73731189	
-4.86239305096	-1644.73731156	
-4.86496705495	-1644.73731124	
-4.86753445046	-1644.73731092	
-4.87009527132	-1644.73731061	
-4.87264955112	-1644.73731029	
-4.8751973232	-1644.73730997	
-4.87773862063	-1644.73730966	
-4.88027347623	-1644.73730935	
-4.88280192259	-1644.73730904	
-4.88532399202	-1644.73730873	
-4.88783971662	-1644.73730842	
-4.89034912822	-1644.73730811	
-4.89285225844	-1644.73730781	
-4.89534913864	-1644.7373075	
-4.89783979995	-1644.7373072	
-4.90032427328	-1644.7373069	
-4.90280258929	-1644.7373066	
-4.90527477844	-1644.7373063	
-4.90774087093	-1644.737306	
-4.91020089677	-1644.7373057	
-4.91265488574	-1644.73730541	
-4.91510286737	-1644.73730511	
-4.91754487103	-1644.73730482	
-4.91998092583	-1644.73730452	
-4.92241106068	-1644.73730423	
-4.92483530429	-1644.73730394	
-4.92725368516	-1644.73730366	
-4.92966623156	-1644.73730337	
-4.93207297159	-1644.73730308	
-4.93447393313	-1644.7373028	
-4.93686914386	-1644.73730251	
-4.93925863125	-1644.73730223	
-4.94164242261	-1644.73730195	
-4.94402054501	-1644.73730167	
-4.94639302537	-1644.73730139	
-4.94875989038	-1644.73730111	
-4.95112116656	-1644.73730083	
-4.95347688026	-1644.73730056	
-4.9558270576	-1644.73730028	
-4.95817172456	-1644.73730001	
-4.96051090691	-1644.73729973	
-4.96284463026	-1644.73729946	
-4.96517292002	-1644.73729919	
-4.96749580144	-1644.73729892	
-4.96981329958	-1644.73729865	
-4.97212543933	-1644.73729839	
-4.97443224543	-1644.73729812	
-4.97673374242	-1644.73729785	
-4.97902995468	-1644.73729759	
-4.98132090643	-1644.73729733	
-4.98360662171	-1644.73729706	
-4.98588712441	-1644.7372968	
-4.98816243824	-1644.73729654	
-4.99043258678	-1644.73729628	
-4.99269759341	-1644.73729603	
-4.99495748138	-1644.73729577	
-4.99721227376	-1644.73729551	
-4.9994619935	-1644.73729526	
-5.00170666335	-1644.737295	
-5.00394630595	-1644.73729475	
-5.00618094375	-1644.7372945	
-5.00841059907	-1644.73729424	
-5.0106352941	-1644.73729399	
-5.01285505083	-1644.73729374	
-5.01506989116	-1644.7372935	
-5.01727983681	-1644.73729325	
-5.01948490937	-1644.737293	
-5.02168513028	-1644.73729276	
-5.02388052085	-1644.73729251	
-5.02607110223	-1644.73729227	
-5.02825689545	-1644.73729202	
-5.03043792139	-1644.73729178	
-5.03261420082	-1644.73729154	
-5.03478575433	-1644.7372913	
-5.03695260241	-1644.73729106	
-5.03911476542	-1644.73729082	
-5.04127226356	-1644.73729059	
-5.04342511692	-1644.73729035	
-5.04557334546	-1644.73729011	
-5.047716969	-1644.73728988	
-5.04985600725	-1644.73728964	
-5.05199047978	-1644.73728941	
-5.05412040604	-1644.73728918	
-5.05624580535	-1644.73728895	
-5.05836669692	-1644.73728872	
-5.06048309982	-1644.73728849	
-5.06259503303	-1644.73728826	
-5.06470251537	-1644.73728803	
-5.06680556556	-1644.7372878	
-5.06890420222	-1644.73728757	
-5.07099844382	-1644.73728735	
-5.07308830874	-1644.73728712	
-5.07517381523	-1644.7372869	
-5.07725498144	-1644.73728668	
-5.07933182538	-1644.73728645	
-5.08140436498	-1644.73728623	
-5.08347261805	-1644.73728601	
-5.08553660227	-1644.73728579	
-5.08759633523	-1644.73728557	
-5.08965183441	-1644.73728535	
-5.09170311719	-1644.73728514	
-5.09375020081	-1644.73728492	
-5.09579310244	-1644.7372847	
-5.09783183913	-1644.73728449	
-5.09986642782	-1644.73728427	
-5.10189688537	-1644.73728406	
-5.10392322852	-1644.73728384	
-5.1059454739	-1644.73728363	
-5.10796363806	-1644.73728342	
-5.10997773743	-1644.73728321	
-5.11198778836	-1644.737283	
-5.11399380708	-1644.73728279	
-5.11599580975	-1644.73728258	
-5.11799381242	-1644.73728237	
-5.11998783102	-1644.73728217	
-5.12197788143	-1644.73728196	
-5.1239639794	-1644.73728175	
-5.12594614061	-1644.73728155	
-5.12792438062	-1644.73728134	
-5.12989871492	-1644.73728114	
-5.13186915891	-1644.73728094	
-5.13383572788	-1644.73728073	
-5.13579843705	-1644.73728053	
-5.13775730154	-1644.73728033	
-5.13971233637	-1644.73728013	
-5.1416635565	-1644.73727993	
-5.14361097679	-1644.73727973	
-5.145554612	-1644.73727953	
-5.14749447681	-1644.73727934	
-5.14943058584	-1644.73727914	
-5.15136295359	-1644.73727894	
-5.1532915945	-1644.73727875	
-5.15521652291	-1644.73727855	
-5.15713775309	-1644.73727836	
-5.15905529921	-1644.73727816	
-5.1609691754	-1644.73727797	
-5.16287939565	-1644.73727778	
-5.16478597392	-1644.73727759	
-5.16668892407	-1644.7372774	
-5.16858825987	-1644.73727721	
-5.17048399504	-1644.73727702	
-5.17237614319	-1644.73727683	
-5.17426471788	-1644.73727664	
-5.17614973257	-1644.73727645	
-5.17803120067	-1644.73727626	
-5.1799091355	-1644.73727608	
-5.18178355029	-1644.73727589	
-5.18365445823	-1644.73727571	
-5.1855218724	-1644.73727552	
-5.18738580584	-1644.73727534	
-5.18924627149	-1644.73727515	
-5.19110328224	-1644.73727497	
-5.19295685089	-1644.73727479	
-5.19480699018	-1644.73727461	
-5.19665371277	-1644.73727442	
-5.19849703127	-1644.73727424	
-5.20033695819	-1644.73727406	
-5.202173506	-1644.73727388	
-5.20400668708	-1644.7372737	
-5.20583651375	-1644.73727353	
-5.20766299828	-1644.73727335	
-5.20948615284	-1644.73727317	
-5.21130598956	-1644.73727299	
-5.21312252048	-1644.73727282	
-5.21493575761	-1644.73727264	
-5.21674571285	-1644.73727247	
-5.21855239808	-1644.73727229	
-5.22035582508	-1644.73727212	
-5.22215600558	-1644.73727195	
-5.22395295126	-1644.73727177	
-5.22574667371	-1644.7372716	
-5.22753718449	-1644.73727143	
-5.22932449506	-1644.73727126	
-5.23110861685	-1644.73727109	
-5.23288956123	-1644.73727092	
-5.23466733947	-1644.73727075	
-5.23644196283	-1644.73727058	
-5.23821344248	-1644.73727041	
-5.23998178954	-1644.73727024	
-5.24174701506	-1644.73727008	
-5.24350913005	-1644.73726991	
-5.24526814546	-1644.73726974	
-5.24702407216	-1644.73726958	
-5.24877692099	-1644.73726941	
-5.25052670271	-1644.73726925	
-5.25227342805	-1644.73726908	
-5.25401710765	-1644.73726892	
-5.25575775213	-1644.73726876	
-5.25749537203	-1644.73726859	
-5.25922997784	-1644.73726843	
-5.26096158	-1644.73726827	
-5.2626901889	-1644.73726811	
-5.26441581487	-1644.73726795	
-5.26613846818	-1644.73726779	
-5.26785815906	-1644.73726763	
-5.26957489768	-1644.73726747	
-5.27128869416	-1644.73726731	
-5.27299955856	-1644.73726715	
-5.27470750091	-1644.73726699	
-5.27641253116	-1644.73726684	
-5.27811465923	-1644.73726668	
-5.27981389498	-1644.73726652	
-5.28151024823	-1644.73726637	
-5.28320372874	-1644.73726621	
-5.28489434622	-1644.73726606	
-5.28658211033	-1644.7372659	
-5.28826703069	-1644.73726575	
-5.28994911688	-1644.73726559	
-5.2916283784	-1644.73726544	
-5.29330482472	-1644.73726529	
-5.29497846528	-1644.73726514	
-5.29664930945	-1644.73726498	
-5.29831736655	-1644.73726483	
-5.29998264587	-1644.73726468	
-5.30164515664	-1644.73726453	
-5.30330490806	-1644.73726438	
-5.30496190927	-1644.73726423	
-5.30661616936	-1644.73726408	
-5.3082676974	-1644.73726393	
-5.30991650239	-1644.73726379	
-5.3115625933	-1644.73726364	
-5.31320597904	-1644.73726349	
-5.3148466685	-1644.73726334	
-5.3164846705	-1644.7372632	
-5.31811999384	-1644.73726305	
-5.31975264727	-1644.7372629	
-5.32138263948	-1644.73726276	
-5.32300997914	-1644.73726261	
-5.32463467487	-1644.73726247	
-5.32625673524	-1644.73726233	
-5.32787616879	-1644.73726218	
-5.32949298402	-1644.73726204	
-5.33110718937	-1644.7372619	
-5.33271879327	-1644.73726175	
-5.33432780407	-1644.73726161	
-5.33593423012	-1644.73726147	
-5.3375380797	-1644.73726133	
-5.33913936107	-1644.73726119	
-5.34073808243	-1644.73726105	
-5.34233425196	-1644.73726091	
-5.3439278778	-1644.73726077	
-5.34551896803	-1644.73726063	
-5.34710753072	-1644.73726049	
-5.34869357387	-1644.73726035	
-5.35027710548	-1644.73726022	
-5.35185813348	-1644.73726008	
-5.35343666577	-1644.73725994	
-5.35501271022	-1644.7372598	
-5.35658627467	-1644.73725967	
-5.3581573669	-1644.73725953	
-5.35972599468	-1644.7372594	
-5.36129216571	-1644.73725926	
-5.36285588769	-1644.73725913	
-5.36441716825	-1644.73725899	
-5.36597601502	-1644.73725886	
-5.36753243557	-1644.73725872	
-5.36908643744	-1644.73725859	
-5.37063802813	-1644.73725846	
-5.37218721511	-1644.73725833	
-5.37373400583	-1644.73725819	
-5.37527840768	-1644.73725806	
-5.37682042804	-1644.73725793	
-5.37836007422	-1644.7372578	
-5.37989735354	-1644.73725767	
-5.38143227326	-1644.73725754	
-5.38296484061	-1644.73725741	
-5.38449506279	-1644.73725728	
-5.38602294697	-1644.73725715	
-5.38754850028	-1644.73725702	
-5.38907172982	-1644.73725689	
-5.39059264266	-1644.73725676	
-5.39211124583	-1644.73725663	
-5.39362754635	-1644.73725651	
-5.39514155118	-1644.73725638	
-5.39665326727	-1644.73725625	
-5.39816270152	-1644.73725613	
-5.39966986081	-1644.737256	
-5.40117475199	-1644.73725587	
-5.40267738187	-1644.73725575	
-5.40417775725	-1644.73725562	
-5.40567588487	-1644.7372555	
-5.40717177146	-1644.73725537	
-5.40866542372	-1644.73725525	
-5.4101568483	-1644.73725513	
-5.41164605186	-1644.737255	
-5.41313304098	-1644.73725488	
-5.41461782224	-1644.73725476	
-5.4161004022	-1644.73725464	
-5.41758078737	-1644.73725451	
-5.41905898424	-1644.73725439	
-5.42053499927	-1644.73725427	
-5.42200883889	-1644.73725415	
-5.4234805095	-1644.73725403	
-5.42495001748	-1644.73725391	
-5.42641736918	-1644.73725379	
-5.4278825709	-1644.73725367	
-5.42934562895	-1644.73725355	
-5.43080654959	-1644.73725343	
-5.43226533906	-1644.73725331	
-5.43372200355	-1644.73725319	
-5.43517654927	-1644.73725307	
-5.43662898235	-1644.73725295	
-5.43807930892	-1644.73725284	
-5.4395275351	-1644.73725272	
-5.44097366695	-1644.7372526	
-5.44241771052	-1644.73725249	
-5.44385967184	-1644.73725237	
-5.4452995569	-1644.73725225	
-5.44673737167	-1644.73725214	
-5.44817312209	-1644.73725202	
-5.44960681409	-1644.73725191	
-5.45103845357	-1644.73725179	
-5.45246804638	-1644.73725168	
-5.45389559837	-1644.73725156	
-5.45532111536	-1644.73725145	
-5.45674460314	-1644.73725133	
-5.45816606749	-1644.73725122	
-5.45958551414	-1644.73725111	
-5.46100294883	-1644.73725099	
-5.46241837723	-1644.73725088	
-5.46383180503	-1644.73725077	
-5.46524323786	-1644.73725066	
-5.46665268137	-1644.73725055	
-5.46806014114	-1644.73725043	
-5.46946562274	-1644.73725032	
-5.47086913175	-1644.73725021	
-5.47227067367	-1644.7372501	
-5.47367025403	-1644.73724999	
-5.47506787829	-1644.73724988	
-5.47646355193	-1644.73724977	
-5.47785728038	-1644.73724966	
-5.47924906905	-1644.73724955	
-5.48063892334	-1644.73724944	
-5.48202684862	-1644.73724934	
-5.48341285022	-1644.73724923	
-5.48479693349	-1644.73724912	
-5.48617910372	-1644.73724901	
-5.48755936619	-1644.7372489	
-5.48893772616	-1644.7372488	
-5.49031418887	-1644.73724869	
-5.49168875953	-1644.73724858	
-5.49306144334	-1644.73724848	
-5.49443224547	-1644.73724837	
-5.49580117108	-1644.73724826	
-5.49716822529	-1644.73724816	
-5.49853341322	-1644.73724805	
-5.49989673995	-1644.73724795	
-5.50125821054	-1644.73724784	
-5.50261783006	-1644.73724774	
-5.50397560352	-1644.73724763	
-5.50533153593	-1644.73724753	
-5.50668563228	-1644.73724743	
-5.50803789753	-1644.73724732	
-5.50938833663	-1644.73724722	
-5.5107369545	-1644.73724712	
-5.51208375605	-1644.73724701	
-5.51342874616	-1644.73724691	
-5.51477192971	-1644.73724681	
-5.51611331154	-1644.73724671	
-5.51745289646	-1644.7372466	
-5.51879068931	-1644.7372465	
-5.52012669485	-1644.7372464	
-5.52146091786	-1644.7372463	
-5.5227933631	-1644.7372462	
-5.52412403528	-1644.7372461	
-5.52545293913	-1644.737246	
-5.52678007934	-1644.7372459	
-5.52810546058	-1644.7372458	
-5.52942908751	-1644.7372457	
-5.53075096477	-1644.7372456	
-5.53207109697	-1644.7372455	
-5.53338948873	-1644.7372454	
-5.53470614461	-1644.7372453	
-5.53602106919	-1644.7372452	
-5.53733426702	-1644.73724511	
-5.53864574262	-1644.73724501	
-5.5399555005	-1644.73724491	
-5.54126354516	-1644.73724481	
-5.54256988107	-1644.73724471	
-5.5438745127	-1644.73724462	
-5.54517744448	-1644.73724452	
-5.54647868084	-1644.73724442	
-5.54777822618	-1644.73724433	
-5.5490760849	-1644.73724423	
-5.55037226136	-1644.73724414	
-5.55166675992	-1644.73724404	
-5.55295958492	-1644.73724394	
-5.55425074069	-1644.73724385	
-5.55554023152	-1644.73724375	
-5.5568280617	-1644.73724366	
-5.55811423551	-1644.73724357	
-5.5593987572	-1644.73724347	
-5.56068163102	-1644.73724338	
-5.56196286117	-1644.73724328	
-5.56324245188	-1644.73724319	
-5.56452040732	-1644.7372431	
-5.56579673168	-1644.737243	
-5.56707142911	-1644.73724291	
-5.56834450376	-1644.73724282	
-5.56961595975	-1644.73724272	
-5.57088580119	-1644.73724263	
-5.57215403218	-1644.73724254	
-5.57342065679	-1644.73724245	
-5.5746856791	-1644.73724236	
-5.57594910315	-1644.73724226	
-5.57721093297	-1644.73724217	
-5.57847117258	-1644.73724208	
-5.57972982599	-1644.73724199	
-5.58098689718	-1644.7372419	
-5.58224239012	-1644.73724181	
-5.58349630878	-1644.73724172	
-5.5847486571	-1644.73724163	
-5.585999439	-1644.73724154	
-5.5872486584	-1644.73724145	
-5.5884963192	-1644.73724136	
-5.58974242528	-1644.73724127	
-5.59098698051	-1644.73724118	
-5.59222998875	-1644.73724109	
-5.59347145384	-1644.73724101	
-5.5947113796	-1644.73724092	
-5.59594976985	-1644.73724083	
-5.59718662839	-1644.73724074	
-5.598421959	-1644.73724065	
-5.59965576545	-1644.73724057	
-5.60088805149	-1644.73724048	
-5.60211882088	-1644.73724039	
-5.60334807733	-1644.7372403	
-5.60457582457	-1644.73724022	
-5.6058020663	-1644.73724013	
-5.60702680619	-1644.73724004	
-5.60825004793	-1644.73723996	
-5.60947179518	-1644.73723987	
-5.61069205159	-1644.73723979	
-5.61191082078	-1644.7372397	
-5.61312810639	-1644.73723961	
-5.61434391201	-1644.73723953	
-5.61555824124	-1644.73723944	
-5.61677109767	-1644.73723936	
-5.61798248485	-1644.73723927	
-5.61919240636	-1644.73723919	
-5.62040086572	-1644.73723911	
-5.62160786647	-1644.73723902	
-5.62281341212	-1644.73723894	
-5.62401750619	-1644.73723885	
-5.62522015215	-1644.73723877	
-5.6264213535	-1644.73723869	
-5.62762111369	-1644.7372386	
-5.62881943618	-1644.73723852	
-5.63001632442	-1644.73723844	
-5.63121178182	-1644.73723836	
-5.63240581181	-1644.73723827	
-5.6335984178	-1644.73723819	
-5.63478960317	-1644.73723811	
-5.6359793713	-1644.73723803	
-5.63716772557	-1644.73723794	
-5.63835466933	-1644.73723786	
-5.63954020593	-1644.73723778	
-5.64072433869	-1644.7372377	
-5.64190707094	-1644.73723762	
-5.64308840598	-1644.73723754	
-5.64426834712	-1644.73723746	
-5.64544689764	-1644.73723738	
-5.64662406082	-1644.7372373	
-5.64779983991	-1644.73723722	
-5.64897423816	-1644.73723714	
-5.65014725882	-1644.73723706	
-5.65131890512	-1644.73723698	
-5.65248918027	-1644.7372369	
-5.65365808747	-1644.73723682	
-5.65482562993	-1644.73723674	
-5.65599181082	-1644.73723666	
-5.65715663332	-1644.73723658	
-5.65832010058	-1644.7372365	
-5.65948221576	-1644.73723643	
-5.660642982	-1644.73723635	
-5.66180240242	-1644.73723627	
-5.66296048014	-1644.73723619	
-5.66411721826	-1644.73723611	
-5.66527261989	-1644.73723604	
-5.66642668811	-1644.73723596	
-5.66757942599	-1644.73723588	
-5.6687308366	-1644.7372358	
-5.66988092298	-1644.73723573	
-5.67102968818	-1644.73723565	
-5.67217713524	-1644.73723557	
-5.67332326717	-1644.7372355	
-5.67446808699	-1644.73723542	
-5.67561159769	-1644.73723534	
-5.67675380227	-1644.73723527	
-5.6778947037	-1644.73723519	
-5.67903430497	-1644.73723512	
-5.68017260902	-1644.73723504	
-5.6813096188	-1644.73723497	
-5.68244533727	-1644.73723489	
-5.68357976734	-1644.73723482	
-5.68471291194	-1644.73723474	
-5.68584477397	-1644.73723467	
-5.68697535634	-1644.73723459	
-5.68810466194	-1644.73723452	
-5.68923269364	-1644.73723444	
-5.69035945432	-1644.73723437	
-5.69148494685	-1644.7372343	
-5.69260917406	-1644.73723422	
-5.6937321388	-1644.73723415	
-5.69485384391	-1644.73723407	
-5.69597429221	-1644.737234	
-5.69709348651	-1644.73723393	
-5.69821142961	-1644.73723385	
-5.69932812431	-1644.73723378	
-5.70044357339	-1644.73723371	
-5.70155777963	-1644.73723364	
-5.7026707458	-1644.73723356	
-5.70378247466	-1644.73723349	
-5.70489296894	-1644.73723342	
-5.70600223139	-1644.73723335	
-5.70711026475	-1644.73723328	
-5.70821707172	-1644.7372332	
-5.70932265503	-1644.73723313	
-5.71042701737	-1644.73723306	
-5.71153016145	-1644.73723299	
-5.71263208993	-1644.73723292	
-5.71373280551	-1644.73723285	
-5.71483231084	-1644.73723278	
-5.71593060859	-1644.73723271	
-5.71702770141	-1644.73723264	
-5.71812359193	-1644.73723257	
-5.71921828279	-1644.7372325	
-5.72031177661	-1644.73723243	
-5.72140407601	-1644.73723236	
-5.72249518359	-1644.73723229	
-5.72358510195	-1644.73723222	
-5.72467383369	-1644.73723215	
-5.72576138137	-1644.73723208	
-5.72684774759	-1644.73723201	
-5.72793293489	-1644.73723194	
-5.72901694583	-1644.73723187	
-5.73009978297	-1644.7372318	
-5.73118144884	-1644.73723173	
-5.73226194598	-1644.73723166	
-5.7333412769	-1644.7372316	
-5.73441944412	-1644.73723153	
-5.73549645015	-1644.73723146	
-5.73657229748	-1644.73723139	
-5.73764698861	-1644.73723132	
-5.73872052602	-1644.73723126	
-5.73979291218	-1644.73723119	
-5.74086414956	-1644.73723112	
-5.74193424062	-1644.73723105	
-5.74300318781	-1644.73723099	
-5.74407099357	-1644.73723092	
-5.74513766034	-1644.73723085	
-5.74620319054	-1644.73723079	
-5.7472675866	-1644.73723072	
-5.74833085092	-1644.73723065	
-5.74939298591	-1644.73723059	
-5.75045399397	-1644.73723052	
-5.75151387748	-1644.73723045	
-5.75257263883	-1644.73723039	
-5.75363028038	-1644.73723032	
-5.75468680452	-1644.73723026	
-5.75574221359	-1644.73723019	
-5.75679650994	-1644.73723013	
-5.75784969593	-1644.73723006	
-5.75890177388	-1644.73722999	
-5.75995274612	-1644.73722993	
-5.76100261499	-1644.73722986	
-5.76205138278	-1644.7372298	
-5.76309905181	-1644.73722974	
-5.76414562438	-1644.73722967	
-5.76519110278	-1644.73722961	
-5.7662354893	-1644.73722954	
-5.76727878622	-1644.73722948	
-5.76832099579	-1644.73722941	
-5.7693621203	-1644.73722935	
-5.770402162	-1644.73722929	
-5.77144112313	-1644.73722922	
-5.77247900594	-1644.73722916	
-5.77351581267	-1644.73722909	
-5.77455154554	-1644.73722903	
-5.77558620679	-1644.73722897	
-5.77661979861	-1644.73722891	
-5.77765232322	-1644.73722884	
-5.77868378283	-1644.73722878	
-5.77971417962	-1644.73722872	
-5.78074351579	-1644.73722865	
-5.78177179352	-1644.73722859	
-5.78279901497	-1644.73722853	
-5.78382518233	-1644.73722847	
-5.78485029774	-1644.7372284	
-5.78587436337	-1644.73722834	
-5.78689738137	-1644.73722828	
-5.78791935386	-1644.73722822	
-5.788940283	-1644.73722816	
-5.7899601709	-1644.7372281	
-5.79097901969	-1644.73722803	
-5.79199683148	-1644.73722797	
-5.79301360838	-1644.73722791	
-5.7940293525	-1644.73722785	
-5.79504406593	-1644.73722779	
-5.79605775077	-1644.73722773	
-5.79707040908	-1644.73722767	
-5.79808204295	-1644.73722761	
-5.79909265446	-1644.73722755	
-5.80010224566	-1644.73722749	
-5.80111081862	-1644.73722743	
-5.80211837538	-1644.73722737	
-5.80312491799	-1644.73722731	
-5.80413044849	-1644.73722725	
-5.80513496892	-1644.73722719	
-5.80613848129	-1644.73722713	
-5.80714098764	-1644.73722707	
-5.80814248998	-1644.73722701	
-5.80914299031	-1644.73722695	
