#Site	lnL	
0	-1.8551175886
1	-5.81654927816
2	-2.37813096651
3	-8.65267169706
4	-1.77126744696
5	-1.91306444412
6	-1.482909353
7	-6.3188143022
8	-2.37813096651
9	-1.8551175886
10	-1.77126744696
11	-6.29300215782
12	-1.68739084365
13	-4.17849528657
14	-2.37813096651
15	-1.8551175886
16	-2.06250889963
17	-1.91306444412
18	-1.68739084365
19	-7.35474000094
20	-5.85956552567
21	-7.21218481182
22	-11.0192727308
23	-6.87924705039
24	-1.74113710471
25	-7.10963404416
26	-1.91306444412
27	-7.84720220462
28	-2.00022383456
29	-6.50966803491
30	-1.482909353
31	-2.06250889963
32	-2.15458697189
33	-1.8551175886
34	-1.77126744696
35	-7.07393295081
36	-1.74113710471
37	-7.10963404416
38	-6.50966803491
39	-5.31760339914
40	-2.06250889963
41	-2.15458697189
42	-1.68739084365
43	-7.10963404416
44	-2.15458697189
45	-1.482909353
46	-1.77126744696
47	-4.05628977399
48	-1.68739084365
49	-2.20521135124
50	-8.47421651317
51	-1.482909353
52	-2.00022383456
53	-2.22118022859
54	-1.74113710471
55	-1.77126744696
56	-2.22118022859
57	-1.8551175886
58	-2.00022383456
59	-7.959224742
60	-1.482909353
61	-1.77126744696
62	-2.15458697189
63	-5.58422898757
64	-2.20521135124
65	-2.22118022859
66	-1.8551175886
67	-8.12325664012
68	-2.22118022859
69	-1.8551175886
70	-1.77126744696
71	-1.91306444412
72	-5.65673956592
73	-8.97489347682
74	-2.22118022859
75	-1.8551175886
76	-8.61131327969
77	-2.15458697189
78	-1.8551175886
79	-1.77126744696
80	-7.88084953438
81	-1.8551175886
82	-1.77126744696
83	-7.27677300419
84	-1.482909353
85	-2.00022383456
86	-7.45907338248
87	-8.52701493619
88	-9.0473037779
89	-2.22118022859
90	-1.68739084365
91	-2.06250889963
92	-6.63208796113
93	-1.74113710471
94	-2.00022383456
95	-4.73919396579
96	-1.482909353
97	-2.00022383456
98	-5.71996289142
99	-8.76803389974
100	-8.21423674282
101	-9.94810934835
102	-1.482909353
103	-2.20521135124
104	-2.22118022859
105	-6.4017740643
106	-2.00022383456
107	-5.04808027246
108	-1.68739084365
109	-4.1231085413
110	-2.15458697189
111	-1.482909353
112	-4.04397975386
113	-1.91306444412
114	-1.74113710471
115	-4.83715868209
116	-4.69322229506
117	-1.68739084365
118	-9.94020936266
119	-5.71996289142
120	-1.482909353
121	-2.00022383456
122	-7.07393295081
123	-6.42621188713
124	-6.56612874544
125	-2.15458697189
126	-1.8551175886
127	-1.77126744696
128	-1.91306444412
129	-8.52701493619
130	-2.00022383456
131	-2.15458697189
132	-1.68739084365
133	-1.77126744696
134	-2.15458697189
135	-1.8551175886
136	-2.06250889963
137	-5.18670453623
138	-1.482909353
139	-2.20521135124
140	-5.15544240954
141	-1.68739084365
142	-1.77126744696
143	-2.15458697189
144	-1.68739084365
145	-6.3188143022
146	-8.59742550522
147	-7.50751612268
148	-2.00022383456
149	-2.37813096651
150	-1.68739084365
151	-2.20521135124
152	-9.47127648405
153	-5.36878496326
154	-5.99144228177
155	-2.22118022859
156	-1.74113710471
157	-7.09610588133
158	-1.91306444412
159	-5.62289018269
160	-2.00022383456
161	-7.82395271529
162	-1.68739084365
163	-5.21000251061
164	-2.15458697189
165	-1.74113710471
166	-2.00022383456
167	-1.91306444412
168	-1.74113710471
169	-1.77126744696
170	-1.91306444412
171	-1.8551175886
172	-4.80649213617
173	-1.91306444412
174	-1.8551175886
175	-1.77126744696
176	-11.2272106767
177	-8.56698777423
178	-2.20521135124
179	-4.73919396579
180	-1.74113710471
181	-2.20521135124
182	-6.50966803491
183	-1.482909353
184	-6.58666838177
185	-3.95626711412
186	-1.482909353
187	-6.67367286628
188	-2.15458697189
189	-1.482909353
190	-2.06250889963
191	-1.91306444412
192	-1.8551175886
193	-7.06936159809
194	-2.22118022859
195	-1.74113710471
196	-4.04397975386
197	-2.37813096651
198	-1.74113710471
199	-4.89405057948
200	-3.95626711412
201	-1.68739084365
202	-1.77126744696
203	-2.22118022859
204	-1.68739084365
205	-1.77126744696
206	-5.26254711388
207	-1.68739084365
208	-7.77192478349
209	-2.22118022859
210	-1.8551175886
211	-7.10963404416
212	-2.15458697189
213	-1.8551175886
214	-2.00022383456
215	-1.91306444412
216	-1.74113710471
217	-4.1675598887
218	-5.26254711388
219	-1.74113710471
220	-4.89405057948
221	-2.22118022859
222	-1.68739084365
223	-8.21200119918
224	-2.22118022859
225	-1.68739084365
226	-2.00022383456
227	-2.37813096651
228	-1.482909353
229	-5.14068854728
230	-7.04479647857
231	-5.62289018269
232	-2.20521135124
233	-4.73212834134
234	-7.55348779341
235	-2.06250889963
236	-10.4468550025
237	-1.68739084365
238	-2.20521135124
239	-4.08751899308
240	-1.8551175886
241	-6.37598395949
242	-5.89461351322
243	-1.482909353
244	-9.63770648968
245	-2.37813096651
246	-1.8551175886
247	-9.96620229434
248	-2.22118022859
249	-1.74113710471
250	-8.85531345505
251	-5.87429265857
252	-1.74113710471
253	-2.20521135124
254	-6.48687945596
255	-1.74113710471
256	-2.20521135124
257	-2.15458697189
258	-1.482909353
259	-5.14068854728
260	-5.15499512602
261	-1.68739084365
262	-2.06250889963
263	-4.73919396579
264	-1.68739084365
265	-5.33864204427
266	-2.37813096651
267	-1.74113710471
268	-1.77126744696
269	-5.24384816878
270	-1.482909353
271	-4.1675598887
272	-8.61057621594
273	-1.68739084365
274	-4.80649213617
275	-2.37813096651
276	-5.70271123665
277	-1.77126744696
278	-5.24384816878
279	-1.482909353
280	-6.41571514839
281	-1.91306444412
282	-1.482909353
283	-5.9593909805
284	-3.95626711412
285	-5.75105626869
286	-5.20145803952
287	-1.91306444412
288	-1.8551175886
289	-2.20521135124
290	-7.67677739328
291	-1.68739084365
292	-2.06250889963
293	-2.22118022859
294	-1.68739084365
295	-2.20521135124
296	-2.15458697189
297	-1.68739084365
298	-2.00022383456
299	-2.22118022859
300	-8.31793600804
301	-1.77126744696
302	-7.03382494592
303	-1.482909353
304	-2.00022383456
305	-1.91306444412
306	-11.3394035093
307	-16.1117735334
308	-6.28792824841
309	-1.482909353
310	-9.46886783135
311	-1.91306444412
312	-6.83309906561
313	-1.77126744696
314	-2.37813096651
315	-1.68739084365
316	-1.77126744696
317	-7.82395271529
318	-1.74113710471
319	-4.1675598887
320	-10.5272955028
321	-1.8551175886
322	-6.05024822605
323	-1.91306444412
324	-5.31760339914
325	-1.77126744696
326	-2.37813096651
327	-1.482909353
328	-5.97445577087
329	-8.80101738639
330	-1.8551175886
331	-2.06250889963
332	-1.91306444412
333	-1.74113710471
334	-6.36816528498
335	-1.91306444412
336	-5.70271123665
337	-6.41571514839
338	-7.94674686328
339	-1.68739084365
340	-1.77126744696
341	-5.96492301644
342	-4.59712409199
343	-2.20521135124
344	-2.15458697189
345	-1.74113710471
346	-1.77126744696
347	-4.08751899308
348	-10.4344945033
349	-2.20521135124
350	-2.22118022859
351	-1.8551175886
352	-2.06250889963
353	-2.22118022859
354	-1.74113710471
355	-2.20521135124
356	-2.22118022859
357	-1.8551175886
358	-5.33864204427
359	-2.37813096651
360	-5.58422898757
361	-2.20521135124
362	-2.22118022859
363	-6.44122851672
364	-2.06250889963
365	-6.96327113093
366	-7.88548963083
367	-7.70293007274
368	-2.22118022859
369	-1.68739084365
370	-4.17849528657
371	-9.75675086115
372	-1.482909353
373	-10.3577721003
374	-2.22118022859
375	-1.482909353
376	-1.77126744696
377	-2.22118022859
378	-1.74113710471
379	-6.12065821817
380	-2.37813096651
381	-6.50376630322
382	-8.85531345505
383	-2.15458697189
384	-1.74113710471
385	-1.77126744696
386	-2.37813096651
387	-1.482909353
388	-5.93290560072
389	-2.37813096651
390	-1.482909353
391	-6.56612874544
392	-6.34084636495
393	-1.8551175886
394	-2.00022383456
395	-1.91306444412
396	-1.8551175886
397	-8.22398416158
398	-1.91306444412
399	-5.75806534867
400	-2.06250889963
401	-2.22118022859
402	-1.482909353
403	-2.20521135124
404	-4.10134307832
405	-10.5091266898
406	-1.77126744696
407	-4.69322229506
408	-1.74113710471
409	-6.00694086407
410	-2.15458697189
411	-6.47293700437
412	-6.56612874544
413	-2.15458697189
414	-6.78637395356
415	-2.20521135124
416	-6.03648064915
417	-1.68739084365
418	-5.93290560072
419	-1.91306444412
420	-1.8551175886
421	-2.06250889963
422	-6.48687945596
423	-1.482909353
424	-2.06250889963
425	-5.26254711388
426	-1.68739084365
427	-2.00022383456
428	-2.37813096651
429	-7.88548963083
430	-5.93290560072
431	-2.22118022859
432	-7.84464047811
433	-1.77126744696
434	-2.22118022859
435	-1.482909353
436	-1.77126744696
437	-5.23098673744
438	-5.62289018269
439	-1.77126744696
440	-2.22118022859
441	-1.482909353
442	-1.77126744696
443	-7.91234068166
444	-1.68739084365
445	-5.14068854728
446	-4.05628977399
447	-4.48844174267
448	-1.77126744696
449	-1.91306444412
450	-1.74113710471
451	-5.18717914919
452	-1.91306444412
453	-1.68739084365
454	-2.20521135124
455	-5.86686075045
456	-1.74113710471
457	-2.00022383456
458	-2.15458697189
459	-1.482909353
460	-1.77126744696
461	-5.71996289142
462	-1.74113710471
463	-1.77126744696
464	-12.5024723005
465	-1.68739084365
466	-9.38141012371
467	-11.4192238283
468	-1.482909353
469	-2.00022383456
470	-7.03934092364
