# log_p 	 lnL 	 
0.0	-1699.84349261	
-0.287682072452	-1699.94178612	
-0.510825623766	-1699.93974205	
-0.69314718056	-1699.90169313	
-0.847297860387	-1699.85199337	
-0.980829253012	-1699.80095909	
-1.09861228867	-1699.75306249	
-1.20397280433	-1699.71005477	
-1.29928298413	-1699.67238411	
-1.38629436112	-1699.63989763	
-1.46633706879	-1699.61219466	
-1.54044504095	-1699.58880012	
-1.60943791243	-1699.56924456	
-1.67397643357	-1699.55309709	
-1.73460105539	-1699.53997518	
-1.79175946923	-1699.52954409	
-1.8458266905	-1699.5215121	
-1.89711998489	-1699.51562457	
-1.94591014906	-1699.51165828	
-1.99243016469	-1699.50941637	
-2.03688192726	-1699.50872418	
-2.07944154168	-1699.50942579	
-2.1202635362	-1699.51138133	
-2.15948424935	-1699.51446469	
-2.19722457734	-1699.51856179	
-2.23359222151	-1699.52356907	
-2.26868354132	-1699.52939234	
-2.30258509299	-1699.53594573	
-2.33537491582	-1699.54315089	
-2.36712361413	-1699.55093625	
-2.3978952728	-1699.55923637	
-2.42774823595	-1699.56799144	
-2.45673577282	-1699.57714675	
-2.48490664979	-1699.58665226	
-2.51230562398	-1699.59646222	
-2.53897387106	-1699.60653482	
-2.56494935746	-1699.61683184	
-2.59026716545	-1699.6273184	
-2.61495977804	-1699.63796264	
-2.63905732962	-1699.6487355	
-2.66258782703	-1699.6596105	
-2.68557734525	-1699.67056351	
-2.7080502011	-1699.68157258	
-2.73002910782	-1699.69261775	
-2.75153531304	-1699.7036809	
-2.77258872224	-1699.71474557	
-2.79320800944	-1699.72579687	
-2.81341071676	-1699.73682133	
-2.83321334406	-1699.74780677	
-2.85263142991	-1699.75874222	
-2.87167962488	-1699.7696178	
-2.8903717579	-1699.78042465	
-2.90872089656	-1699.79115483	
-2.92673940207	-1699.80180125	
-2.94443897917	-1699.8123576	
-2.96183072188	-1699.82281828	
-2.97892515524	-1699.83317835	
-2.99573227355	-1699.84343346	
-3.01226157551	-1699.85357982	
-3.02852209638	-1699.86361415	
-3.04452243772	-1699.87353362	
-3.06027079469	-1699.88333581	
-3.07577498123	-1699.89301871	
-3.09104245336	-1699.90258064	
-3.10608033072	-1699.91202025	
-3.12089541651	-1699.9213365	
-3.13549421593	-1699.93052859	
-3.14988295338	-1699.93959597	
-3.16406758837	-1699.94853833	
-3.17805383035	-1699.95735554	
-3.19184715248	-1699.96604766	
-3.20545280454	-1699.97461492	
-3.21887582487	-1699.9830577	
-3.23212105162	-1699.99137651	
-3.24519313319	-1699.999572	
-3.25809653802	-1700.00764489	
-3.2708355638	-1700.01559605	
-3.28341434601	-1700.0234264	
-3.295836866	-1700.03113695	
-3.3081069586	-1700.0387288	
-3.32022831913	-1700.04620309	
-3.33220451018	-1700.05356102	
-3.34403896782	-1700.06080384	
-3.35573500759	-1700.06793284	
-3.36729582999	-1700.07494936	
-3.37872452581	-1700.08185475	
-3.39002408106	-1700.0886504	
-3.40119738166	-1700.09533772	
-3.41224721785	-1700.10191815	
-3.42317628838	-1700.10839311	
-3.43398720449	-1700.11476406	
-3.4446824936	-1700.12103248	
-3.45526460293	-1700.12719981	
-3.4657359028	-1700.13326754	
-3.47609868984	-1700.13923713	
-3.48635519	-1700.14511005	
-3.49650756147	-1700.15088776	
-3.50655789732	-1700.15657173	
-3.51650822817	-1700.16216341	
-3.52636052462	-1700.16766424	
-3.53611669956	-1700.17307566	
-3.54577861047	-1700.17839909	
-3.55534806149	-1700.18363594	
-3.56482680544	-1700.18878761	
-3.57421654579	-1700.1938555	
-3.58351893846	-1700.19884096	
-3.59273559356	-1700.20374536	
-3.60186807712	-1700.20857005	
-3.61091791264	-1700.21331633	
-3.61988658263	-1700.21798554	
-3.62877553004	-1700.22257895	
-3.63758615973	-1700.22709785	
-3.6463198397	-1700.23154349	
-3.65497790244	-1700.23591711	
-3.66356164613	-1700.24021994	
-3.6720723358	-1700.24445318	
-3.68051120444	-1700.24861803	
-3.68887945411	-1700.25271565	
-3.69717825693	-1700.25674719	
-3.70540875607	-1700.26071378	
-3.7135720667	-1700.26461656	
-3.72166927694	-1700.26845661	
-3.72970144863	-1700.27223501	
-3.73766961828	-1700.27595283	
-3.74557479779	-1700.27961111	
-3.75341797525	-1700.28321089	
-3.76120011569	-1700.28675317	
-3.76892216179	-1700.29023894	
-3.77658503453	-1700.2936692	
-3.78418963392	-1700.29704488	
-3.79173683955	-1700.30036695	
-3.79922751128	-1700.30363633	
-3.80666248977	-1700.30685392	
-3.81404259707	-1700.31002062	
-3.82136863716	-1700.31313732	
-3.82864139649	-1700.31620488	
-3.83586164446	-1700.31922414	
-3.84303013394	-1700.32219594	
-3.85014760171	-1700.32512109	
-3.85721476893	-1700.32800041	
-3.86423234159	-1700.33083468	
-3.87120101091	-1700.33362467	
-3.87812145375	-1700.33637115	
-3.88499433304	-1700.33907485	
-3.89182029811	-1700.34173653	
-3.8985999851	-1700.34435689	
-3.90533401728	-1700.34693665	
-3.91202300543	-1700.34947649	
-3.91866754815	-1700.3519771	
-3.92526823218	-1700.35443914	
-3.93182563272	-1700.35686328	
-3.93834031375	-1700.35925016	
-3.94481282825	-1700.36160041	
-3.95124371858	-1700.36391465	
-3.95763351668	-1700.36619349	
-3.96398274436	-1700.36843753	
-3.97029191355	-1700.37064735	
-3.97656152657	-1700.37282354	
-3.98279207632	-1700.37496665	
-3.98898404656	-1700.37707725	
-3.99513791214	-1700.37915588	
-4.00125413916	-1700.38120308	
-4.00733318523	-1700.38321936	
-4.01337549969	-1700.38520524	
-4.01938152375	-1700.38716124	
-4.02535169074	-1700.38908784	
-4.03128642625	-1700.39098554	
-4.03718614838	-1700.39285482	
-4.04305126783	-1700.39469613	
-4.04888218815	-1700.39650996	
-4.05467930583	-1700.39829673	
-4.06044301055	-1700.40005692	
-4.06617368526	-1700.40179094	
-4.07187170637	-1700.40349922	
-4.07753744391	-1700.4051822	
-4.08317126162	-1700.40684027	
-4.08877351717	-1700.40847385	
-4.09434456222	-1700.41008334	
-4.0998847426	-1700.41166912	
-4.10539439841	-1700.41323157	
-4.11087386417	-1700.41477109	
-4.11632346894	-1700.41628802	
-4.12174353641	-1700.41778275	
-4.12713438505	-1700.41925562	
-4.13249632819	-1700.42070698	
-4.13782967416	-1700.42213719	
-4.14313472639	-1700.42354657	
-4.14841178349	-1700.42493546	
-4.15366113938	-1700.42630418	
-4.15888308336	-1700.42765305	
-4.16407790024	-1700.4289824	
-4.1692458704	-1700.43029252	
-4.1743872699	-1700.43158372	
-4.17950237056	-1700.4328563	
-4.18459144007	-1700.43411055	
-4.18965474203	-1700.43534675	
-4.19469253606	-1700.43656519	
-4.19970507788	-1700.43776615	
-4.20469261939	-1700.4389499	
-4.20965540873	-1700.44011671	
-4.21459369037	-1700.44126683	
-4.21950770518	-1700.44240053	
-4.22439769047	-1700.44351806	
-4.22926388012	-1700.44461967	
-4.2341065046	-1700.44570561	
-4.23892579103	-1700.44677611	
-4.2437219633	-1700.44783141	
-4.24849524205	-1700.44887175	
-4.25324584481	-1700.44989734	
-4.257973986	-1700.45090843	
-4.26267987704	-1700.45190522	
-4.26736372635	-1700.45288794	
-4.27202573946	-1700.45385679	
-4.27666611902	-1700.45481199	
-4.28128506487	-1700.45575374	
-4.28588277412	-1700.45668224	
-4.29045944115	-1700.4575977	
-4.29501525768	-1700.45850031	
-4.29955041285	-1700.45939025	
-4.3040650932	-1700.46026773	
-4.30855948279	-1700.46113292	
-4.31303376319	-1700.461986	
-4.31748811354	-1700.46282717	
-4.3219227106	-1700.46365658	
-4.32633772881	-1700.46447442	
-4.33073334029	-1700.46528086	
-4.33510971489	-1700.46607607	
-4.33946702026	-1700.4668602	
-4.34380542185	-1700.46763342	
-4.348125083	-1700.4683959	
-4.3524261649	-1700.46914778	
-4.35670882669	-1700.46988923	
-4.36097322548	-1700.47062038	
-4.36521951636	-1700.4713414	
-4.36944785247	-1700.47205243	
-4.373658385	-1700.47275362	
-4.37785126326	-1700.4734451	
-4.38202663467	-1700.47412701	
-4.38618464482	-1700.4747995	
-4.39032543749	-1700.4754627	
-4.39444915467	-1700.47611673	
-4.39855593663	-1700.47676174	
-4.40264592188	-1700.47739785	
-4.40671924726	-1700.47802518	
-4.41077604796	-1700.47864386	
-4.4148164575	-1700.47925402	
-4.4188406078	-1700.47985577	
-4.42284862919	-1700.48044924	
-4.42684065046	-1700.48103453	
-4.43081679884	-1700.48161177	
-4.43477720006	-1700.48218106	
-4.43872197835	-1700.48274252	
-4.44265125649	-1700.48329626	
-4.44656515581	-1700.48384239	
-4.45046379623	-1700.48438101	
-4.45434729625	-1700.48491222	
-4.45821577303	-1700.48543613	
-4.46206934235	-1700.48595285	
-4.46590811865	-1700.48646246	
-4.46973221509	-1700.48696506	
-4.47354174351	-1700.48746077	
-4.47733681448	-1700.48794966	
-4.48111753732	-1700.48843183	
-4.48488402011	-1700.48890738	
-4.48863636973	-1700.48937639	
-4.49237469184	-1700.48983895	
-4.49609909093	-1700.49029516	
-4.49980967033	-1700.49074509	
-4.50350653221	-1700.49118884	
-4.50718977763	-1700.49162648	
-4.51085950652	-1700.49205811	
-4.51451581772	-1700.49248379	
-4.518158809	-1700.49290362	
-4.52178857705	-1700.49331766	
-4.52540521752	-1700.49372601	
-4.52900882502	-1700.49412872	
-4.53259949315	-1700.49452589	
-4.5361773145	-1700.49491758	
-4.53974238067	-1700.49530386	
-4.54329478227	-1700.49568482	
-4.54683460898	-1700.49606051	
-4.55036194949	-1700.49643101	
-4.5538768916	-1700.49679639	
-4.55737952215	-1700.49715671	
-4.56086992709	-1700.49751205	
-4.56434819147	-1700.49786247	
-4.56781439944	-1700.49820802	
-4.57126863431	-1700.49854879	
-4.5747109785	-1700.49888482	
-4.5781415136	-1700.49921619	
-4.58156032035	-1700.49954294	
-4.58496747867	-1700.49986515	
-4.58836306767	-1700.50018287	
-4.59174716566	-1700.50049617	
-4.59511985013	-1700.50080509	
-4.59848119784	-1700.50110969	
-4.60183128472	-1700.50141003	
-4.60517018599	-1700.50170617	
-4.60849797608	-1700.50199816	
-4.61181472871	-1700.50228606	
-4.61512051684	-1700.5025699	
-4.61841541274	-1700.50284976	
-4.62169948794	-1700.50312568	
-4.62497281328	-1700.5033977	
-4.62823545892	-1700.50366589	
-4.63148749431	-1700.50393028	
-4.63472898823	-1700.50419093	
-4.63796000881	-1700.50444788	
-4.64118062351	-1700.50470119	
-4.64439089914	-1700.50495089	
-4.64759090187	-1700.50519704	
-4.65078069724	-1700.50543967	
-4.65396035016	-1700.50567884	
-4.65712992492	-1700.50591459	
-4.66028948521	-1700.50614695	
-4.66343909411	-1700.50637598	
-4.66657881412	-1700.50660171	
-4.66970870713	-1700.50682418	
-4.67282883446	-1700.50704344	
-4.67593925688	-1700.50725953	
-4.67904003455	-1700.50747249	
-4.68213122712	-1700.50768235	
-4.68521289366	-1700.50788915	
-4.6882850927	-1700.50809294	
-4.69134788223	-1700.50829374	
-4.69440131972	-1700.50849161	
-4.6974454621	-1700.50868656	
-4.70048036579	-1700.50887865	
-4.70350608671	-1700.50906789	
-4.70652268025	-1700.50925434	
-4.70953020131	-1700.50943802	
-4.71252870431	-1700.50961897	
-4.71551824316	-1700.50979722	
-4.7184988713	-1700.50997281	
-4.72147064168	-1700.51014576	
-4.72443360681	-1700.51031612	
-4.72738781871	-1700.5104839	
-4.73033332894	-1700.51064915	
-4.73327018862	-1700.51081189	
-4.73619844839	-1700.51097215	
-4.7391181585	-1700.51112997	
-4.74202936871	-1700.51128538	
-4.74493212836	-1700.5114384	
-4.74782648639	-1700.51158906	
-4.75071249128	-1700.51173739	
-4.75359019111	-1700.51188342	
-4.75645963353	-1700.51202718	
-4.75932086582	-1700.51216869	
-4.7621739348	-1700.51230798	
-4.76501888693	-1700.51244508	
-4.76785576827	-1700.51258002	
-4.77068462447	-1700.51271282	
-4.77350550081	-1700.5128435	
-4.77631844218	-1700.5129721	
-4.77912349311	-1700.51309863	
-4.78192069773	-1700.51322313	
-4.78471009982	-1700.51334561	
-4.78749174278	-1700.5134661	
-4.79026566966	-1700.51358462	
-4.79303192316	-1700.5137012	
-4.7957905456	-1700.51381586	
-4.79854157897	-1700.51392862	
-4.80128506491	-1700.51403951	
-4.80402104473	-1700.51414855	
-4.80674955939	-1700.51425576	
-4.8094706495	-1700.51436115	
-4.81218435537	-1700.51446476	
-4.81489071697	-1700.51456661	
-4.81758977394	-1700.51466671	
-4.82028156561	-1700.51476508	
-4.82296613098	-1700.51486175	
-4.82564350875	-1700.51495674	
-4.8283137373	-1700.51505006	
-4.83097685472	-1700.51514173	
-4.83363289878	-1700.51523178	
-4.83628190695	-1700.51532023	
-4.83892391641	-1700.51540708	
-4.84155896405	-1700.51549237	
-4.84418708646	-1700.51557611	
-4.84680831994	-1700.51565831	
-4.84942270051	-1700.515739	
-4.85203026392	-1700.51581819	
-4.85463104562	-1700.5158959	
-4.8572250808	-1700.51597215	
-4.85981240436	-1700.51604696	
-4.86239305096	-1700.51612033	
-4.86496705495	-1700.51619229	
-4.86753445046	-1700.51626286	
-4.87009527132	-1700.51633205	
-4.87264955112	-1700.51639987	
-4.8751973232	-1700.51646635	
-4.87773862063	-1700.51653149	
-4.88027347623	-1700.51659532	
-4.88280192259	-1700.51665785	
-4.88532399202	-1700.51671909	
-4.88783971662	-1700.51677906	
-4.89034912822	-1700.51683777	
-4.89285225844	-1700.51689524	
-4.89534913864	-1700.51695148	
-4.89783979995	-1700.5170065	
-4.90032427328	-1700.51706033	
-4.90280258929	-1700.51711297	
-4.90527477844	-1700.51716444	
-4.90774087093	-1700.51721474	
-4.91020089677	-1700.51726391	
-4.91265488574	-1700.51731194	
-4.91510286737	-1700.51735884	
-4.91754487103	-1700.51740465	
-4.91998092583	-1700.51744935	
-4.92241106068	-1700.51749298	
-4.92483530429	-1700.51753554	
-4.92725368516	-1700.51757704	
-4.92966623156	-1700.51761749	
-4.93207297159	-1700.51765691	
-4.93447393313	-1700.51769531	
-4.93686914386	-1700.5177327	
-4.93925863125	-1700.51776909	
-4.94164242261	-1700.51780449	
-4.94402054501	-1700.51783892	
-4.94639302537	-1700.51787238	
-4.94875989038	-1700.51790489	
-4.95112116656	-1700.51793646	
-4.95347688026	-1700.51796709	
-4.9558270576	-1700.5179968	
-4.95817172456	-1700.51802561	
-4.96051090691	-1700.51805351	
-4.96284463026	-1700.51808052	
-4.96517292002	-1700.51810664	
-4.96749580144	-1700.5181319	
-4.96981329958	-1700.5181563	
-4.97212543933	-1700.51817985	
-4.97443224543	-1700.51820255	
-4.97673374242	-1700.51822443	
-4.97902995468	-1700.51824548	
-4.98132090643	-1700.51826572	
-4.98360662171	-1700.51828515	
-4.98588712441	-1700.51830379	
-4.98816243824	-1700.51832164	
-4.99043258678	-1700.51833872	
-4.99269759341	-1700.51835503	
-4.99495748138	-1700.51837058	
-4.99721227376	-1700.51838537	
-4.9994619935	-1700.51839943	
-5.00170666335	-1700.51841275	
-5.00394630595	-1700.51842534	
-5.00618094375	-1700.51843722	
-5.00841059907	-1700.51844839	
-5.0106352941	-1700.51845885	
-5.01285505083	-1700.51846863	
-5.01506989116	-1700.51847771	
-5.01727983681	-1700.51848612	
-5.01948490937	-1700.51849386	
-5.02168513028	-1700.51850093	
-5.02388052085	-1700.51850735	
-5.02607110223	-1700.51851312	
-5.02825689545	-1700.51851825	
-5.03043792139	-1700.51852275	
-5.03261420082	-1700.51852662	
-5.03478575433	-1700.51852987	
-5.03695260241	-1700.51853251	
-5.03911476542	-1700.51853454	
-5.04127226356	-1700.51853598	
-5.04342511692	-1700.51853682	
-5.04557334546	-1700.51853707	
-5.047716969	-1700.51853675	
-5.04985600725	-1700.51853586	
-5.05199047978	-1700.5185344	
-5.05412040604	-1700.51853238	
-5.05624580535	-1700.5185298	
-5.05836669692	-1700.51852668	
-5.06048309982	-1700.51852302	
-5.06259503303	-1700.51851883	
-5.06470251537	-1700.51851411	
-5.06680556556	-1700.51850886	
-5.06890420222	-1700.5185031	
-5.07099844382	-1700.51849682	
-5.07308830874	-1700.51849004	
-5.07517381523	-1700.51848277	
-5.07725498144	-1700.51847499	
-5.07933182538	-1700.51846673	
-5.08140436498	-1700.51845799	
-5.08347261805	-1700.51844877	
-5.08553660227	-1700.51843908	
-5.08759633523	-1700.51842892	
-5.08965183441	-1700.5184183	
-5.09170311719	-1700.51840722	
-5.09375020081	-1700.5183957	
-5.09579310244	-1700.51838372	
-5.09783183913	-1700.51837131	
-5.09986642782	-1700.51835846	
-5.10189688537	-1700.51834518	
-5.10392322852	-1700.51833148	
-5.1059454739	-1700.51831735	
-5.10796363806	-1700.51830281	
-5.10997773743	-1700.51828785	
-5.11198778836	-1700.51827249	
-5.11399380708	-1700.51825673	
-5.11599580975	-1700.51824056	
-5.11799381242	-1700.51822401	
-5.11998783102	-1700.51820707	
-5.12197788143	-1700.51818974	
-5.1239639794	-1700.51817203	
-5.12594614061	-1700.51815395	
-5.12792438062	-1700.51813549	
-5.12989871492	-1700.51811667	
-5.13186915891	-1700.51809749	
-5.13383572788	-1700.51807795	
-5.13579843705	-1700.51805805	
-5.13775730154	-1700.5180378	
-5.13971233637	-1700.51801721	
-5.1416635565	-1700.51799627	
-5.14361097679	-1700.517975	
-5.145554612	-1700.51795339	
-5.14749447681	-1700.51793145	
-5.14943058584	-1700.51790918	
-5.15136295359	-1700.51788659	
-5.1532915945	-1700.51786368	
-5.15521652291	-1700.51784046	
-5.15713775309	-1700.51781692	
-5.15905529921	-1700.51779307	
-5.1609691754	-1700.51776892	
-5.16287939565	-1700.51774447	
-5.16478597392	-1700.51771972	
-5.16668892407	-1700.51769467	
-5.16858825987	-1700.51766934	
-5.17048399504	-1700.51764371	
-5.17237614319	-1700.51761781	
-5.17426471788	-1700.51759162	
-5.17614973257	-1700.51756515	
-5.17803120067	-1700.51753841	
-5.1799091355	-1700.5175114	
-5.18178355029	-1700.51748412	
-5.18365445823	-1700.51745657	
-5.1855218724	-1700.51742877	
-5.18738580584	-1700.5174007	
-5.18924627149	-1700.51737238	
-5.19110328224	-1700.51734381	
-5.19295685089	-1700.51731499	
-5.19480699018	-1700.51728592	
-5.19665371277	-1700.51725661	
-5.19849703127	-1700.51722705	
-5.20033695819	-1700.51719726	
-5.202173506	-1700.51716723	
-5.20400668708	-1700.51713697	
-5.20583651375	-1700.51710649	
-5.20766299828	-1700.51707577	
-5.20948615284	-1700.51704483	
-5.21130598956	-1700.51701367	
-5.21312252048	-1700.51698229	
-5.21493575761	-1700.51695069	
-5.21674571285	-1700.51691889	
-5.21855239808	-1700.51688687	
-5.22035582508	-1700.51685464	
-5.22215600558	-1700.5168222	
-5.22395295126	-1700.51678957	
-5.22574667371	-1700.51675673	
-5.22753718449	-1700.51672369	
-5.22932449506	-1700.51669046	
-5.23110861685	-1700.51665704	
-5.23288956123	-1700.51662342	
-5.23466733947	-1700.51658961	
-5.23644196283	-1700.51655562	
-5.23821344248	-1700.51652144	
-5.23998178954	-1700.51648709	
-5.24174701506	-1700.51645255	
-5.24350913005	-1700.51641783	
-5.24526814546	-1700.51638294	
-5.24702407216	-1700.51634788	
-5.24877692099	-1700.51631265	
-5.25052670271	-1700.51627725	
-5.25227342805	-1700.51624168	
-5.25401710765	-1700.51620594	
-5.25575775213	-1700.51617005	
-5.25749537203	-1700.51613399	
-5.25922997784	-1700.51609778	
-5.26096158	-1700.51606141	
-5.2626901889	-1700.51602488	
-5.26441581487	-1700.5159882	
-5.26613846818	-1700.51595138	
-5.26785815906	-1700.5159144	
-5.26957489768	-1700.51587728	
-5.27128869416	-1700.51584001	
-5.27299955856	-1700.5158026	
-5.27470750091	-1700.51576505	
-5.27641253116	-1700.51572736	
-5.27811465923	-1700.51568954	
-5.27981389498	-1700.51565158	
-5.28151024823	-1700.51561348	
-5.28320372874	-1700.51557526	
-5.28489434622	-1700.5155369	
-5.28658211033	-1700.51549841	
-5.28826703069	-1700.5154598	
-5.28994911688	-1700.51542107	
-5.2916283784	-1700.51538221	
-5.29330482472	-1700.51534322	
-5.29497846528	-1700.51530412	
-5.29664930945	-1700.5152649	
-5.29831736655	-1700.51522557	
-5.29998264587	-1700.51518612	
-5.30164515664	-1700.51514655	
-5.30330490806	-1700.51510688	
-5.30496190927	-1700.51506709	
-5.30661616936	-1700.51502719	
-5.3082676974	-1700.51498719	
-5.30991650239	-1700.51494708	
-5.3115625933	-1700.51490687	
-5.31320597904	-1700.51486655	
-5.3148466685	-1700.51482614	
-5.3164846705	-1700.51478562	
-5.31811999384	-1700.514745	
-5.31975264727	-1700.51470429	
-5.32138263948	-1700.51466348	
-5.32300997914	-1700.51462258	
-5.32463467487	-1700.51458158	
-5.32625673524	-1700.5145405	
-5.32787616879	-1700.51449932	
-5.32949298402	-1700.51445805	
-5.33110718937	-1700.5144167	
-5.33271879327	-1700.51437526	
-5.33432780407	-1700.51433374	
-5.33593423012	-1700.51429213	
-5.3375380797	-1700.51425044	
-5.33913936107	-1700.51420866	
-5.34073808243	-1700.51416681	
-5.34233425196	-1700.51412488	
-5.3439278778	-1700.51408287	
-5.34551896803	-1700.51404079	
-5.34710753072	-1700.51399863	
-5.34869357387	-1700.5139564	
-5.35027710548	-1700.51391409	
-5.35185813348	-1700.51387172	
-5.35343666577	-1700.51382927	
-5.35501271022	-1700.51378675	
-5.35658627467	-1700.51374417	
-5.3581573669	-1700.51370151	
-5.35972599468	-1700.5136588	
-5.36129216571	-1700.51361601	
-5.36285588769	-1700.51357317	
-5.36441716825	-1700.51353026	
-5.36597601502	-1700.51348729	
-5.36753243557	-1700.51344426	
-5.36908643744	-1700.51340116	
-5.37063802813	-1700.51335802	
-5.37218721511	-1700.51331481	
-5.37373400583	-1700.51327155	
-5.37527840768	-1700.51322823	
-5.37682042804	-1700.51318485	
-5.37836007422	-1700.51314143	
-5.37989735354	-1700.51309795	
-5.38143227326	-1700.51305442	
-5.38296484061	-1700.51301084	
-5.38449506279	-1700.51296721	
-5.38602294697	-1700.51292353	
-5.38754850028	-1700.5128798	
-5.38907172982	-1700.51283602	
-5.39059264266	-1700.5127922	
-5.39211124583	-1700.51274834	
-5.39362754635	-1700.51270443	
-5.39514155118	-1700.51266048	
-5.39665326727	-1700.51261648	
-5.39816270152	-1700.51257244	
-5.39966986081	-1700.51252837	
-5.40117475199	-1700.51248425	
-5.40267738187	-1700.51244009	
-5.40417775725	-1700.5123959	
-5.40567588487	-1700.51235166	
-5.40717177146	-1700.51230739	
-5.40866542372	-1700.51226309	
-5.4101568483	-1700.51221875	
-5.41164605186	-1700.51217438	
-5.41313304098	-1700.51212997	
-5.41461782224	-1700.51208553	
-5.4161004022	-1700.51204106	
-5.41758078737	-1700.51199655	
-5.41905898424	-1700.51195202	
-5.42053499927	-1700.51190746	
-5.42200883889	-1700.51186286	
-5.4234805095	-1700.51181824	
-5.42495001748	-1700.51177359	
-5.42641736918	-1700.51172892	
-5.4278825709	-1700.51168422	
-5.42934562895	-1700.51163949	
-5.43080654959	-1700.51159474	
-5.43226533906	-1700.51154997	
-5.43372200355	-1700.51150517	
-5.43517654927	-1700.51146035	
-5.43662898235	-1700.5114155	
-5.43807930892	-1700.51137064	
-5.4395275351	-1700.51132575	
-5.44097366695	-1700.51128085	
-5.44241771052	-1700.51123592	
-5.44385967184	-1700.51119098	
-5.4452995569	-1700.51114602	
-5.44673737167	-1700.51110104	
-5.44817312209	-1700.51105605	
-5.44960681409	-1700.51101103	
-5.45103845357	-1700.51096601	
-5.45246804638	-1700.51092096	
-5.45389559837	-1700.51087591	
-5.45532111536	-1700.51083083	
-5.45674460314	-1700.51078575	
-5.45816606749	-1700.51074065	
-5.45958551414	-1700.51069554	
-5.46100294883	-1700.51065042	
-5.46241837723	-1700.51060529	
-5.46383180503	-1700.51056015	
-5.46524323786	-1700.51051499	
-5.46665268137	-1700.51046983	
-5.46806014114	-1700.51042466	
-5.46946562274	-1700.51037948	
-5.47086913175	-1700.51033429	
-5.47227067367	-1700.5102891	
-5.47367025403	-1700.51024389	
-5.47506787829	-1700.51019868	
-5.47646355193	-1700.51015347	
-5.47785728038	-1700.51010825	
-5.47924906905	-1700.51006303	
-5.48063892334	-1700.5100178	
-5.48202684862	-1700.50997256	
-5.48341285022	-1700.50992733	
-5.48479693349	-1700.50988209	
-5.48617910372	-1700.50983685	
-5.48755936619	-1700.5097916	
-5.48893772616	-1700.50974636	
-5.49031418887	-1700.50970111	
-5.49168875953	-1700.50965587	
-5.49306144334	-1700.50961062	
-5.49443224547	-1700.50956537	
-5.49580117108	-1700.50952013	
-5.49716822529	-1700.50947488	
-5.49853341322	-1700.50942964	
-5.49989673995	-1700.5093844	
-5.50125821054	-1700.50933916	
-5.50261783006	-1700.50929392	
-5.50397560352	-1700.50924869	
-5.50533153593	-1700.50920346	
-5.50668563228	-1700.50915823	
-5.50803789753	-1700.50911301	
-5.50938833663	-1700.50906779	
-5.5107369545	-1700.50902258	
-5.51208375605	-1700.50897738	
-5.51342874616	-1700.50893218	
-5.51477192971	-1700.50888698	
-5.51611331154	-1700.5088418	
-5.51745289646	-1700.50879662	
-5.51879068931	-1700.50875145	
-5.52012669485	-1700.50870628	
-5.52146091786	-1700.50866112	
-5.5227933631	-1700.50861598	
-5.52412403528	-1700.50857084	
-5.52545293913	-1700.50852571	
-5.52678007934	-1700.50848059	
-5.52810546058	-1700.50843548	
-5.52942908751	-1700.50839038	
-5.53075096477	-1700.50834529	
-5.53207109697	-1700.50830021	
-5.53338948873	-1700.50825514	
-5.53470614461	-1700.50821009	
-5.53602106919	-1700.50816504	
-5.53733426702	-1700.50812001	
-5.53864574262	-1700.50807499	
-5.5399555005	-1700.50802998	
-5.54126354516	-1700.50798499	
-5.54256988107	-1700.50794001	
-5.5438745127	-1700.50789504	
-5.54517744448	-1700.50785009	
-5.54647868084	-1700.50780515	
-5.54777822618	-1700.50776023	
-5.5490760849	-1700.50771532	
-5.55037226136	-1700.50767043	
-5.55166675992	-1700.50762555	
-5.55295958492	-1700.50758069	
-5.55425074069	-1700.50753584	
-5.55554023152	-1700.50749101	
-5.5568280617	-1700.5074462	
-5.55811423551	-1700.5074014	
-5.5593987572	-1700.50735663	
-5.56068163102	-1700.50731186	
-5.56196286117	-1700.50726712	
-5.56324245188	-1700.50722239	
-5.56452040732	-1700.50717768	
-5.56579673168	-1700.50713299	
-5.56707142911	-1700.50708832	
-5.56834450376	-1700.50704367	
-5.56961595975	-1700.50699904	
-5.57088580119	-1700.50695442	
-5.57215403218	-1700.50690983	
-5.57342065679	-1700.50686525	
-5.5746856791	-1700.5068207	
-5.57594910315	-1700.50677616	
-5.57721093297	-1700.50673165	
-5.57847117258	-1700.50668716	
-5.57972982599	-1700.50664269	
-5.58098689718	-1700.50659823	
-5.58224239012	-1700.5065538	
-5.58349630878	-1700.5065094	
-5.5847486571	-1700.50646501	
-5.585999439	-1700.50642065	
-5.5872486584	-1700.5063763	
-5.5884963192	-1700.50633199	
-5.58974242528	-1700.50628769	
-5.59098698051	-1700.50624341	
-5.59222998875	-1700.50619916	
-5.59347145384	-1700.50615494	
-5.5947113796	-1700.50611073	
-5.59594976985	-1700.50606655	
-5.59718662839	-1700.5060224	
-5.598421959	-1700.50597826	
-5.59965576545	-1700.50593415	
-5.60088805149	-1700.50589007	
-5.60211882088	-1700.50584601	
-5.60334807733	-1700.50580198	
-5.60457582457	-1700.50575797	
-5.6058020663	-1700.50571398	
-5.60702680619	-1700.50567002	
-5.60825004793	-1700.50562609	
-5.60947179518	-1700.50558218	
-5.61069205159	-1700.5055383	
-5.61191082078	-1700.50549444	
-5.61312810639	-1700.50545061	
-5.61434391201	-1700.50540681	
-5.61555824124	-1700.50536303	
-5.61677109767	-1700.50531928	
-5.61798248485	-1700.50527555	
-5.61919240636	-1700.50523186	
-5.62040086572	-1700.50518819	
-5.62160786647	-1700.50514454	
-5.62281341212	-1700.50510093	
-5.62401750619	-1700.50505734	
-5.62522015215	-1700.50501378	
-5.6264213535	-1700.50497025	
-5.62762111369	-1700.50492674	
-5.62881943618	-1700.50488327	
-5.63001632442	-1700.50483982	
-5.63121178182	-1700.5047964	
-5.63240581181	-1700.50475301	
-5.6335984178	-1700.50470964	
-5.63478960317	-1700.50466631	
-5.6359793713	-1700.504623	
-5.63716772557	-1700.50457973	
-5.63835466933	-1700.50453648	
-5.63954020593	-1700.50449326	
-5.64072433869	-1700.50445007	
-5.64190707094	-1700.50440692	
-5.64308840598	-1700.50436379	
-5.64426834712	-1700.50432069	
-5.64544689764	-1700.50427762	
-5.64662406082	-1700.50423458	
-5.64779983991	-1700.50419157	
-5.64897423816	-1700.50414859	
-5.65014725882	-1700.50410564	
-5.65131890512	-1700.50406272	
-5.65248918027	-1700.50401984	
-5.65365808747	-1700.50397698	
-5.65482562993	-1700.50393415	
-5.65599181082	-1700.50389136	
-5.65715663332	-1700.5038486	
-5.65832010058	-1700.50380586	
-5.65948221576	-1700.50376316	
-5.660642982	-1700.50372049	
-5.66180240242	-1700.50367785	
-5.66296048014	-1700.50363524	
-5.66411721826	-1700.50359267	
-5.66527261989	-1700.50355012	
-5.66642668811	-1700.50350761	
-5.66757942599	-1700.50346513	
-5.6687308366	-1700.50342268	
-5.66988092298	-1700.50338027	
-5.67102968818	-1700.50333788	
-5.67217713524	-1700.50329553	
-5.67332326717	-1700.50325321	
-5.67446808699	-1700.50321093	
-5.67561159769	-1700.50316867	
-5.67675380227	-1700.50312645	
-5.6778947037	-1700.50308426	
-5.67903430497	-1700.5030421	
-5.68017260902	-1700.50299998	
-5.6813096188	-1700.50295789	
-5.68244533727	-1700.50291583	
-5.68357976734	-1700.50287381	
-5.68471291194	-1700.50283181	
-5.68584477397	-1700.50278986	
-5.68697535634	-1700.50274793	
-5.68810466194	-1700.50270604	
-5.68923269364	-1700.50266418	
-5.69035945432	-1700.50262236	
-5.69148494685	-1700.50258057	
-5.69260917406	-1700.50253881	
-5.6937321388	-1700.50249709	
-5.69485384391	-1700.5024554	
-5.69597429221	-1700.50241374	
-5.69709348651	-1700.50237212	
-5.69821142961	-1700.50233053	
-5.69932812431	-1700.50228898	
-5.70044357339	-1700.50224746	
-5.70155777963	-1700.50220597	
-5.7026707458	-1700.50216452	
-5.70378247466	-1700.5021231	
-5.70489296894	-1700.50208172	
-5.70600223139	-1700.50204037	
-5.70711026475	-1700.50199905	
-5.70821707172	-1700.50195777	
-5.70932265503	-1700.50191653	
-5.71042701737	-1700.50187532	
-5.71153016145	-1700.50183414	
-5.71263208993	-1700.501793	
-5.71373280551	-1700.5017519	
-5.71483231084	-1700.50171082	
-5.71593060859	-1700.50166979	
-5.71702770141	-1700.50162879	
-5.71812359193	-1700.50158782	
-5.71921828279	-1700.50154689	
-5.72031177661	-1700.50150599	
-5.72140407601	-1700.50146513	
-5.72249518359	-1700.5014243	
-5.72358510195	-1700.50138351	
-5.72467383369	-1700.50134275	
-5.72576138137	-1700.50130203	
-5.72684774759	-1700.50126135	
-5.72793293489	-1700.5012207	
-5.72901694583	-1700.50118008	
-5.73009978297	-1700.5011395	
-5.73118144884	-1700.50109896	
-5.73226194598	-1700.50105845	
-5.7333412769	-1700.50101798	
-5.73441944412	-1700.50097754	
-5.73549645015	-1700.50093714	
-5.73657229748	-1700.50089677	
-5.73764698861	-1700.50085644	
-5.73872052602	-1700.50081615	
-5.73979291218	-1700.50077589	
-5.74086414956	-1700.50073566	
-5.74193424062	-1700.50069548	
-5.74300318781	-1700.50065532	
-5.74407099357	-1700.50061521	
-5.74513766034	-1700.50057513	
-5.74620319054	-1700.50053508	
-5.7472675866	-1700.50049507	
-5.74833085092	-1700.5004551	
-5.74939298591	-1700.50041517	
-5.75045399397	-1700.50037527	
-5.75151387748	-1700.5003354	
-5.75257263883	-1700.50029557	
-5.75363028038	-1700.50025578	
-5.75468680452	-1700.50021602	
-5.75574221359	-1700.5001763	
-5.75679650994	-1700.50013662	
-5.75784969593	-1700.50009697	
-5.75890177388	-1700.50005736	
-5.75995274612	-1700.50001779	
-5.76100261499	-1700.49997825	
-5.76205138278	-1700.49993874	
-5.76309905181	-1700.49989928	
-5.76414562438	-1700.49985985	
-5.76519110278	-1700.49982045	
-5.7662354893	-1700.49978109	
-5.76727878622	-1700.49974177	
-5.76832099579	-1700.49970249	
-5.7693621203	-1700.49966324	
-5.770402162	-1700.49962403	
-5.77144112313	-1700.49958485	
-5.77247900594	-1700.49954571	
-5.77351581267	-1700.49950661	
-5.77455154554	-1700.49946754	
-5.77558620679	-1700.49942851	
-5.77661979861	-1700.49938952	
-5.77765232322	-1700.49935056	
-5.77868378283	-1700.49931164	
-5.77971417962	-1700.49927275	
-5.78074351579	-1700.4992339	
-5.78177179352	-1700.49919509	
-5.78279901497	-1700.49915632	
-5.78382518233	-1700.49911758	
-5.78485029774	-1700.49907888	
-5.78587436337	-1700.49904021	
-5.78689738137	-1700.49900158	
-5.78791935386	-1700.49896299	
-5.788940283	-1700.49892443	
-5.7899601709	-1700.49888591	
-5.79097901969	-1700.49884743	
-5.79199683148	-1700.49880898	
-5.79301360838	-1700.49877057	
-5.7940293525	-1700.4987322	
-5.79504406593	-1700.49869386	
-5.79605775077	-1700.49865556	
-5.79707040908	-1700.4986173	
-5.79808204295	-1700.49857907	
-5.79909265446	-1700.49854088	
-5.80010224566	-1700.49850273	
-5.80111081862	-1700.49846461	
-5.80211837538	-1700.49842653	
-5.80312491799	-1700.49838848	
-5.80413044849	-1700.49835047	
-5.80513496892	-1700.4983125	
-5.80613848129	-1700.49827457	
-5.80714098764	-1700.49823667	
-5.80814248998	-1700.49819881	
-5.80914299031	-1700.49816098	
