#Site	lnL	
0	-1.88075943969
1	-10.7737666827
2	-2.08721622389
3	-1.72509462604
4	-5.91750913834
5	-9.01001050414
6	-1.88075943969
7	-4.87274875134
8	-1.9071397429
9	-1.72509462604
10	-1.85839043316
11	-1.92451395445
12	-9.44852177157
13	-1.84534060816
14	-1.89236654268
15	-6.11117299288
16	-1.85839043316
17	-1.89236654268
18	-7.06663925953
19	-1.85839043316
20	-1.89236654268
21	-1.72509462604
22	-5.89821129466
23	-2.08721622389
24	-5.50821440952
25	-1.85839043316
26	-1.89236654268
27	-1.88075943969
28	-5.29970190949
29	-1.9071397429
30	-1.88075943969
31	-1.8754014496
32	-1.92451395445
33	-5.09002655964
34	-6.05309802988
35	-6.1761046329
36	-1.70145338222
37	-5.43733401702
38	-2.08721622389
39	-5.50814977888
40	-2.03633738879
41	-1.89236654268
42	-1.70145338222
43	-5.29297907259
44	-6.1761046329
45	-1.72509462604
46	-1.85839043316
47	-6.65473625866
48	-1.72509462604
49	-5.00628013069
50	-5.8535687412
51	-12.5009977846
52	-1.85839043316
53	-1.92451395445
54	-9.46614115331
55	-10.1372662685
56	-5.98730238882
57	-1.88075943969
58	-5.33607432078
59	-2.08721622389
60	-5.50814977888
61	-1.84534060816
62	-1.9071397429
63	-1.72509462604
64	-1.8754014496
65	-6.67189269681
66	-1.70145338222
67	-1.84534060816
68	-1.89236654268
69	-1.70918591673
70	-1.8754014496
71	-1.92451395445
72	-1.70918591673
73	-5.29970190949
74	-8.2057162131
75	-1.70145338222
76	-2.03633738879
77	-1.9071397429
78	-5.09002655964
79	-1.84534060816
80	-6.08204607049
81	-1.88075943969
82	-1.85839043316
83	-1.89236654268
84	-1.70145338222
85	-1.85839043316
86	-1.9071397429
87	-9.4423665683
88	-2.03633738879
89	-1.9071397429
90	-1.72509462604
91	-2.03633738879
92	-8.86058057944
93	-1.72509462604
94	-1.8754014496
95	-1.9071397429
96	-8.70279570217
97	-2.03633738879
98	-1.9071397429
99	-1.70145338222
100	-1.85839043316
101	-13.3695033398
102	-1.70918591673
103	-8.85168724154
104	-8.05849131885
105	-1.70918591673
106	-2.03633738879
107	-2.08721622389
108	-5.83448915263
109	-1.8754014496
110	-1.89236654268
111	-8.07272986777
112	-14.3099079681
113	-1.89236654268
114	-1.88075943969
115	-1.84534060816
116	-5.25299621313
117	-1.88075943969
118	-1.8754014496
119	-8.05849131885
120	-1.70918591673
121	-1.84534060816
122	-1.9071397429
123	-6.12679440181
124	-1.84534060816
125	-1.92451395445
126	-1.88075943969
127	-1.84534060816
128	-1.89236654268
129	-6.11117299288
130	-1.85839043316
131	-1.9071397429
132	-1.72509462604
133	-2.03633738879
134	-14.2410790595
135	-9.56458721816
136	-7.77023382542
137	-2.08721622389
138	-1.70145338222
139	-8.96592365256
140	-1.9071397429
141	-1.70918591673
142	-1.8754014496
143	-2.08721622389
144	-5.99870785223
145	-8.14233298928
146	-4.8239809601
147	-1.70918591673
148	-2.03633738879
149	-1.89236654268
150	-1.70145338222
151	-4.87274875134
152	-8.25802874253
153	-1.70918591673
154	-1.84534060816
155	-5.98730238882
156	-1.70145338222
157	-6.07162613369
158	-2.08721622389
159	-5.37340104229
160	-5.33607432078
161	-2.08721622389
162	-6.25163653286
163	-1.8754014496
164	-4.8239809601
165	-1.70145338222
166	-6.20957861478
167	-1.89236654268
168	-1.72509462604
169	-1.85839043316
170	-1.89236654268
171	-1.70918591673
172	-1.84534060816
173	-1.9071397429
174	-1.70145338222
175	-9.31980304495
176	-1.9071397429
177	-6.45300877342
178	-6.20048062021
179	-1.89236654268
180	-1.72509462604
181	-5.61126830202
182	-1.92451395445
183	-1.88075943969
184	-1.84534060816
185	-1.92451395445
186	-5.0875115362
187	-1.8754014496
188	-8.27685143083
189	-1.70145338222
190	-8.25898706764
191	-2.08721622389
192	-1.72509462604
193	-1.84534060816
194	-5.99584719841
195	-10.6491491531
196	-1.8754014496
197	-1.89236654268
198	-6.27602475049
199	-1.8754014496
200	-8.89793693076
201	-1.70145338222
202	-5.29297907259
203	-6.7884442447
204	-1.72509462604
205	-8.86500500631
206	-5.25299621313
207	-1.70918591673
208	-1.8754014496
209	-1.92451395445
210	-1.70145338222
211	-1.85839043316
212	-1.92451395445
213	-1.72509462604
214	-1.8754014496
215	-5.74742717073
216	-8.98846628492
217	-2.03633738879
218	-2.08721622389
219	-1.88075943969
220	-1.85839043316
221	-1.9071397429
222	-1.88075943969
223	-5.00628013069
224	-9.136461357
225	-1.70918591673
226	-6.1904742792
227	-1.89236654268
228	-6.43564529473
229	-5.59658200689
230	-12.4517506389
231	-11.411310681
232	-1.8754014496
233	-1.89236654268
234	-1.88075943969
235	-5.29297907259
236	-1.92451395445
237	-1.70918591673
238	-1.84534060816
239	-5.29289570191
240	-1.70145338222
241	-1.8754014496
242	-1.89236654268
243	-1.88075943969
244	-8.40542108583
245	-1.92451395445
246	-1.72509462604
247	-2.03633738879
248	-5.2461067812
249	-1.70145338222
250	-11.0948764243
251	-5.38840105916
252	-1.70918591673
253	-6.03187150475
254	-1.89236654268
255	-1.72509462604
256	-6.03734351344
257	-1.9071397429
258	-1.72509462604
259	-1.85839043316
260	-1.92451395445
261	-1.72509462604
262	-1.8754014496
263	-10.4866276568
264	-1.70918591673
265	-1.84534060816
266	-1.92451395445
267	-1.72509462604
268	-6.69979467113
269	-10.8487314879
270	-1.72509462604
271	-2.03633738879
272	-2.08721622389
273	-1.70918591673
274	-1.85839043316
275	-1.92451395445
276	-1.70918591673
277	-6.69979467113
278	-5.12212764039
279	-1.88075943969
280	-1.8754014496
281	-5.54448700868
282	-1.72509462604
283	-1.8754014496
284	-2.08721622389
285	-1.72509462604
286	-2.03633738879
287	-4.8239809601
288	-9.4423665683
289	-6.8712815356
290	-1.92451395445
291	-6.41527675067
292	-5.95836307814
293	-6.16757526189
294	-1.88075943969
295	-1.85839043316
296	-6.03952329565
297	-1.70918591673
298	-1.8754014496
299	-1.89236654268
300	-6.43564529473
301	-1.8754014496
302	-1.89236654268
303	-1.70918591673
304	-5.79615425962
305	-5.83613299641
306	-5.25212980261
307	-1.84534060816
308	-5.12589042954
309	-1.72509462604
310	-1.8754014496
311	-6.0001062675
312	-1.72509462604
313	-6.03734351344
314	-1.92451395445
315	-1.70918591673
316	-2.03633738879
317	-8.31139148176
318	-1.70918591673
319	-1.8754014496
320	-1.92451395445
321	-7.07025022293
322	-5.95479049778
323	-5.38840105916
324	-1.72509462604
325	-2.03633738879
326	-1.89236654268
327	-1.70145338222
328	-1.84534060816
329	-1.92451395445
330	-6.11117299288
331	-6.08615600502
332	-1.9071397429
333	-1.70145338222
334	-1.84534060816
335	-2.08721622389
336	-1.70145338222
337	-8.00311136246
338	-5.99584719841
339	-1.70918591673
340	-2.03633738879
341	-4.99724229669
342	-1.88075943969
343	-6.05390053815
344	-5.38840105916
345	-6.31810264664
346	-7.23702731942
347	-6.82323117444
348	-5.83176917837
349	-2.03633738879
350	-1.9071397429
351	-5.50814977888
352	-9.85840412833
353	-2.08721622389
354	-1.88075943969
355	-1.85839043316
356	-5.12212764039
357	-1.72509462604
358	-1.85839043316
359	-1.92451395445
360	-1.70145338222
361	-1.8754014496
362	-2.08721622389
363	-6.28399482319
364	-6.8408747592
365	-8.32238176114
366	-6.89071812992
367	-6.05390053815
368	-5.12212764039
369	-1.88075943969
370	-8.54093867536
371	-1.89236654268
372	-1.70145338222
373	-8.5235482743
374	-2.08721622389
375	-1.88075943969
376	-1.85839043316
377	-8.27246256615
378	-1.88075943969
379	-1.85839043316
380	-1.9071397429
381	-1.88075943969
382	-5.88494118059
383	-1.9071397429
384	-1.72509462604
385	-1.84534060816
386	-5.83613299641
387	-1.88075943969
388	-1.8754014496
389	-8.12909280764
390	-7.05310421879
391	-2.03633738879
392	-6.0001062675
393	-1.88075943969
394	-7.40618356421
395	-5.25299621313
396	-1.88075943969
397	-1.84534060816
398	-1.89236654268
399	-6.42404813437
400	-2.03633738879
401	-1.92451395445
402	-1.70145338222
403	-7.23534074663
404	-1.89236654268
405	-1.70145338222
406	-1.85839043316
407	-1.9071397429
408	-1.72509462604
409	-2.03633738879
410	-8.09064384313
411	-1.70918591673
412	-7.23702731942
413	-1.89236654268
414	-5.37340104229
415	-2.03633738879
416	-1.92451395445
417	-1.72509462604
418	-5.95836307814
419	-1.92451395445
420	-5.37340104229
421	-1.84534060816
422	-1.92451395445
423	-1.70918591673
424	-7.33959943332
425	-1.89236654268
426	-1.70918591673
427	-2.03633738879
428	-7.33899280798
429	-5.22544263336
430	-1.84534060816
431	-1.9071397429
432	-6.28672217802
433	-7.03086610927
434	-5.29289570191
435	-7.24529182574
436	-8.30151416882
437	-2.08721622389
438	-1.70918591673
439	-9.85298513879
440	-1.9071397429
441	-1.88075943969
442	-1.85839043316
443	-5.73415705667
444	-1.70145338222
445	-5.17072402354
446	-7.68499164708
447	-1.72509462604
448	-5.45369137105
449	-5.54448700868
450	-1.70145338222
451	-1.8754014496
452	-1.9071397429
453	-9.46364270386
454	-1.8754014496
455	-12.8350405879
456	-1.70918591673
457	-1.8754014496
458	-5.98135695623
459	-1.88075943969
460	-1.8754014496
461	-12.1565495163
462	-5.50814977888
463	-2.03633738879
464	-18.0420147234
465	-1.70145338222
466	-2.03633738879
467	-1.9071397429
468	-1.72509462604
469	-1.84534060816
470	-1.9071397429
