#Site	lnL	
0	-1.6040772607
1	-1.81079417185
2	-5.03126058876
3	-1.69612917848
4	-1.81079417185
5	-5.03126058876
6	-1.6040772607
7	-1.8736760068
8	-5.67918664239
9	-5.49261117239
10	-2.05227482184
11	-5.34934603759
12	-1.6040772607
13	-4.45670521269
14	-9.21905768284
15	-1.6040772607
16	-2.05227482184
17	-7.476881957
18	-5.48347192761
19	-5.36145341589
20	-5.23340903687
21	-1.6040772607
22	-5.15856929886
23	-11.4706381922
24	-1.65750983517
25	-1.91638394836
26	-8.64785914529
27	-1.65750983517
28	-1.81079417185
29	-8.33953832888
30	-10.1888641911
31	-1.8736760068
32	-5.34934603759
33	-5.72616652322
34	-1.81079417185
35	-5.67918664239
36	-1.69612917848
37	-8.47836053841
38	-5.03126058876
39	-6.3076335538
40	-7.63857762622
41	-5.03126058876
42	-1.65750983517
43	-4.40592257381
44	-5.03126058876
45	-1.82306429848
46	-1.81079417185
47	-5.67918664239
48	-5.71761991383
49	-1.8736760068
50	-5.67918664239
51	-1.65750983517
52	-7.63455920151
53	-5.03126058876
54	-1.65750983517
55	-1.81079417185
56	-5.34934603759
57	-6.75111383131
58	-1.91638394836
59	-9.18808458933
60	-1.6040772607
61	-1.8736760068
62	-8.07050230693
63	-8.79547856104
64	-7.80062212483
65	-5.03126058876
66	-1.6040772607
67	-7.63857762622
68	-8.27684608774
69	-1.65750983517
70	-5.34664820055
71	-5.23340903687
72	-1.6040772607
73	-6.46262746114
74	-8.3595012971
75	-9.39395060862
76	-1.81079417185
77	-5.23340903687
78	-6.68922682167
79	-1.81079417185
80	-7.39584934069
81	-1.65750983517
82	-1.91638394836
83	-5.34934603759
84	-1.6040772607
85	-2.05227482184
86	-5.23340903687
87	-1.6040772607
88	-1.8736760068
89	-5.23340903687
90	-1.65750983517
91	-7.96670380458
92	-5.34934603759
93	-1.65750983517
94	-1.91638394836
95	-5.23340903687
96	-7.68959080802
97	-8.67522905101
98	-5.60333951477
99	-1.69612917848
100	-6.04431621859
101	-8.9053990057
102	-1.6040772607
103	-8.0664523761
104	-5.23340903687
105	-1.69612917848
106	-1.81079417185
107	-5.34934603759
108	-1.65750983517
109	-2.05227482184
110	-9.37770166515
111	-1.6040772607
112	-2.05227482184
113	-5.23340903687
114	-1.65750983517
115	-1.8736760068
116	-5.03126058876
117	-1.69612917848
118	-1.8736760068
119	-8.01747731364
120	-1.65750983517
121	-1.81079417185
122	-5.03126058876
123	-1.65750983517
124	-1.8736760068
125	-5.03126058876
126	-1.65750983517
127	-4.45670521269
128	-5.34934603759
129	-7.50151190633
130	-1.81079417185
131	-5.54519466217
132	-1.65750983517
133	-6.74974412528
134	-8.2825820159
135	-8.61845995305
136	-5.84350856796
137	-5.67918664239
138	-1.65750983517
139	-9.1705074783
140	-6.80501437249
141	-1.6040772607
142	-1.91638394836
143	-9.53212238858
144	-4.75152156392
145	-1.81079417185
146	-5.03126058876
147	-1.69612917848
148	-11.8172960476
149	-5.34934603759
150	-1.82306429848
151	-5.74661157355
152	-5.03126058876
153	-1.6040772607
154	-6.478386946
155	-5.23340903687
156	-6.07478853389
157	-1.81079417185
158	-5.67918664239
159	-1.6040772607
160	-2.05227482184
161	-9.67422532452
162	-1.6040772607
163	-1.91638394836
164	-5.23340903687
165	-1.6040772607
166	-5.34664820055
167	-5.34934603759
168	-1.69612917848
169	-1.81079417185
170	-5.23340903687
171	-1.69612917848
172	-1.91638394836
173	-5.03126058876
174	-9.34506811285
175	-9.1983409191
176	-6.90407052554
177	-1.69612917848
178	-14.6914874657
179	-5.34934603759
180	-1.82306429848
181	-8.18641473505
182	-5.49606391803
183	-7.48331584452
184	-8.24228121785
185	-9.53212238858
186	-1.65750983517
187	-2.05227482184
188	-5.72531630258
189	-1.65750983517
190	-8.28788462825
191	-5.67918664239
192	-1.6040772607
193	-1.81079417185
194	-10.0323009009
195	-1.6040772607
196	-1.81079417185
197	-5.03126058876
198	-7.0425258023
199	-1.81079417185
200	-8.69094156196
201	-1.6040772607
202	-6.478386946
203	-5.03126058876
204	-1.65750983517
205	-1.91638394836
206	-5.67918664239
207	-8.55752597315
208	-1.81079417185
209	-5.03126058876
210	-5.99401416043
211	-7.37875831212
212	-5.67918664239
213	-1.65750983517
214	-5.10318767732
215	-5.69231735323
216	-1.6040772607
217	-6.35812373826
218	-5.67918664239
219	-1.6040772607
220	-5.74847124245
221	-8.81374225453
222	-1.82306429848
223	-2.05227482184
224	-5.23340903687
225	-8.55547421388
226	-2.05227482184
227	-5.23340903687
228	-1.69612917848
229	-1.8736760068
230	-5.23340903687
231	-1.65750983517
232	-1.8736760068
233	-7.84088793993
234	-1.69612917848
235	-1.8736760068
236	-9.5684954011
237	-1.65750983517
238	-1.81079417185
239	-5.67918664239
240	-1.65750983517
241	-2.05227482184
242	-5.34934603759
243	-1.69612917848
244	-2.05227482184
245	-5.67918664239
246	-1.82306429848
247	-4.39884181041
248	-5.34934603759
249	-1.82306429848
250	-5.32845446653
251	-9.47819728128
252	-9.48584774322
253	-7.12805007595
254	-9.1964621043
255	-1.69612917848
256	-6.96104314749
257	-5.23340903687
258	-1.82306429848
259	-1.91638394836
260	-5.03126058876
261	-8.80066293474
262	-4.39884181041
263	-5.34934603759
264	-8.01130887525
265	-1.91638394836
266	-5.34934603759
267	-8.44035964038
268	-11.7535641718
269	-5.67918664239
270	-1.65750983517
271	-4.45670521269
272	-8.16877087985
273	-1.6040772607
274	-1.91638394836
275	-5.67918664239
276	-1.6040772607
277	-7.94579135565
278	-9.18808458933
279	-1.65750983517
280	-12.147950614
281	-7.17638425373
282	-1.82306429848
283	-1.8736760068
284	-5.23340903687
285	-9.04625051887
286	-1.91638394836
287	-7.56494690699
288	-1.82306429848
289	-1.91638394836
290	-5.03126058876
291	-1.69612917848
292	-1.8736760068
293	-5.03126058876
294	-1.65750983517
295	-2.05227482184
296	-5.67918664239
297	-1.65750983517
298	-6.70963142723
299	-5.49606391803
300	-1.69612917848
301	-5.34664820055
302	-5.03126058876
303	-1.82306429848
304	-1.8736760068
305	-5.23340903687
306	-1.69612917848
307	-2.05227482184
308	-5.23340903687
309	-1.65750983517
310	-4.39884181041
311	-5.03126058876
312	-1.82306429848
313	-6.71674517592
314	-5.67918664239
315	-1.65750983517
316	-2.05227482184
317	-5.03126058876
318	-1.69612917848
319	-7.72527154824
320	-6.88230607964
321	-1.6040772607
322	-7.80062212483
323	-5.67918664239
324	-1.65750983517
325	-8.79374883303
326	-8.8616224524
327	-1.82306429848
328	-7.35848888358
329	-5.34934603759
330	-6.75111383131
331	-8.48346002861
332	-5.67918664239
333	-1.65750983517
334	-8.0664523761
335	-5.23340903687
336	-4.74738839542
337	-1.8736760068
338	-5.34934603759
339	-1.82306429848
340	-1.91638394836
341	-7.84088793993
342	-1.65750983517
343	-1.91638394836
344	-5.60333951477
345	-6.06938308466
346	-1.81079417185
347	-8.8406089011
348	-1.82306429848
349	-1.8736760068
350	-9.18808458933
351	-1.82306429848
352	-5.10318767732
353	-5.03126058876
354	-1.69612917848
355	-8.82993025168
356	-5.03126058876
357	-1.6040772607
358	-5.15856929886
359	-5.23340903687
360	-1.69612917848
361	-1.91638394836
362	-9.47331593837
363	-1.6040772607
364	-1.81079417185
365	-8.09645209046
366	-1.69612917848
367	-1.91638394836
368	-9.03671958916
369	-1.6040772607
370	-1.8736760068
371	-5.23340903687
372	-8.10552123139
373	-1.91638394836
374	-5.23340903687
375	-1.65750983517
376	-2.05227482184
377	-5.60333951477
378	-8.09526190654
379	-1.81079417185
380	-5.03126058876
381	-1.82306429848
382	-6.96104314749
383	-10.7991069252
384	-1.6040772607
385	-6.68766306976
386	-5.03126058876
387	-1.65750983517
388	-1.81079417185
389	-5.34934603759
390	-15.5434081561
391	-1.8736760068
392	-5.03126058876
393	-1.69612917848
394	-2.05227482184
395	-5.03126058876
396	-4.83498436036
397	-12.4069334888
398	-5.34934603759
399	-1.69612917848
400	-1.91638394836
401	-8.2841641715
402	-9.9547230942
403	-9.61417007232
404	-5.67918664239
405	-1.65750983517
406	-2.05227482184
407	-8.3595012971
408	-1.82306429848
409	-5.69021929894
410	-8.96425098955
411	-14.7538083753
412	-1.8736760068
413	-5.03126058876
414	-1.69612917848
415	-5.95502946567
416	-5.67918664239
417	-1.69612917848
418	-11.9585696064
419	-5.03126058876
420	-10.5378462529
421	-1.91638394836
422	-5.03126058876
423	-1.82306429848
424	-9.03530921678
425	-5.54519466217
426	-1.69612917848
427	-6.46262746114
428	-5.54519466217
429	-10.1966922853
430	-1.8736760068
431	-5.34934603759
432	-1.69612917848
433	-2.05227482184
434	-7.39584934069
435	-5.52954101215
436	-1.91638394836
437	-9.70722427388
438	-1.6040772607
439	-1.81079417185
440	-7.81099650825
441	-1.65750983517
442	-1.8736760068
443	-5.67918664239
444	-1.65750983517
445	-5.15856929886
446	-5.81127581432
447	-9.9582059597
448	-1.91638394836
449	-9.72989682703
450	-4.83498436036
451	-2.05227482184
452	-5.23340903687
453	-17.2214665014
454	-1.8736760068
455	-5.34934603759
456	-1.69612917848
457	-4.49565600006
458	-5.54519466217
459	-9.22255637325
460	-1.91638394836
461	-5.67918664239
462	-1.69612917848
463	-1.81079417185
464	-5.34934603759
465	-1.69612917848
466	-4.39884181041
467	-5.34934603759
468	-1.6040772607
469	-8.74448446178
470	-5.03126058876
