#Site	lnL	
0	-1.82855452638
1	-7.53526391341
2	-1.40526588139
3	-1.82855452638
4	-2.13988057823
5	-1.40526588139
6	-1.82855452638
7	-5.00670494918
8	-1.55327788289
9	-6.66288766073
10	-2.03826156875
11	-8.40477392606
12	-10.6252017272
13	-2.13988057823
14	-1.46476619978
15	-1.65843108996
16	-1.96165472189
17	-7.54762219036
18	-1.73409820155
19	-1.96165472189
20	-8.46312217421
21	-1.73409820155
22	-1.96165472189
23	-9.81188734646
24	-1.73409820155
25	-5.07724472227
26	-1.40526588139
27	-1.82855452638
28	-2.13988057823
29	-1.46476619978
30	-6.58995641211
31	-5.07724472227
32	-12.565251539
33	-6.66288766073
34	-10.5887322837
35	-1.40243599603
36	-1.73409820155
37	-2.03826156875
38	-1.55327788289
39	-1.73409820155
40	-7.68189807227
41	-14.0782918159
42	-1.66667392601
43	-1.94740237494
44	-1.55327788289
45	-5.43832063308
46	-1.96165472189
47	-1.40243599603
48	-4.92490767055
49	-1.96165472189
50	-8.03386923397
51	-5.94275664993
52	-10.3295223925
53	-1.46476619978
54	-1.66667392601
55	-4.61019130398
56	-1.40243599603
57	-1.65843108996
58	-5.65573706583
59	-8.31429989184
60	-1.82855452638
61	-1.94740237494
62	-1.40526588139
63	-1.73409820155
64	-2.13988057823
65	-7.94325559615
66	-1.82855452638
67	-7.68913036917
68	-7.39958301647
69	-5.01626575458
70	-7.83606349498
71	-15.0158660485
72	-5.52157880755
73	-4.61019130398
74	-9.20287049455
75	-1.65843108996
76	-5.05262410513
77	-1.46476619978
78	-1.65843108996
79	-5.00670494918
80	-1.40243599603
81	-1.66667392601
82	-2.13988057823
83	-14.038898653
84	-5.52157880755
85	-1.94740237494
86	-1.40243599603
87	-1.82855452638
88	-2.03826156875
89	-1.40243599603
90	-6.2682576605
91	-1.96165472189
92	-1.46476619978
93	-1.65843108996
94	-11.959399717
95	-8.40293966529
96	-1.66667392601
97	-8.46145439306
98	-13.7291989678
99	-1.82855452638
100	-2.13988057823
101	-1.40243599603
102	-6.3509534314
103	-2.03826156875
104	-1.40526588139
105	-1.82855452638
106	-2.13988057823
107	-14.7093822459
108	-1.66667392601
109	-2.13988057823
110	-7.48836262703
111	-1.73409820155
112	-1.96165472189
113	-1.40526588139
114	-1.65843108996
115	-1.96165472189
116	-1.40243599603
117	-5.85079242315
118	-6.07329886982
119	-7.36055138714
120	-5.49936491565
121	-1.96165472189
122	-1.46476619978
123	-1.66667392601
124	-8.26886809247
125	-1.40526588139
126	-6.44191723822
127	-1.96165472189
128	-1.40526588139
129	-1.66667392601
130	-2.13988057823
131	-1.46476619978
132	-6.04314488839
133	-2.13988057823
134	-6.82166183924
135	-1.65843108996
136	-2.13988057823
137	-14.9082389367
138	-1.73409820155
139	-7.85632892813
140	-1.40243599603
141	-1.66667392601
142	-1.96165472189
143	-1.55327788289
144	-10.2031595585
145	-4.99597532765
146	-8.14323710051
147	-1.73409820155
148	-1.96165472189
149	-1.40243599603
150	-1.66667392601
151	-2.13988057823
152	-14.1674554408
153	-1.66667392601
154	-4.99597532765
155	-6.73434269527
156	-1.65843108996
157	-7.85632892813
158	-8.7504289034
159	-1.73409820155
160	-5.75597417967
161	-1.55327788289
162	-1.65843108996
163	-1.94740237494
164	-1.40243599603
165	-1.73409820155
166	-2.13988057823
167	-6.82166183924
168	-1.82855452638
169	-9.0292837937
170	-1.46476619978
171	-1.82855452638
172	-4.5129694099
173	-7.94325559615
174	-1.73409820155
175	-1.94740237494
176	-13.7270865682
177	-8.1549626329
178	-1.96165472189
179	-8.14323710051
180	-1.73409820155
181	-10.853782699
182	-1.55327788289
183	-1.73409820155
184	-2.03826156875
185	-8.14432561569
186	-1.82855452638
187	-4.49806433859
188	-1.55327788289
189	-1.66667392601
190	-1.94740237494
191	-1.40243599603
192	-1.65843108996
193	-2.13988057823
194	-1.40526588139
195	-7.16614147376
196	-8.32190650571
197	-1.40243599603
198	-1.65843108996
199	-5.06171022341
200	-1.55327788289
201	-1.73409820155
202	-5.06171022341
203	-14.8342780355
204	-6.66288766073
205	-1.94740237494
206	-1.55327788289
207	-5.84237930577
208	-2.03826156875
209	-1.55327788289
210	-5.44388028069
211	-1.96165472189
212	-1.40526588139
213	-1.65843108996
214	-12.4871316001
215	-1.40526588139
216	-1.82855452638
217	-5.00670494918
218	-9.20287049455
219	-1.66667392601
220	-4.49806433859
221	-1.40243599603
222	-5.9222863216
223	-2.13988057823
224	-8.2541775489
225	-5.94275664993
226	-4.49806433859
227	-1.40526588139
228	-1.73409820155
229	-5.83695649481
230	-1.40243599603
231	-1.73409820155
232	-4.49806433859
233	-7.54762219036
234	-1.66667392601
235	-7.43886278018
236	-1.46476619978
237	-1.65843108996
238	-5.20974939731
239	-7.27523833183
240	-1.65843108996
241	-1.96165472189
242	-7.39958301647
243	-1.65843108996
244	-2.13988057823
245	-9.81188734646
246	-8.30998708938
247	-5.1034680499
248	-14.038898653
249	-1.73409820155
250	-6.05625980957
251	-1.40526588139
252	-5.52157880755
253	-1.94740237494
254	-1.46476619978
255	-1.73409820155
256	-2.03826156875
257	-1.40243599603
258	-1.66667392601
259	-4.5129694099
260	-1.55327788289
261	-1.82855452638
262	-1.96165472189
263	-1.40526588139
264	-1.73409820155
265	-6.88467856623
266	-1.40526588139
267	-1.66667392601
268	-12.2238419955
269	-1.40526588139
270	-7.4119246529
271	-2.03826156875
272	-7.94233145455
273	-1.82855452638
274	-2.03826156875
275	-1.40526588139
276	-4.99805112792
277	-2.13988057823
278	-1.40243599603
279	-1.66667392601
280	-8.33592225855
281	-1.40243599603
282	-6.2682576605
283	-2.03826156875
284	-7.27523833183
285	-1.73409820155
286	-4.5129694099
287	-1.46476619978
288	-6.94477844153
289	-1.96165472189
290	-8.81061634026
291	-1.73409820155
292	-2.13988057823
293	-7.64732096714
294	-1.65843108996
295	-4.61019130398
296	-1.55327788289
297	-1.73409820155
298	-1.96165472189
299	-7.48997705049
300	-5.52157880755
301	-1.94740237494
302	-1.40243599603
303	-1.82855452638
304	-2.13988057823
305	-1.40526588139
306	-1.65843108996
307	-1.96165472189
308	-1.40243599603
309	-1.73409820155
310	-1.94740237494
311	-1.46476619978
312	-1.82855452638
313	-2.03826156875
314	-1.46476619978
315	-1.65843108996
316	-5.50980254437
317	-1.40243599603
318	-1.65843108996
319	-9.78398986285
320	-7.88403751905
321	-1.65843108996
322	-6.17394457038
323	-1.55327788289
324	-1.73409820155
325	-6.20360169627
326	-1.40243599603
327	-8.73543748961
328	-2.03826156875
329	-10.0203109869
330	-1.73409820155
331	-2.13988057823
332	-9.29051109875
333	-6.20779263385
334	-2.03826156875
335	-1.55327788289
336	-1.65843108996
337	-5.1034680499
338	-9.6928948366
339	-1.66667392601
340	-1.94740237494
341	-1.40526588139
342	-1.65843108996
343	-1.94740237494
344	-1.46476619978
345	-1.66667392601
346	-1.94740237494
347	-1.55327788289
348	-5.49936491565
349	-5.95743862119
350	-1.40526588139
351	-5.43832063308
352	-5.00670494918
353	-7.39958301647
354	-1.82855452638
355	-2.13988057823
356	-6.73434269527
357	-1.73409820155
358	-2.03826156875
359	-1.46476619978
360	-5.85079242315
361	-2.03826156875
362	-1.40243599603
363	-1.66667392601
364	-1.96165472189
365	-1.40243599603
366	-1.73409820155
367	-5.43541551109
368	-1.40243599603
369	-6.43633572099
370	-1.94740237494
371	-1.40526588139
372	-1.73409820155
373	-1.96165472189
374	-1.40243599603
375	-1.66667392601
376	-5.07724472227
377	-7.73221792842
378	-1.65843108996
379	-11.1350548479
380	-1.40243599603
381	-5.01626575458
382	-1.94740237494
383	-1.55327788289
384	-13.1226594849
385	-1.96165472189
386	-8.31429989184
387	-1.65843108996
388	-8.28373080195
389	-1.46476619978
390	-1.73409820155
391	-5.11097235328
392	-8.14323710051
393	-1.65843108996
394	-1.96165472189
395	-7.64732096714
396	-1.73409820155
397	-1.96165472189
398	-1.46476619978
399	-5.49936491565
400	-5.11097235328
401	-1.46476619978
402	-1.66667392601
403	-5.07724472227
404	-1.46476619978
405	-1.65843108996
406	-6.53640516074
407	-8.03386923397
408	-1.73409820155
409	-5.59760743649
410	-1.40526588139
411	-1.82855452638
412	-9.57714758185
413	-1.46476619978
414	-6.04554090525
415	-2.13988057823
416	-7.73221792842
417	-1.73409820155
418	-1.96165472189
419	-1.40243599603
420	-1.73409820155
421	-5.59760743649
422	-8.31252579706
423	-1.82855452638
424	-2.13988057823
425	-7.88371378032
426	-1.82855452638
427	-7.8334568813
428	-1.55327788289
429	-1.65843108996
430	-2.13988057823
431	-1.40526588139
432	-1.73409820155
433	-6.96260482986
434	-21.0732318181
435	-1.82855452638
436	-5.82793193313
437	-1.46476619978
438	-1.65843108996
439	-5.55105192594
440	-1.40526588139
441	-1.82855452638
442	-2.13988057823
443	-8.81061634026
444	-1.65843108996
445	-5.07724472227
446	-1.40526588139
447	-1.82855452638
448	-1.94740237494
449	-12.6245188236
450	-8.55172073741
451	-2.13988057823
452	-1.46476619978
453	-1.73409820155
454	-2.03826156875
455	-1.40526588139
456	-1.66667392601
457	-2.03826156875
458	-7.64732096714
459	-1.66667392601
460	-4.99597532765
461	-1.40243599603
462	-1.65843108996
463	-7.60808903636
464	-1.40526588139
465	-1.66667392601
466	-2.03826156875
467	-7.36055138714
468	-1.65843108996
469	-7.78921565339
470	-14.0119139792
