#Site	lnL	
0	-1.86798497826
1	-1.71637473844
2	-6.39065835984
3	-6.15286140201
4	-1.75932329508
5	-2.84300341677
6	-1.55086199858
7	-1.75932329508
8	-2.84300341677
9	-6.79747573127
10	-5.65923109063
11	-6.8738445782
12	-5.62180173163
13	-1.71637473844
14	-2.84544265871
15	-1.55234584476
16	-1.71637473844
17	-5.19921254923
18	-1.55234584476
19	-1.75932329508
20	-4.30113723565
21	-1.86798497826
22	-5.31032012552
23	-5.89269721754
24	-1.55086199858
25	-1.76095036013
26	-6.60259483817
27	-1.51973116227
28	-6.67773684218
29	-6.03307788682
30	-1.86798497826
31	-8.24442784085
32	-7.73332153452
33	-1.55234584476
34	-1.75932329508
35	-8.23731142923
36	-1.55234584476
37	-2.09445987891
38	-2.84544265871
39	-1.51973116227
40	-12.6196078408
41	-3.29194194946
42	-1.55086199858
43	-8.41603236203
44	-8.45054441338
45	-1.55086199858
46	-1.76095036013
47	-5.19868282927
48	-8.0523042374
49	-1.75932329508
50	-3.29194194946
51	-1.86798497826
52	-1.76095036013
53	-3.29194194946
54	-1.55086199858
55	-1.71637473844
56	-2.84300341677
57	-1.55234584476
58	-8.33384862929
59	-2.74295885313
60	-1.51973116227
61	-2.09445987891
62	-2.84300341677
63	-1.55086199858
64	-5.65789868952
65	-6.39065835984
66	-1.55086199858
67	-5.29361797068
68	-7.54031850921
69	-1.55234584476
70	-13.032769738
71	-2.84300341677
72	-7.82629189139
73	-1.75932329508
74	-2.84544265871
75	-1.55234584476
76	-5.2949503718
77	-5.58907021213
78	-1.86798497826
79	-1.75932329508
80	-2.84544265871
81	-6.78394782649
82	-1.76095036013
83	-5.19921254923
84	-1.55086199858
85	-5.2949503718
86	-2.74295885313
87	-1.51973116227
88	-2.09445987891
89	-5.98996779226
90	-9.61368775812
91	-1.71637473844
92	-2.84300341677
93	-14.3458681196
94	-1.75932329508
95	-2.74295885313
96	-1.55234584476
97	-1.76095036013
98	-8.03954434824
99	-5.87835825257
100	-1.75932329508
101	-6.5100250318
102	-1.55234584476
103	-7.03220230325
104	-2.84300341677
105	-1.86798497826
106	-1.75932329508
107	-2.74295885313
108	-1.51973116227
109	-1.71637473844
110	-2.84544265871
111	-5.87835825257
112	-1.76095036013
113	-2.84544265871
114	-1.55234584476
115	-2.09445987891
116	-6.32673993812
117	-1.51973116227
118	-7.56044134343
119	-2.84300341677
120	-7.13130433745
121	-1.71637473844
122	-2.74295885313
123	-1.55086199858
124	-1.71637473844
125	-2.84300341677
126	-1.55086199858
127	-1.71637473844
128	-2.74295885313
129	-6.15286140201
130	-1.71637473844
131	-2.84544265871
132	-1.51973116227
133	-1.71637473844
134	-2.74295885313
135	-1.86798497826
136	-6.65114009039
137	-3.29194194946
138	-1.55086199858
139	-1.76095036013
140	-2.84300341677
141	-1.51973116227
142	-2.09445987891
143	-2.84544265871
144	-5.82972231344
145	-1.71637473844
146	-6.05292510597
147	-1.55234584476
148	-1.71637473844
149	-2.74295885313
150	-1.55086199858
151	-5.69545397033
152	-9.72997375003
153	-1.86798497826
154	-5.42500864404
155	-5.19868282927
156	-1.51973116227
157	-2.09445987891
158	-6.31760478875
159	-1.51973116227
160	-1.76095036013
161	-6.70743688164
162	-1.86798497826
163	-1.76095036013
164	-7.67484141377
165	-1.86798497826
166	-5.65789868952
167	-2.84300341677
168	-1.55234584476
169	-1.76095036013
170	-2.84300341677
171	-1.55086199858
172	-2.09445987891
173	-2.84544265871
174	-1.51973116227
175	-1.76095036013
176	-5.58699701537
177	-1.86798497826
178	-5.06456640634
179	-6.88592487247
180	-1.55234584476
181	-1.75932329508
182	-5.56967813975
183	-1.51973116227
184	-5.62553840778
185	-6.03151979982
186	-1.55086199858
187	-1.75932329508
188	-6.97824628452
189	-1.51973116227
190	-5.82273362
191	-2.84544265871
192	-1.51973116227
193	-1.71637473844
194	-9.88488942194
195	-1.51973116227
196	-1.71637473844
197	-11.3057189896
198	-5.32249407326
199	-1.71637473844
200	-6.0505640133
201	-1.51973116227
202	-1.76095036013
203	-2.84544265871
204	-1.86798497826
205	-1.76095036013
206	-3.29194194946
207	-1.86798497826
208	-1.75932329508
209	-7.0239083449
210	-1.86798497826
211	-2.09445987891
212	-2.84300341677
213	-1.51973116227
214	-1.71637473844
215	-7.54031850921
216	-1.55086199858
217	-1.71637473844
218	-2.84544265871
219	-7.55983503231
220	-1.76095036013
221	-2.74295885313
222	-8.41781112779
223	-1.76095036013
224	-6.32673993812
225	-1.55234584476
226	-7.04364855453
227	-2.84300341677
228	-1.55234584476
229	-7.91644249767
230	-2.84300341677
231	-7.50606877906
232	-1.76095036013
233	-2.74295885313
234	-1.51973116227
235	-1.75932329508
236	-6.49566149173
237	-1.86798497826
238	-1.71637473844
239	-2.74295885313
240	-1.51973116227
241	-6.43943279682
242	-7.02621990685
243	-7.55985731812
244	-1.75932329508
245	-8.25484642021
246	-1.51973116227
247	-1.75932329508
248	-4.52435613602
249	-1.86798497826
250	-6.67773684218
251	-2.84544265871
252	-8.42649715317
253	-2.09445987891
254	-2.84300341677
255	-9.24237750406
256	-1.76095036013
257	-2.84544265871
258	-1.55234584476
259	-2.09445987891
260	-2.74295885313
261	-1.51973116227
262	-5.29361797068
263	-2.84544265871
264	-1.55086199858
265	-8.24442784085
266	-6.0957605838
267	-5.83105471455
268	-1.75932329508
269	-2.84544265871
270	-1.51973116227
271	-1.71637473844
272	-3.29194194946
273	-1.51973116227
274	-5.11909928356
275	-2.74295885313
276	-1.55086199858
277	-11.4987278471
278	-10.2971373531
279	-1.55234584476
280	-1.76095036013
281	-2.74295885313
282	-1.51973116227
283	-1.76095036013
284	-2.74295885313
285	-1.55234584476
286	-7.56910120706
287	-7.02621990685
288	-1.86798497826
289	-9.87278851324
290	-2.74295885313
291	-1.51973116227
292	-1.76095036013
293	-2.84544265871
294	-1.55086199858
295	-1.76095036013
296	-2.84544265871
297	-1.55086199858
298	-1.75932329508
299	-2.74295885313
300	-1.51973116227
301	-1.75932329508
302	-3.29194194946
303	-1.55086199858
304	-6.33275534936
305	-3.29194194946
306	-1.55086199858
307	-1.71637473844
308	-2.84544265871
309	-1.51973116227
310	-2.09445987891
311	-2.84544265871
312	-1.51973116227
313	-1.75932329508
314	-2.84544265871
315	-1.51973116227
316	-2.09445987891
317	-6.60259483817
318	-1.55234584476
319	-5.90845056108
320	-2.74295885313
321	-1.51973116227
322	-5.42500864404
323	-2.74295885313
324	-5.87835825257
325	-1.75932329508
326	-6.89609411316
327	-1.51973116227
328	-6.25618100413
329	-2.84544265871
330	-1.51973116227
331	-4.80218554234
332	-5.95076059675
333	-1.55234584476
334	-2.09445987891
335	-2.84300341677
336	-1.55234584476
337	-1.71637473844
338	-2.84544265871
339	-1.55086199858
340	-2.09445987891
341	-2.74295885313
342	-1.51973116227
343	-1.71637473844
344	-4.30030591291
345	-1.55086199858
346	-2.09445987891
347	-2.84544265871
348	-1.51973116227
349	-2.09445987891
350	-2.84544265871
351	-1.51973116227
352	-5.90845056108
353	-3.29194194946
354	-1.55234584476
355	-1.71637473844
356	-6.36970362777
357	-6.64837207027
358	-1.76095036013
359	-2.74295885313
360	-6.15596534961
361	-1.76095036013
362	-6.51354156084
363	-5.87835825257
364	-1.75932329508
365	-2.84300341677
366	-1.86798497826
367	-5.72601749246
368	-2.84300341677
369	-1.86798497826
370	-6.43943279682
371	-2.84300341677
372	-1.51973116227
373	-5.89973829944
374	-3.29194194946
375	-1.55234584476
376	-5.42500864404
377	-6.32673993812
378	-6.64837207027
379	-1.75932329508
380	-3.29194194946
381	-1.86798497826
382	-1.71637473844
383	-4.30030591291
384	-1.86798497826
385	-7.8766226544
386	-8.57135574347
387	-1.55086199858
388	-1.75932329508
389	-8.47489303233
390	-10.0934481272
391	-1.75932329508
392	-6.68060590116
393	-1.55234584476
394	-7.33841887171
395	-3.29194194946
396	-1.51973116227
397	-7.55591208473
398	-8.46197297882
399	-1.55234584476
400	-4.80218554234
401	-7.54277930269
402	-1.51973116227
403	-7.91644249767
404	-2.84300341677
405	-1.55234584476
406	-1.75932329508
407	-7.67484141377
408	-1.55086199858
409	-1.75932329508
410	-8.49615511666
411	-1.86798497826
412	-1.71637473844
413	-3.29194194946
414	-1.86798497826
415	-1.75932329508
416	-8.16794513642
417	-1.86798497826
418	-1.71637473844
419	-2.74295885313
420	-8.41866572331
421	-1.75932329508
422	-6.49462844691
423	-1.55086199858
424	-5.62553840778
425	-4.30030591291
426	-1.55234584476
427	-1.71637473844
428	-3.29194194946
429	-6.91517826314
430	-1.71637473844
431	-6.31760478875
432	-1.51973116227
433	-7.93315178491
434	-5.56941981481
435	-9.60265154007
436	-1.71637473844
437	-2.84544265871
438	-1.55086199858
439	-5.65923109063
440	-2.84300341677
441	-1.55234584476
442	-1.75932329508
443	-2.84300341677
444	-1.51973116227
445	-7.91793377293
446	-2.84300341677
447	-1.55234584476
448	-9.94832608374
449	-2.74295885313
450	-1.55086199858
451	-10.2844905166
452	-2.84544265871
453	-1.55086199858
454	-2.09445987891
455	-2.74295885313
456	-1.86798497826
457	-7.56910120706
458	-2.84544265871
459	-7.86238517518
460	-1.75932329508
461	-3.29194194946
462	-8.42008531995
463	-1.71637473844
464	-2.74295885313
465	-1.55086199858
466	-7.55880843143
467	-2.84544265871
468	-1.51973116227
469	-9.58101377812
470	-2.74295885313
