#Site	lnL	
0	-5.6750953036
1	-5.37193901404
2	-2.80008332044
3	-1.63294961144
4	-1.88754329634
5	-7.64509373068
6	-4.70923028976
7	-1.88754329634
8	-3.06496252488
9	-1.785271711
10	-1.98950782243
11	-6.09568531783
12	-1.69258479947
13	-1.82110927406
14	-5.49577313443
15	-5.65286502361
16	-6.9268776113
17	-2.80008332044
18	-4.70190397836
19	-5.73583688572
20	-6.56081159513
21	-1.86166100362
22	-2.07257748688
23	-3.06496252488
24	-6.85516355096
25	-10.7484881341
26	-6.09568531783
27	-1.785271711
28	-1.82110927406
29	-2.94802508478
30	-5.64231418769
31	-2.07257748688
32	-3.06496252488
33	-1.785271711
34	-2.07257748688
35	-5.20793038806
36	-1.69258479947
37	-1.88754329634
38	-3.06496252488
39	-1.86166100362
40	-6.31850491775
41	-11.9029703041
42	-1.63294961144
43	-7.36922351289
44	-5.49577313443
45	-1.785271711
46	-1.88754329634
47	-2.70067799214
48	-1.785271711
49	-1.82110927406
50	-6.61272319034
51	-5.98584877921
52	-7.64703672961
53	-5.5523577139
54	-1.63294961144
55	-5.25538608097
56	-3.06496252488
57	-1.69258479947
58	-8.56314703908
59	-2.94802508478
60	-1.69258479947
61	-13.9431472112
62	-3.06496252488
63	-1.63294961144
64	-2.07257748688
65	-2.94802508478
66	-1.63294961144
67	-1.88754329634
68	-2.70067799214
69	-1.86166100362
70	-8.28332855587
71	-2.94802508478
72	-1.69258479947
73	-5.70130733031
74	-2.94802508478
75	-1.86166100362
76	-1.88754329634
77	-5.01897259376
78	-7.23578747674
79	-1.82110927406
80	-6.53762662686
81	-1.63294961144
82	-1.88754329634
83	-2.80008332044
84	-5.65137523451
85	-1.82110927406
86	-6.41775914898
87	-1.69258479947
88	-6.53442890522
89	-6.37143974601
90	-4.71537568777
91	-6.8585398113
92	-5.59584122149
93	-1.785271711
94	-1.88754329634
95	-9.42535875372
96	-1.63294961144
97	-1.82110927406
98	-2.80008332044
99	-1.63294961144
100	-4.43053475509
101	-3.06496252488
102	-1.785271711
103	-4.40974032009
104	-2.94802508478
105	-5.98584877921
106	-2.07257748688
107	-2.80008332044
108	-1.86166100362
109	-1.82110927406
110	-2.94802508478
111	-5.6750953036
112	-9.92218101741
113	-4.21992653346
114	-1.785271711
115	-6.74122035277
116	-2.80008332044
117	-1.785271711
118	-7.36922351289
119	-3.06496252488
120	-1.63294961144
121	-1.98950782243
122	-2.80008332044
123	-9.05327116984
124	-2.07257748688
125	-2.80008332044
126	-4.71537568777
127	-5.73583688572
128	-2.70067799214
129	-8.99982472724
130	-8.15228902435
131	-6.26863574804
132	-1.63294961144
133	-1.88754329634
134	-6.37143974601
135	-1.785271711
136	-9.95376416175
137	-2.80008332044
138	-5.65137523451
139	-1.88754329634
140	-6.70408386063
141	-1.785271711
142	-1.98950782243
143	-6.97717800563
144	-6.58481243227
145	-5.37193901404
146	-6.23153973376
147	-1.69258479947
148	-5.37193901404
149	-2.70067799214
150	-1.69258479947
151	-4.40974032009
152	-2.94802508478
153	-1.86166100362
154	-5.41322175608
155	-3.06496252488
156	-1.785271711
157	-1.88754329634
158	-5.20793038806
159	-13.9491699042
160	-2.07257748688
161	-5.29339572053
162	-1.63294961144
163	-6.74122035277
164	-5.24488637478
165	-5.98584877921
166	-6.90190049607
167	-4.14501679577
168	-6.76318040257
169	-4.40974032009
170	-2.70067799214
171	-1.86166100362
172	-1.98950782243
173	-5.01897259376
174	-1.63294961144
175	-1.98950782243
176	-3.06496252488
177	-1.785271711
178	-2.07257748688
179	-6.32337251718
180	-6.76318040257
181	-1.98950782243
182	-5.20793038806
183	-5.55775022564
184	-2.07257748688
185	-2.70067799214
186	-1.785271711
187	-1.98950782243
188	-4.14501679577
189	-1.69258479947
190	-1.98950782243
191	-4.27610582345
192	-1.69258479947
193	-6.44806166654
194	-2.94802508478
195	-8.51794666346
196	-5.73583688572
197	-2.70067799214
198	-9.04980698128
199	-2.07257748688
200	-2.80008332044
201	-1.69258479947
202	-1.98950782243
203	-4.21992653346
204	-1.63294961144
205	-1.98950782243
206	-6.51471201152
207	-1.785271711
208	-1.82110927406
209	-6.41775914898
210	-10.0516119014
211	-2.07257748688
212	-2.70067799214
213	-5.56642745529
214	-1.82110927406
215	-7.58049359644
216	-1.86166100362
217	-1.82110927406
218	-2.80008332044
219	-1.785271711
220	-1.98950782243
221	-7.50585536902
222	-1.69258479947
223	-1.82110927406
224	-2.94802508478
225	-1.69258479947
226	-1.98950782243
227	-6.19837107266
228	-1.86166100362
229	-5.74594283469
230	-7.57845470642
231	-1.785271711
232	-1.88754329634
233	-6.67620813481
234	-1.785271711
235	-8.7929794426
236	-2.80008332044
237	-1.63294961144
238	-1.82110927406
239	-3.06496252488
240	-1.86166100362
241	-1.98950782243
242	-2.94802508478
243	-1.69258479947
244	-4.46275438044
245	-5.21526896628
246	-1.785271711
247	-1.82110927406
248	-2.80008332044
249	-1.86166100362
250	-2.07257748688
251	-2.94802508478
252	-1.63294961144
253	-1.88754329634
254	-2.80008332044
255	-6.76790439631
256	-9.39463831529
257	-2.94802508478
258	-1.86166100362
259	-5.67709528279
260	-2.80008332044
261	-5.98651419126
262	-1.98950782243
263	-2.80008332044
264	-7.66079031406
265	-4.41174000197
266	-2.80008332044
267	-6.59803360759
268	-4.40974032009
269	-3.06496252488
270	-1.69258479947
271	-1.82110927406
272	-6.61272319034
273	-1.785271711
274	-9.39463831529
275	-2.80008332044
276	-1.69258479947
277	-1.82110927406
278	-2.80008332044
279	-1.63294961144
280	-2.07257748688
281	-2.80008332044
282	-1.69258479947
283	-1.88754329634
284	-5.24488637478
285	-1.785271711
286	-2.07257748688
287	-2.80008332044
288	-7.10428610673
289	-2.07257748688
290	-6.61481085472
291	-12.4409650032
292	-7.80212608903
293	-6.61481085472
294	-1.63294961144
295	-4.40974032009
296	-7.68918434629
297	-1.86166100362
298	-1.82110927406
299	-8.77666028822
300	-1.86166100362
301	-5.55334514081
302	-5.66279210037
303	-5.56642745529
304	-8.54131587175
305	-2.94802508478
306	-1.69258479947
307	-9.7227112563
308	-5.59584122149
309	-5.94823074496
310	-4.43053475509
311	-6.41775914898
312	-1.86166100362
313	-1.98950782243
314	-6.37143974601
315	-1.69258479947
316	-6.84155190205
317	-10.8243700962
318	-1.785271711
319	-1.82110927406
320	-2.94802508478
321	-1.785271711
322	-1.98950782243
323	-2.80008332044
324	-1.785271711
325	-1.82110927406
326	-2.94802508478
327	-1.785271711
328	-1.98950782243
329	-5.64692683352
330	-1.86166100362
331	-1.88754329634
332	-2.80008332044
333	-7.34487466119
334	-1.88754329634
335	-2.80008332044
336	-1.785271711
337	-6.51299771583
338	-3.06496252488
339	-7.3952251235
340	-6.53442890522
341	-2.80008332044
342	-1.785271711
343	-1.82110927406
344	-7.56281869402
345	-1.69258479947
346	-6.78189221444
347	-8.64209273642
348	-1.785271711
349	-1.88754329634
350	-2.80008332044
351	-1.69258479947
352	-7.05966421714
353	-2.70067799214
354	-1.69258479947
355	-5.77957982266
356	-3.06496252488
357	-4.71537568777
358	-1.82110927406
359	-2.94802508478
360	-4.70923028976
361	-1.88754329634
362	-2.70067799214
363	-1.785271711
364	-1.82110927406
365	-6.61481085472
366	-8.2911928814
367	-5.6764504544
368	-7.59763872038
369	-1.63294961144
370	-5.55334514081
371	-2.94802508478
372	-1.63294961144
373	-7.03795458963
374	-3.06496252488
375	-1.86166100362
376	-4.40974032009
377	-7.51051745663
378	-1.785271711
379	-1.82110927406
380	-4.21992653346
381	-1.86166100362
382	-7.03960504023
383	-7.59763872038
384	-1.63294961144
385	-1.88754329634
386	-6.48474425191
387	-1.63294961144
388	-7.97647507935
389	-4.89254879364
390	-8.39215740404
391	-7.98235886236
392	-2.70067799214
393	-13.5588309909
394	-1.82110927406
395	-2.80008332044
396	-1.86166100362
397	-5.77957982266
398	-3.06496252488
399	-6.76790439631
400	-6.54963275909
401	-2.70067799214
402	-1.785271711
403	-1.88754329634
404	-2.80008332044
405	-1.69258479947
406	-1.98950782243
407	-2.70067799214
408	-7.3952251235
409	-2.07257748688
410	-4.27610582345
411	-1.63294961144
412	-7.05887936896
413	-8.42514497699
414	-1.63294961144
415	-7.03960504023
416	-2.94802508478
417	-1.785271711
418	-1.88754329634
419	-7.68100352712
420	-6.76318040257
421	-8.20328064374
422	-2.94802508478
423	-1.69258479947
424	-5.6764504544
425	-2.80008332044
426	-1.63294961144
427	-5.37897408572
428	-2.80008332044
429	-1.86166100362
430	-1.82110927406
431	-3.06496252488
432	-7.85838306485
433	-1.88754329634
434	-2.94802508478
435	-1.785271711
436	-7.50073522964
437	-2.94802508478
438	-1.63294961144
439	-5.25538608097
440	-2.70067799214
441	-1.86166100362
442	-6.61107650209
443	-6.19837107266
444	-1.69258479947
445	-1.98950782243
446	-4.16651413167
447	-1.785271711
448	-5.74594283469
449	-2.94802508478
450	-4.74227686828
451	-2.07257748688
452	-3.06496252488
453	-1.63294961144
454	-1.98950782243
455	-3.06496252488
456	-1.63294961144
457	-1.98950782243
458	-2.94802508478
459	-1.86166100362
460	-1.88754329634
461	-10.304798806
462	-1.63294961144
463	-5.73583688572
464	-2.80008332044
465	-1.86166100362
466	-5.31851851275
467	-2.80008332044
468	-1.86166100362
469	-1.88754329634
470	-2.80008332044
