#Site	lnL	
0	-1.59437960838
1	-5.46362710182
2	-15.7104783363
3	-1.73935168585
4	-5.15848959643
5	-17.9571666612
6	-9.45523017836
7	-1.92966262222
8	-16.0977002857
9	-2.1013791641
10	-6.05648733652
11	-1.66615858961
12	-2.1013791641
13	-2.24409909839
14	-16.2577439307
15	-1.73935168585
16	-1.72071180967
17	-15.7104783363
18	-2.1013791641
19	-1.86299749059
20	-1.20610336792
21	-1.79090641876
22	-1.92966262222
23	-1.36101967371
24	-6.59002099881
25	-1.72071180967
26	-16.5532924555
27	-1.79090641876
28	-2.24409909839
29	-14.6825991065
30	-5.60854499382
31	-1.86299749059
32	-1.36548251939
33	-2.1013791641
34	-8.15988985704
35	-28.4757265948
36	-1.73935168585
37	-6.20431727599
38	-1.20610336792
39	-4.48273856661
40	-10.3332451432
41	-1.66615858961
42	-1.73935168585
43	-1.72071180967
44	-1.36101967371
45	-1.79090641876
46	-9.23996820532
47	-1.20610336792
48	-5.48217879901
49	-1.72071180967
50	-15.414148123
51	-5.29291902105
52	-5.84461827325
53	-1.36548251939
54	-1.79090641876
55	-1.86299749059
56	-15.414148722
57	-1.59437960838
58	-2.24409909839
59	-16.6014085528
60	-8.05370885443
61	-2.24409909839
62	-17.1255808863
63	-1.59437960838
64	-1.86299749059
65	-14.6825983702
66	-5.88663193802
67	-1.72071180967
68	-15.8697415646
69	-1.59437960838
70	-1.72071180967
71	-15.4053408309
72	-6.21593324827
73	-5.5106133518
74	-32.4273581089
75	-1.79090641876
76	-10.9140094862
77	-1.66615858961
78	-5.88663193802
79	-7.79128143545
80	-1.36548251939
81	-1.73935168585
82	-5.47588371733
83	-15.414148722
84	-2.1013791641
85	-4.99719485434
86	-17.1255819437
87	-1.79090641876
88	-1.72071180967
89	-15.3756220802
90	-1.73935168585
91	-8.7068782556
92	-1.36101967371
93	-8.39816383082
94	-5.47588371733
95	-15.1381917148
96	-1.73935168585
97	-5.47472863262
98	-16.4420300992
99	-1.73935168585
100	-5.68524004438
101	-32.8670082049
102	-5.16300045187
103	-4.7916485042
104	-29.8755364629
105	-1.59437960838
106	-1.92966262222
107	-1.36101967371
108	-1.79090641876
109	-1.86299749059
110	-17.0750454066
111	-1.59437960838
112	-4.32609339955
113	-31.4841972269
114	-1.73935168585
115	-1.86299749059
116	-32.1563944148
117	-1.73935168585
118	-1.86299749059
119	-1.20610336792
120	-5.63272820416
121	-1.92966262222
122	-16.8204433809
123	-2.1013791641
124	-1.72071180967
125	-14.6825991065
126	-11.152835375
127	-1.92966262222
128	-1.36101967371
129	-6.21055168903
130	-6.20431727599
131	-1.36548251939
132	-1.59437960838
133	-4.96126875793
134	-1.36548251939
135	-6.21055168903
136	-6.00121572883
137	-14.6825983702
138	-1.59437960838
139	-1.72071180967
140	-15.4053408309
141	-1.79090641876
142	-1.92966262222
143	-1.20610336792
144	-1.79090641876
145	-4.96126875793
146	-44.7722566722
147	-1.59437960838
148	-5.46362710182
149	-16.4035033877
150	-1.73935168585
151	-1.92966262222
152	-1.36101967371
153	-11.6000671358
154	-1.92966262222
155	-1.36548251939
156	-1.73935168585
157	-2.24409909839
158	-16.0977002857
159	-9.72510104252
160	-12.5295946811
161	-15.1381917148
162	-1.59437960838
163	-1.86299749059
164	-14.6825991065
165	-5.32759069877
166	-6.16854599905
167	-14.6825991065
168	-1.73935168585
169	-8.25877374957
170	-15.4053406493
171	-2.1013791641
172	-2.24409909839
173	-1.36548251939
174	-6.36130564423
175	-5.77212715943
176	-33.3786847394
177	-1.59437960838
178	-5.8807454022
179	-17.0750454066
180	-8.09600511998
181	-1.72071180967
182	-16.4420300992
183	-1.79090641876
184	-1.92966262222
185	-1.36548251939
186	-1.79090641876
187	-11.5889812621
188	-17.1255808863
189	-2.1013791641
190	-4.32609339955
191	-1.36548251939
192	-6.03624122241
193	-5.68711123095
194	-14.6825991065
195	-4.94549820786
196	-8.11147064861
197	-1.20610336792
198	-5.32759069877
199	-1.72071180967
200	-15.5647188782
201	-6.21055168903
202	-5.00156126752
203	-15.8697415646
204	-5.48217879901
205	-1.72071180967
206	-31.7556914715
207	-2.1013791641
208	-1.72071180967
209	-17.1255808863
210	-2.1013791641
211	-1.86299749059
212	-28.9381891918
213	-1.79090641876
214	-1.86299749059
215	-1.20610336792
216	-6.21593324827
217	-1.72071180967
218	-1.20610336792
219	-6.21055168903
220	-2.24409909839
221	-1.36101967371
222	-6.16960156435
223	-1.72071180967
224	-16.0983646554
225	-5.16300045187
226	-1.92966262222
227	-1.66615858961
228	-2.1013791641
229	-6.58257377395
230	-1.36101967371
231	-1.73935168585
232	-1.72071180967
233	-1.20610336792
234	-1.79090641876
235	-1.86299749059
236	-1.36548251939
237	-1.59437960838
238	-6.20373701346
239	-16.5532937774
240	-1.59437960838
241	-1.86299749059
242	-1.36101967371
243	-6.18515266385
244	-1.92966262222
245	-19.2372184799
246	-2.1013791641
247	-1.92966262222
248	-1.20610336792
249	-1.79090641876
250	-1.86299749059
251	-1.20610336792
252	-5.16300045187
253	-5.85853127881
254	-1.36101967371
255	-1.73935168585
256	-1.86299749059
257	-1.36101967371
258	-1.79090641876
259	-1.92966262222
260	-1.36101967371
261	-1.73935168585
262	-2.24409909839
263	-1.20610336792
264	-1.59437960838
265	-1.72071180967
266	-16.0983646554
267	-6.3724312448
268	-6.20431727599
269	-1.66615858961
270	-1.59437960838
271	-1.72071180967
272	-1.66615858961
273	-2.1013791641
274	-1.86299749059
275	-1.36548251939
276	-5.14658859875
277	-1.86299749059
278	-1.36101967371
279	-1.73935168585
280	-5.44435137043
281	-1.20610336792
282	-5.14658859875
283	-1.92966262222
284	-1.36101967371
285	-1.59437960838
286	-1.86299749059
287	-1.20610336792
288	-1.59437960838
289	-2.24409909839
290	-32.0223031708
291	-6.21593324827
292	-5.42867793351
293	-1.36548251939
294	-5.14658859875
295	-1.92966262222
296	-1.66615858961
297	-1.79090641876
298	-7.7959119943
299	-15.1381917148
300	-1.73935168585
301	-4.96776033993
302	-1.36101967371
303	-1.79090641876
304	-4.99719485434
305	-1.20610336792
306	-5.19539987188
307	-1.92966262222
308	-30.1078415149
309	-1.59437960838
310	-1.86299749059
311	-1.20610336792
312	-1.59437960838
313	-1.86299749059
314	-1.20610336792
315	-5.14658859875
316	-4.9533374723
317	-1.36548251939
318	-1.79090641876
319	-5.00156126752
320	-15.3756220802
321	-6.86066615578
322	-1.86299749059
323	-1.36101967371
324	-1.59437960838
325	-1.86299749059
326	-17.7977886748
327	-6.79344175691
328	-7.43844020546
329	-1.36101967371
330	-1.59437960838
331	-5.11271570117
332	-1.20610336792
333	-2.1013791641
334	-1.86299749059
335	-15.8312154787
336	-1.59437960838
337	-1.92966262222
338	-16.4420293698
339	-1.73935168585
340	-8.53359664445
341	-15.3756220802
342	-1.59437960838
343	-2.24409909839
344	-16.0983648993
345	-9.72510104252
346	-1.86299749059
347	-15.414148722
348	-1.73935168585
349	-2.24409909839
350	-1.66615858961
351	-1.79090641876
352	-4.28711582511
353	-1.36548251939
354	-1.73935168585
355	-10.9810404237
356	-18.1029262111
357	-1.59437960838
358	-4.28711582511
359	-30.2753018621
360	-1.79090641876
361	-8.07251671228
362	-15.4053406493
363	-5.14658859875
364	-1.92966262222
365	-1.36101967371
366	-1.79090641876
367	-4.7916485042
368	-16.979821346
369	-5.88663193802
370	-1.72071180967
371	-1.36101967371
372	-1.73935168585
373	-1.72071180967
374	-1.36548251939
375	-2.1013791641
376	-4.7916485042
377	-1.36101967371
378	-1.73935168585
379	-2.24409909839
380	-1.66615858961
381	-1.79090641876
382	-1.72071180967
383	-1.36548251939
384	-4.48273856661
385	-2.24409909839
386	-16.2962704496
387	-5.16300045187
388	-1.86299749059
389	-1.20610336792
390	-1.73935168585
391	-1.72071180967
392	-15.1381905892
393	-1.73935168585
394	-6.20431727599
395	-18.6368779056
396	-1.79090641876
397	-1.72071180967
398	-15.3756220802
399	-5.1691415821
400	-8.44736596908
401	-1.36101967371
402	-1.79090641876
403	-1.72071180967
404	-1.20610336792
405	-2.1013791641
406	-5.47472863262
407	-1.36548251939
408	-1.59437960838
409	-1.92966262222
410	-1.20610336792
411	-2.1013791641
412	-6.16854599905
413	-1.36548251939
414	-5.1691415821
415	-1.72071180967
416	-16.4420293698
417	-2.1013791641
418	-8.07251671228
419	-1.66615858961
420	-4.94549820786
421	-1.72071180967
422	-1.36101967371
423	-1.79090641876
424	-9.40746966338
425	-1.36101967371
426	-1.73935168585
427	-2.24409909839
428	-1.36101967371
429	-2.1013791641
430	-2.24409909839
431	-16.5628814361
432	-5.60591669666
433	-1.92966262222
434	-16.2962704496
435	-1.73935168585
436	-5.8807454022
437	-1.20610336792
438	-6.21593324827
439	-8.0993955207
440	-16.4035033877
441	-7.10787252913
442	-1.72071180967
443	-1.36548251939
444	-7.57308635482
445	-5.11271570117
446	-1.66615858961
447	-1.79090641876
448	-4.73179958905
449	-1.36101967371
450	-1.79090641876
451	-1.72071180967
452	-1.36101967371
453	-1.79090641876
454	-1.86299749059
455	-16.0983646554
456	-6.3724312448
457	-5.00156126752
458	-1.20610336792
459	-1.73935168585
460	-1.86299749059
461	-1.36101967371
462	-1.59437960838
463	-1.72071180967
464	-29.0467861313
465	-1.79090641876
466	-1.92966262222
467	-16.136891521
468	-1.73935168585
469	-1.92966262222
470	-16.4035024047
