#Site	lnL	
0	-1.53485089236
1	-5.75127021885
2	-1.30235752629
3	-1.82991168106
4	-5.61485758393
5	-1.30235752629
6	-2.04967560619
7	-9.10928207873
8	-6.76204888002
9	-5.43112757611
10	-5.61485758393
11	-7.10761685078
12	-12.7884354236
13	-2.33530837419
14	-6.74271654852
15	-1.82991168106
16	-6.55529688597
17	-1.30235752629
18	-1.82991168106
19	-5.39275244428
20	-1.48385647109
21	-6.50901629423
22	-5.07395402143
23	-11.3175528323
24	-1.53485089236
25	-2.09317316262
26	-1.76314715561
27	-1.73887236508
28	-2.33530837419
29	-1.56533762023
30	-1.73887236508
31	-5.03182994866
32	-1.30235752629
33	-1.73887236508
34	-7.14153775052
35	-1.76314715561
36	-1.73887236508
37	-1.76550720342
38	-6.7547667905
39	-1.73887236508
40	-2.09317316262
41	-1.30235752629
42	-1.53485089236
43	-1.99240757481
44	-7.30707767304
45	-1.53485089236
46	-6.55529688597
47	-1.56533762023
48	-1.53485089236
49	-2.09317316262
50	-1.30235752629
51	-1.53485089236
52	-2.09317316262
53	-7.75325275897
54	-1.82991168106
55	-7.10914973542
56	-1.48385647109
57	-1.73887236508
58	-1.99240757481
59	-7.04483998969
60	-5.97973954075
61	-1.99240757481
62	-7.02081698021
63	-6.18197934169
64	-5.8397844921
65	-1.76314715561
66	-1.73887236508
67	-5.47319876379
68	-1.30235752629
69	-2.04967560619
70	-2.09317316262
71	-1.30235752629
72	-1.82991168106
73	-11.240852203
74	-1.48385647109
75	-1.73887236508
76	-1.76550720342
77	-1.76314715561
78	-1.82991168106
79	-9.56544237791
80	-7.10761685078
81	-1.82991168106
82	-5.41213415112
83	-1.56533762023
84	-1.73887236508
85	-1.76550720342
86	-1.30235752629
87	-1.53485089236
88	-2.33530837419
89	-1.30235752629
90	-1.73887236508
91	-4.99864929015
92	-7.38825115996
93	-1.53485089236
94	-5.33177044103
95	-1.30235752629
96	-5.66802197899
97	-2.33530837419
98	-1.30235752629
99	-1.53485089236
100	-6.24891092096
101	-1.30235752629
102	-5.68893910436
103	-2.33530837419
104	-14.2287638388
105	-1.53485089236
106	-7.66645858025
107	-1.48385647109
108	-1.73887236508
109	-7.95771658407
110	-1.56533762023
111	-1.82991168106
112	-2.33530837419
113	-6.76204888002
114	-1.73887236508
115	-5.12420055859
116	-1.48385647109
117	-10.6910984753
118	-1.99240757481
119	-1.76314715561
120	-1.73887236508
121	-2.33530837419
122	-1.56533762023
123	-1.53485089236
124	-2.09317316262
125	-1.48385647109
126	-1.82991168106
127	-2.09317316262
128	-12.9493633445
129	-1.82991168106
130	-9.08777125729
131	-7.02695021218
132	-5.44235895088
133	-10.0795629145
134	-1.56533762023
135	-7.23850857305
136	-2.09317316262
137	-1.48385647109
138	-1.82991168106
139	-6.17655020825
140	-1.48385647109
141	-1.53485089236
142	-2.33530837419
143	-7.83964983534
144	-6.05863581375
145	-5.47319876379
146	-11.5889995553
147	-1.82991168106
148	-1.76550720342
149	-1.48385647109
150	-1.73887236508
151	-5.61485758393
152	-6.98714556349
153	-2.04967560619
154	-2.33530837419
155	-1.30235752629
156	-1.53485089236
157	-7.35292271381
158	-1.56533762023
159	-1.53485089236
160	-5.33177044103
161	-1.56533762023
162	-1.73887236508
163	-5.80912446898
164	-1.48385647109
165	-5.77090358052
166	-1.99240757481
167	-1.30235752629
168	-5.68893910436
169	-1.76550720342
170	-1.30235752629
171	-1.53485089236
172	-5.30958657533
173	-1.56533762023
174	-1.82991168106
175	-1.99240757481
176	-1.48385647109
177	-1.82991168106
178	-2.33530837419
179	-1.76314715561
180	-12.6471812432
181	-1.76550720342
182	-12.7891917283
183	-2.04967560619
184	-1.76550720342
185	-1.56533762023
186	-2.04967560619
187	-5.08435890605
188	-1.30235752629
189	-1.73887236508
190	-1.99240757481
191	-6.69984246285
192	-1.73887236508
193	-1.99240757481
194	-1.76314715561
195	-1.73887236508
196	-6.17655020825
197	-1.48385647109
198	-1.53485089236
199	-5.85016678142
200	-1.56533762023
201	-1.53485089236
202	-2.33530837419
203	-7.75325275897
204	-1.73887236508
205	-1.99240757481
206	-1.30235752629
207	-1.82991168106
208	-1.76550720342
209	-1.76314715561
210	-5.43487065364
211	-6.17655020825
212	-6.7547667905
213	-2.04967560619
214	-2.33530837419
215	-6.76204888002
216	-1.73887236508
217	-1.76550720342
218	-7.02310547272
219	-1.73887236508
220	-2.09317316262
221	-1.76314715561
222	-6.45114829037
223	-2.09317316262
224	-1.76314715561
225	-9.6221332822
226	-5.05285639589
227	-1.48385647109
228	-8.29205733455
229	-5.42553471392
230	-1.30235752629
231	-12.7004694422
232	-7.30221626101
233	-1.56533762023
234	-2.04967560619
235	-6.90188410919
236	-1.30235752629
237	-2.04967560619
238	-5.90288963161
239	-7.3017034108
240	-11.7824487998
241	-2.09317316262
242	-1.76314715561
243	-1.53485089236
244	-2.09317316262
245	-1.48385647109
246	-1.73887236508
247	-1.76550720342
248	-6.76204888002
249	-1.53485089236
250	-1.76550720342
251	-1.76314715561
252	-5.38711854731
253	-1.76550720342
254	-1.48385647109
255	-6.22967724803
256	-5.85016678142
257	-14.1066930202
258	-1.82991168106
259	-12.7488589796
260	-1.30235752629
261	-7.45501045005
262	-5.30509513292
263	-1.56533762023
264	-8.64252419635
265	-5.07395402143
266	-8.78317282856
267	-2.04967560619
268	-5.3939976582
269	-7.02427866859
270	-2.04967560619
271	-6.17655020825
272	-8.68834708977
273	-2.04967560619
274	-6.17001464796
275	-6.71027407824
276	-1.82991168106
277	-2.33530837419
278	-1.30235752629
279	-1.82991168106
280	-7.73571487475
281	-1.56533762023
282	-6.54074553837
283	-1.76550720342
284	-1.76314715561
285	-2.04967560619
286	-2.09317316262
287	-1.30235752629
288	-1.73887236508
289	-5.42553471392
290	-1.56533762023
291	-1.73887236508
292	-8.22015764826
293	-1.48385647109
294	-1.73887236508
295	-1.76550720342
296	-9.59437475561
297	-5.70138463601
298	-5.41213415112
299	-1.30235752629
300	-1.73887236508
301	-5.40399169549
302	-12.968672494
303	-1.53485089236
304	-1.99240757481
305	-6.74271654852
306	-2.04967560619
307	-7.10914973542
308	-8.15933268868
309	-5.78006705214
310	-2.33530837419
311	-9.48601466514
312	-1.53485089236
313	-2.33530837419
314	-1.48385647109
315	-1.53485089236
316	-1.99240757481
317	-1.48385647109
318	-6.48641167472
319	-1.99240757481
320	-1.56533762023
321	-1.53485089236
322	-9.24617954343
323	-7.06039629366
324	-1.73887236508
325	-1.99240757481
326	-1.56533762023
327	-1.53485089236
328	-2.09317316262
329	-1.30235752629
330	-1.73887236508
331	-8.92880845162
332	-7.55749145893
333	-6.84416925092
334	-1.99240757481
335	-7.02310547272
336	-5.7281042198
337	-2.33530837419
338	-1.56533762023
339	-1.73887236508
340	-1.76550720342
341	-7.04483998969
342	-1.82991168106
343	-1.76550720342
344	-1.56533762023
345	-1.53485089236
346	-10.4670138867
347	-1.48385647109
348	-1.53485089236
349	-5.36363411768
350	-7.0319011352
351	-1.53485089236
352	-2.09317316262
353	-1.76314715561
354	-1.82991168106
355	-1.76550720342
356	-1.48385647109
357	-2.04967560619
358	-1.76550720342
359	-1.30235752629
360	-1.73887236508
361	-1.76550720342
362	-1.30235752629
363	-1.53485089236
364	-5.30509513292
365	-6.69984246285
366	-1.53485089236
367	-6.55529688597
368	-1.48385647109
369	-5.72052155025
370	-7.2253150584
371	-1.48385647109
372	-1.82991168106
373	-2.33530837419
374	-6.74271654852
375	-1.53485089236
376	-2.09317316262
377	-12.5224974081
378	-6.00497320444
379	-7.61368328948
380	-1.76314715561
381	-6.15078097503
382	-2.33530837419
383	-6.74271654852
384	-5.77090358052
385	-2.09317316262
386	-1.48385647109
387	-1.53485089236
388	-1.99240757481
389	-7.02081698021
390	-2.04967560619
391	-5.12420055859
392	-9.50446888725
393	-5.7580599328
394	-2.33530837419
395	-1.56533762023
396	-1.73887236508
397	-2.33530837419
398	-1.56533762023
399	-1.82991168106
400	-2.09317316262
401	-1.30235752629
402	-1.53485089236
403	-1.76550720342
404	-10.0288330704
405	-1.53485089236
406	-5.47319876379
407	-7.38059968379
408	-1.73887236508
409	-1.76550720342
410	-1.56533762023
411	-1.82991168106
412	-1.99240757481
413	-1.56533762023
414	-1.82991168106
415	-2.09317316262
416	-6.71027407824
417	-1.53485089236
418	-1.76550720342
419	-1.56533762023
420	-1.82991168106
421	-7.72335433197
422	-9.21334525793
423	-1.73887236508
424	-2.09317316262
425	-1.76314715561
426	-5.42895624215
427	-1.76550720342
428	-1.30235752629
429	-7.73695643602
430	-6.14408326118
431	-1.76314715561
432	-1.53485089236
433	-5.12420055859
434	-1.76314715561
435	-1.73887236508
436	-1.76550720342
437	-1.30235752629
438	-1.82991168106
439	-5.07395402143
440	-1.56533762023
441	-1.82991168106
442	-5.39275244428
443	-7.76075356234
444	-5.43112757611
445	-15.0333859028
446	-7.80927492591
447	-7.35523592895
448	-2.09317316262
449	-1.30235752629
450	-1.53485089236
451	-10.6398512451
452	-1.48385647109
453	-5.70138463601
454	-2.09317316262
455	-1.56533762023
456	-2.04967560619
457	-2.33530837419
458	-1.30235752629
459	-7.27633965595
460	-2.33530837419
461	-1.48385647109
462	-1.82991168106
463	-5.3939976582
464	-1.48385647109
465	-7.45501045005
466	-1.76550720342
467	-1.48385647109
468	-1.73887236508
469	-7.0490057364
470	-1.30235752629
