#Site	lnL	
0	-9.23364872055
1	-5.60393187235
2	-2.32536883975
3	-2.26029822392
4	-2.25815017231
5	-6.34463285058
6	-2.16704139405
7	-2.25815017231
8	-2.2304539061
9	-6.18268561417
10	-7.93401791311
11	-2.32536883975
12	-5.69117158265
13	-5.68176738946
14	-2.2304539061
15	-2.07764065878
16	-2.13783157532
17	-6.34528322577
18	-2.16704139405
19	-6.91836994271
20	-2.32536883975
21	-2.19502991435
22	-5.80662493183
23	-6.62071481276
24	-11.4015364761
25	-2.22939153858
26	-2.32536883975
27	-5.90807182743
28	-15.5088479896
29	-2.32536883975
30	-2.19502991435
31	-2.25815017231
32	-2.35532144328
33	-2.16704139405
34	-2.22939153858
35	-7.99486967066
36	-2.07764065878
37	-2.3255691718
38	-2.32536883975
39	-2.19502991435
40	-2.25815017231
41	-8.3380006532
42	-2.26029822392
43	-2.13783157532
44	-2.42606711938
45	-2.16704139405
46	-2.22939153858
47	-6.79021241032
48	-2.19502991435
49	-6.12012837836
50	-2.2304539061
51	-2.07764065878
52	-8.10168713029
53	-2.42606711938
54	-2.26029822392
55	-2.25815017231
56	-2.32536883975
57	-2.26029822392
58	-2.13783157532
59	-10.2754688118
60	-2.26029822392
61	-2.13783157532
62	-2.35532144328
63	-2.19502991435
64	-2.22939153858
65	-2.2304539061
66	-2.07764065878
67	-5.02051622532
68	-6.0175411268
69	-2.19502991435
70	-5.0568932387
71	-5.44966005605
72	-2.19502991435
73	-5.06124048162
74	-10.1822695039
75	-2.19502991435
76	-2.13783157532
77	-2.2304539061
78	-7.34815755821
79	-2.22939153858
80	-6.13014974062
81	-2.26029822392
82	-2.13783157532
83	-2.35532144328
84	-2.19502991435
85	-5.049191
86	-6.10520786622
87	-2.16704139405
88	-2.13783157532
89	-5.44966005605
90	-2.19502991435
91	-2.22939153858
92	-5.97661662265
93	-6.85413079563
94	-8.46130995591
95	-2.2304539061
96	-5.70817881025
97	-2.22939153858
98	-2.42606711938
99	-5.1184542727
100	-2.25815017231
101	-2.32536883975
102	-6.53563860851
103	-2.22939153858
104	-5.47530944056
105	-2.26029822392
106	-2.25815017231
107	-2.2304539061
108	-2.16704139405
109	-2.25815017231
110	-2.35532144328
111	-2.19502991435
112	-6.26251528679
113	-2.42606711938
114	-5.1184542727
115	-2.3255691718
116	-11.697838079
117	-7.54407186496
118	-6.08668934459
119	-2.32536883975
120	-2.26029822392
121	-6.74709352469
122	-2.42606711938
123	-2.16704139405
124	-5.83420557541
125	-5.97661662265
126	-2.26029822392
127	-2.13783157532
128	-5.71674433392
129	-7.03460851821
130	-5.60393187235
131	-2.42606711938
132	-2.07764065878
133	-2.22939153858
134	-2.35532144328
135	-2.26029822392
136	-2.25815017231
137	-2.35532144328
138	-7.16800632862
139	-2.13783157532
140	-5.56430614797
141	-2.16704139405
142	-2.3255691718
143	-6.94912826881
144	-2.07764065878
145	-2.13783157532
146	-9.69510029612
147	-2.16704139405
148	-2.13783157532
149	-2.2304539061
150	-2.07764065878
151	-2.22939153858
152	-2.42606711938
153	-2.07764065878
154	-2.3255691718
155	-5.54480132489
156	-6.53563860851
157	-2.13783157532
158	-2.2304539061
159	-5.93505380476
160	-6.94177786032
161	-4.94666058732
162	-2.07764065878
163	-5.83420557541
164	-2.42606711938
165	-5.78261561881
166	-2.22939153858
167	-7.29021583889
168	-2.07764065878
169	-5.64241305607
170	-2.2304539061
171	-5.15309951077
172	-10.5074365194
173	-2.35532144328
174	-2.07764065878
175	-2.25815017231
176	-2.35532144328
177	-6.50705345914
178	-2.3255691718
179	-2.32536883975
180	-2.19502991435
181	-8.73678086174
182	-2.32536883975
183	-6.50550338031
184	-11.6070859193
185	-2.42606711938
186	-2.19502991435
187	-2.22939153858
188	-6.11507995995
189	-2.26029822392
190	-5.82237757638
191	-2.32536883975
192	-2.16704139405
193	-5.83420557541
194	-5.4855693361
195	-2.07764065878
196	-2.25815017231
197	-5.48946261036
198	-2.16704139405
199	-2.3255691718
200	-5.47530944056
201	-2.26029822392
202	-2.25815017231
203	-8.96079233002
204	-2.07764065878
205	-2.22939153858
206	-8.88455595855
207	-2.16704139405
208	-2.13783157532
209	-2.2304539061
210	-2.07764065878
211	-2.25815017231
212	-5.47530944056
213	-9.88871225894
214	-2.22939153858
215	-2.35532144328
216	-5.92157282039
217	-2.25815017231
218	-6.94912826881
219	-2.26029822392
220	-6.45048186178
221	-6.14335364024
222	-6.84262701882
223	-2.13783157532
224	-6.66725799919
225	-11.8635882421
226	-2.22939153858
227	-2.35532144328
228	-2.07764065878
229	-2.25815017231
230	-8.12829358897
231	-2.26029822392
232	-2.13783157532
233	-6.13014974062
234	-2.19502991435
235	-5.66582097369
236	-2.35532144328
237	-2.26029822392
238	-2.22939153858
239	-2.42606711938
240	-2.26029822392
241	-2.22939153858
242	-7.95274756782
243	-5.74555690351
244	-2.13783157532
245	-2.2304539061
246	-2.16704139405
247	-2.3255691718
248	-5.4855693361
249	-2.16704139405
250	-2.25815017231
251	-7.20439052438
252	-2.26029822392
253	-2.25815017231
254	-2.2304539061
255	-2.16704139405
256	-2.3255691718
257	-2.35532144328
258	-6.36426217977
259	-2.25815017231
260	-6.81969618514
261	-6.33051711224
262	-2.3255691718
263	-2.42606711938
264	-2.16704139405
265	-2.25815017231
266	-2.35532144328
267	-2.07764065878
268	-2.22939153858
269	-2.42606711938
270	-5.67280312916
271	-2.3255691718
272	-2.32536883975
273	-2.19502991435
274	-2.3255691718
275	-2.35532144328
276	-2.26029822392
277	-2.22939153858
278	-2.42606711938
279	-2.26029822392
280	-2.13783157532
281	-2.32536883975
282	-2.19502991435
283	-2.13783157532
284	-2.2304539061
285	-2.26029822392
286	-8.135133726
287	-2.35532144328
288	-2.16704139405
289	-6.41213582855
290	-2.2304539061
291	-6.18268561417
292	-2.13783157532
293	-2.42606711938
294	-6.33743535988
295	-2.22939153858
296	-2.2304539061
297	-2.19502991435
298	-2.3255691718
299	-2.35532144328
300	-5.15682840985
301	-2.3255691718
302	-8.38606470927
303	-2.16704139405
304	-15.5854414796
305	-2.2304539061
306	-11.5953804445
307	-2.25815017231
308	-2.42606711938
309	-11.345443591
310	-8.32307698341
311	-8.83593656146
312	-2.26029822392
313	-2.3255691718
314	-2.32536883975
315	-2.07764065878
316	-2.3255691718
317	-7.14215921096
318	-2.07764065878
319	-2.22939153858
320	-6.79021241032
321	-2.26029822392
322	-6.4057779773
323	-2.35532144328
324	-10.2952324436
325	-2.25815017231
326	-6.35148003075
327	-2.07764065878
328	-13.5986077683
329	-10.3866653571
330	-2.07764065878
331	-2.13783157532
332	-2.32536883975
333	-5.90807182743
334	-7.97684402264
335	-2.32536883975
336	-2.07764065878
337	-2.13783157532
338	-8.18501050628
339	-2.19502991435
340	-5.66582097369
341	-2.32536883975
342	-2.19502991435
343	-2.25815017231
344	-2.42606711938
345	-6.54335182465
346	-2.22939153858
347	-2.32536883975
348	-2.16704139405
349	-7.42451644744
350	-6.34463285058
351	-2.26029822392
352	-2.22939153858
353	-5.4855693361
354	-2.07764065878
355	-5.66582097369
356	-4.95196171379
357	-2.16704139405
358	-8.64246201665
359	-2.35532144328
360	-7.54407186496
361	-10.0174191092
362	-2.32536883975
363	-2.16704139405
364	-2.3255691718
365	-2.35532144328
366	-2.26029822392
367	-9.14651170331
368	-2.35532144328
369	-2.07764065878
370	-5.80662493183
371	-2.2304539061
372	-2.19502991435
373	-2.13783157532
374	-4.95196171379
375	-2.26029822392
376	-2.13783157532
377	-5.44966005605
378	-2.26029822392
379	-2.3255691718
380	-6.64412273038
381	-6.33051711224
382	-2.22939153858
383	-2.42606711938
384	-5.67280312916
385	-6.22704080949
386	-2.2304539061
387	-2.16704139405
388	-2.13783157532
389	-2.35532144328
390	-2.07764065878
391	-7.25459294486
392	-2.42606711938
393	-6.21905691183
394	-2.25815017231
395	-2.32536883975
396	-9.33944115931
397	-6.13018981976
398	-2.2304539061
399	-2.19502991435
400	-2.13783157532
401	-5.56430614797
402	-2.19502991435
403	-7.37993146977
404	-2.2304539061
405	-2.26029822392
406	-2.3255691718
407	-2.2304539061
408	-5.90807182743
409	-7.07371724385
410	-2.42606711938
411	-2.19502991435
412	-8.65732856105
413	-7.20439052438
414	-5.15682840985
415	-6.7754672289
416	-4.94666058732
417	-8.79877541379
418	-2.13783157532
419	-4.90760873334
420	-6.49696869434
421	-9.61549340973
422	-10.3770368142
423	-2.26029822392
424	-2.25815017231
425	-2.32536883975
426	-2.16704139405
427	-2.25815017231
428	-10.7733947592
429	-2.07764065878
430	-5.60393187235
431	-7.29021583889
432	-2.19502991435
433	-2.22939153858
434	-2.2304539061
435	-2.19502991435
436	-7.43103942035
437	-2.35532144328
438	-5.15682840985
439	-10.0313932505
440	-2.32536883975
441	-2.26029822392
442	-2.3255691718
443	-2.32536883975
444	-8.37912156161
445	-2.3255691718
446	-6.01825432102
447	-5.15682840985
448	-5.06124048162
449	-2.32536883975
450	-6.87028511632
451	-2.3255691718
452	-13.4642145479
453	-2.16704139405
454	-7.25459294486
455	-2.35532144328
456	-2.16704139405
457	-2.13783157532
458	-9.80047022526
459	-2.19502991435
460	-2.25815017231
461	-5.52139340727
462	-2.19502991435
463	-2.3255691718
464	-2.32536883975
465	-5.70539188372
466	-7.82884361684
467	-6.62071481276
468	-6.84262701882
469	-2.25815017231
470	-2.2304539061
