# log_p 	 lnL 	 
0.0	-1586.84077729	
-0.287682072452	-1586.84077692	
-0.510825623766	-1586.84077682	
-0.69314718056	-1586.84077681	
-0.847297860387	-1586.84077679	
-0.980829253012	-1586.84077675	
-1.09861228867	-1586.84077667	
-1.20397280433	-1586.84077656	
-1.29928298413	-1586.84077641	
-1.38629436112	-1586.84077625	
-1.46633706879	-1586.84077606	
-1.54044504095	-1586.84077587	
-1.60943791243	-1586.84077566	
-1.67397643357	-1586.84077545	
-1.73460105539	-1586.84077523	
-1.79175946923	-1586.84077501	
-1.8458266905	-1586.84077479	
-1.89711998489	-1586.84077456	
-1.94591014906	-1586.84077434	
-1.99243016469	-1586.84077412	
-2.03688192726	-1586.8407739	
-2.07944154168	-1586.84077369	
-2.1202635362	-1586.84077347	
-2.15948424935	-1586.84077326	
-2.19722457734	-1586.84077306	
-2.23359222151	-1586.84077285	
-2.26868354132	-1586.84077265	
-2.30258509299	-1586.84077246	
-2.33537491582	-1586.84077227	
-2.36712361413	-1586.84077208	
-2.3978952728	-1586.84077189	
-2.42774823595	-1586.84077171	
-2.45673577282	-1586.84077153	
-2.48490664979	-1586.84077136	
-2.51230562398	-1586.84077119	
-2.53897387106	-1586.84077102	
-2.56494935746	-1586.84077085	
-2.59026716545	-1586.84077069	
-2.61495977804	-1586.84077053	
-2.63905732962	-1586.84077037	
-2.66258782703	-1586.84077022	
-2.68557734525	-1586.84077007	
-2.7080502011	-1586.84076992	
-2.73002910782	-1586.84076978	
-2.75153531304	-1586.84076964	
-2.77258872224	-1586.8407695	
-2.79320800944	-1586.84076936	
-2.81341071676	-1586.84076922	
-2.83321334406	-1586.84076909	
-2.85263142991	-1586.84076896	
-2.87167962488	-1586.84076883	
-2.8903717579	-1586.8407687	
-2.90872089656	-1586.84076858	
-2.92673940207	-1586.84076846	
-2.94443897917	-1586.84076834	
-2.96183072188	-1586.84076822	
-2.97892515524	-1586.8407681	
-2.99573227355	-1586.84076799	
-3.01226157551	-1586.84076788	
-3.02852209638	-1586.84076777	
-3.04452243772	-1586.84076766	
-3.06027079469	-1586.84076755	
-3.07577498123	-1586.84076744	
-3.09104245336	-1586.84076734	
-3.10608033072	-1586.84076724	
-3.12089541651	-1586.84076714	
-3.13549421593	-1586.84076704	
-3.14988295338	-1586.84076694	
-3.16406758837	-1586.84076684	
-3.17805383035	-1586.84076674	
-3.19184715248	-1586.84076665	
-3.20545280454	-1586.84076656	
-3.21887582487	-1586.84076647	
-3.23212105162	-1586.84076638	
-3.24519313319	-1586.84076629	
-3.25809653802	-1586.8407662	
-3.2708355638	-1586.84076611	
-3.28341434601	-1586.84076603	
-3.295836866	-1586.84076594	
-3.3081069586	-1586.84076586	
-3.32022831913	-1586.84076578	
-3.33220451018	-1586.8407657	
-3.34403896782	-1586.84076562	
-3.35573500759	-1586.84076554	
-3.36729582999	-1586.84076546	
-3.37872452581	-1586.84076539	
-3.39002408106	-1586.84076531	
-3.40119738166	-1586.84076524	
-3.41224721785	-1586.84076516	
-3.42317628838	-1586.84076509	
-3.43398720449	-1586.84076502	
-3.4446824936	-1586.84076495	
-3.45526460293	-1586.84076488	
-3.4657359028	-1586.84076481	
-3.47609868984	-1586.84076474	
-3.48635519	-1586.84076467	
-3.49650756147	-1586.8407646	
-3.50655789732	-1586.84076454	
-3.51650822817	-1586.84076447	
-3.52636052462	-1586.84076441	
-3.53611669956	-1586.84076434	
-3.54577861047	-1586.84076428	
-3.55534806149	-1586.84076422	
-3.56482680544	-1586.84076416	
-3.57421654579	-1586.8407641	
-3.58351893846	-1586.84076404	
-3.59273559356	-1586.84076398	
-3.60186807712	-1586.84076392	
-3.61091791264	-1586.84076386	
-3.61988658263	-1586.8407638	
-3.62877553004	-1586.84076375	
-3.63758615973	-1586.84076369	
-3.6463198397	-1586.84076364	
-3.65497790244	-1586.84076358	
-3.66356164613	-1586.84076353	
-3.6720723358	-1586.84076347	
-3.68051120444	-1586.84076342	
-3.68887945411	-1586.84076337	
-3.69717825693	-1586.84076331	
-3.70540875607	-1586.84076326	
-3.7135720667	-1586.84076321	
-3.72166927694	-1586.84076316	
-3.72970144863	-1586.84076311	
-3.73766961828	-1586.84076306	
-3.74557479779	-1586.84076301	
-3.75341797525	-1586.84076297	
-3.76120011569	-1586.84076292	
-3.76892216179	-1586.84076287	
-3.77658503453	-1586.84076282	
-3.78418963392	-1586.84076278	
-3.79173683955	-1586.84076273	
-3.79922751128	-1586.84076269	
-3.80666248977	-1586.84076264	
-3.81404259707	-1586.8407626	
-3.82136863716	-1586.84076255	
-3.82864139649	-1586.84076251	
-3.83586164446	-1586.84076247	
-3.84303013394	-1586.84076242	
-3.85014760171	-1586.84076238	
-3.85721476893	-1586.84076234	
-3.86423234159	-1586.8407623	
-3.87120101091	-1586.84076226	
-3.87812145375	-1586.84076222	
-3.88499433304	-1586.84076217	
-3.89182029811	-1586.84076213	
-3.8985999851	-1586.8407621	
-3.90533401728	-1586.84076206	
-3.91202300543	-1586.84076202	
-3.91866754815	-1586.84076198	
-3.92526823218	-1586.84076194	
-3.93182563272	-1586.8407619	
-3.93834031375	-1586.84076186	
-3.94481282825	-1586.84076183	
-3.95124371858	-1586.84076179	
-3.95763351668	-1586.84076175	
-3.96398274436	-1586.84076172	
-3.97029191355	-1586.84076168	
-3.97656152657	-1586.84076165	
-3.98279207632	-1586.84076161	
-3.98898404656	-1586.84076158	
-3.99513791214	-1586.84076154	
-4.00125413916	-1586.84076151	
-4.00733318523	-1586.84076147	
-4.01337549969	-1586.84076144	
-4.01938152375	-1586.84076141	
-4.02535169074	-1586.84076137	
-4.03128642625	-1586.84076134	
-4.03718614838	-1586.84076131	
-4.04305126783	-1586.84076128	
-4.04888218815	-1586.84076124	
-4.05467930583	-1586.84076121	
-4.06044301055	-1586.84076118	
-4.06617368526	-1586.84076115	
-4.07187170637	-1586.84076112	
-4.07753744391	-1586.84076109	
-4.08317126162	-1586.84076106	
-4.08877351717	-1586.84076103	
-4.09434456222	-1586.840761	
-4.0998847426	-1586.84076097	
-4.10539439841	-1586.84076094	
-4.11087386417	-1586.84076091	
-4.11632346894	-1586.84076088	
-4.12174353641	-1586.84076085	
-4.12713438505	-1586.84076082	
-4.13249632819	-1586.84076079	
-4.13782967416	-1586.84076077	
-4.14313472639	-1586.84076074	
-4.14841178349	-1586.84076071	
-4.15366113938	-1586.84076068	
-4.15888308336	-1586.84076066	
-4.16407790024	-1586.84076063	
-4.1692458704	-1586.8407606	
-4.1743872699	-1586.84076058	
-4.17950237056	-1586.84076055	
-4.18459144007	-1586.84076052	
-4.18965474203	-1586.8407605	
-4.19469253606	-1586.84076047	
-4.19970507788	-1586.84076045	
-4.20469261939	-1586.84076042	
-4.20965540873	-1586.8407604	
-4.21459369037	-1586.84076037	
-4.21950770518	-1586.84076035	
-4.22439769047	-1586.84076032	
-4.22926388012	-1586.8407603	
-4.2341065046	-1586.84076027	
-4.23892579103	-1586.84076025	
-4.2437219633	-1586.84076022	
-4.24849524205	-1586.8407602	
-4.25324584481	-1586.84076018	
-4.257973986	-1586.84076015	
-4.26267987704	-1586.84076013	
-4.26736372635	-1586.84076011	
-4.27202573946	-1586.84076008	
-4.27666611902	-1586.84076006	
-4.28128506487	-1586.84076004	
-4.28588277412	-1586.84076002	
-4.29045944115	-1586.84076	
-4.29501525768	-1586.84075997	
-4.29955041285	-1586.84075995	
-4.3040650932	-1586.84075993	
-4.30855948279	-1586.84075991	
-4.31303376319	-1586.84075989	
-4.31748811354	-1586.84075986	
-4.3219227106	-1586.84075984	
-4.32633772881	-1586.84075982	
-4.33073334029	-1586.8407598	
-4.33510971489	-1586.84075978	
-4.33946702026	-1586.84075976	
-4.34380542185	-1586.84075974	
-4.348125083	-1586.84075972	
-4.3524261649	-1586.8407597	
-4.35670882669	-1586.84075968	
-4.36097322548	-1586.84075966	
-4.36521951636	-1586.84075964	
-4.36944785247	-1586.84075962	
-4.373658385	-1586.8407596	
-4.37785126326	-1586.84075958	
-4.38202663467	-1586.84075956	
-4.38618464482	-1586.84075954	
-4.39032543749	-1586.84075952	
-4.39444915467	-1586.84075951	
-4.39855593663	-1586.84075949	
-4.40264592188	-1586.84075947	
-4.40671924726	-1586.84075945	
-4.41077604796	-1586.84075943	
-4.4148164575	-1586.84075941	
-4.4188406078	-1586.84075939	
-4.42284862919	-1586.84075938	
-4.42684065046	-1586.84075936	
-4.43081679884	-1586.84075934	
-4.43477720006	-1586.84075932	
-4.43872197835	-1586.84075931	
-4.44265125649	-1586.84075929	
-4.44656515581	-1586.84075927	
-4.45046379623	-1586.84075925	
-4.45434729625	-1586.84075924	
-4.45821577303	-1586.84075922	
-4.46206934235	-1586.8407592	
-4.46590811865	-1586.84075919	
-4.46973221509	-1586.84075917	
-4.47354174351	-1586.84075915	
-4.47733681448	-1586.84075914	
-4.48111753732	-1586.84075912	
-4.48488402011	-1586.8407591	
-4.48863636973	-1586.84075909	
-4.49237469184	-1586.84075907	
-4.49609909093	-1586.84075905	
-4.49980967033	-1586.84075904	
-4.50350653221	-1586.84075902	
-4.50718977763	-1586.84075901	
-4.51085950652	-1586.84075899	
-4.51451581772	-1586.84075898	
-4.518158809	-1586.84075896	
-4.52178857705	-1586.84075894	
-4.52540521752	-1586.84075893	
-4.52900882502	-1586.84075891	
-4.53259949315	-1586.8407589	
-4.5361773145	-1586.84075888	
-4.53974238067	-1586.84075887	
-4.54329478227	-1586.84075885	
-4.54683460898	-1586.84075884	
-4.55036194949	-1586.84075883	
-4.5538768916	-1586.84075881	
-4.55737952215	-1586.8407588	
-4.56086992709	-1586.84075878	
-4.56434819147	-1586.84075877	
-4.56781439944	-1586.84075875	
-4.57126863431	-1586.84075874	
-4.5747109785	-1586.84075872	
-4.5781415136	-1586.84075871	
-4.58156032035	-1586.8407587	
-4.58496747867	-1586.84075868	
-4.58836306767	-1586.84075867	
-4.59174716566	-1586.84075866	
-4.59511985013	-1586.84075864	
-4.59848119784	-1586.84075863	
-4.60183128472	-1586.84075862	
-4.60517018599	-1586.8407586	
-4.60849797608	-1586.84075859	
-4.61181472871	-1586.84075858	
-4.61512051684	-1586.84075856	
-4.61841541274	-1586.84075855	
-4.62169948794	-1586.84075854	
-4.62497281328	-1586.84075852	
-4.62823545892	-1586.84075851	
-4.63148749431	-1586.8407585	
-4.63472898823	-1586.84075848	
-4.63796000881	-1586.84075847	
-4.64118062351	-1586.84075846	
-4.64439089914	-1586.84075845	
-4.64759090187	-1586.84075843	
-4.65078069724	-1586.84075842	
-4.65396035016	-1586.84075841	
-4.65712992492	-1586.8407584	
-4.66028948521	-1586.84075838	
-4.66343909411	-1586.84075837	
-4.66657881412	-1586.84075836	
-4.66970870713	-1586.84075835	
-4.67282883446	-1586.84075834	
-4.67593925688	-1586.84075832	
-4.67904003455	-1586.84075831	
-4.68213122712	-1586.8407583	
-4.68521289366	-1586.84075829	
-4.6882850927	-1586.84075828	
-4.69134788223	-1586.84075827	
-4.69440131972	-1586.84075825	
-4.6974454621	-1586.84075824	
-4.70048036579	-1586.84075823	
-4.70350608671	-1586.84075822	
-4.70652268025	-1586.84075821	
-4.70953020131	-1586.8407582	
-4.71252870431	-1586.84075819	
-4.71551824316	-1586.84075818	
-4.7184988713	-1586.84075816	
-4.72147064168	-1586.84075815	
-4.72443360681	-1586.84075814	
-4.72738781871	-1586.84075813	
-4.73033332894	-1586.84075812	
-4.73327018862	-1586.84075811	
-4.73619844839	-1586.8407581	
-4.7391181585	-1586.84075809	
-4.74202936871	-1586.84075808	
-4.74493212836	-1586.84075807	
-4.74782648639	-1586.84075806	
-4.75071249128	-1586.84075805	
-4.75359019111	-1586.84075804	
-4.75645963353	-1586.84075803	
-4.75932086582	-1586.84075802	
-4.7621739348	-1586.840758	
-4.76501888693	-1586.84075799	
-4.76785576827	-1586.84075798	
-4.77068462447	-1586.84075797	
-4.77350550081	-1586.84075796	
-4.77631844218	-1586.84075795	
-4.77912349311	-1586.84075794	
-4.78192069773	-1586.84075793	
-4.78471009982	-1586.84075792	
-4.78749174278	-1586.84075791	
-4.79026566966	-1586.8407579	
-4.79303192316	-1586.84075789	
-4.7957905456	-1586.84075789	
-4.79854157897	-1586.84075788	
-4.80128506491	-1586.84075787	
-4.80402104473	-1586.84075786	
-4.80674955939	-1586.84075785	
-4.8094706495	-1586.84075784	
-4.81218435537	-1586.84075783	
-4.81489071697	-1586.84075782	
-4.81758977394	-1586.84075781	
-4.82028156561	-1586.8407578	
-4.82296613098	-1586.84075779	
-4.82564350875	-1586.84075778	
-4.8283137373	-1586.84075777	
-4.83097685472	-1586.84075776	
-4.83363289878	-1586.84075775	
-4.83628190695	-1586.84075774	
-4.83892391641	-1586.84075774	
-4.84155896405	-1586.84075773	
-4.84418708646	-1586.84075772	
-4.84680831994	-1586.84075771	
-4.84942270051	-1586.8407577	
-4.85203026392	-1586.84075769	
-4.85463104562	-1586.84075768	
-4.8572250808	-1586.84075767	
-4.85981240436	-1586.84075767	
-4.86239305096	-1586.84075766	
-4.86496705495	-1586.84075765	
-4.86753445046	-1586.84075764	
-4.87009527132	-1586.84075763	
-4.87264955112	-1586.84075762	
-4.8751973232	-1586.84075761	
-4.87773862063	-1586.84075761	
-4.88027347623	-1586.8407576	
-4.88280192259	-1586.84075759	
-4.88532399202	-1586.84075758	
-4.88783971662	-1586.84075757	
-4.89034912822	-1586.84075756	
-4.89285225844	-1586.84075756	
-4.89534913864	-1586.84075755	
-4.89783979995	-1586.84075754	
-4.90032427328	-1586.84075753	
-4.90280258929	-1586.84075752	
-4.90527477844	-1586.84075752	
-4.90774087093	-1586.84075751	
-4.91020089677	-1586.8407575	
-4.91265488574	-1586.84075749	
-4.91510286737	-1586.84075748	
-4.91754487103	-1586.84075748	
-4.91998092583	-1586.84075747	
-4.92241106068	-1586.84075746	
-4.92483530429	-1586.84075745	
-4.92725368516	-1586.84075744	
-4.92966623156	-1586.84075744	
-4.93207297159	-1586.84075743	
-4.93447393313	-1586.84075742	
-4.93686914386	-1586.84075741	
-4.93925863125	-1586.84075741	
-4.94164242261	-1586.8407574	
-4.94402054501	-1586.84075739	
-4.94639302537	-1586.84075738	
-4.94875989038	-1586.84075738	
-4.95112116656	-1586.84075737	
-4.95347688026	-1586.84075736	
-4.9558270576	-1586.84075735	
-4.95817172456	-1586.84075735	
-4.96051090691	-1586.84075734	
-4.96284463026	-1586.84075733	
-4.96517292002	-1586.84075733	
-4.96749580144	-1586.84075732	
-4.96981329958	-1586.84075731	
-4.97212543933	-1586.8407573	
-4.97443224543	-1586.8407573	
-4.97673374242	-1586.84075729	
-4.97902995468	-1586.84075728	
-4.98132090643	-1586.84075728	
-4.98360662171	-1586.84075727	
-4.98588712441	-1586.84075726	
-4.98816243824	-1586.84075725	
-4.99043258678	-1586.84075725	
-4.99269759341	-1586.84075724	
-4.99495748138	-1586.84075723	
-4.99721227376	-1586.84075723	
-4.9994619935	-1586.84075722	
-5.00170666335	-1586.84075721	
-5.00394630595	-1586.84075721	
-5.00618094375	-1586.8407572	
-5.00841059907	-1586.84075719	
-5.0106352941	-1586.84075719	
-5.01285505083	-1586.84075718	
-5.01506989116	-1586.84075717	
-5.01727983681	-1586.84075717	
-5.01948490937	-1586.84075716	
-5.02168513028	-1586.84075715	
-5.02388052085	-1586.84075715	
-5.02607110223	-1586.84075714	
-5.02825689545	-1586.84075713	
-5.03043792139	-1586.84075713	
-5.03261420082	-1586.84075712	
-5.03478575433	-1586.84075711	
-5.03695260241	-1586.84075711	
-5.03911476542	-1586.8407571	
-5.04127226356	-1586.8407571	
-5.04342511692	-1586.84075709	
-5.04557334546	-1586.84075708	
-5.047716969	-1586.84075708	
-5.04985600725	-1586.84075707	
-5.05199047978	-1586.84075706	
-5.05412040604	-1586.84075706	
-5.05624580535	-1586.84075705	
-5.05836669692	-1586.84075705	
-5.06048309982	-1586.84075704	
-5.06259503303	-1586.84075703	
-5.06470251537	-1586.84075703	
-5.06680556556	-1586.84075702	
-5.06890420222	-1586.84075702	
-5.07099844382	-1586.84075701	
-5.07308830874	-1586.840757	
-5.07517381523	-1586.840757	
-5.07725498144	-1586.84075699	
-5.07933182538	-1586.84075699	
-5.08140436498	-1586.84075698	
-5.08347261805	-1586.84075697	
-5.08553660227	-1586.84075697	
-5.08759633523	-1586.84075696	
-5.08965183441	-1586.84075696	
-5.09170311719	-1586.84075695	
-5.09375020081	-1586.84075694	
-5.09579310244	-1586.84075694	
-5.09783183913	-1586.84075693	
-5.09986642782	-1586.84075693	
-5.10189688537	-1586.84075692	
-5.10392322852	-1586.84075692	
-5.1059454739	-1586.84075691	
-5.10796363806	-1586.84075691	
-5.10997773743	-1586.8407569	
-5.11198778836	-1586.84075689	
-5.11399380708	-1586.84075689	
-5.11599580975	-1586.84075688	
-5.11799381242	-1586.84075688	
-5.11998783102	-1586.84075687	
-5.12197788143	-1586.84075687	
-5.1239639794	-1586.84075686	
-5.12594614061	-1586.84075686	
-5.12792438062	-1586.84075685	
-5.12989871492	-1586.84075684	
-5.13186915891	-1586.84075684	
-5.13383572788	-1586.84075683	
-5.13579843705	-1586.84075683	
-5.13775730154	-1586.84075682	
-5.13971233637	-1586.84075682	
-5.1416635565	-1586.84075681	
-5.14361097679	-1586.84075681	
-5.145554612	-1586.8407568	
-5.14749447681	-1586.8407568	
-5.14943058584	-1586.84075679	
-5.15136295359	-1586.84075679	
-5.1532915945	-1586.84075678	
-5.15521652291	-1586.84075678	
-5.15713775309	-1586.84075677	
-5.15905529921	-1586.84075677	
-5.1609691754	-1586.84075676	
-5.16287939565	-1586.84075676	
-5.16478597392	-1586.84075675	
-5.16668892407	-1586.84075675	
-5.16858825987	-1586.84075674	
-5.17048399504	-1586.84075674	
-5.17237614319	-1586.84075673	
-5.17426471788	-1586.84075673	
-5.17614973257	-1586.84075672	
-5.17803120067	-1586.84075672	
-5.1799091355	-1586.84075671	
-5.18178355029	-1586.84075671	
-5.18365445823	-1586.8407567	
-5.1855218724	-1586.8407567	
-5.18738580584	-1586.84075669	
-5.18924627149	-1586.84075669	
-5.19110328224	-1586.84075668	
-5.19295685089	-1586.84075668	
-5.19480699018	-1586.84075667	
-5.19665371277	-1586.84075667	
-5.19849703127	-1586.84075666	
-5.20033695819	-1586.84075666	
-5.202173506	-1586.84075665	
-5.20400668708	-1586.84075665	
-5.20583651375	-1586.84075664	
-5.20766299828	-1586.84075664	
-5.20948615284	-1586.84075663	
-5.21130598956	-1586.84075663	
-5.21312252048	-1586.84075662	
-5.21493575761	-1586.84075662	
-5.21674571285	-1586.84075662	
-5.21855239808	-1586.84075661	
-5.22035582508	-1586.84075661	
-5.22215600558	-1586.8407566	
-5.22395295126	-1586.8407566	
-5.22574667371	-1586.84075659	
-5.22753718449	-1586.84075659	
-5.22932449506	-1586.84075658	
-5.23110861685	-1586.84075658	
-5.23288956123	-1586.84075657	
-5.23466733947	-1586.84075657	
-5.23644196283	-1586.84075657	
-5.23821344248	-1586.84075656	
-5.23998178954	-1586.84075656	
-5.24174701506	-1586.84075655	
-5.24350913005	-1586.84075655	
-5.24526814546	-1586.84075654	
-5.24702407216	-1586.84075654	
-5.24877692099	-1586.84075653	
-5.25052670271	-1586.84075653	
-5.25227342805	-1586.84075653	
-5.25401710765	-1586.84075652	
-5.25575775213	-1586.84075652	
-5.25749537203	-1586.84075651	
-5.25922997784	-1586.84075651	
-5.26096158	-1586.8407565	
-5.2626901889	-1586.8407565	
-5.26441581487	-1586.8407565	
-5.26613846818	-1586.84075649	
-5.26785815906	-1586.84075649	
-5.26957489768	-1586.84075648	
-5.27128869416	-1586.84075648	
-5.27299955856	-1586.84075647	
-5.27470750091	-1586.84075647	
-5.27641253116	-1586.84075647	
-5.27811465923	-1586.84075646	
-5.27981389498	-1586.84075646	
-5.28151024823	-1586.84075645	
-5.28320372874	-1586.84075645	
-5.28489434622	-1586.84075645	
-5.28658211033	-1586.84075644	
-5.28826703069	-1586.84075644	
-5.28994911688	-1586.84075643	
-5.2916283784	-1586.84075643	
-5.29330482472	-1586.84075643	
-5.29497846528	-1586.84075642	
-5.29664930945	-1586.84075642	
-5.29831736655	-1586.84075641	
-5.29998264587	-1586.84075641	
-5.30164515664	-1586.84075641	
-5.30330490806	-1586.8407564	
-5.30496190927	-1586.8407564	
-5.30661616936	-1586.84075639	
-5.3082676974	-1586.84075639	
-5.30991650239	-1586.84075639	
-5.3115625933	-1586.84075638	
-5.31320597904	-1586.84075638	
-5.3148466685	-1586.84075637	
-5.3164846705	-1586.84075637	
-5.31811999384	-1586.84075637	
-5.31975264727	-1586.84075636	
-5.32138263948	-1586.84075636	
-5.32300997914	-1586.84075636	
-5.32463467487	-1586.84075635	
-5.32625673524	-1586.84075635	
-5.32787616879	-1586.84075634	
-5.32949298402	-1586.84075634	
-5.33110718937	-1586.84075634	
-5.33271879327	-1586.84075633	
-5.33432780407	-1586.84075633	
-5.33593423012	-1586.84075633	
-5.3375380797	-1586.84075632	
-5.33913936107	-1586.84075632	
-5.34073808243	-1586.84075631	
-5.34233425196	-1586.84075631	
-5.3439278778	-1586.84075631	
-5.34551896803	-1586.8407563	
-5.34710753072	-1586.8407563	
-5.34869357387	-1586.8407563	
-5.35027710548	-1586.84075629	
-5.35185813348	-1586.84075629	
-5.35343666577	-1586.84075629	
-5.35501271022	-1586.84075628	
-5.35658627467	-1586.84075628	
-5.3581573669	-1586.84075627	
-5.35972599468	-1586.84075627	
-5.36129216571	-1586.84075627	
-5.36285588769	-1586.84075626	
-5.36441716825	-1586.84075626	
-5.36597601502	-1586.84075626	
-5.36753243557	-1586.84075625	
-5.36908643744	-1586.84075625	
-5.37063802813	-1586.84075625	
-5.37218721511	-1586.84075624	
-5.37373400583	-1586.84075624	
-5.37527840768	-1586.84075624	
-5.37682042804	-1586.84075623	
-5.37836007422	-1586.84075623	
-5.37989735354	-1586.84075623	
-5.38143227326	-1586.84075622	
-5.38296484061	-1586.84075622	
-5.38449506279	-1586.84075622	
-5.38602294697	-1586.84075621	
-5.38754850028	-1586.84075621	
-5.38907172982	-1586.84075621	
-5.39059264266	-1586.8407562	
-5.39211124583	-1586.8407562	
-5.39362754635	-1586.8407562	
-5.39514155118	-1586.84075619	
-5.39665326727	-1586.84075619	
-5.39816270152	-1586.84075619	
-5.39966986081	-1586.84075618	
-5.40117475199	-1586.84075618	
-5.40267738187	-1586.84075618	
-5.40417775725	-1586.84075617	
-5.40567588487	-1586.84075617	
-5.40717177146	-1586.84075617	
-5.40866542372	-1586.84075616	
-5.4101568483	-1586.84075616	
-5.41164605186	-1586.84075616	
-5.41313304098	-1586.84075615	
-5.41461782224	-1586.84075615	
-5.4161004022	-1586.84075615	
-5.41758078737	-1586.84075614	
-5.41905898424	-1586.84075614	
-5.42053499927	-1586.84075614	
-5.42200883889	-1586.84075613	
-5.4234805095	-1586.84075613	
-5.42495001748	-1586.84075613	
-5.42641736918	-1586.84075612	
-5.4278825709	-1586.84075612	
-5.42934562895	-1586.84075612	
-5.43080654959	-1586.84075611	
-5.43226533906	-1586.84075611	
-5.43372200355	-1586.84075611	
-5.43517654927	-1586.84075611	
-5.43662898235	-1586.8407561	
-5.43807930892	-1586.8407561	
-5.4395275351	-1586.8407561	
-5.44097366695	-1586.84075609	
-5.44241771052	-1586.84075609	
-5.44385967184	-1586.84075609	
-5.4452995569	-1586.84075608	
-5.44673737167	-1586.84075608	
-5.44817312209	-1586.84075608	
-5.44960681409	-1586.84075607	
-5.45103845357	-1586.84075607	
-5.45246804638	-1586.84075607	
-5.45389559837	-1586.84075607	
-5.45532111536	-1586.84075606	
-5.45674460314	-1586.84075606	
-5.45816606749	-1586.84075606	
-5.45958551414	-1586.84075605	
-5.46100294883	-1586.84075605	
-5.46241837723	-1586.84075605	
-5.46383180503	-1586.84075604	
-5.46524323786	-1586.84075604	
-5.46665268137	-1586.84075604	
-5.46806014114	-1586.84075604	
-5.46946562274	-1586.84075603	
-5.47086913175	-1586.84075603	
-5.47227067367	-1586.84075603	
-5.47367025403	-1586.84075602	
-5.47506787829	-1586.84075602	
-5.47646355193	-1586.84075602	
-5.47785728038	-1586.84075602	
-5.47924906905	-1586.84075601	
-5.48063892334	-1586.84075601	
-5.48202684862	-1586.84075601	
-5.48341285022	-1586.840756	
-5.48479693349	-1586.840756	
-5.48617910372	-1586.840756	
-5.48755936619	-1586.840756	
-5.48893772616	-1586.84075599	
-5.49031418887	-1586.84075599	
-5.49168875953	-1586.84075599	
-5.49306144334	-1586.84075598	
-5.49443224547	-1586.84075598	
-5.49580117108	-1586.84075598	
-5.49716822529	-1586.84075598	
-5.49853341322	-1586.84075597	
-5.49989673995	-1586.84075597	
-5.50125821054	-1586.84075597	
-5.50261783006	-1586.84075597	
-5.50397560352	-1586.84075596	
-5.50533153593	-1586.84075596	
-5.50668563228	-1586.84075596	
-5.50803789753	-1586.84075595	
-5.50938833663	-1586.84075595	
-5.5107369545	-1586.84075595	
-5.51208375605	-1586.84075595	
-5.51342874616	-1586.84075594	
-5.51477192971	-1586.84075594	
-5.51611331154	-1586.84075594	
-5.51745289646	-1586.84075594	
-5.51879068931	-1586.84075593	
-5.52012669485	-1586.84075593	
-5.52146091786	-1586.84075593	
-5.5227933631	-1586.84075593	
-5.52412403528	-1586.84075592	
-5.52545293913	-1586.84075592	
-5.52678007934	-1586.84075592	
-5.52810546058	-1586.84075591	
-5.52942908751	-1586.84075591	
-5.53075096477	-1586.84075591	
-5.53207109697	-1586.84075591	
-5.53338948873	-1586.8407559	
-5.53470614461	-1586.8407559	
-5.53602106919	-1586.8407559	
-5.53733426702	-1586.8407559	
-5.53864574262	-1586.84075589	
-5.5399555005	-1586.84075589	
-5.54126354516	-1586.84075589	
-5.54256988107	-1586.84075589	
-5.5438745127	-1586.84075588	
-5.54517744448	-1586.84075588	
-5.54647868084	-1586.84075588	
-5.54777822618	-1586.84075588	
-5.5490760849	-1586.84075587	
-5.55037226136	-1586.84075587	
-5.55166675992	-1586.84075587	
-5.55295958492	-1586.84075587	
-5.55425074069	-1586.84075586	
-5.55554023152	-1586.84075586	
-5.5568280617	-1586.84075586	
-5.55811423551	-1586.84075586	
-5.5593987572	-1586.84075585	
-5.56068163102	-1586.84075585	
-5.56196286117	-1586.84075585	
-5.56324245188	-1586.84075585	
-5.56452040732	-1586.84075584	
-5.56579673168	-1586.84075584	
-5.56707142911	-1586.84075584	
-5.56834450376	-1586.84075584	
-5.56961595975	-1586.84075583	
-5.57088580119	-1586.84075583	
-5.57215403218	-1586.84075583	
-5.57342065679	-1586.84075583	
-5.5746856791	-1586.84075582	
-5.57594910315	-1586.84075582	
-5.57721093297	-1586.84075582	
-5.57847117258	-1586.84075582	
-5.57972982599	-1586.84075582	
-5.58098689718	-1586.84075581	
-5.58224239012	-1586.84075581	
-5.58349630878	-1586.84075581	
-5.5847486571	-1586.84075581	
-5.585999439	-1586.8407558	
-5.5872486584	-1586.8407558	
-5.5884963192	-1586.8407558	
-5.58974242528	-1586.8407558	
-5.59098698051	-1586.84075579	
-5.59222998875	-1586.84075579	
-5.59347145384	-1586.84075579	
-5.5947113796	-1586.84075579	
-5.59594976985	-1586.84075578	
-5.59718662839	-1586.84075578	
-5.598421959	-1586.84075578	
-5.59965576545	-1586.84075578	
-5.60088805149	-1586.84075578	
-5.60211882088	-1586.84075577	
-5.60334807733	-1586.84075577	
-5.60457582457	-1586.84075577	
-5.6058020663	-1586.84075577	
-5.60702680619	-1586.84075576	
-5.60825004793	-1586.84075576	
-5.60947179518	-1586.84075576	
-5.61069205159	-1586.84075576	
-5.61191082078	-1586.84075576	
-5.61312810639	-1586.84075575	
-5.61434391201	-1586.84075575	
-5.61555824124	-1586.84075575	
-5.61677109767	-1586.84075575	
-5.61798248485	-1586.84075574	
-5.61919240636	-1586.84075574	
-5.62040086572	-1586.84075574	
-5.62160786647	-1586.84075574	
-5.62281341212	-1586.84075574	
-5.62401750619	-1586.84075573	
-5.62522015215	-1586.84075573	
-5.6264213535	-1586.84075573	
-5.62762111369	-1586.84075573	
-5.62881943618	-1586.84075572	
-5.63001632442	-1586.84075572	
-5.63121178182	-1586.84075572	
-5.63240581181	-1586.84075572	
-5.6335984178	-1586.84075572	
-5.63478960317	-1586.84075571	
-5.6359793713	-1586.84075571	
-5.63716772557	-1586.84075571	
-5.63835466933	-1586.84075571	
-5.63954020593	-1586.84075571	
-5.64072433869	-1586.8407557	
-5.64190707094	-1586.8407557	
-5.64308840598	-1586.8407557	
-5.64426834712	-1586.8407557	
-5.64544689764	-1586.84075569	
-5.64662406082	-1586.84075569	
-5.64779983991	-1586.84075569	
-5.64897423816	-1586.84075569	
-5.65014725882	-1586.84075569	
-5.65131890512	-1586.84075568	
-5.65248918027	-1586.84075568	
-5.65365808747	-1586.84075568	
-5.65482562993	-1586.84075568	
-5.65599181082	-1586.84075568	
-5.65715663332	-1586.84075567	
-5.65832010058	-1586.84075567	
-5.65948221576	-1586.84075567	
-5.660642982	-1586.84075567	
-5.66180240242	-1586.84075567	
-5.66296048014	-1586.84075566	
-5.66411721826	-1586.84075566	
-5.66527261989	-1586.84075566	
-5.66642668811	-1586.84075566	
-5.66757942599	-1586.84075566	
-5.6687308366	-1586.84075565	
-5.66988092298	-1586.84075565	
-5.67102968818	-1586.84075565	
-5.67217713524	-1586.84075565	
-5.67332326717	-1586.84075565	
-5.67446808699	-1586.84075564	
-5.67561159769	-1586.84075564	
-5.67675380227	-1586.84075564	
-5.6778947037	-1586.84075564	
-5.67903430497	-1586.84075564	
-5.68017260902	-1586.84075563	
-5.6813096188	-1586.84075563	
-5.68244533727	-1586.84075563	
-5.68357976734	-1586.84075563	
-5.68471291194	-1586.84075563	
-5.68584477397	-1586.84075562	
-5.68697535634	-1586.84075562	
-5.68810466194	-1586.84075562	
-5.68923269364	-1586.84075562	
-5.69035945432	-1586.84075562	
-5.69148494685	-1586.84075561	
-5.69260917406	-1586.84075561	
-5.6937321388	-1586.84075561	
-5.69485384391	-1586.84075561	
-5.69597429221	-1586.84075561	
-5.69709348651	-1586.8407556	
-5.69821142961	-1586.8407556	
-5.69932812431	-1586.8407556	
-5.70044357339	-1586.8407556	
-5.70155777963	-1586.8407556	
-5.7026707458	-1586.8407556	
-5.70378247466	-1586.84075559	
-5.70489296894	-1586.84075559	
-5.70600223139	-1586.84075559	
-5.70711026475	-1586.84075559	
-5.70821707172	-1586.84075559	
-5.70932265503	-1586.84075558	
-5.71042701737	-1586.84075558	
-5.71153016145	-1586.84075558	
-5.71263208993	-1586.84075558	
-5.71373280551	-1586.84075558	
-5.71483231084	-1586.84075558	
-5.71593060859	-1586.84075557	
-5.71702770141	-1586.84075557	
-5.71812359193	-1586.84075557	
-5.71921828279	-1586.84075557	
-5.72031177661	-1586.84075557	
-5.72140407601	-1586.84075556	
-5.72249518359	-1586.84075556	
-5.72358510195	-1586.84075556	
-5.72467383369	-1586.84075556	
-5.72576138137	-1586.84075556	
-5.72684774759	-1586.84075556	
-5.72793293489	-1586.84075555	
-5.72901694583	-1586.84075555	
-5.73009978297	-1586.84075555	
-5.73118144884	-1586.84075555	
-5.73226194598	-1586.84075555	
-5.7333412769	-1586.84075554	
-5.73441944412	-1586.84075554	
-5.73549645015	-1586.84075554	
-5.73657229748	-1586.84075554	
-5.73764698861	-1586.84075554	
-5.73872052602	-1586.84075554	
-5.73979291218	-1586.84075553	
-5.74086414956	-1586.84075553	
-5.74193424062	-1586.84075553	
-5.74300318781	-1586.84075553	
-5.74407099357	-1586.84075553	
-5.74513766034	-1586.84075552	
-5.74620319054	-1586.84075552	
-5.7472675866	-1586.84075552	
-5.74833085092	-1586.84075552	
-5.74939298591	-1586.84075552	
-5.75045399397	-1586.84075552	
-5.75151387748	-1586.84075551	
-5.75257263883	-1586.84075551	
-5.75363028038	-1586.84075551	
-5.75468680452	-1586.84075551	
-5.75574221359	-1586.84075551	
-5.75679650994	-1586.84075551	
-5.75784969593	-1586.8407555	
-5.75890177388	-1586.8407555	
-5.75995274612	-1586.8407555	
-5.76100261499	-1586.8407555	
-5.76205138278	-1586.8407555	
-5.76309905181	-1586.8407555	
-5.76414562438	-1586.84075549	
-5.76519110278	-1586.84075549	
-5.7662354893	-1586.84075549	
-5.76727878622	-1586.84075549	
-5.76832099579	-1586.84075549	
-5.7693621203	-1586.84075549	
-5.770402162	-1586.84075548	
-5.77144112313	-1586.84075548	
-5.77247900594	-1586.84075548	
-5.77351581267	-1586.84075548	
-5.77455154554	-1586.84075548	
-5.77558620679	-1586.84075548	
-5.77661979861	-1586.84075547	
-5.77765232322	-1586.84075547	
-5.77868378283	-1586.84075547	
-5.77971417962	-1586.84075547	
-5.78074351579	-1586.84075547	
-5.78177179352	-1586.84075547	
-5.78279901497	-1586.84075546	
-5.78382518233	-1586.84075546	
-5.78485029774	-1586.84075546	
-5.78587436337	-1586.84075546	
-5.78689738137	-1586.84075546	
-5.78791935386	-1586.84075546	
-5.788940283	-1586.84075545	
-5.7899601709	-1586.84075545	
-5.79097901969	-1586.84075545	
-5.79199683148	-1586.84075545	
-5.79301360838	-1586.84075545	
-5.7940293525	-1586.84075545	
-5.79504406593	-1586.84075545	
-5.79605775077	-1586.84075544	
-5.79707040908	-1586.84075544	
-5.79808204295	-1586.84075544	
-5.79909265446	-1586.84075544	
-5.80010224566	-1586.84075544	
-5.80111081862	-1586.84075544	
-5.80211837538	-1586.84075543	
-5.80312491799	-1586.84075543	
-5.80413044849	-1586.84075543	
-5.80513496892	-1586.84075543	
-5.80613848129	-1586.84075543	
-5.80714098764	-1586.84075543	
-5.80814248998	-1586.84075543	
-5.80914299031	-1586.84075542	
