# log_p 	 lnL 	 
0.0	-1709.31727681	
-0.287682072452	-1709.29085069	
-0.510825623766	-1709.28006529	
-0.69314718056	-1709.27874081	
-0.847297860387	-1709.28189889	
-0.980829253012	-1709.28702005	
-1.09861228867	-1709.29290613	
-1.20397280433	-1709.29899786	
-1.29928298413	-1709.30504078	
-1.38629436112	-1709.31092611	
-1.46633706879	-1709.31661425	
-1.54044504095	-1709.32209739	
-1.60943791243	-1709.32738123	
-1.67397643357	-1709.33247614	
-1.73460105539	-1709.33739306	
-1.79175946923	-1709.3421418	
-1.8458266905	-1709.34673052	
-1.89711998489	-1709.35116578	
-1.94591014906	-1709.35545276	
-1.99243016469	-1709.35959559	
-2.03688192726	-1709.36359764	
-2.07944154168	-1709.36746181	
-2.1202635362	-1709.37119067	
-2.15948424935	-1709.37478669	
-2.19722457734	-1709.37825228	
-2.23359222151	-1709.3815899	
-2.26868354132	-1709.38480212	
-2.30258509299	-1709.38789158	
-2.33537491582	-1709.39086107	
-2.36712361413	-1709.39371349	
-2.3978952728	-1709.39645184	
-2.42774823595	-1709.3990792	
-2.45673577282	-1709.40159873	
-2.48490664979	-1709.40401366	
-2.51230562398	-1709.40632722	
-2.53897387106	-1709.40854269	
-2.56494935746	-1709.41066334	
-2.59026716545	-1709.41269241	
-2.61495977804	-1709.41463314	
-2.63905732962	-1709.4164887	
-2.66258782703	-1709.41826223	
-2.68557734525	-1709.41995681	
-2.7080502011	-1709.42157545	
-2.73002910782	-1709.42312109	
-2.75153531304	-1709.42459658	
-2.77258872224	-1709.42600472	
-2.79320800944	-1709.42734819	
-2.81341071676	-1709.42862962	
-2.83321334406	-1709.42985153	
-2.85263142991	-1709.43101638	
-2.87167962488	-1709.4321265	
-2.8903717579	-1709.43318419	
-2.90872089656	-1709.43419162	
-2.92673940207	-1709.43515091	
-2.94443897917	-1709.43606408	
-2.96183072188	-1709.43693308	
-2.97892515524	-1709.43775976	
-2.99573227355	-1709.43854594	
-3.01226157551	-1709.43929332	
-3.02852209638	-1709.44000357	
-3.04452243772	-1709.44067825	
-3.06027079469	-1709.44131889	
-3.07577498123	-1709.44192693	
-3.09104245336	-1709.44250378	
-3.10608033072	-1709.44305075	
-3.12089541651	-1709.44356913	
-3.13549421593	-1709.44406012	
-3.14988295338	-1709.44452491	
-3.16406758837	-1709.44496461	
-3.17805383035	-1709.44538029	
-3.19184715248	-1709.44577297	
-3.20545280454	-1709.44614362	
-3.21887582487	-1709.44649319	
-3.23212105162	-1709.44682258	
-3.24519313319	-1709.44713263	
-3.25809653802	-1709.44742417	
-3.2708355638	-1709.44769799	
-3.28341434601	-1709.44795483	
-3.295836866	-1709.44819542	
-3.3081069586	-1709.44842043	
-3.32022831913	-1709.44863053	
-3.33220451018	-1709.44882635	
-3.34403896782	-1709.44900849	
-3.35573500759	-1709.44917752	
-3.36729582999	-1709.449334	
-3.37872452581	-1709.44947846	
-3.39002408106	-1709.4496114	
-3.40119738166	-1709.44973331	
-3.41224721785	-1709.44984464	
-3.42317628838	-1709.44994585	
-3.43398720449	-1709.45003736	
-3.4446824936	-1709.45011958	
-3.45526460293	-1709.45019289	
-3.4657359028	-1709.45025767	
-3.47609868984	-1709.45031428	
-3.48635519	-1709.45036306	
-3.49650756147	-1709.45040435	
-3.50655789732	-1709.45043844	
-3.51650822817	-1709.45046566	
-3.52636052462	-1709.45048628	
-3.53611669956	-1709.45050059	
-3.54577861047	-1709.45050885	
-3.55534806149	-1709.45051132	
-3.56482680544	-1709.45050824	
-3.57421654579	-1709.45049984	
-3.58351893846	-1709.45048636	
-3.59273559356	-1709.450468	
-3.60186807712	-1709.45044498	
-3.61091791264	-1709.4504175	
-3.61988658263	-1709.45038574	
-3.62877553004	-1709.45034989	
-3.63758615973	-1709.45031013	
-3.6463198397	-1709.45026662	
-3.65497790244	-1709.45021952	
-3.66356164613	-1709.450169	
-3.6720723358	-1709.4501152	
-3.68051120444	-1709.45005827	
-3.68887945411	-1709.44999834	
-3.69717825693	-1709.44993554	
-3.70540875607	-1709.44987001	
-3.7135720667	-1709.44980187	
-3.72166927694	-1709.44973122	
-3.72970144863	-1709.4496582	
-3.73766961828	-1709.44958289	
-3.74557479779	-1709.44950542	
-3.75341797525	-1709.44942587	
-3.76120011569	-1709.44934436	
-3.76892216179	-1709.44926095	
-3.77658503453	-1709.44917576	
-3.78418963392	-1709.44908886	
-3.79173683955	-1709.44900033	
-3.79922751128	-1709.44891026	
-3.80666248977	-1709.44881871	
-3.81404259707	-1709.44872577	
-3.82136863716	-1709.4486315	
-3.82864139649	-1709.44853598	
-3.83586164446	-1709.44843926	
-3.84303013394	-1709.4483414	
-3.85014760171	-1709.44824248	
-3.85721476893	-1709.44814255	
-3.86423234159	-1709.44804165	
-3.87120101091	-1709.44793985	
-3.87812145375	-1709.4478372	
-3.88499433304	-1709.44773375	
-3.89182029811	-1709.44762954	
-3.8985999851	-1709.44752462	
-3.90533401728	-1709.44741904	
-3.91202300543	-1709.44731283	
-3.91866754815	-1709.44720604	
-3.92526823218	-1709.44709871	
-3.93182563272	-1709.44699087	
-3.93834031375	-1709.44688257	
-3.94481282825	-1709.44677383	
-3.95124371858	-1709.44666469	
-3.95763351668	-1709.44655518	
-3.96398274436	-1709.44644534	
-3.97029191355	-1709.44633519	
-3.97656152657	-1709.44622476	
-3.98279207632	-1709.44611408	
-3.98898404656	-1709.44600318	
-3.99513791214	-1709.44589208	
-4.00125413916	-1709.4457808	
-4.00733318523	-1709.44566938	
-4.01337549969	-1709.44555783	
-4.01938152375	-1709.44544618	
-4.02535169074	-1709.44533444	
-4.03128642625	-1709.44522264	
-4.03718614838	-1709.44511079	
-4.04305126783	-1709.44499892	
-4.04888218815	-1709.44488704	
-4.05467930583	-1709.44477517	
-4.06044301055	-1709.44466333	
-4.06617368526	-1709.44455153	
-4.07187170637	-1709.44443979	
-4.07753744391	-1709.44432812	
-4.08317126162	-1709.44421654	
-4.08877351717	-1709.44410506	
-4.09434456222	-1709.44399369	
-4.0998847426	-1709.44388245	
-4.10539439841	-1709.44377134	
-4.11087386417	-1709.44366039	
-4.11632346894	-1709.44354959	
-4.12174353641	-1709.44343897	
-4.12713438505	-1709.44332852	
-4.13249632819	-1709.44321827	
-4.13782967416	-1709.44310822	
-4.14313472639	-1709.44299838	
-4.14841178349	-1709.44288875	
-4.15366113938	-1709.44277935	
-4.15888308336	-1709.44267019	
-4.16407790024	-1709.44256126	
-4.1692458704	-1709.44245259	
-4.1743872699	-1709.44234416	
-4.17950237056	-1709.44223601	
-4.18459144007	-1709.44212811	
-4.18965474203	-1709.4420205	
-4.19469253606	-1709.44191316	
-4.19970507788	-1709.44180611	
-4.20469261939	-1709.44169935	
-4.20965540873	-1709.44159288	
-4.21459369037	-1709.44148671	
-4.21950770518	-1709.44138085	
-4.22439769047	-1709.4412753	
-4.22926388012	-1709.44117006	
-4.2341065046	-1709.44106513	
-4.23892579103	-1709.44096053	
-4.2437219633	-1709.44085625	
-4.24849524205	-1709.4407523	
-4.25324584481	-1709.44064867	
-4.257973986	-1709.44054538	
-4.26267987704	-1709.44044243	
-4.26736372635	-1709.44033981	
-4.27202573946	-1709.44023753	
-4.27666611902	-1709.4401356	
-4.28128506487	-1709.44003401	
-4.28588277412	-1709.43993277	
-4.29045944115	-1709.43983188	
-4.29501525768	-1709.43973134	
-4.29955041285	-1709.43963115	
-4.3040650932	-1709.43953131	
-4.30855948279	-1709.43943183	
-4.31303376319	-1709.43933271	
-4.31748811354	-1709.43923394	
-4.3219227106	-1709.43913553	
-4.32633772881	-1709.43903748	
-4.33073334029	-1709.43893979	
-4.33510971489	-1709.43884246	
-4.33946702026	-1709.43874549	
-4.34380542185	-1709.43864889	
-4.348125083	-1709.43855265	
-4.3524261649	-1709.43845677	
-4.35670882669	-1709.43836125	
-4.36097322548	-1709.4382661	
-4.36521951636	-1709.43817131	
-4.36944785247	-1709.43807689	
-4.373658385	-1709.43798283	
-4.37785126326	-1709.43788913	
-4.38202663467	-1709.4377958	
-4.38618464482	-1709.43770283	
-4.39032543749	-1709.43761022	
-4.39444915467	-1709.43751798	
-4.39855593663	-1709.4374261	
-4.40264592188	-1709.43733459	
-4.40671924726	-1709.43724343	
-4.41077604796	-1709.43715264	
-4.4148164575	-1709.43706221	
-4.4188406078	-1709.43697214	
-4.42284862919	-1709.43688243	
-4.42684065046	-1709.43679308	
-4.43081679884	-1709.43670409	
-4.43477720006	-1709.43661546	
-4.43872197835	-1709.43652718	
-4.44265125649	-1709.43643926	
-4.44656515581	-1709.4363517	
-4.45046379623	-1709.43626449	
-4.45434729625	-1709.43617763	
-4.45821577303	-1709.43609113	
-4.46206934235	-1709.43600499	
-4.46590811865	-1709.43591919	
-4.46973221509	-1709.43583374	
-4.47354174351	-1709.43574864	
-4.47733681448	-1709.4356639	
-4.48111753732	-1709.43557949	
-4.48488402011	-1709.43549544	
-4.48863636973	-1709.43541173	
-4.49237469184	-1709.43532836	
-4.49609909093	-1709.43524534	
-4.49980967033	-1709.43516266	
-4.50350653221	-1709.43508032	
-4.50718977763	-1709.43499832	
-4.51085950652	-1709.43491666	
-4.51451581772	-1709.43483533	
-4.518158809	-1709.43475434	
-4.52178857705	-1709.43467369	
-4.52540521752	-1709.43459337	
-4.52900882502	-1709.43451338	
-4.53259949315	-1709.43443372	
-4.5361773145	-1709.43435439	
-4.53974238067	-1709.43427539	
-4.54329478227	-1709.43419672	
-4.54683460898	-1709.43411837	
-4.55036194949	-1709.43404035	
-4.5538768916	-1709.43396265	
-4.55737952215	-1709.43388527	
-4.56086992709	-1709.43380821	
-4.56434819147	-1709.43373148	
-4.56781439944	-1709.43365506	
-4.57126863431	-1709.43357895	
-4.5747109785	-1709.43350316	
-4.5781415136	-1709.43342769	
-4.58156032035	-1709.43335253	
-4.58496747867	-1709.43327768	
-4.58836306767	-1709.43320313	
-4.59174716566	-1709.4331289	
-4.59511985013	-1709.43305497	
-4.59848119784	-1709.43298135	
-4.60183128472	-1709.43290804	
-4.60517018599	-1709.43283502	
-4.60849797608	-1709.43276231	
-4.61181472871	-1709.4326899	
-4.61512051684	-1709.43261779	
-4.61841541274	-1709.43254597	
-4.62169948794	-1709.43247445	
-4.62497281328	-1709.43240322	
-4.62823545892	-1709.43233229	
-4.63148749431	-1709.43226165	
-4.63472898823	-1709.4321913	
-4.63796000881	-1709.43212124	
-4.64118062351	-1709.43205147	
-4.64439089914	-1709.43198198	
-4.64759090187	-1709.43191278	
-4.65078069724	-1709.43184386	
-4.65396035016	-1709.43177522	
-4.65712992492	-1709.43170687	
-4.66028948521	-1709.43163879	
-4.66343909411	-1709.431571	
-4.66657881412	-1709.43150348	
-4.66970870713	-1709.43143623	
-4.67282883446	-1709.43136926	
-4.67593925688	-1709.43130256	
-4.67904003455	-1709.43123613	
-4.68213122712	-1709.43116998	
-4.68521289366	-1709.43110409	
-4.6882850927	-1709.43103847	
-4.69134788223	-1709.43097311	
-4.69440131972	-1709.43090802	
-4.6974454621	-1709.4308432	
-4.70048036579	-1709.43077863	
-4.70350608671	-1709.43071433	
-4.70652268025	-1709.43065029	
-4.70953020131	-1709.4305865	
-4.71252870431	-1709.43052297	
-4.71551824316	-1709.4304597	
-4.7184988713	-1709.43039668	
-4.72147064168	-1709.43033392	
-4.72443360681	-1709.4302714	
-4.72738781871	-1709.43020914	
-4.73033332894	-1709.43014713	
-4.73327018862	-1709.43008536	
-4.73619844839	-1709.43002384	
-4.7391181585	-1709.42996257	
-4.74202936871	-1709.42990154	
-4.74493212836	-1709.42984075	
-4.74782648639	-1709.42978021	
-4.75071249128	-1709.4297199	
-4.75359019111	-1709.42965984	
-4.75645963353	-1709.42960001	
-4.75932086582	-1709.42954042	
-4.7621739348	-1709.42948107	
-4.76501888693	-1709.42942195	
-4.76785576827	-1709.42936306	
-4.77068462447	-1709.42930441	
-4.77350550081	-1709.42924598	
-4.77631844218	-1709.42918779	
-4.77912349311	-1709.42912983	
-4.78192069773	-1709.42907209	
-4.78471009982	-1709.42901458	
-4.78749174278	-1709.42895729	
-4.79026566966	-1709.42890023	
-4.79303192316	-1709.42884339	
-4.7957905456	-1709.42878677	
-4.79854157897	-1709.42873037	
-4.80128506491	-1709.42867419	
-4.80402104473	-1709.42861823	
-4.80674955939	-1709.42856249	
-4.8094706495	-1709.42850696	
-4.81218435537	-1709.42845165	
-4.81489071697	-1709.42839655	
-4.81758977394	-1709.42834166	
-4.82028156561	-1709.42828699	
-4.82296613098	-1709.42823252	
-4.82564350875	-1709.42817827	
-4.8283137373	-1709.42812422	
-4.83097685472	-1709.42807038	
-4.83363289878	-1709.42801675	
-4.83628190695	-1709.42796332	
-4.83892391641	-1709.4279101	
-4.84155896405	-1709.42785708	
-4.84418708646	-1709.42780426	
-4.84680831994	-1709.42775164	
-4.84942270051	-1709.42769922	
-4.85203026392	-1709.427647	
-4.85463104562	-1709.42759498	
-4.8572250808	-1709.42754316	
-4.85981240436	-1709.42749153	
-4.86239305096	-1709.42744009	
-4.86496705495	-1709.42738885	
-4.86753445046	-1709.42733781	
-4.87009527132	-1709.42728695	
-4.87264955112	-1709.42723629	
-4.8751973232	-1709.42718581	
-4.87773862063	-1709.42713552	
-4.88027347623	-1709.42708543	
-4.88280192259	-1709.42703552	
-4.88532399202	-1709.42698579	
-4.88783971662	-1709.42693625	
-4.89034912822	-1709.4268869	
-4.89285225844	-1709.42683772	
-4.89534913864	-1709.42678874	
-4.89783979995	-1709.42673993	
-4.90032427328	-1709.4266913	
-4.90280258929	-1709.42664285	
-4.90527477844	-1709.42659458	
-4.90774087093	-1709.42654649	
-4.91020089677	-1709.42649857	
-4.91265488574	-1709.42645083	
-4.91510286737	-1709.42640327	
-4.91754487103	-1709.42635588	
-4.91998092583	-1709.42630866	
-4.92241106068	-1709.42626162	
-4.92483530429	-1709.42621474	
-4.92725368516	-1709.42616804	
-4.92966623156	-1709.42612151	
-4.93207297159	-1709.42607515	
-4.93447393313	-1709.42602895	
-4.93686914386	-1709.42598292	
-4.93925863125	-1709.42593706	
-4.94164242261	-1709.42589136	
-4.94402054501	-1709.42584583	
-4.94639302537	-1709.42580047	
-4.94875989038	-1709.42575526	
-4.95112116656	-1709.42571022	
-4.95347688026	-1709.42566534	
-4.9558270576	-1709.42562062	
-4.95817172456	-1709.42557606	
-4.96051090691	-1709.42553166	
-4.96284463026	-1709.42548741	
-4.96517292002	-1709.42544333	
-4.96749580144	-1709.4253994	
-4.96981329958	-1709.42535563	
-4.97212543933	-1709.42531201	
-4.97443224543	-1709.42526855	
-4.97673374242	-1709.42522524	
-4.97902995468	-1709.42518208	
-4.98132090643	-1709.42513907	
-4.98360662171	-1709.42509622	
-4.98588712441	-1709.42505352	
-4.98816243824	-1709.42501097	
-4.99043258678	-1709.42496856	
-4.99269759341	-1709.42492631	
-4.99495748138	-1709.4248842	
-4.99721227376	-1709.42484224	
-4.9994619935	-1709.42480042	
-5.00170666335	-1709.42475875	
-5.00394630595	-1709.42471723	
-5.00618094375	-1709.42467585	
-5.00841059907	-1709.42463461	
-5.0106352941	-1709.42459352	
-5.01285505083	-1709.42455257	
-5.01506989116	-1709.42451175	
-5.01727983681	-1709.42447108	
-5.01948490937	-1709.42443055	
-5.02168513028	-1709.42439016	
-5.02388052085	-1709.42434991	
-5.02607110223	-1709.42430979	
-5.02825689545	-1709.42426982	
-5.03043792139	-1709.42422997	
-5.03261420082	-1709.42419027	
-5.03478575433	-1709.4241507	
-5.03695260241	-1709.42411126	
-5.03911476542	-1709.42407196	
-5.04127226356	-1709.42403279	
-5.04342511692	-1709.42399376	
-5.04557334546	-1709.42395485	
-5.047716969	-1709.42391608	
-5.04985600725	-1709.42387744	
-5.05199047978	-1709.42383893	
-5.05412040604	-1709.42380054	
-5.05624580535	-1709.42376229	
-5.05836669692	-1709.42372417	
-5.06048309982	-1709.42368617	
-5.06259503303	-1709.4236483	
-5.06470251537	-1709.42361055	
-5.06680556556	-1709.42357294	
-5.06890420222	-1709.42353544	
-5.07099844382	-1709.42349807	
-5.07308830874	-1709.42346083	
-5.07517381523	-1709.42342371	
-5.07725498144	-1709.42338671	
-5.07933182538	-1709.42334984	
-5.08140436498	-1709.42331308	
-5.08347261805	-1709.42327645	
-5.08553660227	-1709.42323994	
-5.08759633523	-1709.42320354	
-5.08965183441	-1709.42316727	
-5.09170311719	-1709.42313112	
-5.09375020081	-1709.42309508	
-5.09579310244	-1709.42305916	
-5.09783183913	-1709.42302336	
-5.09986642782	-1709.42298768	
-5.10189688537	-1709.42295211	
-5.10392322852	-1709.42291666	
-5.1059454739	-1709.42288132	
-5.10796363806	-1709.4228461	
-5.10997773743	-1709.42281099	
-5.11198778836	-1709.42277599	
-5.11399380708	-1709.42274111	
-5.11599580975	-1709.42270634	
-5.11799381242	-1709.42267168	
-5.11998783102	-1709.42263713	
-5.12197788143	-1709.4226027	
-5.1239639794	-1709.42256837	
-5.12594614061	-1709.42253416	
-5.12792438062	-1709.42250005	
-5.12989871492	-1709.42246605	
-5.13186915891	-1709.42243216	
-5.13383572788	-1709.42239838	
-5.13579843705	-1709.42236471	
-5.13775730154	-1709.42233114	
-5.13971233637	-1709.42229768	
-5.1416635565	-1709.42226432	
-5.14361097679	-1709.42223107	
-5.145554612	-1709.42219793	
-5.14749447681	-1709.42216489	
-5.14943058584	-1709.42213195	
-5.15136295359	-1709.42209912	
-5.1532915945	-1709.42206639	
-5.15521652291	-1709.42203376	
-5.15713775309	-1709.42200123	
-5.15905529921	-1709.42196881	
-5.1609691754	-1709.42193649	
-5.16287939565	-1709.42190426	
-5.16478597392	-1709.42187214	
-5.16668892407	-1709.42184012	
-5.16858825987	-1709.4218082	
-5.17048399504	-1709.42177637	
-5.17237614319	-1709.42174465	
-5.17426471788	-1709.42171302	
-5.17614973257	-1709.42168149	
-5.17803120067	-1709.42165006	
-5.1799091355	-1709.42161872	
-5.18178355029	-1709.42158748	
-5.18365445823	-1709.42155634	
-5.1855218724	-1709.42152529	
-5.18738580584	-1709.42149434	
-5.18924627149	-1709.42146348	
-5.19110328224	-1709.42143271	
-5.19295685089	-1709.42140204	
-5.19480699018	-1709.42137147	
-5.19665371277	-1709.42134098	
-5.19849703127	-1709.42131059	
-5.20033695819	-1709.42128029	
-5.202173506	-1709.42125008	
-5.20400668708	-1709.42121997	
-5.20583651375	-1709.42118994	
-5.20766299828	-1709.42116	
-5.20948615284	-1709.42113016	
-5.21130598956	-1709.4211004	
-5.21312252048	-1709.42107074	
-5.21493575761	-1709.42104116	
-5.21674571285	-1709.42101167	
-5.21855239808	-1709.42098227	
-5.22035582508	-1709.42095296	
-5.22215600558	-1709.42092373	
-5.22395295126	-1709.4208946	
-5.22574667371	-1709.42086554	
-5.22753718449	-1709.42083658	
-5.22932449506	-1709.4208077	
-5.23110861685	-1709.4207789	
-5.23288956123	-1709.4207502	
-5.23466733947	-1709.42072157	
-5.23644196283	-1709.42069303	
-5.23821344248	-1709.42066458	
-5.23998178954	-1709.42063621	
-5.24174701506	-1709.42060792	
-5.24350913005	-1709.42057971	
-5.24526814546	-1709.42055159	
-5.24702407216	-1709.42052355	
-5.24877692099	-1709.42049559	
-5.25052670271	-1709.42046771	
-5.25227342805	-1709.42043992	
-5.25401710765	-1709.4204122	
-5.25575775213	-1709.42038457	
-5.25749537203	-1709.42035702	
-5.25922997784	-1709.42032954	
-5.26096158	-1709.42030215	
-5.2626901889	-1709.42027483	
-5.26441581487	-1709.42024759	
-5.26613846818	-1709.42022044	
-5.26785815906	-1709.42019336	
-5.26957489768	-1709.42016636	
-5.27128869416	-1709.42013943	
-5.27299955856	-1709.42011258	
-5.27470750091	-1709.42008581	
-5.27641253116	-1709.42005912	
-5.27811465923	-1709.4200325	
-5.27981389498	-1709.42000596	
-5.28151024823	-1709.4199795	
-5.28320372874	-1709.41995311	
-5.28489434622	-1709.41992679	
-5.28658211033	-1709.41990055	
-5.28826703069	-1709.41987438	
-5.28994911688	-1709.41984829	
-5.2916283784	-1709.41982227	
-5.29330482472	-1709.41979633	
-5.29497846528	-1709.41977046	
-5.29664930945	-1709.41974466	
-5.29831736655	-1709.41971893	
-5.29998264587	-1709.41969328	
-5.30164515664	-1709.4196677	
-5.30330490806	-1709.41964219	
-5.30496190927	-1709.41961675	
-5.30661616936	-1709.41959138	
-5.3082676974	-1709.41956608	
-5.30991650239	-1709.41954085	
-5.3115625933	-1709.4195157	
-5.31320597904	-1709.41949061	
-5.3148466685	-1709.4194656	
-5.3164846705	-1709.41944065	
-5.31811999384	-1709.41941577	
-5.31975264727	-1709.41939096	
-5.32138263948	-1709.41936622	
-5.32300997914	-1709.41934155	
-5.32463467487	-1709.41931694	
-5.32625673524	-1709.4192924	
-5.32787616879	-1709.41926793	
-5.32949298402	-1709.41924353	
-5.33110718937	-1709.4192192	
-5.33271879327	-1709.41919493	
-5.33432780407	-1709.41917072	
-5.33593423012	-1709.41914659	
-5.3375380797	-1709.41912252	
-5.33913936107	-1709.41909851	
-5.34073808243	-1709.41907457	
-5.34233425196	-1709.4190507	
-5.3439278778	-1709.41902689	
-5.34551896803	-1709.41900314	
-5.34710753072	-1709.41897946	
-5.34869357387	-1709.41895584	
-5.35027710548	-1709.41893229	
-5.35185813348	-1709.4189088	
-5.35343666577	-1709.41888537	
-5.35501271022	-1709.41886201	
-5.35658627467	-1709.41883871	
-5.3581573669	-1709.41881547	
-5.35972599468	-1709.41879229	
-5.36129216571	-1709.41876918	
-5.36285588769	-1709.41874613	
-5.36441716825	-1709.41872314	
-5.36597601502	-1709.41870021	
-5.36753243557	-1709.41867734	
-5.36908643744	-1709.41865453	
-5.37063802813	-1709.41863178	
-5.37218721511	-1709.4186091	
-5.37373400583	-1709.41858647	
-5.37527840768	-1709.4185639	
-5.37682042804	-1709.4185414	
-5.37836007422	-1709.41851895	
-5.37989735354	-1709.41849656	
-5.38143227326	-1709.41847423	
-5.38296484061	-1709.41845196	
-5.38449506279	-1709.41842975	
-5.38602294697	-1709.41840759	
-5.38754850028	-1709.4183855	
-5.38907172982	-1709.41836346	
-5.39059264266	-1709.41834148	
-5.39211124583	-1709.41831956	
-5.39362754635	-1709.41829769	
-5.39514155118	-1709.41827588	
-5.39665326727	-1709.41825413	
-5.39816270152	-1709.41823243	
-5.39966986081	-1709.41821079	
-5.40117475199	-1709.41818921	
-5.40267738187	-1709.41816768	
-5.40417775725	-1709.41814621	
-5.40567588487	-1709.41812479	
-5.40717177146	-1709.41810343	
-5.40866542372	-1709.41808212	
-5.4101568483	-1709.41806087	
-5.41164605186	-1709.41803967	
-5.41313304098	-1709.41801853	
-5.41461782224	-1709.41799744	
-5.4161004022	-1709.41797641	
-5.41758078737	-1709.41795543	
-5.41905898424	-1709.4179345	
-5.42053499927	-1709.41791363	
-5.42200883889	-1709.41789281	
-5.4234805095	-1709.41787204	
-5.42495001748	-1709.41785132	
-5.42641736918	-1709.41783066	
-5.4278825709	-1709.41781005	
-5.42934562895	-1709.4177895	
-5.43080654959	-1709.41776899	
-5.43226533906	-1709.41774854	
-5.43372200355	-1709.41772813	
-5.43517654927	-1709.41770778	
-5.43662898235	-1709.41768748	
-5.43807930892	-1709.41766723	
-5.4395275351	-1709.41764704	
-5.44097366695	-1709.41762689	
-5.44241771052	-1709.41760679	
-5.44385967184	-1709.41758675	
-5.4452995569	-1709.41756675	
-5.44673737167	-1709.4175468	
-5.44817312209	-1709.41752691	
-5.44960681409	-1709.41750706	
-5.45103845357	-1709.41748726	
-5.45246804638	-1709.41746751	
-5.45389559837	-1709.41744781	
-5.45532111536	-1709.41742816	
-5.45674460314	-1709.41740856	
-5.45816606749	-1709.41738901	
-5.45958551414	-1709.4173695	
-5.46100294883	-1709.41735005	
-5.46241837723	-1709.41733064	
-5.46383180503	-1709.41731128	
-5.46524323786	-1709.41729196	
-5.46665268137	-1709.4172727	
-5.46806014114	-1709.41725348	
-5.46946562274	-1709.4172343	
-5.47086913175	-1709.41721518	
-5.47227067367	-1709.4171961	
-5.47367025403	-1709.41717707	
-5.47506787829	-1709.41715808	
-5.47646355193	-1709.41713915	
-5.47785728038	-1709.41712025	
-5.47924906905	-1709.4171014	
-5.48063892334	-1709.4170826	
-5.48202684862	-1709.41706385	
-5.48341285022	-1709.41704514	
-5.48479693349	-1709.41702647	
-5.48617910372	-1709.41700785	
-5.48755936619	-1709.41698928	
-5.48893772616	-1709.41697075	
-5.49031418887	-1709.41695226	
-5.49168875953	-1709.41693382	
-5.49306144334	-1709.41691542	
-5.49443224547	-1709.41689707	
-5.49580117108	-1709.41687876	
-5.49716822529	-1709.4168605	
-5.49853341322	-1709.41684227	
-5.49989673995	-1709.4168241	
-5.50125821054	-1709.41680596	
-5.50261783006	-1709.41678787	
-5.50397560352	-1709.41676982	
-5.50533153593	-1709.41675182	
-5.50668563228	-1709.41673385	
-5.50803789753	-1709.41671593	
-5.50938833663	-1709.41669806	
-5.5107369545	-1709.41668022	
-5.51208375605	-1709.41666243	
-5.51342874616	-1709.41664468	
-5.51477192971	-1709.41662697	
-5.51611331154	-1709.4166093	
-5.51745289646	-1709.41659168	
-5.51879068931	-1709.41657409	
-5.52012669485	-1709.41655655	
-5.52146091786	-1709.41653905	
-5.5227933631	-1709.41652158	
-5.52412403528	-1709.41650416	
-5.52545293913	-1709.41648679	
-5.52678007934	-1709.41646945	
-5.52810546058	-1709.41645215	
-5.52942908751	-1709.41643489	
-5.53075096477	-1709.41641767	
-5.53207109697	-1709.41640049	
-5.53338948873	-1709.41638336	
-5.53470614461	-1709.41636626	
-5.53602106919	-1709.4163492	
-5.53733426702	-1709.41633218	
-5.53864574262	-1709.4163152	
-5.5399555005	-1709.41629826	
-5.54126354516	-1709.41628136	
-5.54256988107	-1709.4162645	
-5.5438745127	-1709.41624767	
-5.54517744448	-1709.41623089	
-5.54647868084	-1709.41621414	
-5.54777822618	-1709.41619743	
-5.5490760849	-1709.41618076	
-5.55037226136	-1709.41616413	
-5.55166675992	-1709.41614754	
-5.55295958492	-1709.41613098	
-5.55425074069	-1709.41611446	
-5.55554023152	-1709.41609798	
-5.5568280617	-1709.41608154	
-5.55811423551	-1709.41606513	
-5.5593987572	-1709.41604876	
-5.56068163102	-1709.41603243	
-5.56196286117	-1709.41601614	
-5.56324245188	-1709.41599988	
-5.56452040732	-1709.41598366	
-5.56579673168	-1709.41596748	
-5.56707142911	-1709.41595133	
-5.56834450376	-1709.41593522	
-5.56961595975	-1709.41591915	
-5.57088580119	-1709.41590311	
-5.57215403218	-1709.4158871	
-5.57342065679	-1709.41587114	
-5.5746856791	-1709.41585521	
-5.57594910315	-1709.41583931	
-5.57721093297	-1709.41582345	
-5.57847117258	-1709.41580763	
-5.57972982599	-1709.41579184	
-5.58098689718	-1709.41577609	
-5.58224239012	-1709.41576037	
-5.58349630878	-1709.41574468	
-5.5847486571	-1709.41572904	
-5.585999439	-1709.41571342	
-5.5872486584	-1709.41569784	
-5.5884963192	-1709.4156823	
-5.58974242528	-1709.41566679	
-5.59098698051	-1709.41565131	
-5.59222998875	-1709.41563587	
-5.59347145384	-1709.41562046	
-5.5947113796	-1709.41560509	
-5.59594976985	-1709.41558975	
-5.59718662839	-1709.41557444	
-5.598421959	-1709.41555917	
-5.59965576545	-1709.41554393	
-5.60088805149	-1709.41552872	
-5.60211882088	-1709.41551355	
-5.60334807733	-1709.41549841	
-5.60457582457	-1709.41548331	
-5.6058020663	-1709.41546823	
-5.60702680619	-1709.41545319	
-5.60825004793	-1709.41543818	
-5.60947179518	-1709.41542321	
-5.61069205159	-1709.41540827	
-5.61191082078	-1709.41539336	
-5.61312810639	-1709.41537848	
-5.61434391201	-1709.41536363	
-5.61555824124	-1709.41534882	
-5.61677109767	-1709.41533404	
-5.61798248485	-1709.41531929	
-5.61919240636	-1709.41530457	
-5.62040086572	-1709.41528989	
-5.62160786647	-1709.41527523	
-5.62281341212	-1709.41526061	
-5.62401750619	-1709.41524602	
-5.62522015215	-1709.41523146	
-5.6264213535	-1709.41521693	
-5.62762111369	-1709.41520243	
-5.62881943618	-1709.41518797	
-5.63001632442	-1709.41517353	
-5.63121178182	-1709.41515913	
-5.63240581181	-1709.41514475	
-5.6335984178	-1709.41513041	
-5.63478960317	-1709.4151161	
-5.6359793713	-1709.41510181	
-5.63716772557	-1709.41508756	
-5.63835466933	-1709.41507334	
-5.63954020593	-1709.41505915	
-5.64072433869	-1709.41504499	
-5.64190707094	-1709.41503085	
-5.64308840598	-1709.41501675	
-5.64426834712	-1709.41500268	
-5.64544689764	-1709.41498864	
-5.64662406082	-1709.41497463	
-5.64779983991	-1709.41496064	
-5.64897423816	-1709.41494669	
-5.65014725882	-1709.41493276	
-5.65131890512	-1709.41491887	
-5.65248918027	-1709.414905	
-5.65365808747	-1709.41489116	
-5.65482562993	-1709.41487736	
-5.65599181082	-1709.41486358	
-5.65715663332	-1709.41484983	
-5.65832010058	-1709.4148361	
-5.65948221576	-1709.41482241	
-5.660642982	-1709.41480875	
-5.66180240242	-1709.41479511	
-5.66296048014	-1709.4147815	
-5.66411721826	-1709.41476792	
-5.66527261989	-1709.41475437	
-5.66642668811	-1709.41474085	
-5.66757942599	-1709.41472735	
-5.6687308366	-1709.41471388	
-5.66988092298	-1709.41470044	
-5.67102968818	-1709.41468703	
-5.67217713524	-1709.41467365	
-5.67332326717	-1709.41466029	
-5.67446808699	-1709.41464696	
-5.67561159769	-1709.41463366	
-5.67675380227	-1709.41462038	
-5.6778947037	-1709.41460714	
-5.67903430497	-1709.41459391	
-5.68017260902	-1709.41458072	
-5.6813096188	-1709.41456755	
-5.68244533727	-1709.41455442	
-5.68357976734	-1709.4145413	
-5.68471291194	-1709.41452822	
-5.68584477397	-1709.41451516	
-5.68697535634	-1709.41450212	
-5.68810466194	-1709.41448912	
-5.68923269364	-1709.41447614	
-5.69035945432	-1709.41446318	
-5.69148494685	-1709.41445026	
-5.69260917406	-1709.41443736	
-5.6937321388	-1709.41442448	
-5.69485384391	-1709.41441163	
-5.69597429221	-1709.41439881	
-5.69709348651	-1709.41438601	
-5.69821142961	-1709.41437324	
-5.69932812431	-1709.41436049	
-5.70044357339	-1709.41434777	
-5.70155777963	-1709.41433508	
-5.7026707458	-1709.41432241	
-5.70378247466	-1709.41430977	
-5.70489296894	-1709.41429715	
-5.70600223139	-1709.41428455	
-5.70711026475	-1709.41427199	
-5.70821707172	-1709.41425944	
-5.70932265503	-1709.41424692	
-5.71042701737	-1709.41423443	
-5.71153016145	-1709.41422196	
-5.71263208993	-1709.41420952	
-5.71373280551	-1709.4141971	
-5.71483231084	-1709.41418471	
-5.71593060859	-1709.41417234	
-5.71702770141	-1709.41415999	
-5.71812359193	-1709.41414767	
-5.71921828279	-1709.41413538	
-5.72031177661	-1709.4141231	
-5.72140407601	-1709.41411086	
-5.72249518359	-1709.41409863	
-5.72358510195	-1709.41408643	
-5.72467383369	-1709.41407426	
-5.72576138137	-1709.41406211	
-5.72684774759	-1709.41404998	
-5.72793293489	-1709.41403788	
-5.72901694583	-1709.4140258	
-5.73009978297	-1709.41401374	
-5.73118144884	-1709.41400171	
-5.73226194598	-1709.4139897	
-5.7333412769	-1709.41397771	
-5.73441944412	-1709.41396575	
-5.73549645015	-1709.41395381	
-5.73657229748	-1709.41394189	
-5.73764698861	-1709.41393	
-5.73872052602	-1709.41391813	
-5.73979291218	-1709.41390628	
-5.74086414956	-1709.41389446	
-5.74193424062	-1709.41388266	
-5.74300318781	-1709.41387088	
-5.74407099357	-1709.41385913	
-5.74513766034	-1709.4138474	
-5.74620319054	-1709.41383569	
-5.7472675866	-1709.413824	
-5.74833085092	-1709.41381233	
-5.74939298591	-1709.41380069	
-5.75045399397	-1709.41378907	
-5.75151387748	-1709.41377748	
-5.75257263883	-1709.4137659	
-5.75363028038	-1709.41375435	
-5.75468680452	-1709.41374282	
-5.75574221359	-1709.41373131	
-5.75679650994	-1709.41371982	
-5.75784969593	-1709.41370836	
-5.75890177388	-1709.41369691	
-5.75995274612	-1709.41368549	
-5.76100261499	-1709.41367409	
-5.76205138278	-1709.41366272	
-5.76309905181	-1709.41365136	
-5.76414562438	-1709.41364003	
-5.76519110278	-1709.41362871	
-5.7662354893	-1709.41361742	
-5.76727878622	-1709.41360615	
-5.76832099579	-1709.4135949	
-5.7693621203	-1709.41358368	
-5.770402162	-1709.41357247	
-5.77144112313	-1709.41356129	
-5.77247900594	-1709.41355012	
-5.77351581267	-1709.41353898	
-5.77455154554	-1709.41352786	
-5.77558620679	-1709.41351676	
-5.77661979861	-1709.41350568	
-5.77765232322	-1709.41349462	
-5.77868378283	-1709.41348358	
-5.77971417962	-1709.41347256	
-5.78074351579	-1709.41346156	
-5.78177179352	-1709.41345059	
-5.78279901497	-1709.41343963	
-5.78382518233	-1709.4134287	
-5.78485029774	-1709.41341778	
-5.78587436337	-1709.41340689	
-5.78689738137	-1709.41339601	
-5.78791935386	-1709.41338516	
-5.788940283	-1709.41337432	
-5.7899601709	-1709.41336351	
-5.79097901969	-1709.41335271	
-5.79199683148	-1709.41334194	
-5.79301360838	-1709.41333119	
-5.7940293525	-1709.41332045	
-5.79504406593	-1709.41330974	
-5.79605775077	-1709.41329904	
-5.79707040908	-1709.41328837	
-5.79808204295	-1709.41327771	
-5.79909265446	-1709.41326708	
-5.80010224566	-1709.41325646	
-5.80111081862	-1709.41324587	
-5.80211837538	-1709.41323529	
-5.80312491799	-1709.41322473	
-5.80413044849	-1709.41321419	
-5.80513496892	-1709.41320368	
-5.80613848129	-1709.41319318	
-5.80714098764	-1709.4131827	
-5.80814248998	-1709.41317223	
-5.80914299031	-1709.41316179	
