# log_p 	 lnL 	 
0.0	-1613.35127792	
-0.287682072452	-1613.32750346	
-0.510825623766	-1613.32456307	
-0.69314718056	-1613.32847358	
-0.847297860387	-1613.33382967	
-0.980829253012	-1613.33906779	
-1.09861228867	-1613.3436622	
-1.20397280433	-1613.34732989	
-1.29928298413	-1613.34985986	
-1.38629436112	-1613.35109425	
-1.46633706879	-1613.35093254	
-1.54044504095	-1613.34933118	
-1.60943791243	-1613.34629675	
-1.67397643357	-1613.34187624	
-1.73460105539	-1613.33614715	
-1.79175946923	-1613.32920869	
-1.8458266905	-1613.3211746	
-1.89711998489	-1613.31216739	
-1.94591014906	-1613.30231373	
-1.99243016469	-1613.29174076	
-2.03688192726	-1613.2805732	
-2.07944154168	-1613.26893103	
-2.1202635362	-1613.25692779	
-2.15948424935	-1613.24466925	
-2.19722457734	-1613.23225265	
-2.23359222151	-1613.21976613	
-2.26868354132	-1613.20728868	
-2.30258509299	-1613.19489011	
-2.33537491582	-1613.18263144	
-2.36712361413	-1613.1705653	
-2.3978952728	-1613.15873642	
-2.42774823595	-1613.14718232	
-2.45673577282	-1613.13593387	
-2.48490664979	-1613.12501599	
-2.51230562398	-1613.11444824	
-2.53897387106	-1613.10424545	
-2.56494935746	-1613.09441828	
-2.59026716545	-1613.08497377	
-2.61495977804	-1613.07591582	
-2.63905732962	-1613.06724564	
-2.66258782703	-1613.05896212	
-2.68557734525	-1613.05106225	
-2.7080502011	-1613.04354138	
-2.73002910782	-1613.03639351	
-2.75153531304	-1613.02961159	
-2.77258872224	-1613.02318765	
-2.79320800944	-1613.01711306	
-2.81341071676	-1613.01137864	
-2.83321334406	-1613.00597482	
-2.85263142991	-1613.00089177	
-2.87167962488	-1612.99611948	
-2.8903717579	-1612.99164786	
-2.90872089656	-1612.98746679	
-2.92673940207	-1612.98356621	
-2.94443897917	-1612.97993615	
-2.96183072188	-1612.97656676	
-2.97892515524	-1612.97344839	
-2.99573227355	-1612.97057155	
-3.01226157551	-1612.967927	
-3.02852209638	-1612.96550571	
-3.04452243772	-1612.9632989	
-3.06027079469	-1612.96129804	
-3.07577498123	-1612.95949487	
-3.09104245336	-1612.95788137	
-3.10608033072	-1612.95644981	
-3.12089541651	-1612.95519269	
-3.13549421593	-1612.95410281	
-3.14988295338	-1612.95317319	
-3.16406758837	-1612.95239712	
-3.17805383035	-1612.95176813	
-3.19184715248	-1612.95128	
-3.20545280454	-1612.95092674	
-3.21887582487	-1612.95070258	
-3.23212105162	-1612.950602	
-3.24519313319	-1612.95061966	
-3.25809653802	-1612.95075045	
-3.2708355638	-1612.95098946	
-3.28341434601	-1612.95133198	
-3.295836866	-1612.95177347	
-3.3081069586	-1612.95230958	
-3.32022831913	-1612.95293614	
-3.33220451018	-1612.95364915	
-3.34403896782	-1612.95444475	
-3.35573500759	-1612.95531927	
-3.36729582999	-1612.95626914	
-3.37872452581	-1612.95729099	
-3.39002408106	-1612.95838154	
-3.40119738166	-1612.95953767	
-3.41224721785	-1612.96075638	
-3.42317628838	-1612.96203478	
-3.43398720449	-1612.96337012	
-3.4446824936	-1612.96475973	
-3.45526460293	-1612.96620108	
-3.4657359028	-1612.96769171	
-3.47609868984	-1612.9692293	
-3.48635519	-1612.97081158	
-3.49650756147	-1612.9724364	
-3.50655789732	-1612.97410169	
-3.51650822817	-1612.97580545	
-3.52636052462	-1612.97754579	
-3.53611669956	-1612.97932085	
-3.54577861047	-1612.98112889	
-3.55534806149	-1612.98296822	
-3.56482680544	-1612.98483722	
-3.57421654579	-1612.98673432	
-3.58351893846	-1612.98865803	
-3.59273559356	-1612.99060693	
-3.60186807712	-1612.99257962	
-3.61091791264	-1612.99457478	
-3.61988658263	-1612.99659115	
-3.62877553004	-1612.9986275	
-3.63758615973	-1613.00068266	
-3.6463198397	-1613.0027555	
-3.65497790244	-1613.00484495	
-3.66356164613	-1613.00694995	
-3.6720723358	-1613.00906952	
-3.68051120444	-1613.0112027	
-3.68887945411	-1613.01334855	
-3.69717825693	-1613.01550621	
-3.70540875607	-1613.01767481	
-3.7135720667	-1613.01985354	
-3.72166927694	-1613.02204162	
-3.72970144863	-1613.02423828	
-3.73766961828	-1613.02644282	
-3.74557479779	-1613.02865453	
-3.75341797525	-1613.03087274	
-3.76120011569	-1613.03309682	
-3.76892216179	-1613.03532614	
-3.77658503453	-1613.03756011	
-3.78418963392	-1613.03979816	
-3.79173683955	-1613.04203975	
-3.79922751128	-1613.04428435	
-3.80666248977	-1613.04653145	
-3.81404259707	-1613.04878058	
-3.82136863716	-1613.05103126	
-3.82864139649	-1613.05328306	
-3.83586164446	-1613.05553553	
-3.84303013394	-1613.05778827	
-3.85014760171	-1613.06004089	
-3.85721476893	-1613.062293	
-3.86423234159	-1613.06454424	
-3.87120101091	-1613.06679426	
-3.87812145375	-1613.06904273	
-3.88499433304	-1613.07128931	
-3.89182029811	-1613.07353371	
-3.8985999851	-1613.07577563	
-3.90533401728	-1613.07801478	
-3.91202300543	-1613.08025089	
-3.91866754815	-1613.08248371	
-3.92526823218	-1613.08471297	
-3.93182563272	-1613.08693844	
-3.93834031375	-1613.08915989	
-3.94481282825	-1613.0913771	
-3.95124371858	-1613.09358986	
-3.95763351668	-1613.09579797	
-3.96398274436	-1613.09800124	
-3.97029191355	-1613.10019947	
-3.97656152657	-1613.1023925	
-3.98279207632	-1613.10458016	
-3.98898404656	-1613.10676228	
-3.99513791214	-1613.10893871	
-4.00125413916	-1613.1111093	
-4.00733318523	-1613.11327391	
-4.01337549969	-1613.11543241	
-4.01938152375	-1613.11758468	
-4.02535169074	-1613.11973058	
-4.03128642625	-1613.12187001	
-4.03718614838	-1613.12400285	
-4.04305126783	-1613.12612901	
-4.04888218815	-1613.12824837	
-4.05467930583	-1613.13036084	
-4.06044301055	-1613.13246634	
-4.06617368526	-1613.13456478	
-4.07187170637	-1613.13665608	
-4.07753744391	-1613.13874016	
-4.08317126162	-1613.14081696	
-4.08877351717	-1613.1428864	
-4.09434456222	-1613.14494841	
-4.0998847426	-1613.14700295	
-4.10539439841	-1613.14904995	
-4.11087386417	-1613.15108935	
-4.11632346894	-1613.15312112	
-4.12174353641	-1613.1551452	
-4.12713438505	-1613.15716154	
-4.13249632819	-1613.15917012	
-4.13782967416	-1613.16117089	
-4.14313472639	-1613.16316381	
-4.14841178349	-1613.16514886	
-4.15366113938	-1613.167126	
-4.15888308336	-1613.16909521	
-4.16407790024	-1613.17105646	
-4.1692458704	-1613.17300973	
-4.1743872699	-1613.17495501	
-4.17950237056	-1613.17689227	
-4.18459144007	-1613.1788215	
-4.18965474203	-1613.18074268	
-4.19469253606	-1613.18265581	
-4.19970507788	-1613.18456086	
-4.20469261939	-1613.18645785	
-4.20965540873	-1613.18834675	
-4.21459369037	-1613.19022757	
-4.21950770518	-1613.1921003	
-4.22439769047	-1613.19396494	
-4.22926388012	-1613.19582149	
-4.2341065046	-1613.19766995	
-4.23892579103	-1613.19951033	
-4.2437219633	-1613.20134263	
-4.24849524205	-1613.20316685	
-4.25324584481	-1613.204983	
-4.257973986	-1613.2067911	
-4.26267987704	-1613.20859114	
-4.26736372635	-1613.21038314	
-4.27202573946	-1613.21216712	
-4.27666611902	-1613.21394307	
-4.28128506487	-1613.21571103	
-4.28588277412	-1613.21747099	
-4.29045944115	-1613.21922298	
-4.29501525768	-1613.22096701	
-4.29955041285	-1613.2227031	
-4.3040650932	-1613.22443127	
-4.30855948279	-1613.22615153	
-4.31303376319	-1613.22786391	
-4.31748811354	-1613.22956842	
-4.3219227106	-1613.23126509	
-4.32633772881	-1613.23295393	
-4.33073334029	-1613.23463497	
-4.33510971489	-1613.23630823	
-4.33946702026	-1613.23797374	
-4.34380542185	-1613.23963151	
-4.348125083	-1613.24128157	
-4.3524261649	-1613.24292395	
-4.35670882669	-1613.24455867	
-4.36097322548	-1613.24618575	
-4.36521951636	-1613.24780523	
-4.36944785247	-1613.24941712	
-4.373658385	-1613.25102146	
-4.37785126326	-1613.25261828	
-4.38202663467	-1613.25420759	
-4.38618464482	-1613.25578943	
-4.39032543749	-1613.25736382	
-4.39444915467	-1613.2589308	
-4.39855593663	-1613.2604904	
-4.40264592188	-1613.26204263	
-4.40671924726	-1613.26358754	
-4.41077604796	-1613.26512514	
-4.4148164575	-1613.26665548	
-4.4188406078	-1613.26817858	
-4.42284862919	-1613.26969446	
-4.42684065046	-1613.27120317	
-4.43081679884	-1613.27270473	
-4.43477720006	-1613.27419917	
-4.43872197835	-1613.27568652	
-4.44265125649	-1613.27716682	
-4.44656515581	-1613.27864009	
-4.45046379623	-1613.28010637	
-4.45434729625	-1613.28156568	
-4.45821577303	-1613.28301806	
-4.46206934235	-1613.28446355	
-4.46590811865	-1613.28590216	
-4.46973221509	-1613.28733394	
-4.47354174351	-1613.28875891	
-4.47733681448	-1613.29017711	
-4.48111753732	-1613.29158856	
-4.48488402011	-1613.29299331	
-4.48863636973	-1613.29439138	
-4.49237469184	-1613.2957828	
-4.49609909093	-1613.29716761	
-4.49980967033	-1613.29854584	
-4.50350653221	-1613.29991752	
-4.50718977763	-1613.30128268	
-4.51085950652	-1613.30264135	
-4.51451581772	-1613.30399357	
-4.518158809	-1613.30533937	
-4.52178857705	-1613.30667878	
-4.52540521752	-1613.30801183	
-4.52900882502	-1613.30933855	
-4.53259949315	-1613.31065898	
-4.5361773145	-1613.31197314	
-4.53974238067	-1613.31328107	
-4.54329478227	-1613.31458281	
-4.54683460898	-1613.31587837	
-4.55036194949	-1613.3171678	
-4.5538768916	-1613.31845113	
-4.55737952215	-1613.31972838	
-4.56086992709	-1613.32099959	
-4.56434819147	-1613.32226479	
-4.56781439944	-1613.32352401	
-4.57126863431	-1613.32477728	
-4.5747109785	-1613.32602463	
-4.5781415136	-1613.3272661	
-4.58156032035	-1613.32850171	
-4.58496747867	-1613.3297315	
-4.58836306767	-1613.33095549	
-4.59174716566	-1613.33217372	
-4.59511985013	-1613.33338622	
-4.59848119784	-1613.33459301	
-4.60183128472	-1613.33579414	
-4.60517018599	-1613.33698962	
-4.60849797608	-1613.33817949	
-4.61181472871	-1613.33936378	
-4.61512051684	-1613.34054252	
-4.61841541274	-1613.34171573	
-4.62169948794	-1613.34288345	
-4.62497281328	-1613.34404572	
-4.62823545892	-1613.34520254	
-4.63148749431	-1613.34635397	
-4.63472898823	-1613.34750002	
-4.63796000881	-1613.34864072	
-4.64118062351	-1613.34977611	
-4.64439089914	-1613.35090621	
-4.64759090187	-1613.35203105	
-4.65078069724	-1613.35315066	
-4.65396035016	-1613.35426506	
-4.65712992492	-1613.3553743	
-4.66028948521	-1613.35647839	
-4.66343909411	-1613.35757736	
-4.66657881412	-1613.35867124	
-4.66970870713	-1613.35976007	
-4.67282883446	-1613.36084386	
-4.67593925688	-1613.36192264	
-4.67904003455	-1613.36299644	
-4.68213122712	-1613.3640653	
-4.68521289366	-1613.36512922	
-4.6882850927	-1613.36618826	
-4.69134788223	-1613.36724242	
-4.69440131972	-1613.36829174	
-4.6974454621	-1613.36933624	
-4.70048036579	-1613.37037595	
-4.70350608671	-1613.3714109	
-4.70652268025	-1613.37244112	
-4.70953020131	-1613.37346662	
-4.71252870431	-1613.37448743	
-4.71551824316	-1613.37550359	
-4.7184988713	-1613.37651511	
-4.72147064168	-1613.37752203	
-4.72443360681	-1613.37852436	
-4.72738781871	-1613.37952214	
-4.73033332894	-1613.38051539	
-4.73327018862	-1613.38150412	
-4.73619844839	-1613.38248838	
-4.7391181585	-1613.38346818	
-4.74202936871	-1613.38444355	
-4.74493212836	-1613.38541451	
-4.74782648639	-1613.38638108	
-4.75071249128	-1613.3873433	
-4.75359019111	-1613.38830118	
-4.75645963353	-1613.38925476	
-4.75932086582	-1613.39020404	
-4.7621739348	-1613.39114906	
-4.76501888693	-1613.39208984	
-4.76785576827	-1613.39302641	
-4.77068462447	-1613.39395878	
-4.77350550081	-1613.39488699	
-4.77631844218	-1613.39581104	
-4.77912349311	-1613.39673098	
-4.78192069773	-1613.39764681	
-4.78471009982	-1613.39855856	
-4.78749174278	-1613.39946626	
-4.79026566966	-1613.40036993	
-4.79303192316	-1613.40126959	
-4.7957905456	-1613.40216525	
-4.79854157897	-1613.40305695	
-4.80128506491	-1613.40394471	
-4.80402104473	-1613.40482854	
-4.80674955939	-1613.40570848	
-4.8094706495	-1613.40658453	
-4.81218435537	-1613.40745673	
-4.81489071697	-1613.40832509	
-4.81758977394	-1613.40918963	
-4.82028156561	-1613.41005038	
-4.82296613098	-1613.41090735	
-4.82564350875	-1613.41176058	
-4.8283137373	-1613.41261007	
-4.83097685472	-1613.41345585	
-4.83363289878	-1613.41429794	
-4.83628190695	-1613.41513635	
-4.83892391641	-1613.41597112	
-4.84155896405	-1613.41680226	
-4.84418708646	-1613.41762978	
-4.84680831994	-1613.41845372	
-4.84942270051	-1613.41927408	
-4.85203026392	-1613.4200909	
-4.85463104562	-1613.42090418	
-4.8572250808	-1613.42171395	
-4.85981240436	-1613.42252023	
-4.86239305096	-1613.42332303	
-4.86496705495	-1613.42412238	
-4.86753445046	-1613.42491829	
-4.87009527132	-1613.42571078	
-4.87264955112	-1613.42649988	
-4.8751973232	-1613.42728559	
-4.87773862063	-1613.42806795	
-4.88027347623	-1613.42884696	
-4.88280192259	-1613.42962265	
-4.88532399202	-1613.43039502	
-4.88783971662	-1613.43116412	
-4.89034912822	-1613.43192994	
-4.89285225844	-1613.4326925	
-4.89534913864	-1613.43345183	
-4.89783979995	-1613.43420795	
-4.90032427328	-1613.43496086	
-4.90280258929	-1613.43571059	
-4.90527477844	-1613.43645716	
-4.90774087093	-1613.43720057	
-4.91020089677	-1613.43794086	
-4.91265488574	-1613.43867803	
-4.91510286737	-1613.4394121	
-4.91754487103	-1613.44014309	
-4.91998092583	-1613.44087102	
-4.92241106068	-1613.4415959	
-4.92483530429	-1613.44231775	
-4.92725368516	-1613.44303658	
-4.92966623156	-1613.44375242	
-4.93207297159	-1613.44446527	
-4.93447393313	-1613.44517516	
-4.93686914386	-1613.44588209	
-4.93925863125	-1613.4465861	
-4.94164242261	-1613.44728718	
-4.94402054501	-1613.44798536	
-4.94639302537	-1613.44868065	
-4.94875989038	-1613.44937307	
-4.95112116656	-1613.45006263	
-4.95347688026	-1613.45074935	
-4.9558270576	-1613.45143325	
-4.95817172456	-1613.45211433	
-4.96051090691	-1613.45279262	
-4.96284463026	-1613.45346812	
-4.96517292002	-1613.45414086	
-4.96749580144	-1613.45481085	
-4.96981329958	-1613.4554781	
-4.97212543933	-1613.45614263	
-4.97443224543	-1613.45680444	
-4.97673374242	-1613.45746357	
-4.97902995468	-1613.45812002	
-4.98132090643	-1613.4587738	
-4.98360662171	-1613.45942492	
-4.98588712441	-1613.46007342	
-4.98816243824	-1613.46071929	
-4.99043258678	-1613.46136254	
-4.99269759341	-1613.46200321	
-4.99495748138	-1613.46264129	
-4.99721227376	-1613.4632768	
-4.9994619935	-1613.46390976	
-5.00170666335	-1613.46454018	
-5.00394630595	-1613.46516806	
-5.00618094375	-1613.46579344	
-5.00841059907	-1613.46641631	
-5.0106352941	-1613.46703669	
-5.01285505083	-1613.4676546	
-5.01506989116	-1613.46827004	
-5.01727983681	-1613.46888304	
-5.01948490937	-1613.4694936	
-5.02168513028	-1613.47010173	
-5.02388052085	-1613.47070745	
-5.02607110223	-1613.47131077	
-5.02825689545	-1613.47191171	
-5.03043792139	-1613.47251027	
-5.03261420082	-1613.47310647	
-5.03478575433	-1613.47370032	
-5.03695260241	-1613.47429184	
-5.03911476542	-1613.47488102	
-5.04127226356	-1613.4754679	
-5.04342511692	-1613.47605247	
-5.04557334546	-1613.47663475	
-5.047716969	-1613.47721476	
-5.04985600725	-1613.4777925	
-5.05199047978	-1613.47836798	
-5.05412040604	-1613.47894122	
-5.05624580535	-1613.47951223	
-5.05836669692	-1613.48008103	
-5.06048309982	-1613.48064761	
-5.06259503303	-1613.48121199	
-5.06470251537	-1613.48177419	
-5.06680556556	-1613.48233422	
-5.06890420222	-1613.48289208	
-5.07099844382	-1613.48344779	
-5.07308830874	-1613.48400136	
-5.07517381523	-1613.48455279	
-5.07725498144	-1613.48510211	
-5.07933182538	-1613.48564932	
-5.08140436498	-1613.48619443	
-5.08347261805	-1613.48673745	
-5.08553660227	-1613.48727839	
-5.08759633523	-1613.48781727	
-5.08965183441	-1613.48835409	
-5.09170311719	-1613.48888887	
-5.09375020081	-1613.48942161	
-5.09579310244	-1613.48995233	
-5.09783183913	-1613.49048103	
-5.09986642782	-1613.49100773	
-5.10189688537	-1613.49153243	
-5.10392322852	-1613.49205514	
-5.1059454739	-1613.49257589	
-5.10796363806	-1613.49309466	
-5.10997773743	-1613.49361149	
-5.11198778836	-1613.49412636	
-5.11399380708	-1613.49463931	
-5.11599580975	-1613.49515032	
-5.11799381242	-1613.49565942	
-5.11998783102	-1613.49616662	
-5.12197788143	-1613.49667191	
-5.1239639794	-1613.49717532	
-5.12594614061	-1613.49767685	
-5.12792438062	-1613.49817651	
-5.12989871492	-1613.49867431	
-5.13186915891	-1613.49917027	
-5.13383572788	-1613.49966438	
-5.13579843705	-1613.50015665	
-5.13775730154	-1613.50064711	
-5.13971233637	-1613.50113575	
-5.1416635565	-1613.50162258	
-5.14361097679	-1613.50210762	
-5.145554612	-1613.50259087	
-5.14749447681	-1613.50307235	
-5.14943058584	-1613.50355205	
-5.15136295359	-1613.50402999	
-5.1532915945	-1613.50450618	
-5.15521652291	-1613.50498062	
-5.15713775309	-1613.50545333	
-5.15905529921	-1613.50592431	
-5.1609691754	-1613.50639358	
-5.16287939565	-1613.50686113	
-5.16478597392	-1613.50732698	
-5.16668892407	-1613.50779114	
-5.16858825987	-1613.50825361	
-5.17048399504	-1613.50871441	
-5.17237614319	-1613.50917353	
-5.17426471788	-1613.509631	
-5.17614973257	-1613.51008681	
-5.17803120067	-1613.51054098	
-5.1799091355	-1613.51099351	
-5.18178355029	-1613.51144441	
-5.18365445823	-1613.51189369	
-5.1855218724	-1613.51234135	
-5.18738580584	-1613.51278741	
-5.18924627149	-1613.51323187	
-5.19110328224	-1613.51367475	
-5.19295685089	-1613.51411604	
-5.19480699018	-1613.51455575	
-5.19665371277	-1613.5149939	
-5.19849703127	-1613.51543048	
-5.20033695819	-1613.51586552	
-5.202173506	-1613.51629901	
-5.20400668708	-1613.51673096	
-5.20583651375	-1613.51716138	
-5.20766299828	-1613.51759028	
-5.20948615284	-1613.51801766	
-5.21130598956	-1613.51844353	
-5.21312252048	-1613.5188679	
-5.21493575761	-1613.51929078	
-5.21674571285	-1613.51971217	
-5.21855239808	-1613.52013207	
-5.22035582508	-1613.52055051	
-5.22215600558	-1613.52096748	
-5.22395295126	-1613.52138299	
-5.22574667371	-1613.52179704	
-5.22753718449	-1613.52220965	
-5.22932449506	-1613.52262083	
-5.23110861685	-1613.52303057	
-5.23288956123	-1613.52343888	
-5.23466733947	-1613.52384577	
-5.23644196283	-1613.52425126	
-5.23821344248	-1613.52465533	
-5.23998178954	-1613.52505801	
-5.24174701506	-1613.5254593	
-5.24350913005	-1613.52585919	
-5.24526814546	-1613.52625771	
-5.24702407216	-1613.52665486	
-5.24877692099	-1613.52705064	
-5.25052670271	-1613.52744506	
-5.25227342805	-1613.52783812	
-5.25401710765	-1613.52822984	
-5.25575775213	-1613.52862022	
-5.25749537203	-1613.52900925	
-5.25922997784	-1613.52939697	
-5.26096158	-1613.52978335	
-5.2626901889	-1613.53016842	
-5.26441581487	-1613.53055218	
-5.26613846818	-1613.53093464	
-5.26785815906	-1613.53131579	
-5.26957489768	-1613.53169565	
-5.27128869416	-1613.53207423	
-5.27299955856	-1613.53245152	
-5.27470750091	-1613.53282754	
-5.27641253116	-1613.53320229	
-5.27811465923	-1613.53357577	
-5.27981389498	-1613.533948	
-5.28151024823	-1613.53431897	
-5.28320372874	-1613.5346887	
-5.28489434622	-1613.53505719	
-5.28658211033	-1613.53542444	
-5.28826703069	-1613.53579046	
-5.28994911688	-1613.53615526	
-5.2916283784	-1613.53651884	
-5.29330482472	-1613.53688121	
-5.29497846528	-1613.53724237	
-5.29664930945	-1613.53760232	
-5.29831736655	-1613.53796108	
-5.29998264587	-1613.53831865	
-5.30164515664	-1613.53867504	
-5.30330490806	-1613.53903024	
-5.30496190927	-1613.53938427	
-5.30661616936	-1613.53973712	
-5.3082676974	-1613.54008881	
-5.30991650239	-1613.54043935	
-5.3115625933	-1613.54078873	
-5.31320597904	-1613.54113695	
-5.3148466685	-1613.54148404	
-5.3164846705	-1613.54182999	
-5.31811999384	-1613.5421748	
-5.31975264727	-1613.54251848	
-5.32138263948	-1613.54286104	
-5.32300997914	-1613.54320248	
-5.32463467487	-1613.54354281	
-5.32625673524	-1613.54388202	
-5.32787616879	-1613.54422014	
-5.32949298402	-1613.54455715	
-5.33110718937	-1613.54489307	
-5.33271879327	-1613.5452279	
-5.33432780407	-1613.54556165	
-5.33593423012	-1613.54589431	
-5.3375380797	-1613.5462259	
-5.33913936107	-1613.54655642	
-5.34073808243	-1613.54688587	
-5.34233425196	-1613.54721427	
-5.3439278778	-1613.5475416	
-5.34551896803	-1613.54786789	
-5.34710753072	-1613.54819312	
-5.34869357387	-1613.54851732	
-5.35027710548	-1613.54884048	
-5.35185813348	-1613.5491626	
-5.35343666577	-1613.54948369	
-5.35501271022	-1613.54980376	
-5.35658627467	-1613.55012281	
-5.3581573669	-1613.55044084	
-5.35972599468	-1613.55075786	
-5.36129216571	-1613.55107388	
-5.36285588769	-1613.55138889	
-5.36441716825	-1613.5517029	
-5.36597601502	-1613.55201592	
-5.36753243557	-1613.55232795	
-5.36908643744	-1613.552639	
-5.37063802813	-1613.55294906	
-5.37218721511	-1613.55325815	
-5.37373400583	-1613.55356626	
-5.37527840768	-1613.5538734	
-5.37682042804	-1613.55417958	
-5.37836007422	-1613.5544848	
-5.37989735354	-1613.55478907	
-5.38143227326	-1613.55509238	
-5.38296484061	-1613.55539474	
-5.38449506279	-1613.55569616	
-5.38602294697	-1613.55599664	
-5.38754850028	-1613.55629619	
-5.38907172982	-1613.5565948	
-5.39059264266	-1613.55689248	
-5.39211124583	-1613.55718924	
-5.39362754635	-1613.55748508	
-5.39514155118	-1613.55778	
-5.39665326727	-1613.55807401	
-5.39816270152	-1613.55836711	
-5.39966986081	-1613.55865931	
-5.40117475199	-1613.5589506	
-5.40267738187	-1613.559241	
-5.40417775725	-1613.55953051	
-5.40567588487	-1613.55981912	
-5.40717177146	-1613.56010685	
-5.40866542372	-1613.5603937	
-5.4101568483	-1613.56067967	
-5.41164605186	-1613.56096476	
-5.41313304098	-1613.56124899	
-5.41461782224	-1613.56153234	
-5.4161004022	-1613.56181483	
-5.41758078737	-1613.56209646	
-5.41905898424	-1613.56237724	
-5.42053499927	-1613.56265716	
-5.42200883889	-1613.56293623	
-5.4234805095	-1613.56321446	
-5.42495001748	-1613.56349184	
-5.42641736918	-1613.56376838	
-5.4278825709	-1613.56404409	
-5.42934562895	-1613.56431897	
-5.43080654959	-1613.56459301	
-5.43226533906	-1613.56486624	
-5.43372200355	-1613.56513864	
-5.43517654927	-1613.56541022	
-5.43662898235	-1613.56568098	
-5.43807930892	-1613.56595094	
-5.4395275351	-1613.56622009	
-5.44097366695	-1613.56648843	
-5.44241771052	-1613.56675597	
-5.44385967184	-1613.56702271	
-5.4452995569	-1613.56728865	
-5.44673737167	-1613.56755381	
-5.44817312209	-1613.56781817	
-5.44960681409	-1613.56808175	
-5.45103845357	-1613.56834455	
-5.45246804638	-1613.56860656	
-5.45389559837	-1613.5688678	
-5.45532111536	-1613.56912827	
-5.45674460314	-1613.56938797	
-5.45816606749	-1613.5696469	
-5.45958551414	-1613.56990507	
-5.46100294883	-1613.57016248	
-5.46241837723	-1613.57041913	
-5.46383180503	-1613.57067503	
-5.46524323786	-1613.57093017	
-5.46665268137	-1613.57118457	
-5.46806014114	-1613.57143822	
-5.46946562274	-1613.57169113	
-5.47086913175	-1613.5719433	
-5.47227067367	-1613.57219473	
-5.47367025403	-1613.57244544	
-5.47506787829	-1613.57269541	
-5.47646355193	-1613.57294465	
-5.47785728038	-1613.57319317	
-5.47924906905	-1613.57344096	
-5.48063892334	-1613.57368804	
-5.48202684862	-1613.5739344	
-5.48341285022	-1613.57418005	
-5.48479693349	-1613.57442499	
-5.48617910372	-1613.57466922	
-5.48755936619	-1613.57491274	
-5.48893772616	-1613.57515557	
-5.49031418887	-1613.57539769	
-5.49168875953	-1613.57563912	
-5.49306144334	-1613.57587986	
-5.49443224547	-1613.5761199	
-5.49580117108	-1613.57635926	
-5.49716822529	-1613.57659793	
-5.49853341322	-1613.57683592	
-5.49989673995	-1613.57707323	
-5.50125821054	-1613.57730986	
-5.50261783006	-1613.57754582	
-5.50397560352	-1613.5777811	
-5.50533153593	-1613.57801571	
-5.50668563228	-1613.57824966	
-5.50803789753	-1613.57848295	
-5.50938833663	-1613.57871557	
-5.5107369545	-1613.57894753	
-5.51208375605	-1613.57917884	
-5.51342874616	-1613.5794095	
-5.51477192971	-1613.5796395	
-5.51611331154	-1613.57986885	
-5.51745289646	-1613.58009756	
-5.51879068931	-1613.58032562	
-5.52012669485	-1613.58055304	
-5.52146091786	-1613.58077983	
-5.5227933631	-1613.58100597	
-5.52412403528	-1613.58123149	
-5.52545293913	-1613.58145637	
-5.52678007934	-1613.58168062	
-5.52810546058	-1613.58190425	
-5.52942908751	-1613.58212725	
-5.53075096477	-1613.58234963	
-5.53207109697	-1613.58257139	
-5.53338948873	-1613.58279254	
-5.53470614461	-1613.58301307	
-5.53602106919	-1613.58323299	
-5.53733426702	-1613.58345229	
-5.53864574262	-1613.58367099	
-5.5399555005	-1613.58388909	
-5.54126354516	-1613.58410658	
-5.54256988107	-1613.58432347	
-5.5438745127	-1613.58453977	
-5.54517744448	-1613.58475546	
-5.54647868084	-1613.58497057	
-5.54777822618	-1613.58518508	
-5.5490760849	-1613.585399	
-5.55037226136	-1613.58561234	
-5.55166675992	-1613.58582509	
-5.55295958492	-1613.58603725	
-5.55425074069	-1613.58624884	
-5.55554023152	-1613.58645985	
-5.5568280617	-1613.58667028	
-5.55811423551	-1613.58688014	
-5.5593987572	-1613.58708943	
-5.56068163102	-1613.58729815	
-5.56196286117	-1613.5875063	
-5.56324245188	-1613.58771388	
-5.56452040732	-1613.58792091	
-5.56579673168	-1613.58812737	
-5.56707142911	-1613.58833327	
-5.56834450376	-1613.58853861	
-5.56961595975	-1613.58874341	
-5.57088580119	-1613.58894764	
-5.57215403218	-1613.58915133	
-5.57342065679	-1613.58935447	
-5.5746856791	-1613.58955706	
-5.57594910315	-1613.58975911	
-5.57721093297	-1613.58996061	
-5.57847117258	-1613.59016158	
-5.57972982599	-1613.590362	
-5.58098689718	-1613.59056189	
-5.58224239012	-1613.59076125	
-5.58349630878	-1613.59096007	
-5.5847486571	-1613.59115836	
-5.585999439	-1613.59135612	
-5.5872486584	-1613.59155336	
-5.5884963192	-1613.59175007	
-5.58974242528	-1613.59194626	
-5.59098698051	-1613.59214193	
-5.59222998875	-1613.59233708	
-5.59347145384	-1613.59253171	
-5.5947113796	-1613.59272583	
-5.59594976985	-1613.59291943	
-5.59718662839	-1613.59311252	
-5.598421959	-1613.5933051	
-5.59965576545	-1613.59349718	
-5.60088805149	-1613.59368875	
-5.60211882088	-1613.59387981	
-5.60334807733	-1613.59407038	
-5.60457582457	-1613.59426044	
-5.6058020663	-1613.59445	
-5.60702680619	-1613.59463907	
-5.60825004793	-1613.59482764	
-5.60947179518	-1613.59501572	
-5.61069205159	-1613.59520331	
-5.61191082078	-1613.59539041	
-5.61312810639	-1613.59557702	
-5.61434391201	-1613.59576315	
-5.61555824124	-1613.59594879	
-5.61677109767	-1613.59613395	
-5.61798248485	-1613.59631862	
-5.61919240636	-1613.59650282	
-5.62040086572	-1613.59668654	
-5.62160786647	-1613.59686979	
-5.62281341212	-1613.59705256	
-5.62401750619	-1613.59723486	
-5.62522015215	-1613.59741669	
-5.6264213535	-1613.59759805	
-5.62762111369	-1613.59777894	
-5.62881943618	-1613.59795937	
-5.63001632442	-1613.59813933	
-5.63121178182	-1613.59831883	
-5.63240581181	-1613.59849788	
-5.6335984178	-1613.59867646	
-5.63478960317	-1613.59885458	
-5.6359793713	-1613.59903225	
-5.63716772557	-1613.59920947	
-5.63835466933	-1613.59938623	
-5.63954020593	-1613.59956254	
-5.64072433869	-1613.59973841	
-5.64190707094	-1613.59991382	
-5.64308840598	-1613.60008879	
-5.64426834712	-1613.60026332	
-5.64544689764	-1613.6004374	
-5.64662406082	-1613.60061104	
-5.64779983991	-1613.60078424	
-5.64897423816	-1613.600957	
-5.65014725882	-1613.60112933	
-5.65131890512	-1613.60130122	
-5.65248918027	-1613.60147268	
-5.65365808747	-1613.6016437	
-5.65482562993	-1613.6018143	
-5.65599181082	-1613.60198446	
-5.65715663332	-1613.6021542	
-5.65832010058	-1613.60232351	
-5.65948221576	-1613.6024924	
-5.660642982	-1613.60266086	
-5.66180240242	-1613.6028289	
-5.66296048014	-1613.60299653	
-5.66411721826	-1613.60316373	
-5.66527261989	-1613.60333052	
-5.66642668811	-1613.60349689	
-5.66757942599	-1613.60366284	
-5.6687308366	-1613.60382839	
-5.66988092298	-1613.60399352	
-5.67102968818	-1613.60415824	
-5.67217713524	-1613.60432255	
-5.67332326717	-1613.60448646	
-5.67446808699	-1613.60464995	
-5.67561159769	-1613.60481305	
-5.67675380227	-1613.60497574	
-5.6778947037	-1613.60513803	
-5.67903430497	-1613.60529992	
-5.68017260902	-1613.60546141	
-5.6813096188	-1613.60562251	
-5.68244533727	-1613.6057832	
-5.68357976734	-1613.6059435	
-5.68471291194	-1613.60610341	
-5.68584477397	-1613.60626293	
-5.68697535634	-1613.60642205	
-5.68810466194	-1613.60658079	
-5.68923269364	-1613.60673914	
-5.69035945432	-1613.6068971	
-5.69148494685	-1613.60705467	
-5.69260917406	-1613.60721187	
-5.6937321388	-1613.60736867	
-5.69485384391	-1613.6075251	
-5.69597429221	-1613.60768115	
-5.69709348651	-1613.60783681	
-5.69821142961	-1613.6079921	
-5.69932812431	-1613.60814702	
-5.70044357339	-1613.60830155	
-5.70155777963	-1613.60845572	
-5.7026707458	-1613.60860951	
-5.70378247466	-1613.60876293	
-5.70489296894	-1613.60891598	
-5.70600223139	-1613.60906866	
-5.70711026475	-1613.60922097	
-5.70821707172	-1613.60937292	
-5.70932265503	-1613.6095245	
-5.71042701737	-1613.60967571	
-5.71153016145	-1613.60982657	
-5.71263208993	-1613.60997706	
-5.71373280551	-1613.61012719	
-5.71483231084	-1613.61027696	
-5.71593060859	-1613.61042638	
-5.71702770141	-1613.61057544	
-5.71812359193	-1613.61072414	
-5.71921828279	-1613.61087249	
-5.72031177661	-1613.61102048	
-5.72140407601	-1613.61116812	
-5.72249518359	-1613.61131542	
-5.72358510195	-1613.61146236	
-5.72467383369	-1613.61160895	
-5.72576138137	-1613.6117552	
-5.72684774759	-1613.6119011	
-5.72793293489	-1613.61204665	
-5.72901694583	-1613.61219186	
-5.73009978297	-1613.61233673	
-5.73118144884	-1613.61248125	
-5.73226194598	-1613.61262544	
-5.7333412769	-1613.61276929	
-5.73441944412	-1613.61291279	
-5.73549645015	-1613.61305596	
-5.73657229748	-1613.6131988	
-5.73764698861	-1613.61334129	
-5.73872052602	-1613.61348346	
-5.73979291218	-1613.61362529	
-5.74086414956	-1613.61376679	
-5.74193424062	-1613.61390796	
-5.74300318781	-1613.6140488	
-5.74407099357	-1613.61418931	
-5.74513766034	-1613.61432949	
-5.74620319054	-1613.61446935	
-5.7472675866	-1613.61460888	
-5.74833085092	-1613.61474809	
-5.74939298591	-1613.61488697	
-5.75045399397	-1613.61502554	
-5.75151387748	-1613.61516378	
-5.75257263883	-1613.6153017	
-5.75363028038	-1613.6154393	
-5.75468680452	-1613.61557658	
-5.75574221359	-1613.61571355	
-5.75679650994	-1613.6158502	
-5.75784969593	-1613.61598653	
-5.75890177388	-1613.61612256	
-5.75995274612	-1613.61625826	
-5.76100261499	-1613.61639366	
-5.76205138278	-1613.61652875	
-5.76309905181	-1613.61666352	
-5.76414562438	-1613.61679799	
-5.76519110278	-1613.61693215	
-5.7662354893	-1613.617066	
-5.76727878622	-1613.61719954	
-5.76832099579	-1613.61733278	
-5.7693621203	-1613.61746572	
-5.770402162	-1613.61759835	
-5.77144112313	-1613.61773068	
-5.77247900594	-1613.61786271	
-5.77351581267	-1613.61799444	
-5.77455154554	-1613.61812587	
-5.77558620679	-1613.61825701	
-5.77661979861	-1613.61838784	
-5.77765232322	-1613.61851838	
-5.77868378283	-1613.61864862	
-5.77971417962	-1613.61877857	
-5.78074351579	-1613.61890823	
-5.78177179352	-1613.61903759	
-5.78279901497	-1613.61916666	
-5.78382518233	-1613.61929544	
-5.78485029774	-1613.61942393	
-5.78587436337	-1613.61955213	
-5.78689738137	-1613.61968004	
-5.78791935386	-1613.61980766	
-5.788940283	-1613.619935	
-5.7899601709	-1613.62006206	
-5.79097901969	-1613.62018883	
-5.79199683148	-1613.62031531	
-5.79301360838	-1613.62044151	
-5.7940293525	-1613.62056743	
-5.79504406593	-1613.62069307	
-5.79605775077	-1613.62081843	
-5.79707040908	-1613.62094351	
-5.79808204295	-1613.62106832	
-5.79909265446	-1613.62119284	
-5.80010224566	-1613.62131709	
-5.80111081862	-1613.62144106	
-5.80211837538	-1613.62156476	
-5.80312491799	-1613.62168818	
-5.80413044849	-1613.62181133	
-5.80513496892	-1613.62193421	
-5.80613848129	-1613.62205682	
-5.80714098764	-1613.62217915	
-5.80814248998	-1613.62230122	
-5.80914299031	-1613.62242301	
