# log_p 	 lnL 	 
0.0	-1689.46870106	
-0.287682072452	-1689.46877092	
-0.510825623766	-1689.46884355	
-0.69314718056	-1689.46890197	
-0.847297860387	-1689.46894521	
-0.980829253012	-1689.46897552	
-1.09861228867	-1689.46899576	
-1.20397280433	-1689.46900856	
-1.29928298413	-1689.46901612	
-1.38629436112	-1689.46902014	
-1.46633706879	-1689.4690219	
-1.54044504095	-1689.46902229	
-1.60943791243	-1689.46902197	
-1.67397643357	-1689.46902136	
-1.73460105539	-1689.46902074	
-1.79175946923	-1689.4690203	
-1.8458266905	-1689.46902013	
-1.89711998489	-1689.46902028	
-1.94591014906	-1689.46902075	
-1.99243016469	-1689.46902153	
-2.03688192726	-1689.4690226	
-2.07944154168	-1689.46902393	
-2.1202635362	-1689.46902547	
-2.15948424935	-1689.4690272	
-2.19722457734	-1689.46902906	
-2.23359222151	-1689.46903103	
-2.26868354132	-1689.46903308	
-2.30258509299	-1689.46903518	
-2.33537491582	-1689.46903729	
-2.36712361413	-1689.46903941	
-2.3978952728	-1689.4690415	
-2.42774823595	-1689.46904356	
-2.45673577282	-1689.46904556	
-2.48490664979	-1689.46904751	
-2.51230562398	-1689.46904938	
-2.53897387106	-1689.46905117	
-2.56494935746	-1689.46905287	
-2.59026716545	-1689.46905448	
-2.61495977804	-1689.469056	
-2.63905732962	-1689.46905742	
-2.66258782703	-1689.46905874	
-2.68557734525	-1689.46905996	
-2.7080502011	-1689.46906108	
-2.73002910782	-1689.4690621	
-2.75153531304	-1689.46906302	
-2.77258872224	-1689.46906384	
-2.79320800944	-1689.46906457	
-2.81341071676	-1689.4690652	
-2.83321334406	-1689.46906574	
-2.85263142991	-1689.46906619	
-2.87167962488	-1689.46906655	
-2.8903717579	-1689.46906683	
-2.90872089656	-1689.46906702	
-2.92673940207	-1689.46906714	
-2.94443897917	-1689.46906718	
-2.96183072188	-1689.46906714	
-2.97892515524	-1689.46906703	
-2.99573227355	-1689.46906686	
-3.01226157551	-1689.46906661	
-3.02852209638	-1689.4690663	
-3.04452243772	-1689.46906594	
-3.06027079469	-1689.46906551	
-3.07577498123	-1689.46906502	
-3.09104245336	-1689.46906448	
-3.10608033072	-1689.46906389	
-3.12089541651	-1689.46906326	
-3.13549421593	-1689.46906257	
-3.14988295338	-1689.46906184	
-3.16406758837	-1689.46906106	
-3.17805383035	-1689.46906025	
-3.19184715248	-1689.46905939	
-3.20545280454	-1689.4690585	
-3.21887582487	-1689.46905757	
-3.23212105162	-1689.46905661	
-3.24519313319	-1689.46905561	
-3.25809653802	-1689.46905459	
-3.2708355638	-1689.46905354	
-3.28341434601	-1689.46905245	
-3.295836866	-1689.46905135	
-3.3081069586	-1689.46905022	
-3.32022831913	-1689.46904906	
-3.33220451018	-1689.46904788	
-3.34403896782	-1689.46904669	
-3.35573500759	-1689.46904547	
-3.36729582999	-1689.46904423	
-3.37872452581	-1689.46904298	
-3.39002408106	-1689.46904171	
-3.40119738166	-1689.46904043	
-3.41224721785	-1689.46903913	
-3.42317628838	-1689.46903781	
-3.43398720449	-1689.46903649	
-3.4446824936	-1689.46903515	
-3.45526460293	-1689.4690338	
-3.4657359028	-1689.46903244	
-3.47609868984	-1689.46903108	
-3.48635519	-1689.4690297	
-3.49650756147	-1689.46902831	
-3.50655789732	-1689.46902692	
-3.51650822817	-1689.46902552	
-3.52636052462	-1689.46902412	
-3.53611669956	-1689.46902271	
-3.54577861047	-1689.46902129	
-3.55534806149	-1689.46901987	
-3.56482680544	-1689.46901845	
-3.57421654579	-1689.46901702	
-3.58351893846	-1689.46901559	
-3.59273559356	-1689.46901416	
-3.60186807712	-1689.46901272	
-3.61091791264	-1689.46901129	
-3.61988658263	-1689.46900985	
-3.62877553004	-1689.46900841	
-3.63758615973	-1689.46900697	
-3.6463198397	-1689.46900553	
-3.65497790244	-1689.46900409	
-3.66356164613	-1689.46900265	
-3.6720723358	-1689.46900121	
-3.68051120444	-1689.46899977	
-3.68887945411	-1689.46899833	
-3.69717825693	-1689.4689969	
-3.70540875607	-1689.46899546	
-3.7135720667	-1689.46899403	
-3.72166927694	-1689.4689926	
-3.72970144863	-1689.46899117	
-3.73766961828	-1689.46898975	
-3.74557479779	-1689.46898832	
-3.75341797525	-1689.4689869	
-3.76120011569	-1689.46898549	
-3.76892216179	-1689.46898407	
-3.77658503453	-1689.46898266	
-3.78418963392	-1689.46898126	
-3.79173683955	-1689.46897985	
-3.79922751128	-1689.46897845	
-3.80666248977	-1689.46897706	
-3.81404259707	-1689.46897567	
-3.82136863716	-1689.46897428	
-3.82864139649	-1689.4689729	
-3.83586164446	-1689.46897152	
-3.84303013394	-1689.46897014	
-3.85014760171	-1689.46896877	
-3.85721476893	-1689.46896741	
-3.86423234159	-1689.46896605	
-3.87120101091	-1689.46896469	
-3.87812145375	-1689.46896334	
-3.88499433304	-1689.468962	
-3.89182029811	-1689.46896065	
-3.8985999851	-1689.46895932	
-3.90533401728	-1689.46895799	
-3.91202300543	-1689.46895666	
-3.91866754815	-1689.46895534	
-3.92526823218	-1689.46895403	
-3.93182563272	-1689.46895272	
-3.93834031375	-1689.46895141	
-3.94481282825	-1689.46895011	
-3.95124371858	-1689.46894882	
-3.95763351668	-1689.46894753	
-3.96398274436	-1689.46894625	
-3.97029191355	-1689.46894497	
-3.97656152657	-1689.4689437	
-3.98279207632	-1689.46894243	
-3.98898404656	-1689.46894117	
-3.99513791214	-1689.46893992	
-4.00125413916	-1689.46893867	
-4.00733318523	-1689.46893742	
-4.01337549969	-1689.46893619	
-4.01938152375	-1689.46893495	
-4.02535169074	-1689.46893373	
-4.03128642625	-1689.4689325	
-4.03718614838	-1689.46893129	
-4.04305126783	-1689.46893008	
-4.04888218815	-1689.46892887	
-4.05467930583	-1689.46892767	
-4.06044301055	-1689.46892648	
-4.06617368526	-1689.46892529	
-4.07187170637	-1689.46892411	
-4.07753744391	-1689.46892293	
-4.08317126162	-1689.46892176	
-4.08877351717	-1689.4689206	
-4.09434456222	-1689.46891943	
-4.0998847426	-1689.46891828	
-4.10539439841	-1689.46891713	
-4.11087386417	-1689.46891599	
-4.11632346894	-1689.46891485	
-4.12174353641	-1689.46891372	
-4.12713438505	-1689.46891259	
-4.13249632819	-1689.46891147	
-4.13782967416	-1689.46891035	
-4.14313472639	-1689.46890924	
-4.14841178349	-1689.46890814	
-4.15366113938	-1689.46890704	
-4.15888308336	-1689.46890594	
-4.16407790024	-1689.46890485	
-4.1692458704	-1689.46890377	
-4.1743872699	-1689.46890269	
-4.17950237056	-1689.46890162	
-4.18459144007	-1689.46890055	
-4.18965474203	-1689.46889949	
-4.19469253606	-1689.46889843	
-4.19970507788	-1689.46889738	
-4.20469261939	-1689.46889633	
-4.20965540873	-1689.46889529	
-4.21459369037	-1689.46889425	
-4.21950770518	-1689.46889322	
-4.22439769047	-1689.46889219	
-4.22926388012	-1689.46889117	
-4.2341065046	-1689.46889016	
-4.23892579103	-1689.46888915	
-4.2437219633	-1689.46888814	
-4.24849524205	-1689.46888714	
-4.25324584481	-1689.46888614	
-4.257973986	-1689.46888515	
-4.26267987704	-1689.46888416	
-4.26736372635	-1689.46888318	
-4.27202573946	-1689.46888221	
-4.27666611902	-1689.46888123	
-4.28128506487	-1689.46888027	
-4.28588277412	-1689.46887931	
-4.29045944115	-1689.46887835	
-4.29501525768	-1689.4688774	
-4.29955041285	-1689.46887645	
-4.3040650932	-1689.4688755	
-4.30855948279	-1689.46887457	
-4.31303376319	-1689.46887363	
-4.31748811354	-1689.4688727	
-4.3219227106	-1689.46887178	
-4.32633772881	-1689.46887086	
-4.33073334029	-1689.46886994	
-4.33510971489	-1689.46886903	
-4.33946702026	-1689.46886812	
-4.34380542185	-1689.46886722	
-4.348125083	-1689.46886633	
-4.3524261649	-1689.46886543	
-4.35670882669	-1689.46886454	
-4.36097322548	-1689.46886366	
-4.36521951636	-1689.46886278	
-4.36944785247	-1689.4688619	
-4.373658385	-1689.46886103	
-4.37785126326	-1689.46886016	
-4.38202663467	-1689.4688593	
-4.38618464482	-1689.46885844	
-4.39032543749	-1689.46885759	
-4.39444915467	-1689.46885674	
-4.39855593663	-1689.46885589	
-4.40264592188	-1689.46885505	
-4.40671924726	-1689.46885421	
-4.41077604796	-1689.46885338	
-4.4148164575	-1689.46885254	
-4.4188406078	-1689.46885172	
-4.42284862919	-1689.4688509	
-4.42684065046	-1689.46885008	
-4.43081679884	-1689.46884926	
-4.43477720006	-1689.46884845	
-4.43872197835	-1689.46884765	
-4.44265125649	-1689.46884685	
-4.44656515581	-1689.46884605	
-4.45046379623	-1689.46884525	
-4.45434729625	-1689.46884446	
-4.45821577303	-1689.46884367	
-4.46206934235	-1689.46884289	
-4.46590811865	-1689.46884211	
-4.46973221509	-1689.46884133	
-4.47354174351	-1689.46884056	
-4.47733681448	-1689.46883979	
-4.48111753732	-1689.46883903	
-4.48488402011	-1689.46883827	
-4.48863636973	-1689.46883751	
-4.49237469184	-1689.46883675	
-4.49609909093	-1689.468836	
-4.49980967033	-1689.46883526	
-4.50350653221	-1689.46883451	
-4.50718977763	-1689.46883377	
-4.51085950652	-1689.46883304	
-4.51451581772	-1689.4688323	
-4.518158809	-1689.46883157	
-4.52178857705	-1689.46883085	
-4.52540521752	-1689.46883012	
-4.52900882502	-1689.4688294	
-4.53259949315	-1689.46882869	
-4.5361773145	-1689.46882797	
-4.53974238067	-1689.46882727	
-4.54329478227	-1689.46882656	
-4.54683460898	-1689.46882586	
-4.55036194949	-1689.46882516	
-4.5538768916	-1689.46882446	
-4.55737952215	-1689.46882377	
-4.56086992709	-1689.46882308	
-4.56434819147	-1689.46882239	
-4.56781439944	-1689.4688217	
-4.57126863431	-1689.46882102	
-4.5747109785	-1689.46882035	
-4.5781415136	-1689.46881967	
-4.58156032035	-1689.468819	
-4.58496747867	-1689.46881833	
-4.58836306767	-1689.46881766	
-4.59174716566	-1689.468817	
-4.59511985013	-1689.46881634	
-4.59848119784	-1689.46881569	
-4.60183128472	-1689.46881503	
-4.60517018599	-1689.46881438	
-4.60849797608	-1689.46881373	
-4.61181472871	-1689.46881309	
-4.61512051684	-1689.46881245	
-4.61841541274	-1689.46881181	
-4.62169948794	-1689.46881117	
-4.62497281328	-1689.46881054	
-4.62823545892	-1689.46880991	
-4.63148749431	-1689.46880928	
-4.63472898823	-1689.46880865	
-4.63796000881	-1689.46880803	
-4.64118062351	-1689.46880741	
-4.64439089914	-1689.4688068	
-4.64759090187	-1689.46880618	
-4.65078069724	-1689.46880557	
-4.65396035016	-1689.46880496	
-4.65712992492	-1689.46880436	
-4.66028948521	-1689.46880375	
-4.66343909411	-1689.46880315	
-4.66657881412	-1689.46880255	
-4.66970870713	-1689.46880196	
-4.67282883446	-1689.46880136	
-4.67593925688	-1689.46880077	
-4.67904003455	-1689.46880019	
-4.68213122712	-1689.4687996	
-4.68521289366	-1689.46879902	
-4.6882850927	-1689.46879844	
-4.69134788223	-1689.46879786	
-4.69440131972	-1689.46879728	
-4.6974454621	-1689.46879671	
-4.70048036579	-1689.46879614	
-4.70350608671	-1689.46879557	
-4.70652268025	-1689.46879501	
-4.70953020131	-1689.46879444	
-4.71252870431	-1689.46879388	
-4.71551824316	-1689.46879333	
-4.7184988713	-1689.46879277	
-4.72147064168	-1689.46879222	
-4.72443360681	-1689.46879166	
-4.72738781871	-1689.46879112	
-4.73033332894	-1689.46879057	
-4.73327018862	-1689.46879002	
-4.73619844839	-1689.46878948	
-4.7391181585	-1689.46878894	
-4.74202936871	-1689.4687884	
-4.74493212836	-1689.46878787	
-4.74782648639	-1689.46878734	
-4.75071249128	-1689.4687868	
-4.75359019111	-1689.46878628	
-4.75645963353	-1689.46878575	
-4.75932086582	-1689.46878523	
-4.7621739348	-1689.4687847	
-4.76501888693	-1689.46878418	
-4.76785576827	-1689.46878366	
-4.77068462447	-1689.46878315	
-4.77350550081	-1689.46878264	
-4.77631844218	-1689.46878212	
-4.77912349311	-1689.46878161	
-4.78192069773	-1689.46878111	
-4.78471009982	-1689.4687806	
-4.78749174278	-1689.4687801	
-4.79026566966	-1689.4687796	
-4.79303192316	-1689.4687791	
-4.7957905456	-1689.4687786	
-4.79854157897	-1689.4687781	
-4.80128506491	-1689.46877761	
-4.80402104473	-1689.46877712	
-4.80674955939	-1689.46877663	
-4.8094706495	-1689.46877614	
-4.81218435537	-1689.46877566	
-4.81489071697	-1689.46877517	
-4.81758977394	-1689.46877469	
-4.82028156561	-1689.46877421	
-4.82296613098	-1689.46877374	
-4.82564350875	-1689.46877326	
-4.8283137373	-1689.46877279	
-4.83097685472	-1689.46877231	
-4.83363289878	-1689.46877184	
-4.83628190695	-1689.46877137	
-4.83892391641	-1689.46877091	
-4.84155896405	-1689.46877044	
-4.84418708646	-1689.46876998	
-4.84680831994	-1689.46876952	
-4.84942270051	-1689.46876906	
-4.85203026392	-1689.4687686	
-4.85463104562	-1689.46876815	
-4.8572250808	-1689.46876769	
-4.85981240436	-1689.46876724	
-4.86239305096	-1689.46876679	
-4.86496705495	-1689.46876634	
-4.86753445046	-1689.4687659	
-4.87009527132	-1689.46876545	
-4.87264955112	-1689.46876501	
-4.8751973232	-1689.46876456	
-4.87773862063	-1689.46876412	
-4.88027347623	-1689.46876369	
-4.88280192259	-1689.46876325	
-4.88532399202	-1689.46876281	
-4.88783971662	-1689.46876238	
-4.89034912822	-1689.46876195	
-4.89285225844	-1689.46876152	
-4.89534913864	-1689.46876109	
-4.89783979995	-1689.46876066	
-4.90032427328	-1689.46876024	
-4.90280258929	-1689.46875981	
-4.90527477844	-1689.46875939	
-4.90774087093	-1689.46875897	
-4.91020089677	-1689.46875855	
-4.91265488574	-1689.46875813	
-4.91510286737	-1689.46875772	
-4.91754487103	-1689.4687573	
-4.91998092583	-1689.46875689	
-4.92241106068	-1689.46875648	
-4.92483530429	-1689.46875607	
-4.92725368516	-1689.46875566	
-4.92966623156	-1689.46875526	
-4.93207297159	-1689.46875485	
-4.93447393313	-1689.46875445	
-4.93686914386	-1689.46875405	
-4.93925863125	-1689.46875364	
-4.94164242261	-1689.46875325	
-4.94402054501	-1689.46875285	
-4.94639302537	-1689.46875245	
-4.94875989038	-1689.46875206	
-4.95112116656	-1689.46875166	
-4.95347688026	-1689.46875127	
-4.9558270576	-1689.46875088	
-4.95817172456	-1689.46875049	
-4.96051090691	-1689.4687501	
-4.96284463026	-1689.46874972	
-4.96517292002	-1689.46874933	
-4.96749580144	-1689.46874895	
-4.96981329958	-1689.46874857	
-4.97212543933	-1689.46874819	
-4.97443224543	-1689.46874781	
-4.97673374242	-1689.46874743	
-4.97902995468	-1689.46874705	
-4.98132090643	-1689.46874668	
-4.98360662171	-1689.4687463	
-4.98588712441	-1689.46874593	
-4.98816243824	-1689.46874556	
-4.99043258678	-1689.46874519	
-4.99269759341	-1689.46874482	
-4.99495748138	-1689.46874445	
-4.99721227376	-1689.46874409	
-4.9994619935	-1689.46874372	
-5.00170666335	-1689.46874336	
-5.00394630595	-1689.46874299	
-5.00618094375	-1689.46874263	
-5.00841059907	-1689.46874227	
-5.0106352941	-1689.46874191	
-5.01285505083	-1689.46874156	
-5.01506989116	-1689.4687412	
-5.01727983681	-1689.46874085	
-5.01948490937	-1689.46874049	
-5.02168513028	-1689.46874014	
-5.02388052085	-1689.46873979	
-5.02607110223	-1689.46873944	
-5.02825689545	-1689.46873909	
-5.03043792139	-1689.46873874	
-5.03261420082	-1689.4687384	
-5.03478575433	-1689.46873805	
-5.03695260241	-1689.46873771	
-5.03911476542	-1689.46873737	
-5.04127226356	-1689.46873702	
-5.04342511692	-1689.46873668	
-5.04557334546	-1689.46873634	
-5.047716969	-1689.46873601	
-5.04985600725	-1689.46873567	
-5.05199047978	-1689.46873533	
-5.05412040604	-1689.468735	
-5.05624580535	-1689.46873466	
-5.05836669692	-1689.46873433	
-5.06048309982	-1689.468734	
-5.06259503303	-1689.46873367	
-5.06470251537	-1689.46873334	
-5.06680556556	-1689.46873301	
-5.06890420222	-1689.46873269	
-5.07099844382	-1689.46873236	
-5.07308830874	-1689.46873204	
-5.07517381523	-1689.46873171	
-5.07725498144	-1689.46873139	
-5.07933182538	-1689.46873107	
-5.08140436498	-1689.46873075	
-5.08347261805	-1689.46873043	
-5.08553660227	-1689.46873011	
-5.08759633523	-1689.46872979	
-5.08965183441	-1689.46872948	
-5.09170311719	-1689.46872916	
-5.09375020081	-1689.46872885	
-5.09579310244	-1689.46872853	
-5.09783183913	-1689.46872822	
-5.09986642782	-1689.46872791	
-5.10189688537	-1689.4687276	
-5.10392322852	-1689.46872729	
-5.1059454739	-1689.46872698	
-5.10796363806	-1689.46872668	
-5.10997773743	-1689.46872637	
-5.11198778836	-1689.46872607	
-5.11399380708	-1689.46872576	
-5.11599580975	-1689.46872546	
-5.11799381242	-1689.46872516	
-5.11998783102	-1689.46872486	
-5.12197788143	-1689.46872456	
-5.1239639794	-1689.46872426	
-5.12594614061	-1689.46872396	
-5.12792438062	-1689.46872366	
-5.12989871492	-1689.46872336	
-5.13186915891	-1689.46872307	
-5.13383572788	-1689.46872278	
-5.13579843705	-1689.46872248	
-5.13775730154	-1689.46872219	
-5.13971233637	-1689.4687219	
-5.1416635565	-1689.46872161	
-5.14361097679	-1689.46872132	
-5.145554612	-1689.46872103	
-5.14749447681	-1689.46872074	
-5.14943058584	-1689.46872045	
-5.15136295359	-1689.46872017	
-5.1532915945	-1689.46871988	
-5.15521652291	-1689.4687196	
-5.15713775309	-1689.46871931	
-5.15905529921	-1689.46871903	
-5.1609691754	-1689.46871875	
-5.16287939565	-1689.46871847	
-5.16478597392	-1689.46871819	
-5.16668892407	-1689.46871791	
-5.16858825987	-1689.46871763	
-5.17048399504	-1689.46871735	
-5.17237614319	-1689.46871708	
-5.17426471788	-1689.4687168	
-5.17614973257	-1689.46871653	
-5.17803120067	-1689.46871625	
-5.1799091355	-1689.46871598	
-5.18178355029	-1689.46871571	
-5.18365445823	-1689.46871544	
-5.1855218724	-1689.46871517	
-5.18738580584	-1689.4687149	
-5.18924627149	-1689.46871463	
-5.19110328224	-1689.46871436	
-5.19295685089	-1689.46871409	
-5.19480699018	-1689.46871383	
-5.19665371277	-1689.46871356	
-5.19849703127	-1689.4687133	
-5.20033695819	-1689.46871303	
-5.202173506	-1689.46871277	
-5.20400668708	-1689.46871251	
-5.20583651375	-1689.46871224	
-5.20766299828	-1689.46871198	
-5.20948615284	-1689.46871172	
-5.21130598956	-1689.46871146	
-5.21312252048	-1689.4687112	
-5.21493575761	-1689.46871095	
-5.21674571285	-1689.46871069	
-5.21855239808	-1689.46871043	
-5.22035582508	-1689.46871018	
-5.22215600558	-1689.46870992	
-5.22395295126	-1689.46870967	
-5.22574667371	-1689.46870942	
-5.22753718449	-1689.46870916	
-5.22932449506	-1689.46870891	
-5.23110861685	-1689.46870866	
-5.23288956123	-1689.46870841	
-5.23466733947	-1689.46870816	
-5.23644196283	-1689.46870791	
-5.23821344248	-1689.46870766	
-5.23998178954	-1689.46870742	
-5.24174701506	-1689.46870717	
-5.24350913005	-1689.46870692	
-5.24526814546	-1689.46870668	
-5.24702407216	-1689.46870644	
-5.24877692099	-1689.46870619	
-5.25052670271	-1689.46870595	
-5.25227342805	-1689.46870571	
-5.25401710765	-1689.46870546	
-5.25575775213	-1689.46870522	
-5.25749537203	-1689.46870498	
-5.25922997784	-1689.46870474	
-5.26096158	-1689.46870451	
-5.2626901889	-1689.46870427	
-5.26441581487	-1689.46870403	
-5.26613846818	-1689.46870379	
-5.26785815906	-1689.46870356	
-5.26957489768	-1689.46870332	
-5.27128869416	-1689.46870309	
-5.27299955856	-1689.46870285	
-5.27470750091	-1689.46870262	
-5.27641253116	-1689.46870239	
-5.27811465923	-1689.46870215	
-5.27981389498	-1689.46870192	
-5.28151024823	-1689.46870169	
-5.28320372874	-1689.46870146	
-5.28489434622	-1689.46870123	
-5.28658211033	-1689.468701	
-5.28826703069	-1689.46870078	
-5.28994911688	-1689.46870055	
-5.2916283784	-1689.46870032	
-5.29330482472	-1689.4687001	
-5.29497846528	-1689.46869987	
-5.29664930945	-1689.46869965	
-5.29831736655	-1689.46869942	
-5.29998264587	-1689.4686992	
-5.30164515664	-1689.46869897	
-5.30330490806	-1689.46869875	
-5.30496190927	-1689.46869853	
-5.30661616936	-1689.46869831	
-5.3082676974	-1689.46869809	
-5.30991650239	-1689.46869787	
-5.3115625933	-1689.46869765	
-5.31320597904	-1689.46869743	
-5.3148466685	-1689.46869721	
-5.3164846705	-1689.46869699	
-5.31811999384	-1689.46869678	
-5.31975264727	-1689.46869656	
-5.32138263948	-1689.46869635	
-5.32300997914	-1689.46869613	
-5.32463467487	-1689.46869592	
-5.32625673524	-1689.4686957	
-5.32787616879	-1689.46869549	
-5.32949298402	-1689.46869528	
-5.33110718937	-1689.46869506	
-5.33271879327	-1689.46869485	
-5.33432780407	-1689.46869464	
-5.33593423012	-1689.46869443	
-5.3375380797	-1689.46869422	
-5.33913936107	-1689.46869401	
-5.34073808243	-1689.4686938	
-5.34233425196	-1689.46869359	
-5.3439278778	-1689.46869339	
-5.34551896803	-1689.46869318	
-5.34710753072	-1689.46869297	
-5.34869357387	-1689.46869277	
-5.35027710548	-1689.46869256	
-5.35185813348	-1689.46869236	
-5.35343666577	-1689.46869215	
-5.35501271022	-1689.46869195	
-5.35658627467	-1689.46869174	
-5.3581573669	-1689.46869154	
-5.35972599468	-1689.46869134	
-5.36129216571	-1689.46869114	
-5.36285588769	-1689.46869094	
-5.36441716825	-1689.46869074	
-5.36597601502	-1689.46869054	
-5.36753243557	-1689.46869034	
-5.36908643744	-1689.46869014	
-5.37063802813	-1689.46868994	
-5.37218721511	-1689.46868974	
-5.37373400583	-1689.46868954	
-5.37527840768	-1689.46868935	
-5.37682042804	-1689.46868915	
-5.37836007422	-1689.46868896	
-5.37989735354	-1689.46868876	
-5.38143227326	-1689.46868857	
-5.38296484061	-1689.46868837	
-5.38449506279	-1689.46868818	
-5.38602294697	-1689.46868798	
-5.38754850028	-1689.46868779	
-5.38907172982	-1689.4686876	
-5.39059264266	-1689.46868741	
-5.39211124583	-1689.46868722	
-5.39362754635	-1689.46868702	
-5.39514155118	-1689.46868683	
-5.39665326727	-1689.46868664	
-5.39816270152	-1689.46868646	
-5.39966986081	-1689.46868627	
-5.40117475199	-1689.46868608	
-5.40267738187	-1689.46868589	
-5.40417775725	-1689.4686857	
-5.40567588487	-1689.46868552	
-5.40717177146	-1689.46868533	
-5.40866542372	-1689.46868514	
-5.4101568483	-1689.46868496	
-5.41164605186	-1689.46868477	
-5.41313304098	-1689.46868459	
-5.41461782224	-1689.4686844	
-5.4161004022	-1689.46868422	
-5.41758078737	-1689.46868404	
-5.41905898424	-1689.46868386	
-5.42053499927	-1689.46868367	
-5.42200883889	-1689.46868349	
-5.4234805095	-1689.46868331	
-5.42495001748	-1689.46868313	
-5.42641736918	-1689.46868295	
-5.4278825709	-1689.46868277	
-5.42934562895	-1689.46868259	
-5.43080654959	-1689.46868241	
-5.43226533906	-1689.46868223	
-5.43372200355	-1689.46868205	
-5.43517654927	-1689.46868188	
-5.43662898235	-1689.4686817	
-5.43807930892	-1689.46868152	
-5.4395275351	-1689.46868135	
-5.44097366695	-1689.46868117	
-5.44241771052	-1689.46868099	
-5.44385967184	-1689.46868082	
-5.4452995569	-1689.46868064	
-5.44673737167	-1689.46868047	
-5.44817312209	-1689.4686803	
-5.44960681409	-1689.46868012	
-5.45103845357	-1689.46867995	
-5.45246804638	-1689.46867978	
-5.45389559837	-1689.46867961	
-5.45532111536	-1689.46867943	
-5.45674460314	-1689.46867926	
-5.45816606749	-1689.46867909	
-5.45958551414	-1689.46867892	
-5.46100294883	-1689.46867875	
-5.46241837723	-1689.46867858	
-5.46383180503	-1689.46867841	
-5.46524323786	-1689.46867825	
-5.46665268137	-1689.46867808	
-5.46806014114	-1689.46867791	
-5.46946562274	-1689.46867774	
-5.47086913175	-1689.46867757	
-5.47227067367	-1689.46867741	
-5.47367025403	-1689.46867724	
-5.47506787829	-1689.46867708	
-5.47646355193	-1689.46867691	
-5.47785728038	-1689.46867675	
-5.47924906905	-1689.46867658	
-5.48063892334	-1689.46867642	
-5.48202684862	-1689.46867625	
-5.48341285022	-1689.46867609	
-5.48479693349	-1689.46867593	
-5.48617910372	-1689.46867576	
-5.48755936619	-1689.4686756	
-5.48893772616	-1689.46867544	
-5.49031418887	-1689.46867528	
-5.49168875953	-1689.46867512	
-5.49306144334	-1689.46867496	
-5.49443224547	-1689.4686748	
-5.49580117108	-1689.46867464	
-5.49716822529	-1689.46867448	
-5.49853341322	-1689.46867432	
-5.49989673995	-1689.46867416	
-5.50125821054	-1689.468674	
-5.50261783006	-1689.46867384	
-5.50397560352	-1689.46867368	
-5.50533153593	-1689.46867353	
-5.50668563228	-1689.46867337	
-5.50803789753	-1689.46867321	
-5.50938833663	-1689.46867306	
-5.5107369545	-1689.4686729	
-5.51208375605	-1689.46867275	
-5.51342874616	-1689.46867259	
-5.51477192971	-1689.46867244	
-5.51611331154	-1689.46867228	
-5.51745289646	-1689.46867213	
-5.51879068931	-1689.46867197	
-5.52012669485	-1689.46867182	
-5.52146091786	-1689.46867167	
-5.5227933631	-1689.46867151	
-5.52412403528	-1689.46867136	
-5.52545293913	-1689.46867121	
-5.52678007934	-1689.46867106	
-5.52810546058	-1689.46867091	
-5.52942908751	-1689.46867076	
-5.53075096477	-1689.46867061	
-5.53207109697	-1689.46867046	
-5.53338948873	-1689.46867031	
-5.53470614461	-1689.46867016	
-5.53602106919	-1689.46867001	
-5.53733426702	-1689.46866986	
-5.53864574262	-1689.46866971	
-5.5399555005	-1689.46866956	
-5.54126354516	-1689.46866941	
-5.54256988107	-1689.46866927	
-5.5438745127	-1689.46866912	
-5.54517744448	-1689.46866897	
-5.54647868084	-1689.46866883	
-5.54777822618	-1689.46866868	
-5.5490760849	-1689.46866854	
-5.55037226136	-1689.46866839	
-5.55166675992	-1689.46866824	
-5.55295958492	-1689.4686681	
-5.55425074069	-1689.46866796	
-5.55554023152	-1689.46866781	
-5.5568280617	-1689.46866767	
-5.55811423551	-1689.46866752	
-5.5593987572	-1689.46866738	
-5.56068163102	-1689.46866724	
-5.56196286117	-1689.4686671	
-5.56324245188	-1689.46866695	
-5.56452040732	-1689.46866681	
-5.56579673168	-1689.46866667	
-5.56707142911	-1689.46866653	
-5.56834450376	-1689.46866639	
-5.56961595975	-1689.46866625	
-5.57088580119	-1689.46866611	
-5.57215403218	-1689.46866597	
-5.57342065679	-1689.46866583	
-5.5746856791	-1689.46866569	
-5.57594910315	-1689.46866555	
-5.57721093297	-1689.46866541	
-5.57847117258	-1689.46866527	
-5.57972982599	-1689.46866513	
-5.58098689718	-1689.468665	
-5.58224239012	-1689.46866486	
-5.58349630878	-1689.46866472	
-5.5847486571	-1689.46866458	
-5.585999439	-1689.46866445	
-5.5872486584	-1689.46866431	
-5.5884963192	-1689.46866418	
-5.58974242528	-1689.46866404	
-5.59098698051	-1689.4686639	
-5.59222998875	-1689.46866377	
-5.59347145384	-1689.46866363	
-5.5947113796	-1689.4686635	
-5.59594976985	-1689.46866337	
-5.59718662839	-1689.46866323	
-5.598421959	-1689.4686631	
-5.59965576545	-1689.46866297	
-5.60088805149	-1689.46866283	
-5.60211882088	-1689.4686627	
-5.60334807733	-1689.46866257	
-5.60457582457	-1689.46866243	
-5.6058020663	-1689.4686623	
-5.60702680619	-1689.46866217	
-5.60825004793	-1689.46866204	
-5.60947179518	-1689.46866191	
-5.61069205159	-1689.46866178	
-5.61191082078	-1689.46866165	
-5.61312810639	-1689.46866152	
-5.61434391201	-1689.46866139	
-5.61555824124	-1689.46866126	
-5.61677109767	-1689.46866113	
-5.61798248485	-1689.468661	
-5.61919240636	-1689.46866087	
-5.62040086572	-1689.46866074	
-5.62160786647	-1689.46866061	
-5.62281341212	-1689.46866049	
-5.62401750619	-1689.46866036	
-5.62522015215	-1689.46866023	
-5.6264213535	-1689.4686601	
-5.62762111369	-1689.46865998	
-5.62881943618	-1689.46865985	
-5.63001632442	-1689.46865972	
-5.63121178182	-1689.4686596	
-5.63240581181	-1689.46865947	
-5.6335984178	-1689.46865935	
-5.63478960317	-1689.46865922	
-5.6359793713	-1689.4686591	
-5.63716772557	-1689.46865897	
-5.63835466933	-1689.46865885	
-5.63954020593	-1689.46865872	
-5.64072433869	-1689.4686586	
-5.64190707094	-1689.46865847	
-5.64308840598	-1689.46865835	
-5.64426834712	-1689.46865823	
-5.64544689764	-1689.4686581	
-5.64662406082	-1689.46865798	
-5.64779983991	-1689.46865786	
-5.64897423816	-1689.46865774	
-5.65014725882	-1689.46865762	
-5.65131890512	-1689.46865749	
-5.65248918027	-1689.46865737	
-5.65365808747	-1689.46865725	
-5.65482562993	-1689.46865713	
-5.65599181082	-1689.46865701	
-5.65715663332	-1689.46865689	
-5.65832010058	-1689.46865677	
-5.65948221576	-1689.46865665	
-5.660642982	-1689.46865653	
-5.66180240242	-1689.46865641	
-5.66296048014	-1689.46865629	
-5.66411721826	-1689.46865617	
-5.66527261989	-1689.46865605	
-5.66642668811	-1689.46865594	
-5.66757942599	-1689.46865582	
-5.6687308366	-1689.4686557	
-5.66988092298	-1689.46865558	
-5.67102968818	-1689.46865546	
-5.67217713524	-1689.46865535	
-5.67332326717	-1689.46865523	
-5.67446808699	-1689.46865511	
-5.67561159769	-1689.468655	
-5.67675380227	-1689.46865488	
-5.6778947037	-1689.46865476	
-5.67903430497	-1689.46865465	
-5.68017260902	-1689.46865453	
-5.6813096188	-1689.46865442	
-5.68244533727	-1689.4686543	
-5.68357976734	-1689.46865419	
-5.68471291194	-1689.46865407	
-5.68584477397	-1689.46865396	
-5.68697535634	-1689.46865384	
-5.68810466194	-1689.46865373	
-5.68923269364	-1689.46865362	
-5.69035945432	-1689.4686535	
-5.69148494685	-1689.46865339	
-5.69260917406	-1689.46865328	
-5.6937321388	-1689.46865316	
-5.69485384391	-1689.46865305	
-5.69597429221	-1689.46865294	
-5.69709348651	-1689.46865283	
-5.69821142961	-1689.46865271	
-5.69932812431	-1689.4686526	
-5.70044357339	-1689.46865249	
-5.70155777963	-1689.46865238	
-5.7026707458	-1689.46865227	
-5.70378247466	-1689.46865216	
-5.70489296894	-1689.46865205	
-5.70600223139	-1689.46865194	
-5.70711026475	-1689.46865183	
-5.70821707172	-1689.46865172	
-5.70932265503	-1689.46865161	
-5.71042701737	-1689.4686515	
-5.71153016145	-1689.46865139	
-5.71263208993	-1689.46865128	
-5.71373280551	-1689.46865117	
-5.71483231084	-1689.46865106	
-5.71593060859	-1689.46865095	
-5.71702770141	-1689.46865085	
-5.71812359193	-1689.46865074	
-5.71921828279	-1689.46865063	
-5.72031177661	-1689.46865052	
-5.72140407601	-1689.46865041	
-5.72249518359	-1689.46865031	
-5.72358510195	-1689.4686502	
-5.72467383369	-1689.46865009	
-5.72576138137	-1689.46864999	
-5.72684774759	-1689.46864988	
-5.72793293489	-1689.46864978	
-5.72901694583	-1689.46864967	
-5.73009978297	-1689.46864956	
-5.73118144884	-1689.46864946	
-5.73226194598	-1689.46864935	
-5.7333412769	-1689.46864925	
-5.73441944412	-1689.46864914	
-5.73549645015	-1689.46864904	
-5.73657229748	-1689.46864893	
-5.73764698861	-1689.46864883	
-5.73872052602	-1689.46864873	
-5.73979291218	-1689.46864862	
-5.74086414956	-1689.46864852	
-5.74193424062	-1689.46864841	
-5.74300318781	-1689.46864831	
-5.74407099357	-1689.46864821	
-5.74513766034	-1689.4686481	
-5.74620319054	-1689.468648	
-5.7472675866	-1689.4686479	
-5.74833085092	-1689.4686478	
-5.74939298591	-1689.4686477	
-5.75045399397	-1689.46864759	
-5.75151387748	-1689.46864749	
-5.75257263883	-1689.46864739	
-5.75363028038	-1689.46864729	
-5.75468680452	-1689.46864719	
-5.75574221359	-1689.46864709	
-5.75679650994	-1689.46864699	
-5.75784969593	-1689.46864689	
-5.75890177388	-1689.46864679	
-5.75995274612	-1689.46864668	
-5.76100261499	-1689.46864658	
-5.76205138278	-1689.46864649	
-5.76309905181	-1689.46864639	
-5.76414562438	-1689.46864629	
-5.76519110278	-1689.46864619	
-5.7662354893	-1689.46864609	
-5.76727878622	-1689.46864599	
-5.76832099579	-1689.46864589	
-5.7693621203	-1689.46864579	
-5.770402162	-1689.46864569	
-5.77144112313	-1689.4686456	
-5.77247900594	-1689.4686455	
-5.77351581267	-1689.4686454	
-5.77455154554	-1689.4686453	
-5.77558620679	-1689.4686452	
-5.77661979861	-1689.46864511	
-5.77765232322	-1689.46864501	
-5.77868378283	-1689.46864491	
-5.77971417962	-1689.46864482	
-5.78074351579	-1689.46864472	
-5.78177179352	-1689.46864462	
-5.78279901497	-1689.46864453	
-5.78382518233	-1689.46864443	
-5.78485029774	-1689.46864434	
-5.78587436337	-1689.46864424	
-5.78689738137	-1689.46864415	
-5.78791935386	-1689.46864405	
-5.788940283	-1689.46864395	
-5.7899601709	-1689.46864386	
-5.79097901969	-1689.46864377	
-5.79199683148	-1689.46864367	
-5.79301360838	-1689.46864358	
-5.7940293525	-1689.46864348	
-5.79504406593	-1689.46864339	
-5.79605775077	-1689.46864329	
-5.79707040908	-1689.4686432	
-5.79808204295	-1689.46864311	
-5.79909265446	-1689.46864301	
-5.80010224566	-1689.46864292	
-5.80111081862	-1689.46864283	
-5.80211837538	-1689.46864273	
-5.80312491799	-1689.46864264	
-5.80413044849	-1689.46864255	
-5.80513496892	-1689.46864246	
-5.80613848129	-1689.46864237	
-5.80714098764	-1689.46864227	
-5.80814248998	-1689.46864218	
-5.80914299031	-1689.46864209	
