#Site	lnL	
0	-1.81468616628
1	-1.96782064535
2	-6.78948346526
3	-1.97054190089
4	-1.96782064535
5	-6.04746030525
6	-6.93213141427
7	-9.25872056072
8	-1.52273249017
9	-8.61587586276
10	-5.47742251172
11	-7.4822005783
12	-1.68834455358
13	-1.74101566497
14	-1.7233075954
15	-1.60434414706
16	-6.53656457059
17	-1.52273249017
18	-1.81468616628
19	-1.74101566497
20	-1.87458667916
21	-1.81468616628
22	-1.83288483076
23	-5.89218522627
24	-1.81468616628
25	-1.74101566497
26	-6.83142948018
27	-6.60814410099
28	-2.13145842044
29	-10.6218435082
30	-6.90988771563
31	-8.06731585394
32	-6.57505162277
33	-1.60434414706
34	-1.83288483076
35	-1.60205087738
36	-1.81468616628
37	-5.6915174105
38	-1.60205087738
39	-17.5627611581
40	-9.06713099675
41	-6.93305315515
42	-1.81468616628
43	-2.13145842044
44	-5.05469809464
45	-9.28221611281
46	-1.96782064535
47	-7.4822005783
48	-1.60434414706
49	-1.83288483076
50	-7.47107880378
51	-1.68834455358
52	-1.96782064535
53	-1.52273249017
54	-1.60434414706
55	-6.40500171177
56	-1.52273249017
57	-5.78029194401
58	-1.74101566497
59	-1.60205087738
60	-1.97054190089
61	-1.83288483076
62	-6.68640711799
63	-9.41161058294
64	-6.45555859539
65	-1.7233075954
66	-1.60434414706
67	-15.8469408464
68	-5.05469809464
69	-1.60434414706
70	-5.47742251172
71	-1.52273249017
72	-1.68834455358
73	-9.47462510142
74	-1.60205087738
75	-1.60434414706
76	-1.74101566497
77	-1.60205087738
78	-7.72666786817
79	-8.2951015678
80	-1.60205087738
81	-1.68834455358
82	-1.83288483076
83	-1.87458667916
84	-1.60434414706
85	-1.74101566497
86	-1.52273249017
87	-9.8458185251
88	-2.13145842044
89	-1.87458667916
90	-1.81468616628
91	-4.70108088509
92	-1.87458667916
93	-12.4592264843
94	-8.31914203105
95	-5.89218522627
96	-1.81468616628
97	-1.83288483076
98	-1.52273249017
99	-1.60434414706
100	-4.70108088509
101	-6.78948346526
102	-1.97054190089
103	-6.6415615642
104	-6.83142948018
105	-1.60434414706
106	-1.83288483076
107	-6.04746030525
108	-1.68834455358
109	-2.13145842044
110	-1.60205087738
111	-1.81468616628
112	-9.17597573786
113	-1.7233075954
114	-5.79265283475
115	-6.49147982434
116	-1.52273249017
117	-1.97054190089
118	-4.67675043399
119	-1.87458667916
120	-1.81468616628
121	-2.13145842044
122	-1.60205087738
123	-4.95807209051
124	-1.74101566497
125	-1.7233075954
126	-6.90988771563
127	-1.96782064535
128	-1.52273249017
129	-1.60434414706
130	-1.83288483076
131	-7.86095534705
132	-1.81468616628
133	-2.13145842044
134	-5.95586787338
135	-1.81468616628
136	-1.83288483076
137	-6.04746030525
138	-5.70455502826
139	-4.77184144746
140	-6.07402611816
141	-1.81468616628
142	-6.17838748882
143	-1.60205087738
144	-1.60434414706
145	-1.74101566497
146	-1.52273249017
147	-1.97054190089
148	-2.13145842044
149	-6.5664933741
150	-1.60434414706
151	-1.83288483076
152	-1.52273249017
153	-1.68834455358
154	-6.01219816904
155	-1.52273249017
156	-1.97054190089
157	-1.83288483076
158	-7.15960210977
159	-6.26482655403
160	-2.13145842044
161	-7.0057326572
162	-1.81468616628
163	-1.96782064535
164	-15.4392780144
165	-5.61109446065
166	-1.83288483076
167	-12.7364790132
168	-1.97054190089
169	-6.35348667284
170	-1.7233075954
171	-1.97054190089
172	-4.67675043399
173	-6.4276072557
174	-1.97054190089
175	-5.50246117993
176	-7.10219633012
177	-1.81468616628
178	-2.13145842044
179	-6.00504824396
180	-1.60434414706
181	-2.13145842044
182	-1.60205087738
183	-1.60434414706
184	-9.91098108772
185	-17.4233577202
186	-4.95807209051
187	-1.83288483076
188	-1.60205087738
189	-1.81468616628
190	-1.96782064535
191	-1.87458667916
192	-1.60434414706
193	-5.4154234213
194	-1.60205087738
195	-1.97054190089
196	-1.96782064535
197	-1.60205087738
198	-1.60434414706
199	-6.15307380868
200	-6.54629698023
201	-1.81468616628
202	-1.96782064535
203	-6.76109108819
204	-1.60434414706
205	-1.83288483076
206	-1.7233075954
207	-1.68834455358
208	-1.83288483076
209	-1.7233075954
210	-1.81468616628
211	-1.83288483076
212	-5.63778293395
213	-5.8820389645
214	-1.83288483076
215	-1.87458667916
216	-9.65745600836
217	-1.83288483076
218	-1.52273249017
219	-5.70013117183
220	-1.96782064535
221	-1.52273249017
222	-1.81468616628
223	-1.83288483076
224	-1.87458667916
225	-1.68834455358
226	-1.96782064535
227	-1.7233075954
228	-1.81468616628
229	-1.74101566497
230	-5.98089944099
231	-1.81468616628
232	-1.83288483076
233	-8.68954130309
234	-1.68834455358
235	-2.13145842044
236	-1.87458667916
237	-1.81468616628
238	-1.74101566497
239	-1.52273249017
240	-5.70013117183
241	-1.74101566497
242	-7.57891063457
243	-1.68834455358
244	-1.74101566497
245	-6.00504824396
246	-1.60434414706
247	-1.96782064535
248	-6.88104630563
249	-14.6703622539
250	-1.74101566497
251	-1.7233075954
252	-6.96257295028
253	-5.57552828056
254	-1.87458667916
255	-1.81468616628
256	-1.83288483076
257	-1.52273249017
258	-5.70455502826
259	-6.31085873838
260	-5.05469809464
261	-5.78029194401
262	-1.83288483076
263	-5.8147903152
264	-11.1157070081
265	-5.56646365095
266	-6.5664933741
267	-1.97054190089
268	-1.74101566497
269	-1.7233075954
270	-6.55988799773
271	-1.83288483076
272	-5.96153635217
273	-5.70013117183
274	-4.67675043399
275	-1.7233075954
276	-1.68834455358
277	-5.22059862788
278	-1.52273249017
279	-1.97054190089
280	-6.19598380134
281	-1.7233075954
282	-1.81468616628
283	-1.74101566497
284	-6.75289969079
285	-1.81468616628
286	-5.50246117993
287	-1.52273249017
288	-1.81468616628
289	-1.83288483076
290	-1.7233075954
291	-1.81468616628
292	-6.52689486762
293	-8.00570140056
294	-1.97054190089
295	-7.56596826943
296	-6.55266929988
297	-7.76162147538
298	-1.74101566497
299	-5.89531967358
300	-1.68834455358
301	-6.36942417649
302	-1.60205087738
303	-1.60434414706
304	-1.74101566497
305	-1.87458667916
306	-1.81468616628
307	-1.83288483076
308	-1.87458667916
309	-1.60434414706
310	-6.53656457059
311	-1.52273249017
312	-6.38946361817
313	-7.43250511965
314	-5.87252004267
315	-1.60434414706
316	-1.83288483076
317	-1.60205087738
318	-1.68834455358
319	-1.74101566497
320	-1.60205087738
321	-4.95807209051
322	-1.74101566497
323	-5.10087804094
324	-1.68834455358
325	-5.32559562149
326	-1.7233075954
327	-1.68834455358
328	-8.2028284475
329	-10.9242591172
330	-4.86945683544
331	-6.14874495725
332	-1.87458667916
333	-1.68834455358
334	-1.96782064535
335	-9.35790195974
336	-1.60434414706
337	-2.13145842044
338	-10.2350455051
339	-5.81474835591
340	-2.13145842044
341	-1.7233075954
342	-1.60434414706
343	-1.74101566497
344	-8.97980728969
345	-1.68834455358
346	-1.96782064535
347	-1.52273249017
348	-1.60434414706
349	-1.83288483076
350	-1.60205087738
351	-1.68834455358
352	-1.83288483076
353	-9.04054174599
354	-6.35175089297
355	-1.96782064535
356	-1.7233075954
357	-5.70455502826
358	-1.74101566497
359	-6.07402611816
360	-1.97054190089
361	-2.13145842044
362	-6.54988794537
363	-1.68834455358
364	-15.5890568433
365	-6.0858964346
366	-4.86945683544
367	-1.74101566497
368	-1.87458667916
369	-10.3601007939
370	-1.83288483076
371	-1.7233075954
372	-8.81935064445
373	-1.83288483076
374	-5.8147903152
375	-1.97054190089
376	-1.74101566497
377	-1.7233075954
378	-1.60434414706
379	-6.7360055465
380	-1.7233075954
381	-1.81468616628
382	-7.33275260425
383	-7.68293577986
384	-1.60434414706
385	-1.74101566497
386	-9.46763436873
387	-1.60434414706
388	-5.24270225737
389	-5.04101124157
390	-1.81468616628
391	-1.83288483076
392	-12.8273702891
393	-1.97054190089
394	-12.2245065477
395	-1.87458667916
396	-1.81468616628
397	-1.74101566497
398	-1.52273249017
399	-1.97054190089
400	-11.8475456242
401	-1.60205087738
402	-1.68834455358
403	-9.13572681374
404	-1.60205087738
405	-1.81468616628
406	-1.96782064535
407	-6.5664933741
408	-1.68834455358
409	-1.96782064535
410	-6.4276072557
411	-1.68834455358
412	-1.74101566497
413	-1.7233075954
414	-1.97054190089
415	-9.51259475834
416	-5.84915614148
417	-5.70455502826
418	-5.24270225737
419	-1.60205087738
420	-1.60434414706
421	-6.01219816904
422	-1.7233075954
423	-6.7131410946
424	-9.79429188352
425	-5.63778293395
426	-5.62158571632
427	-1.74101566497
428	-5.83380374174
429	-1.81468616628
430	-1.83288483076
431	-6.4276072557
432	-1.68834455358
433	-2.13145842044
434	-1.52273249017
435	-1.68834455358
436	-6.7494468687
437	-1.52273249017
438	-6.35175089297
439	-1.74101566497
440	-11.4038649075
441	-5.75699471853
442	-5.69985680275
443	-6.86938201759
444	-1.81468616628
445	-8.55185134294
446	-6.75289969079
447	-1.68834455358
448	-1.83288483076
449	-1.52273249017
450	-5.76054578359
451	-2.13145842044
452	-1.87458667916
453	-1.97054190089
454	-6.01219816904
455	-1.7233075954
456	-1.60434414706
457	-6.01219816904
458	-10.9184008876
459	-1.68834455358
460	-1.96782064535
461	-1.7233075954
462	-1.60434414706
463	-9.561634772
464	-6.83142948018
465	-1.68834455358
466	-6.17838748882
467	-1.60205087738
468	-7.63672167463
469	-1.83288483076
470	-1.87458667916
