#Site	lnL	
0	-5.07717232495
1	-5.14796074351
2	-11.7771390041
3	-5.07717232495
4	-11.4972614401
5	-7.42647202744
6	-11.2013716365
7	-5.14796074351
8	-7.02069750879
9	-5.2583728922
10	-10.0042192548
11	-7.35018089745
12	-9.78816782866
13	-10.9778818592
14	-7.79688570061
15	-10.4337951499
16	-9.89310172286
17	-11.6467385509
18	-5.04079108412
19	-5.14796074351
20	-7.42647202744
21	-9.99706314289
22	-5.18595450574
23	-7.02069750879
24	-4.88700505628
25	-4.98690386476
26	-10.4611297022
27	-5.07717232495
28	-5.14796074351
29	-7.79688570061
30	-12.9782996018
31	-9.6396237384
32	-10.0007437581
33	-10.4145327767
34	-5.14796074351
35	-7.02069750879
36	-4.88700505628
37	-5.14796074351
38	-12.4215705742
39	-10.4337951499
40	-5.14796074351
41	-7.02069750879
42	-5.07717232495
43	-10.115104439
44	-7.02069750879
45	-5.04079108412
46	-4.98690386476
47	-7.79688570061
48	-5.07717232495
49	-9.23486180046
50	-9.72143143246
51	-10.3262111395
52	-5.18595450574
53	-7.42647202744
54	-10.3262111395
55	-5.18595450574
56	-7.79688570061
57	-5.2583728922
58	-5.14796074351
59	-7.79688570061
60	-5.2583728922
61	-5.14796074351
62	-7.02069750879
63	-5.07717232495
64	-15.9810723586
65	-7.02069750879
66	-10.3262111395
67	-12.0989210445
68	-10.6689789574
69	-5.04079108412
70	-12.2471866756
71	-7.79688570061
72	-12.4950596926
73	-5.14796074351
74	-9.97871557651
75	-5.2583728922
76	-5.18595450574
77	-7.42647202744
78	-15.5641525664
79	-4.98690386476
80	-7.42647202744
81	-11.6992652558
82	-9.6396237384
83	-9.18075969342
84	-5.07717232495
85	-11.1907264718
86	-7.02069750879
87	-12.4434105888
88	-5.14796074351
89	-10.5740059621
90	-12.8159902673
91	-5.18595450574
92	-10.4107589523
93	-5.04079108412
94	-5.18595450574
95	-7.42647202744
96	-5.07717232495
97	-12.6503611628
98	-7.42647202744
99	-4.88700505628
100	-5.37460447275
101	-7.02069750879
102	-9.33913501848
103	-4.98690386476
104	-7.42647202744
105	-9.33721427463
106	-5.14796074351
107	-10.5206573099
108	-5.04079108412
109	-4.98690386476
110	-7.02069750879
111	-10.3849355556
112	-11.2236249575
113	-7.79688570061
114	-5.07717232495
115	-5.14796074351
116	-10.3875535965
117	-5.2583728922
118	-5.18595450574
119	-11.8030888028
120	-5.04079108412
121	-9.98592776922
122	-7.35018089745
123	-5.2583728922
124	-14.5062590747
125	-7.79688570061
126	-11.5095869445
127	-4.98690386476
128	-7.35018089745
129	-5.07717232495
130	-4.98690386476
131	-7.79688570061
132	-16.8578401322
133	-10.309775855
134	-7.02069750879
135	-5.2583728922
136	-9.99264376433
137	-7.42647202744
138	-19.6097295161
139	-5.18595450574
140	-10.4843824024
141	-15.4887089134
142	-5.37460447275
143	-11.368273891
144	-4.88700505628
145	-5.14796074351
146	-7.02069750879
147	-5.07717232495
148	-12.0989210445
149	-7.42647202744
150	-18.1941307632
151	-4.98690386476
152	-10.0848916854
153	-5.07717232495
154	-5.14796074351
155	-7.35018089745
156	-5.07717232495
157	-12.9998783917
158	-7.35018089745
159	-4.88700505628
160	-5.37460447275
161	-10.1388194373
162	-11.9217031826
163	-4.98690386476
164	-10.5801874634
165	-4.88700505628
166	-4.98690386476
167	-13.6091745568
168	-4.88700505628
169	-5.14796074351
170	-13.2427879081
171	-5.04079108412
172	-4.98690386476
173	-11.8751574616
174	-4.88700505628
175	-11.4972614401
176	-12.0317153308
177	-11.7110897037
178	-5.14796074351
179	-7.35018089745
180	-5.04079108412
181	-5.18595450574
182	-7.42647202744
183	-17.1300229223
184	-4.98690386476
185	-7.02069750879
186	-5.04079108412
187	-5.14796074351
188	-10.1584677911
189	-4.88700505628
190	-5.14796074351
191	-7.42647202744
192	-4.88700505628
193	-5.14796074351
194	-8.90427928828
195	-4.88700505628
196	-5.37460447275
197	-10.0127060149
198	-5.2583728922
199	-9.89310172286
200	-7.02069750879
201	-11.8296234181
202	-5.18595450574
203	-14.6466769724
204	-5.07717232495
205	-5.37460447275
206	-7.35018089745
207	-5.07717232495
208	-4.98690386476
209	-7.42647202744
210	-10.4658739944
211	-4.98690386476
212	-7.42647202744
213	-11.2309688575
214	-4.98690386476
215	-7.35018089745
216	-4.88700505628
217	-14.9556064671
218	-7.02069750879
219	-5.2583728922
220	-5.37460447275
221	-9.7880919252
222	-4.88700505628
223	-5.14796074351
224	-7.79688570061
225	-4.88700505628
226	-11.1047562689
227	-7.79688570061
228	-5.07717232495
229	-5.14796074351
230	-7.79688570061
231	-4.88700505628
232	-11.3009053425
233	-10.6664462513
234	-5.2583728922
235	-9.24276115014
236	-7.79688570061
237	-9.33721427463
238	-14.6336880772
239	-7.35018089745
240	-10.3262111395
241	-9.24276115014
242	-7.02069750879
243	-4.88700505628
244	-4.98690386476
245	-7.42647202744
246	-5.07717232495
247	-5.18595450574
248	-13.936445712
249	-4.88700505628
250	-5.14796074351
251	-7.42647202744
252	-5.04079108412
253	-5.37460447275
254	-7.02069750879
255	-5.07717232495
256	-11.1047562689
257	-7.42647202744
258	-5.07717232495
259	-4.98690386476
260	-7.42647202744
261	-5.2583728922
262	-11.415848
263	-11.368273891
264	-5.2583728922
265	-5.37460447275
266	-9.97871557651
267	-13.4020895647
268	-10.6124377661
269	-9.89069606163
270	-12.3386136136
271	-11.22124139
272	-9.39072626953
273	-4.88700505628
274	-5.18595450574
275	-10.7752893689
276	-5.07717232495
277	-13.8492162749
278	-15.296724045
279	-5.07717232495
280	-9.64577403926
281	-9.92029328266
282	-5.04079108412
283	-4.98690386476
284	-15.6667193185
285	-5.07717232495
286	-4.98690386476
287	-7.42647202744
288	-15.4673626111
289	-14.44529554
290	-7.02069750879
291	-11.5095869445
292	-5.37460447275
293	-7.02069750879
294	-5.2583728922
295	-5.37460447275
296	-10.6689789574
297	-5.04079108412
298	-5.14796074351
299	-7.35018089745
300	-4.88700505628
301	-5.18595450574
302	-7.79688570061
303	-10.0548551835
304	-4.98690386476
305	-7.02069750879
306	-4.88700505628
307	-11.0605046398
308	-10.3875535965
309	-5.04079108412
310	-15.2024033658
311	-7.79688570061
312	-4.88700505628
313	-15.9931954045
314	-7.35018089745
315	-5.07717232495
316	-11.4972614401
317	-9.92029328266
318	-5.04079108412
319	-5.14796074351
320	-7.42647202744
321	-10.754223159
322	-4.98690386476
323	-7.42647202744
324	-11.401474294
325	-5.14796074351
326	-10.6664462513
327	-5.07717232495
328	-5.37460447275
329	-7.79688570061
330	-5.2583728922
331	-21.0388061026
332	-10.6689789574
333	-5.2583728922
334	-10.1479192665
335	-10.4107589523
336	-9.34551551174
337	-5.37460447275
338	-7.02069750879
339	-9.33913501848
340	-4.98690386476
341	-7.79688570061
342	-4.88700505628
343	-5.14796074351
344	-7.42647202744
345	-5.07717232495
346	-4.98690386476
347	-7.42647202744
348	-4.88700505628
349	-5.37460447275
350	-11.0810756336
351	-12.3496260273
352	-9.89310172286
353	-7.79688570061
354	-5.07717232495
355	-11.1932640683
356	-7.79688570061
357	-10.4658739944
358	-5.18595450574
359	-7.35018089745
360	-9.33721427463
361	-5.14796074351
362	-7.02069750879
363	-5.07717232495
364	-5.37460447275
365	-12.2950812574
366	-5.2583728922
367	-11.22124139
368	-7.79688570061
369	-5.2583728922
370	-5.18595450574
371	-7.79688570061
372	-5.04079108412
373	-9.22609362233
374	-13.718031212
375	-5.07717232495
376	-20.5148859137
377	-7.79688570061
378	-11.9134137297
379	-5.14796074351
380	-10.5801874634
381	-5.07717232495
382	-4.98690386476
383	-7.02069750879
384	-5.07717232495
385	-12.6198695152
386	-7.02069750879
387	-5.04079108412
388	-5.14796074351
389	-7.02069750879
390	-4.88700505628
391	-5.14796074351
392	-10.8504443886
393	-4.88700505628
394	-4.98690386476
395	-10.1584677911
396	-5.04079108412
397	-4.98690386476
398	-10.0007437581
399	-5.2583728922
400	-5.37460447275
401	-7.35018089745
402	-5.04079108412
403	-16.2112048845
404	-7.02069750879
405	-4.88700505628
406	-10.0042192548
407	-7.02069750879
408	-11.5116355511
409	-4.98690386476
410	-10.200856049
411	-4.88700505628
412	-5.14796074351
413	-7.42647202744
414	-10.754223159
415	-7.69400105649
416	-7.42647202744
417	-7.79798955496
418	-10.8609925513
419	-7.42647202744
420	-5.04079108412
421	-11.043239502
422	-7.35018089745
423	-5.2583728922
424	-4.98690386476
425	-11.33867667
426	-5.04079108412
427	-4.98690386476
428	-7.35018089745
429	-7.79798955496
430	-4.98690386476
431	-7.42647202744
432	-5.2583728922
433	-4.98690386476
434	-7.02069750879
435	-14.9109789301
436	-4.98690386476
437	-7.42647202744
438	-5.04079108412
439	-9.22609362233
440	-7.02069750879
441	-5.2583728922
442	-9.89310172286
443	-8.2458716387
444	-4.88700505628
445	-11.3009053425
446	-9.98155310803
447	-4.88700505628
448	-5.37460447275
449	-10.6393817364
450	-5.07717232495
451	-5.18595450574
452	-7.35018089745
453	-5.07717232495
454	-14.0983931274
455	-7.79688570061
456	-8.16340691111
457	-4.98690386476
458	-10.7752893689
459	-11.6377923335
460	-5.37460447275
461	-7.35018089745
462	-5.07717232495
463	-5.37460447275
464	-9.92029328266
465	-5.04079108412
466	-5.37460447275
467	-7.42647202744
468	-5.07717232495
469	-4.98690386476
470	-8.25958765229
