#Site	lnL	
0	-4.92130887523
1	-10.3652390434
2	-7.71169799712
3	-5.02150755223
4	-5.22918381781
5	-7.34036764516
6	-4.85584420476
7	-5.22918381781
8	-6.92033200032
9	-4.82326314758
10	-12.0926595492
11	-7.00855916153
12	-7.59881205835
13	-10.531372986
14	-6.92033200032
15	-4.82326314758
16	-5.11400882911
17	-7.00855916153
18	-9.30825056995
19	-13.8071669
20	-7.00855916153
21	-4.92130887523
22	-10.5810115028
23	-6.92033200032
24	-4.82326314758
25	-5.15466769116
26	-7.00855916153
27	-15.7816345334
28	-10.4428467583
29	-7.00855916153
30	-4.92130887523
31	-5.22918381781
32	-7.14865311494
33	-10.1887290632
34	-5.15466769116
35	-7.71169799712
36	-9.13474999577
37	-5.3389800004
38	-7.00855916153
39	-4.92130887523
40	-5.22918381781
41	-6.92033200032
42	-5.02150755223
43	-7.82860567291
44	-7.34036764516
45	-4.85584420476
46	-5.15466769116
47	-7.00855916153
48	-12.0605749213
49	-5.3389800004
50	-9.16075295645
51	-4.82326314758
52	-5.15466769116
53	-7.34036764516
54	-5.02150755223
55	-5.22918381781
56	-7.00855916153
57	-5.02150755223
58	-5.11400882911
59	-8.07868248546
60	-5.02150755223
61	-5.11400882911
62	-7.14865311494
63	-4.92130887523
64	-5.15466769116
65	-6.92033200032
66	-4.82326314758
67	-11.8713013962
68	-9.60065491538
69	-4.92130887523
70	-13.146349276
71	-8.59665837313
72	-4.92130887523
73	-13.0406732133
74	-6.92033200032
75	-4.92130887523
76	-9.949603067
77	-6.92033200032
78	-4.92130887523
79	-10.0778937217
80	-6.92033200032
81	-5.02150755223
82	-9.35161979751
83	-7.73985991391
84	-8.15154953915
85	-9.50039587141
86	-6.92033200032
87	-4.85584420476
88	-5.11400882911
89	-8.03053724072
90	-4.92130887523
91	-8.26909623535
92	-6.92033200032
93	-7.58744924211
94	-5.15466769116
95	-10.1132819095
96	-9.2085422574
97	-5.15466769116
98	-7.34036764516
99	-10.1644477233
100	-5.22918381781
101	-7.00855916153
102	-5.02150755223
103	-12.5758157383
104	-7.34036764516
105	-5.02150755223
106	-5.22918381781
107	-6.92033200032
108	-4.85584420476
109	-8.93064426112
110	-9.40158251413
111	-4.92130887523
112	-14.6620464397
113	-7.34036764516
114	-10.1644477233
115	-5.3389800004
116	-7.34036764516
117	-12.0605749213
118	-8.31890950229
119	-7.00855916153
120	-5.02150755223
121	-12.9958540269
122	-9.41027172966
123	-4.85584420476
124	-10.695160439
125	-9.3228394356
126	-5.02150755223
127	-11.4990755783
128	-11.9385541552
129	-18.3039541894
130	-5.15466769116
131	-7.34036764516
132	-4.82326314758
133	-5.15466769116
134	-7.14865311494
135	-5.02150755223
136	-12.9596796105
137	-12.7361589781
138	-4.85584420476
139	-11.4990755783
140	-9.13903016771
141	-12.3778020794
142	-5.3389800004
143	-6.92033200032
144	-4.82326314758
145	-10.5157472403
146	-8.59665837313
147	-4.85584420476
148	-5.11400882911
149	-6.92033200032
150	-4.82326314758
151	-9.91410626861
152	-9.41027172966
153	-12.3998065444
154	-5.3389800004
155	-9.00698162859
156	-5.02150755223
157	-5.11400882911
158	-6.92033200032
159	-11.6060584829
160	-8.37288125181
161	-11.4960226135
162	-4.82326314758
163	-10.695160439
164	-7.34036764516
165	-4.82326314758
166	-5.15466769116
167	-7.34036764516
168	-4.82326314758
169	-10.3890644099
170	-6.92033200032
171	-11.1581747469
172	-16.0614371206
173	-7.14865311494
174	-4.82326314758
175	-5.22918381781
176	-9.79230612354
177	-4.82326314758
178	-11.7973321068
179	-7.00855916153
180	-4.92130887523
181	-9.50039587141
182	-7.00855916153
183	-5.02150755223
184	-5.22918381781
185	-7.34036764516
186	-4.92130887523
187	-11.3835247793
188	-7.00855916153
189	-5.02150755223
190	-5.15466769116
191	-9.37731198054
192	-4.85584420476
193	-10.695160439
194	-7.00855916153
195	-4.82326314758
196	-5.22918381781
197	-7.14865311494
198	-4.85584420476
199	-5.3389800004
200	-7.34036764516
201	-5.02150755223
202	-11.8810800583
203	-8.33012538245
204	-4.82326314758
205	-10.0778937217
206	-7.14865311494
207	-11.2094878828
208	-11.5238101752
209	-9.3228394356
210	-12.283555153
211	-5.22918381781
212	-7.34036764516
213	-15.0896370452
214	-5.15466769116
215	-7.14865311494
216	-11.6427926718
217	-5.22918381781
218	-6.92033200032
219	-5.02150755223
220	-5.15466769116
221	-7.14865311494
222	-4.85584420476
223	-8.31890950229
224	-7.14865311494
225	-11.6427926718
226	-5.15466769116
227	-7.14865311494
228	-4.82326314758
229	-9.98776362232
230	-8.59665837313
231	-5.02150755223
232	-5.11400882911
233	-10.1716978527
234	-12.4387821386
235	-13.5940636011
236	-9.3412787154
237	-5.02150755223
238	-5.15466769116
239	-10.5687150874
240	-5.02150755223
241	-12.8900665566
242	-9.13903016771
243	-11.3066606113
244	-5.11400882911
245	-6.92033200032
246	-4.85584420476
247	-5.3389800004
248	-7.00855916153
249	-10.1887290632
250	-5.22918381781
251	-7.34036764516
252	-5.02150755223
253	-5.22918381781
254	-10.2238766807
255	-4.85584420476
256	-5.3389800004
257	-7.14865311494
258	-4.92130887523
259	-11.3455856822
260	-11.8640065801
261	-4.82326314758
262	-5.3389800004
263	-7.34036764516
264	-4.85584420476
265	-5.22918381781
266	-11.512435815
267	-4.82326314758
268	-5.15466769116
269	-9.41027172966
270	-11.1793760122
271	-5.3389800004
272	-7.00855916153
273	-4.92130887523
274	-5.3389800004
275	-7.14865311494
276	-10.4287426015
277	-8.85857967084
278	-15.4629911042
279	-5.02150755223
280	-5.11400882911
281	-7.00855916153
282	-4.92130887523
283	-5.11400882911
284	-6.92033200032
285	-12.7472622509
286	-5.11400882911
287	-7.14865311494
288	-4.85584420476
289	-9.949603067
290	-6.92033200032
291	-4.82326314758
292	-11.515268461
293	-7.34036764516
294	-11.2094878828
295	-5.15466769116
296	-6.92033200032
297	-4.92130887523
298	-5.3389800004
299	-7.14865311494
300	-10.1809161638
301	-5.3389800004
302	-7.14865311494
303	-4.85584420476
304	-10.335163399
305	-10.2238766807
306	-5.02150755223
307	-5.22918381781
308	-7.34036764516
309	-5.02150755223
310	-5.15466769116
311	-6.92033200032
312	-5.02150755223
313	-8.37288125181
314	-7.00855916153
315	-4.82326314758
316	-5.3389800004
317	-10.5320280702
318	-4.82326314758
319	-5.15466769116
320	-7.00855916153
321	-12.576746937
322	-8.37288125181
323	-7.14865311494
324	-9.3289088748
325	-5.22918381781
326	-7.14865311494
327	-4.82326314758
328	-9.27962919061
329	-10.7674023341
330	-4.82326314758
331	-5.11400882911
332	-7.00855916153
333	-11.4955180244
334	-5.22918381781
335	-7.00855916153
336	-4.82326314758
337	-5.11400882911
338	-9.82114536301
339	-4.92130887523
340	-10.4428467583
341	-7.00855916153
342	-4.92130887523
343	-5.22918381781
344	-7.34036764516
345	-4.85584420476
346	-5.15466769116
347	-10.6823044445
348	-4.85584420476
349	-5.15466769116
350	-12.6231763511
351	-5.02150755223
352	-5.15466769116
353	-7.00855916153
354	-4.82326314758
355	-10.4428467583
356	-8.41390044746
357	-9.30825056995
358	-8.2873847501
359	-9.79230612354
360	-4.92130887523
361	-7.25081169497
362	-7.00855916153
363	-4.85584420476
364	-5.3389800004
365	-8.75007325104
366	-5.02150755223
367	-7.25765973982
368	-7.14865311494
369	-4.82326314758
370	-9.95658174689
371	-6.92033200032
372	-4.92130887523
373	-5.11400882911
374	-8.41390044746
375	-5.02150755223
376	-5.11400882911
377	-8.6823301363
378	-5.02150755223
379	-9.05952857203
380	-6.92033200032
381	-4.82326314758
382	-10.3890644099
383	-9.95920604194
384	-4.82326314758
385	-7.31084788241
386	-7.96175177604
387	-4.85584420476
388	-7.82860567291
389	-7.14865311494
390	-4.82326314758
391	-12.8140952149
392	-7.34036764516
393	-4.85584420476
394	-11.3760794998
395	-7.00855916153
396	-9.3289088748
397	-5.22918381781
398	-8.6823301363
399	-4.92130887523
400	-12.5038756151
401	-9.13903016771
402	-4.92130887523
403	-12.5531079413
404	-6.92033200032
405	-5.02150755223
406	-15.0051021771
407	-6.92033200032
408	-11.4955180244
409	-12.5815093203
410	-7.34036764516
411	-4.92130887523
412	-11.8544410273
413	-7.34036764516
414	-10.1809161638
415	-5.22918381781
416	-14.1196004026
417	-11.6965750202
418	-5.11400882911
419	-8.34430162228
420	-4.85584420476
421	-5.3389800004
422	-9.10697060807
423	-5.02150755223
424	-13.4168375626
425	-7.00855916153
426	-12.6861801004
427	-5.22918381781
428	-7.34036764516
429	-4.82326314758
430	-11.3992431493
431	-13.2294576107
432	-4.92130887523
433	-5.15466769116
434	-6.92033200032
435	-4.92130887523
436	-5.22918381781
437	-7.14865311494
438	-13.7955728334
439	-5.11400882911
440	-7.00855916153
441	-5.02150755223
442	-5.3389800004
443	-7.00855916153
444	-4.82326314758
445	-5.3389800004
446	-7.00855916153
447	-10.1809161638
448	-9.34018528283
449	-7.00855916153
450	-12.1911149747
451	-5.3389800004
452	-6.92033200032
453	-4.85584420476
454	-5.22918381781
455	-10.5875589187
456	-9.57279303907
457	-5.11400882911
458	-10.4752522966
459	-4.92130887523
460	-9.32301069087
461	-8.95319928022
462	-4.92130887523
463	-5.3389800004
464	-10.4122681524
465	-8.54075615605
466	-5.15466769116
467	-6.92033200032
468	-4.85584420476
469	-5.22918381781
470	-6.92033200032
