# log_p 	 lnL 	 
0.0	-1633.93143999	
-0.287682072452	-1633.32316502	
-0.510825623766	-1632.77794794	
-0.69314718056	-1632.2471489	
-0.847297860387	-1631.72876968	
-0.980829253012	-1631.23014605	
-1.09861228867	-1630.75751625	
-1.20397280433	-1630.31430052	
-1.29928298413	-1629.90160715	
-1.38629436112	-1629.51903269	
-1.46633706879	-1629.16529503	
-1.54044504095	-1628.83865563	
-1.60943791243	-1628.5371816	
-1.67397643357	-1628.25890148	
-1.73460105539	-1628.00189458	
-1.79175946923	-1627.76433961	
-1.8458266905	-1627.54453864	
-1.89711998489	-1627.34092626	
-1.94591014906	-1627.15206993	
-1.99243016469	-1626.97666526	
-2.03688192726	-1626.81352852	
-2.07944154168	-1626.66158786	
-2.1202635362	-1626.51987394	
-2.15948424935	-1626.38751076	
-2.19722457734	-1626.26370685	
-2.23359222151	-1626.14774694	
-2.26868354132	-1626.03898441	
-2.30258509299	-1625.93683425	
-2.33537491582	-1625.84076683	
-2.36712361413	-1625.75030218	
-2.3978952728	-1625.66500488	
-2.42774823595	-1625.58447955	
-2.45673577282	-1625.5083667	
-2.48490664979	-1625.43633913	
-2.51230562398	-1625.36809869	
-2.53897387106	-1625.30337334	
-2.56494935746	-1625.24191461	
-2.59026716545	-1625.18349526	
-2.61495977804	-1625.12790721	
-2.63905732962	-1625.07495975	
-2.66258782703	-1625.02447784	
-2.68557734525	-1624.97630064	
-2.7080502011	-1624.93028022	
-2.73002910782	-1624.88628036	
-2.75153531304	-1624.84417546	
-2.77258872224	-1624.80384963	
-2.79320800944	-1624.76519579	
-2.81341071676	-1624.72811491	
-2.83321334406	-1624.6925153	
-2.85263142991	-1624.65831201	
-2.87167962488	-1624.62542621	
-2.8903717579	-1624.59378473	
-2.90872089656	-1624.56331954	
-2.92673940207	-1624.53396734	
-2.94443897917	-1624.50566922	
-2.96183072188	-1624.47837024	
-2.97892515524	-1624.45201916	
-2.99573227355	-1624.42656813	
-3.01226157551	-1624.40197244	
-3.02852209638	-1624.37819026	
-3.04452243772	-1624.35518243	
-3.06027079469	-1624.33291227	
-3.07577498123	-1624.31134538	
-3.09104245336	-1624.29044948	
-3.10608033072	-1624.27019424	
-3.12089541651	-1624.25055118	
-3.13549421593	-1624.23149348	
-3.14988295338	-1624.2129959	
-3.16406758837	-1624.19503468	
-3.17805383035	-1624.1775874	
-3.19184715248	-1624.1606329	
-3.20545280454	-1624.14415123	
-3.21887582487	-1624.12812352	
-3.23212105162	-1624.11253194	
-3.24519313319	-1624.09735961	
-3.25809653802	-1624.08259055	
-3.2708355638	-1624.06820964	
-3.28341434601	-1624.05420251	
-3.295836866	-1624.04055556	
-3.3081069586	-1624.02725587	
-3.32022831913	-1624.01429115	
-3.33220451018	-1624.00164976	
-3.34403896782	-1623.98932058	
-3.35573500759	-1623.97729307	
-3.36729582999	-1623.96555717	
-3.37872452581	-1623.9541033	
-3.39002408106	-1623.94292232	
-3.40119738166	-1623.93200554	
-3.41224721785	-1623.92134462	
-3.42317628838	-1623.91093165	
-3.43398720449	-1623.90075902	
-3.4446824936	-1623.89081948	
-3.45526460293	-1623.8811061	
-3.4657359028	-1623.87161225	
-3.47609868984	-1623.86233155	
-3.48635519	-1623.85325791	
-3.49650756147	-1623.84438551	
-3.50655789732	-1623.83570873	
-3.51650822817	-1623.82722221	
-3.52636052462	-1623.81892078	
-3.53611669956	-1623.81079949	
-3.54577861047	-1623.80285358	
-3.55534806149	-1623.79507846	
-3.56482680544	-1623.78746974	
-3.57421654579	-1623.78002318	
-3.58351893846	-1623.77273469	
-3.59273559356	-1623.76560035	
-3.60186807712	-1623.75861637	
-3.61091791264	-1623.7517791	
-3.61988658263	-1623.74508502	
-3.62877553004	-1623.73853072	
-3.63758615973	-1623.73211294	
-3.6463198397	-1623.7258285	
-3.65497790244	-1623.71967434	
-3.66356164613	-1623.71364751	
-3.6720723358	-1623.70774514	
-3.68051120444	-1623.70196448	
-3.68887945411	-1623.69630284	
-3.69717825693	-1623.69075763	
-3.70540875607	-1623.68532635	
-3.7135720667	-1623.68000657	
-3.72166927694	-1623.67479593	
-3.72970144863	-1623.66969215	
-3.73766961828	-1623.66469302	
-3.74557479779	-1623.65979638	
-3.75341797525	-1623.65500016	
-3.76120011569	-1623.65030234	
-3.76892216179	-1623.64570094	
-3.77658503453	-1623.64119407	
-3.78418963392	-1623.63677986	
-3.79173683955	-1623.63245652	
-3.79922751128	-1623.6282223	
-3.80666248977	-1623.62407549	
-3.81404259707	-1623.62001444	
-3.82136863716	-1623.61603752	
-3.82864139649	-1623.61214319	
-3.83586164446	-1623.60832989	
-3.84303013394	-1623.60459616	
-3.85014760171	-1623.60094053	
-3.85721476893	-1623.5973616	
-3.86423234159	-1623.59385798	
-3.87120101091	-1623.59042834	
-3.87812145375	-1623.58707136	
-3.88499433304	-1623.58378578	
-3.89182029811	-1623.58057034	
-3.8985999851	-1623.57742382	
-3.90533401728	-1623.57434505	
-3.91202300543	-1623.57133286	
-3.91866754815	-1623.56838612	
-3.92526823218	-1623.56550373	
-3.93182563272	-1623.5626846	
-3.93834031375	-1623.55992768	
-3.94481282825	-1623.55723195	
-3.95124371858	-1623.55459639	
-3.95763351668	-1623.55202001	
-3.96398274436	-1623.54950186	
-3.97029191355	-1623.54704099	
-3.97656152657	-1623.54463647	
-3.98279207632	-1623.54228741	
-3.98898404656	-1623.53999292	
-3.99513791214	-1623.53775215	
-4.00125413916	-1623.53556423	
-4.00733318523	-1623.53342834	
-4.01337549969	-1623.53134368	
-4.01938152375	-1623.52930944	
-4.02535169074	-1623.52732485	
-4.03128642625	-1623.52538915	
-4.03718614838	-1623.52350158	
-4.04305126783	-1623.52166141	
-4.04888218815	-1623.51986793	
-4.05467930583	-1623.51812043	
-4.06044301055	-1623.51641822	
-4.06617368526	-1623.51476062	
-4.07187170637	-1623.51314697	
-4.07753744391	-1623.51157662	
-4.08317126162	-1623.51004893	
-4.08877351717	-1623.50856326	
-4.09434456222	-1623.50711901	
-4.0998847426	-1623.50571557	
-4.10539439841	-1623.50435235	
-4.11087386417	-1623.50302876	
-4.11632346894	-1623.50174423	
-4.12174353641	-1623.50049821	
-4.12713438505	-1623.49929014	
-4.13249632819	-1623.49811948	
-4.13782967416	-1623.4969857	
-4.14313472639	-1623.49588827	
-4.14841178349	-1623.49482669	
-4.15366113938	-1623.49380044	
-4.15888308336	-1623.49280904	
-4.16407790024	-1623.49185199	
-4.1692458704	-1623.49092883	
-4.1743872699	-1623.49003907	
-4.17950237056	-1623.48918225	
-4.18459144007	-1623.48835793	
-4.18965474203	-1623.48756565	
-4.19469253606	-1623.48680497	
-4.19970507788	-1623.48607547	
-4.20469261939	-1623.48537672	
-4.20965540873	-1623.48470829	
-4.21459369037	-1623.48406978	
-4.21950770518	-1623.48346079	
-4.22439769047	-1623.48288091	
-4.22926388012	-1623.48232975	
-4.2341065046	-1623.48180694	
-4.23892579103	-1623.48131209	
-4.2437219633	-1623.48084482	
-4.24849524205	-1623.48040477	
-4.25324584481	-1623.47999158	
-4.257973986	-1623.47960489	
-4.26267987704	-1623.47924436	
-4.26736372635	-1623.47890964	
-4.27202573946	-1623.47860038	
-4.27666611902	-1623.47831626	
-4.28128506487	-1623.47805695	
-4.28588277412	-1623.47782211	
-4.29045944115	-1623.47761144	
-4.29501525768	-1623.47742462	
-4.29955041285	-1623.47726134	
-4.3040650932	-1623.47712129	
-4.30855948279	-1623.47700418	
-4.31303376319	-1623.47690971	
-4.31748811354	-1623.47683758	
-4.3219227106	-1623.47678752	
-4.32633772881	-1623.47675923	
-4.33073334029	-1623.47675245	
-4.33510971489	-1623.47676688	
-4.33946702026	-1623.47680227	
-4.34380542185	-1623.47685835	
-4.348125083	-1623.47693486	
-4.3524261649	-1623.47703153	
-4.35670882669	-1623.47714811	
-4.36097322548	-1623.47728435	
-4.36521951636	-1623.47744	
-4.36944785247	-1623.47761482	
-4.373658385	-1623.47780857	
-4.37785126326	-1623.478021	
-4.38202663467	-1623.47825189	
-4.38618464482	-1623.478501	
-4.39032543749	-1623.47876811	
-4.39444915467	-1623.47905299	
-4.39855593663	-1623.47935542	
-4.40264592188	-1623.47967518	
-4.40671924726	-1623.48001206	
-4.41077604796	-1623.48036584	
-4.4148164575	-1623.48073632	
-4.4188406078	-1623.48112329	
-4.42284862919	-1623.48152654	
-4.42684065046	-1623.48194587	
-4.43081679884	-1623.48238109	
-4.43477720006	-1623.482832	
-4.43872197835	-1623.48329841	
-4.44265125649	-1623.48378012	
-4.44656515581	-1623.48427696	
-4.45046379623	-1623.48478872	
-4.45434729625	-1623.48531524	
-4.45821577303	-1623.48585634	
-4.46206934235	-1623.48641182	
-4.46590811865	-1623.48698152	
-4.46973221509	-1623.48756527	
-4.47354174351	-1623.48816289	
-4.47733681448	-1623.48877422	
-4.48111753732	-1623.48939908	
-4.48488402011	-1623.49003732	
-4.48863636973	-1623.49068877	
-4.49237469184	-1623.49135327	
-4.49609909093	-1623.49203067	
-4.49980967033	-1623.4927208	
-4.50350653221	-1623.49342352	
-4.50718977763	-1623.49413868	
-4.51085950652	-1623.49486611	
-4.51451581772	-1623.49560568	
-4.518158809	-1623.49635724	
-4.52178857705	-1623.49712064	
-4.52540521752	-1623.49789574	
-4.52900882502	-1623.4986824	
-4.53259949315	-1623.49948049	
-4.5361773145	-1623.50028986	
-4.53974238067	-1623.50111038	
-4.54329478227	-1623.50194191	
-4.54683460898	-1623.50278433	
-4.55036194949	-1623.5036375	
-4.5538768916	-1623.5045013	
-4.55737952215	-1623.50537559	
-4.56086992709	-1623.50626026	
-4.56434819147	-1623.50715517	
-4.56781439944	-1623.50806021	
-4.57126863431	-1623.50897526	
-4.5747109785	-1623.50990019	
-4.5781415136	-1623.51083488	
-4.58156032035	-1623.51177923	
-4.58496747867	-1623.51273311	
-4.58836306767	-1623.51369642	
-4.59174716566	-1623.51466903	
-4.59511985013	-1623.51565085	
-4.59848119784	-1623.51664175	
-4.60183128472	-1623.51764163	
-4.60517018599	-1623.51865039	
-4.60849797608	-1623.51966791	
-4.61181472871	-1623.5206941	
-4.61512051684	-1623.52172885	
-4.61841541274	-1623.52277206	
-4.62169948794	-1623.52382362	
-4.62497281328	-1623.52488345	
-4.62823545892	-1623.52595143	
-4.63148749431	-1623.52702748	
-4.63472898823	-1623.52811149	
-4.63796000881	-1623.52920338	
-4.64118062351	-1623.53030304	
-4.64439089914	-1623.53141039	
-4.64759090187	-1623.53252534	
-4.65078069724	-1623.53364779	
-4.65396035016	-1623.53477766	
-4.65712992492	-1623.53591485	
-4.66028948521	-1623.53705928	
-4.66343909411	-1623.53821086	
-4.66657881412	-1623.53936951	
-4.66970870713	-1623.54053514	
-4.67282883446	-1623.54170768	
-4.67593925688	-1623.54288703	
-4.67904003455	-1623.54407312	
-4.68213122712	-1623.54526586	
-4.68521289366	-1623.54646518	
-4.6882850927	-1623.547671	
-4.69134788223	-1623.54888324	
-4.69440131972	-1623.55010182	
-4.6974454621	-1623.55132667	
-4.70048036579	-1623.55255771	
-4.70350608671	-1623.55379488	
-4.70652268025	-1623.55503808	
-4.70953020131	-1623.55628726	
-4.71252870431	-1623.55754234	
-4.71551824316	-1623.55880325	
-4.7184988713	-1623.56006992	
-4.72147064168	-1623.56134228	
-4.72443360681	-1623.56262026	
-4.72738781871	-1623.5639038	
-4.73033332894	-1623.56519282	
-4.73327018862	-1623.56648727	
-4.73619844839	-1623.56778707	
-4.7391181585	-1623.56909217	
-4.74202936871	-1623.57040249	
-4.74493212836	-1623.57171797	
-4.74782648639	-1623.57303856	
-4.75071249128	-1623.57436419	
-4.75359019111	-1623.57569479	
-4.75645963353	-1623.57703031	
-4.75932086582	-1623.5783707	
-4.7621739348	-1623.57971588	
-4.76501888693	-1623.5810658	
-4.76785576827	-1623.5824204	
-4.77068462447	-1623.58377963	
-4.77350550081	-1623.58514343	
-4.77631844218	-1623.58651174	
-4.77912349311	-1623.58788451	
-4.78192069773	-1623.58926168	
-4.78471009982	-1623.5906432	
-4.78749174278	-1623.59202901	
-4.79026566966	-1623.59341907	
-4.79303192316	-1623.59481332	
-4.7957905456	-1623.5962117	
-4.79854157897	-1623.59761418	
-4.80128506491	-1623.59902068	
-4.80402104473	-1623.60043118	
-4.80674955939	-1623.60184561	
-4.8094706495	-1623.60326393	
-4.81218435537	-1623.60468608	
-4.81489071697	-1623.60611203	
-4.81758977394	-1623.60754172	
-4.82028156561	-1623.60897511	
-4.82296613098	-1623.61041214	
-4.82564350875	-1623.61185278	
-4.8283137373	-1623.61329698	
-4.83097685472	-1623.61474469	
-4.83363289878	-1623.61619587	
-4.83628190695	-1623.61765048	
-4.83892391641	-1623.61910846	
-4.84155896405	-1623.62056979	
-4.84418708646	-1623.62203441	
-4.84680831994	-1623.62350228	
-4.84942270051	-1623.62497337	
-4.85203026392	-1623.62644762	
-4.85463104562	-1623.627925	
-4.8572250808	-1623.62940548	
-4.85981240436	-1623.630889	
-4.86239305096	-1623.63237553	
-4.86496705495	-1623.63386503	
-4.86753445046	-1623.63535746	
-4.87009527132	-1623.63685279	
-4.87264955112	-1623.63835097	
-4.8751973232	-1623.63985197	
-4.87773862063	-1623.64135575	
-4.88027347623	-1623.64286227	
-4.88280192259	-1623.6443715	
-4.88532399202	-1623.6458834	
-4.88783971662	-1623.64739794	
-4.89034912822	-1623.64891507	
-4.89285225844	-1623.65043477	
-4.89534913864	-1623.65195701	
-4.89783979995	-1623.65348174	
-4.90032427328	-1623.65500893	
-4.90280258929	-1623.65653855	
-4.90527477844	-1623.65807057	
-4.90774087093	-1623.65960496	
-4.91020089677	-1623.66114167	
-4.91265488574	-1623.66268068	
-4.91510286737	-1623.66422197	
-4.91754487103	-1623.66576548	
-4.91998092583	-1623.6673112	
-4.92241106068	-1623.6688591	
-4.92483530429	-1623.67040914	
-4.92725368516	-1623.67196129	
-4.92966623156	-1623.67351553	
-4.93207297159	-1623.67507182	
-4.93447393313	-1623.67663014	
-4.93686914386	-1623.67819045	
-4.93925863125	-1623.67975273	
-4.94164242261	-1623.68131695	
-4.94402054501	-1623.68288307	
-4.94639302537	-1623.68445109	
-4.94875989038	-1623.68602095	
-4.95112116656	-1623.68759265	
-4.95347688026	-1623.68916615	
-4.9558270576	-1623.69074142	
-4.95817172456	-1623.69231844	
-4.96051090691	-1623.69389718	
-4.96284463026	-1623.69547762	
-4.96517292002	-1623.69705973	
-4.96749580144	-1623.69864349	
-4.96981329958	-1623.70022886	
-4.97212543933	-1623.70181583	
-4.97443224543	-1623.70340438	
-4.97673374242	-1623.70499447	
-4.97902995468	-1623.70658608	
-4.98132090643	-1623.70817919	
-4.98360662171	-1623.70977377	
-4.98588712441	-1623.71136981	
-4.98816243824	-1623.71296728	
-4.99043258678	-1623.71456615	
-4.99269759341	-1623.7161664	
-4.99495748138	-1623.71776802	
-4.99721227376	-1623.71937097	
-4.9994619935	-1623.72097524	
-5.00170666335	-1623.7225808	
-5.00394630595	-1623.72418764	
-5.00618094375	-1623.72579573	
-5.00841059907	-1623.72740505	
-5.0106352941	-1623.72901558	
-5.01285505083	-1623.73062729	
-5.01506989116	-1623.73224018	
-5.01727983681	-1623.73385422	
-5.01948490937	-1623.73546938	
-5.02168513028	-1623.73708565	
-5.02388052085	-1623.73870301	
-5.02607110223	-1623.74032143	
-5.02825689545	-1623.74194091	
-5.03043792139	-1623.74356142	
-5.03261420082	-1623.74518294	
-5.03478575433	-1623.74680545	
-5.03695260241	-1623.74842894	
-5.03911476542	-1623.75005338	
-5.04127226356	-1623.75167876	
-5.04342511692	-1623.75330506	
-5.04557334546	-1623.75493226	
-5.047716969	-1623.75656034	
-5.04985600725	-1623.7581893	
-5.05199047978	-1623.7598191	
-5.05412040604	-1623.76144973	
-5.05624580535	-1623.76308118	
-5.05836669692	-1623.76471343	
-5.06048309982	-1623.76634646	
-5.06259503303	-1623.76798025	
-5.06470251537	-1623.76961479	
-5.06680556556	-1623.77125007	
-5.06890420222	-1623.77288606	
-5.07099844382	-1623.77452275	
-5.07308830874	-1623.77616013	
-5.07517381523	-1623.77779818	
-5.07725498144	-1623.77943688	
-5.07933182538	-1623.78107622	
-5.08140436498	-1623.78271619	
-5.08347261805	-1623.78435677	
-5.08553660227	-1623.78599793	
-5.08759633523	-1623.78763968	
-5.08965183441	-1623.789282	
-5.09170311719	-1623.79092486	
-5.09375020081	-1623.79256826	
-5.09579310244	-1623.79421219	
-5.09783183913	-1623.79585662	
-5.09986642782	-1623.79750155	
-5.10189688537	-1623.79914695	
-5.10392322852	-1623.80079283	
-5.1059454739	-1623.80243916	
-5.10796363806	-1623.80408593	
-5.10997773743	-1623.80573313	
-5.11198778836	-1623.80738074	
-5.11399380708	-1623.80902875	
-5.11599580975	-1623.81067716	
-5.11799381242	-1623.81232594	
-5.11998783102	-1623.81397508	
-5.12197788143	-1623.81562458	
-5.1239639794	-1623.81727441	
-5.12594614061	-1623.81892457	
-5.12792438062	-1623.82057505	
-5.12989871492	-1623.82222583	
-5.13186915891	-1623.8238769	
-5.13383572788	-1623.82552825	
-5.13579843705	-1623.82717987	
-5.13775730154	-1623.82883174	
-5.13971233637	-1623.83048386	
-5.1416635565	-1623.83213621	
-5.14361097679	-1623.83378879	
-5.145554612	-1623.83544158	
-5.14749447681	-1623.83709457	
-5.14943058584	-1623.83874775	
-5.15136295359	-1623.8404011	
-5.1532915945	-1623.84205463	
-5.15521652291	-1623.84370832	
-5.15713775309	-1623.84536215	
-5.15905529921	-1623.84701612	
-5.1609691754	-1623.84867021	
-5.16287939565	-1623.85032443	
-5.16478597392	-1623.85197875	
-5.16668892407	-1623.85363317	
-5.16858825987	-1623.85528767	
-5.17048399504	-1623.85694226	
-5.17237614319	-1623.85859691	
-5.17426471788	-1623.86025162	
-5.17614973257	-1623.86190638	
-5.17803120067	-1623.86356118	
-5.1799091355	-1623.86521601	
-5.18178355029	-1623.86687086	
-5.18365445823	-1623.86852572	
-5.1855218724	-1623.87018059	
-5.18738580584	-1623.87183545	
-5.18924627149	-1623.87349029	
-5.19110328224	-1623.87514511	
-5.19295685089	-1623.8767999	
-5.19480699018	-1623.87845465	
-5.19665371277	-1623.88010936	
-5.19849703127	-1623.881764	
-5.20033695819	-1623.88341858	
-5.202173506	-1623.88507308	
-5.20400668708	-1623.8867275	
-5.20583651375	-1623.88838184	
-5.20766299828	-1623.89003607	
-5.20948615284	-1623.8916902	
-5.21130598956	-1623.89334421	
-5.21312252048	-1623.89499811	
-5.21493575761	-1623.89665187	
-5.21674571285	-1623.89830549	
-5.21855239808	-1623.89995898	
-5.22035582508	-1623.90161231	
-5.22215600558	-1623.90326548	
-5.22395295126	-1623.90491848	
-5.22574667371	-1623.90657131	
-5.22753718449	-1623.90822396	
-5.22932449506	-1623.90987642	
-5.23110861685	-1623.91152868	
-5.23288956123	-1623.91318074	
-5.23466733947	-1623.9148326	
-5.23644196283	-1623.91648423	
-5.23821344248	-1623.91813565	
-5.23998178954	-1623.91978683	
-5.24174701506	-1623.92143778	
-5.24350913005	-1623.92308849	
-5.24526814546	-1623.92473894	
-5.24702407216	-1623.92638914	
-5.24877692099	-1623.92803908	
-5.25052670271	-1623.92968875	
-5.25227342805	-1623.93133815	
-5.25401710765	-1623.93298726	
-5.25575775213	-1623.93463609	
-5.25749537203	-1623.93628462	
-5.25922997784	-1623.93793286	
-5.26096158	-1623.93958079	
-5.2626901889	-1623.94122841	
-5.26441581487	-1623.94287571	
-5.26613846818	-1623.94452269	
-5.26785815906	-1623.94616934	
-5.26957489768	-1623.94781565	
-5.27128869416	-1623.94946163	
-5.27299955856	-1623.95110726	
-5.27470750091	-1623.95275254	
-5.27641253116	-1623.95439747	
-5.27811465923	-1623.95604203	
-5.27981389498	-1623.95768623	
-5.28151024823	-1623.95933005	
-5.28320372874	-1623.9609735	
-5.28489434622	-1623.96261656	
-5.28658211033	-1623.96425923	
-5.28826703069	-1623.96590152	
-5.28994911688	-1623.9675434	
-5.2916283784	-1623.96918488	
-5.29330482472	-1623.97082595	
-5.29497846528	-1623.97246662	
-5.29664930945	-1623.97410686	
-5.29831736655	-1623.97574668	
-5.29998264587	-1623.97738607	
-5.30164515664	-1623.97902503	
-5.30330490806	-1623.98066356	
-5.30496190927	-1623.98230164	
-5.30661616936	-1623.98393928	
-5.3082676974	-1623.98557646	
-5.30991650239	-1623.9872132	
-5.3115625933	-1623.98884947	
-5.31320597904	-1623.99048528	
-5.3148466685	-1623.99212062	
-5.3164846705	-1623.99375549	
-5.31811999384	-1623.99538988	
-5.31975264727	-1623.9970238	
-5.32138263948	-1623.99865723	
-5.32300997914	-1624.00029016	
-5.32463467487	-1624.00192261	
-5.32625673524	-1624.00355456	
-5.32787616879	-1624.00518601	
-5.32949298402	-1624.00681695	
-5.33110718937	-1624.00844738	
-5.33271879327	-1624.0100773	
-5.33432780407	-1624.01170671	
-5.33593423012	-1624.01333559	
-5.3375380797	-1624.01496395	
-5.33913936107	-1624.01659179	
-5.34073808243	-1624.01821909	
-5.34233425196	-1624.01984585	
-5.3439278778	-1624.02147208	
-5.34551896803	-1624.02309776	
-5.34710753072	-1624.0247229	
-5.34869357387	-1624.02634749	
-5.35027710548	-1624.02797152	
-5.35185813348	-1624.029595	
-5.35343666577	-1624.03121792	
-5.35501271022	-1624.03284028	
-5.35658627467	-1624.03446207	
-5.3581573669	-1624.03608329	
-5.35972599468	-1624.03770393	
-5.36129216571	-1624.03932401	
-5.36285588769	-1624.0409435	
-5.36441716825	-1624.04256241	
-5.36597601502	-1624.04418073	
-5.36753243557	-1624.04579847	
-5.36908643744	-1624.04741561	
-5.37063802813	-1624.04903216	
-5.37218721511	-1624.05064811	
-5.37373400583	-1624.05226346	
-5.37527840768	-1624.0538782	
-5.37682042804	-1624.05549234	
-5.37836007422	-1624.05710587	
-5.37989735354	-1624.05871879	
-5.38143227326	-1624.06033109	
-5.38296484061	-1624.06194278	
-5.38449506279	-1624.06355384	
-5.38602294697	-1624.06516428	
-5.38754850028	-1624.0667741	
-5.38907172982	-1624.06838328	
-5.39059264266	-1624.06999184	
-5.39211124583	-1624.07159976	
-5.39362754635	-1624.07320705	
-5.39514155118	-1624.07481369	
-5.39665326727	-1624.0764197	
-5.39816270152	-1624.07802506	
-5.39966986081	-1624.07962977	
-5.40117475199	-1624.08123383	
-5.40267738187	-1624.08283725	
-5.40417775725	-1624.08444001	
-5.40567588487	-1624.08604211	
-5.40717177146	-1624.08764356	
-5.40866542372	-1624.08924434	
-5.4101568483	-1624.09084446	
-5.41164605186	-1624.09244392	
-5.41313304098	-1624.09404271	
-5.41461782224	-1624.09564083	
-5.4161004022	-1624.09723828	
-5.41758078737	-1624.09883505	
-5.41905898424	-1624.10043115	
-5.42053499927	-1624.10202657	
-5.42200883889	-1624.10362131	
-5.4234805095	-1624.10521537	
-5.42495001748	-1624.10680874	
-5.42641736918	-1624.10840142	
-5.4278825709	-1624.10999342	
-5.42934562895	-1624.11158473	
-5.43080654959	-1624.11317534	
-5.43226533906	-1624.11476527	
-5.43372200355	-1624.11635449	
-5.43517654927	-1624.11794302	
-5.43662898235	-1624.11953084	
-5.43807930892	-1624.12111797	
-5.4395275351	-1624.12270439	
-5.44097366695	-1624.12429011	
-5.44241771052	-1624.12587512	
-5.44385967184	-1624.12745942	
-5.4452995569	-1624.12904301	
-5.44673737167	-1624.13062589	
-5.44817312209	-1624.13220805	
-5.44960681409	-1624.1337895	
-5.45103845357	-1624.13537023	
-5.45246804638	-1624.13695025	
-5.45389559837	-1624.13852954	
-5.45532111536	-1624.14010811	
-5.45674460314	-1624.14168595	
-5.45816606749	-1624.14326308	
-5.45958551414	-1624.14483947	
-5.46100294883	-1624.14641514	
-5.46241837723	-1624.14799007	
-5.46383180503	-1624.14956428	
-5.46524323786	-1624.15113775	
-5.46665268137	-1624.15271049	
-5.46806014114	-1624.1542825	
-5.46946562274	-1624.15585376	
-5.47086913175	-1624.15742429	
-5.47227067367	-1624.15899408	
-5.47367025403	-1624.16056313	
-5.47506787829	-1624.16213144	
-5.47646355193	-1624.163699	
-5.47785728038	-1624.16526581	
-5.47924906905	-1624.16683189	
-5.48063892334	-1624.16839721	
-5.48202684862	-1624.16996179	
-5.48341285022	-1624.17152561	
-5.48479693349	-1624.17308868	
-5.48617910372	-1624.17465101	
-5.48755936619	-1624.17621257	
-5.48893772616	-1624.17777339	
-5.49031418887	-1624.17933345	
-5.49168875953	-1624.18089275	
-5.49306144334	-1624.18245129	
-5.49443224547	-1624.18400907	
-5.49580117108	-1624.1855661	
-5.49716822529	-1624.18712236	
-5.49853341322	-1624.18867786	
-5.49989673995	-1624.1902326	
-5.50125821054	-1624.19178657	
-5.50261783006	-1624.19333977	
-5.50397560352	-1624.19489221	
-5.50533153593	-1624.19644389	
-5.50668563228	-1624.19799479	
-5.50803789753	-1624.19954493	
-5.50938833663	-1624.20109429	
-5.5107369545	-1624.20264288	
-5.51208375605	-1624.20419071	
-5.51342874616	-1624.20573775	
-5.51477192971	-1624.20728403	
-5.51611331154	-1624.20882953	
-5.51745289646	-1624.21037425	
-5.51879068931	-1624.2119182	
-5.52012669485	-1624.21346137	
-5.52146091786	-1624.21500376	
-5.5227933631	-1624.21654537	
-5.52412403528	-1624.2180862	
-5.52545293913	-1624.21962626	
-5.52678007934	-1624.22116553	
-5.52810546058	-1624.22270402	
-5.52942908751	-1624.22424172	
-5.53075096477	-1624.22577865	
-5.53207109697	-1624.22731478	
-5.53338948873	-1624.22885014	
-5.53470614461	-1624.2303847	
-5.53602106919	-1624.23191849	
-5.53733426702	-1624.23345148	
-5.53864574262	-1624.23498369	
-5.5399555005	-1624.2365151	
-5.54126354516	-1624.23804573	
-5.54256988107	-1624.23957557	
-5.5438745127	-1624.24110462	
-5.54517744448	-1624.24263288	
-5.54647868084	-1624.24416035	
-5.54777822618	-1624.24568702	
-5.5490760849	-1624.2472129	
-5.55037226136	-1624.24873799	
-5.55166675992	-1624.25026229	
-5.55295958492	-1624.25178579	
-5.55425074069	-1624.25330849	
-5.55554023152	-1624.2548304	
-5.5568280617	-1624.25635152	
-5.55811423551	-1624.25787184	
-5.5593987572	-1624.25939136	
-5.56068163102	-1624.26091008	
-5.56196286117	-1624.26242801	
-5.56324245188	-1624.26394514	
-5.56452040732	-1624.26546147	
-5.56579673168	-1624.266977	
-5.56707142911	-1624.26849173	
-5.56834450376	-1624.27000566	
-5.56961595975	-1624.27151879	
-5.57088580119	-1624.27303112	
-5.57215403218	-1624.27454265	
-5.57342065679	-1624.27605338	
-5.5746856791	-1624.2775633	
-5.57594910315	-1624.27907242	
-5.57721093297	-1624.28058074	
-5.57847117258	-1624.28208826	
-5.57972982599	-1624.28359497	
-5.58098689718	-1624.28510088	
-5.58224239012	-1624.28660599	
-5.58349630878	-1624.28811029	
-5.5847486571	-1624.28961379	
-5.585999439	-1624.29111648	
-5.5872486584	-1624.29261837	
-5.5884963192	-1624.29411945	
-5.58974242528	-1624.29561972	
-5.59098698051	-1624.29711919	
-5.59222998875	-1624.29861785	
-5.59347145384	-1624.30011571	
-5.5947113796	-1624.30161276	
-5.59594976985	-1624.303109	
-5.59718662839	-1624.30460444	
-5.598421959	-1624.30609907	
-5.59965576545	-1624.30759289	
-5.60088805149	-1624.3090859	
-5.60211882088	-1624.3105781	
-5.60334807733	-1624.3120695	
-5.60457582457	-1624.31356009	
-5.6058020663	-1624.31504986	
-5.60702680619	-1624.31653883	
-5.60825004793	-1624.318027	
-5.60947179518	-1624.31951435	
-5.61069205159	-1624.32100089	
-5.61191082078	-1624.32248662	
-5.61312810639	-1624.32397155	
-5.61434391201	-1624.32545566	
-5.61555824124	-1624.32693897	
-5.61677109767	-1624.32842146	
-5.61798248485	-1624.32990315	
-5.61919240636	-1624.33138402	
-5.62040086572	-1624.33286409	
-5.62160786647	-1624.33434334	
-5.62281341212	-1624.33582178	
-5.62401750619	-1624.33729942	
-5.62522015215	-1624.33877624	
-5.6264213535	-1624.34025225	
-5.62762111369	-1624.34172746	
-5.62881943618	-1624.34320185	
-5.63001632442	-1624.34467543	
-5.63121178182	-1624.3461482	
-5.63240581181	-1624.34762016	
-5.6335984178	-1624.34909131	
-5.63478960317	-1624.35056165	
-5.6359793713	-1624.35203118	
-5.63716772557	-1624.35349989	
-5.63835466933	-1624.3549678	
-5.63954020593	-1624.3564349	
-5.64072433869	-1624.35790118	
-5.64190707094	-1624.35936666	
-5.64308840598	-1624.36083132	
-5.64426834712	-1624.36229517	
-5.64544689764	-1624.36375822	
-5.64662406082	-1624.36522045	
-5.64779983991	-1624.36668187	
-5.64897423816	-1624.36814248	
-5.65014725882	-1624.36960228	
-5.65131890512	-1624.37106127	
-5.65248918027	-1624.37251945	
-5.65365808747	-1624.37397683	
-5.65482562993	-1624.37543339	
-5.65599181082	-1624.37688914	
-5.65715663332	-1624.37834408	
-5.65832010058	-1624.37979821	
-5.65948221576	-1624.38125153	
-5.660642982	-1624.38270404	
-5.66180240242	-1624.38415574	
-5.66296048014	-1624.38560664	
-5.66411721826	-1624.38705672	
-5.66527261989	-1624.38850599	
-5.66642668811	-1624.38995446	
-5.66757942599	-1624.39140212	
-5.6687308366	-1624.39284897	
-5.66988092298	-1624.39429501	
-5.67102968818	-1624.39574024	
-5.67217713524	-1624.39718466	
-5.67332326717	-1624.39862827	
-5.67446808699	-1624.40007108	
-5.67561159769	-1624.40151308	
-5.67675380227	-1624.40295427	
-5.6778947037	-1624.40439466	
-5.67903430497	-1624.40583423	
-5.68017260902	-1624.407273	
-5.6813096188	-1624.40871097	
-5.68244533727	-1624.41014812	
-5.68357976734	-1624.41158447	
-5.68471291194	-1624.41302002	
-5.68584477397	-1624.41445476	
-5.68697535634	-1624.41588869	
-5.68810466194	-1624.41732181	
-5.68923269364	-1624.41875414	
-5.69035945432	-1624.42018565	
-5.69148494685	-1624.42161636	
-5.69260917406	-1624.42304627	
-5.6937321388	-1624.42447537	
-5.69485384391	-1624.42590367	
-5.69597429221	-1624.42733116	
-5.69709348651	-1624.42875785	
-5.69821142961	-1624.43018373	
-5.69932812431	-1624.43160882	
-5.70044357339	-1624.4330331	
-5.70155777963	-1624.43445657	
-5.7026707458	-1624.43587925	
-5.70378247466	-1624.43730112	
-5.70489296894	-1624.43872219	
-5.70600223139	-1624.44014246	
-5.70711026475	-1624.44156192	
-5.70821707172	-1624.44298059	
-5.70932265503	-1624.44439845	
-5.71042701737	-1624.44581552	
-5.71153016145	-1624.44723178	
-5.71263208993	-1624.44864724	
-5.71373280551	-1624.45006191	
-5.71483231084	-1624.45147577	
-5.71593060859	-1624.45288884	
-5.71702770141	-1624.4543011	
-5.71812359193	-1624.45571257	
-5.71921828279	-1624.45712324	
-5.72031177661	-1624.45853311	
-5.72140407601	-1624.45994219	
-5.72249518359	-1624.46135046	
-5.72358510195	-1624.46275794	
-5.72467383369	-1624.46416463	
-5.72576138137	-1624.46557051	
-5.72684774759	-1624.46697561	
-5.72793293489	-1624.4683799	
-5.72901694583	-1624.4697834	
-5.73009978297	-1624.47118611	
-5.73118144884	-1624.47258802	
-5.73226194598	-1624.47398913	
-5.7333412769	-1624.47538945	
-5.73441944412	-1624.47678898	
-5.73549645015	-1624.47818772	
-5.73657229748	-1624.47958566	
-5.73764698861	-1624.48098281	
-5.73872052602	-1624.48237917	
-5.73979291218	-1624.48377474	
-5.74086414956	-1624.48516951	
-5.74193424062	-1624.48656349	
-5.74300318781	-1624.48795669	
-5.74407099357	-1624.48934909	
-5.74513766034	-1624.4907407	
-5.74620319054	-1624.49213153	
-5.7472675866	-1624.49352156	
-5.74833085092	-1624.49491081	
-5.74939298591	-1624.49629926	
-5.75045399397	-1624.49768693	
-5.75151387748	-1624.49907381	
-5.75257263883	-1624.50045991	
-5.75363028038	-1624.50184521	
-5.75468680452	-1624.50322973	
-5.75574221359	-1624.50461347	
-5.75679650994	-1624.50599642	
-5.75784969593	-1624.50737858	
-5.75890177388	-1624.50875996	
-5.75995274612	-1624.51014056	
-5.76100261499	-1624.51152037	
-5.76205138278	-1624.51289939	
-5.76309905181	-1624.51427764	
-5.76414562438	-1624.5156551	
-5.76519110278	-1624.51703178	
-5.7662354893	-1624.51840767	
-5.76727878622	-1624.51978279	
-5.76832099579	-1624.52115712	
-5.7693621203	-1624.52253068	
-5.770402162	-1624.52390345	
-5.77144112313	-1624.52527544	
-5.77247900594	-1624.52664666	
-5.77351581267	-1624.52801709	
-5.77455154554	-1624.52938675	
-5.77558620679	-1624.53075563	
-5.77661979861	-1624.53212373	
-5.77765232322	-1624.53349105	
-5.77868378283	-1624.5348576	
-5.77971417962	-1624.53622337	
-5.78074351579	-1624.53758836	
-5.78177179352	-1624.53895258	
-5.78279901497	-1624.54031603	
-5.78382518233	-1624.5416787	
-5.78485029774	-1624.54304059	
-5.78587436337	-1624.54440172	
-5.78689738137	-1624.54576206	
-5.78791935386	-1624.54712164	
-5.788940283	-1624.54848044	
-5.7899601709	-1624.54983848	
-5.79097901969	-1624.55119574	
-5.79199683148	-1624.55255223	
-5.79301360838	-1624.55390795	
-5.7940293525	-1624.5552629	
-5.79504406593	-1624.55661708	
-5.79605775077	-1624.55797049	
-5.79707040908	-1624.55932313	
-5.79808204295	-1624.56067501	
-5.79909265446	-1624.56202612	
-5.80010224566	-1624.56337646	
-5.80111081862	-1624.56472603	
-5.80211837538	-1624.56607484	
-5.80312491799	-1624.56742288	
-5.80413044849	-1624.56877016	
-5.80513496892	-1624.57011667	
-5.80613848129	-1624.57146242	
-5.80714098764	-1624.5728074	
-5.80814248998	-1624.57415162	
-5.80914299031	-1624.57549508	
