# log_p 	 lnL 	 
0.0	-1709.33675103	
-0.287682072452	-1709.13909574	
-0.510825623766	-1708.98147254	
-0.69314718056	-1708.86832338	
-0.847297860387	-1708.79101463	
-0.980829253012	-1708.74271734	
-1.09861228867	-1708.71796383	
-1.20397280433	-1708.71212801	
-1.29928298413	-1708.72129943	
-1.38629436112	-1708.74223374	
-1.46633706879	-1708.77228517	
-1.54044504095	-1708.8093208	
-1.60943791243	-1708.85163196	
-1.67397643357	-1708.89785342	
-1.73460105539	-1708.94689456	
-1.79175946923	-1708.99788323	
-1.8458266905	-1709.05012092	
-1.89711998489	-1709.10304748	
-1.94591014906	-1709.15621352	
-1.99243016469	-1709.20925865	
-2.03688192726	-1709.26189456	
-2.07944154168	-1709.31389154	
-2.1202635362	-1709.36506779	
-2.15948424935	-1709.41528088	
-2.19722457734	-1709.46442085	
-2.23359222151	-1709.51240459	
-2.26868354132	-1709.55917124	
-2.30258509299	-1709.60467837	
-2.33537491582	-1709.64889891	
-2.36712361413	-1709.69181842	
-2.3978952728	-1709.73343299	
-2.42774823595	-1709.77374732	
-2.45673577282	-1709.81277319	
-2.48490664979	-1709.85052816	
-2.51230562398	-1709.8870344	
-2.53897387106	-1709.92231782	
-2.56494935746	-1709.9564072	
-2.59026716545	-1709.98933355	
-2.61495977804	-1710.02112953	
-2.63905732962	-1710.05182898	
-2.66258782703	-1710.08146647	
-2.68557734525	-1710.11007702	
-2.7080502011	-1710.13769575	
-2.73002910782	-1710.16435768	
-2.75153531304	-1710.19009753	
-2.77258872224	-1710.21494955	
-2.79320800944	-1710.2389474	
-2.81341071676	-1710.26212403	
-2.83321334406	-1710.28451159	
-2.85263142991	-1710.30614141	
-2.87167962488	-1710.3270439	
-2.8903717579	-1710.34724855	
-2.90872089656	-1710.36678388	
-2.92673940207	-1710.38567747	
-2.94443897917	-1710.4039559	
-2.96183072188	-1710.42164481	
-2.97892515524	-1710.43876884	
-2.99573227355	-1710.45535172	
-3.01226157551	-1710.47141623	
-3.02852209638	-1710.48698424	
-3.04452243772	-1710.50207673	
-3.06027079469	-1710.51671381	
-3.07577498123	-1710.53091475	
-3.09104245336	-1710.54469802	
-3.10608033072	-1710.55808128	
-3.12089541651	-1710.57108144	
-3.13549421593	-1710.58371468	
-3.14988295338	-1710.59599646	
-3.16406758837	-1710.60794158	
-3.17805383035	-1710.61956417	
-3.19184715248	-1710.63087775	
-3.20545280454	-1710.64189522	
-3.21887582487	-1710.65262894	
-3.23212105162	-1710.66309067	
-3.24519313319	-1710.67329169	
-3.25809653802	-1710.68324275	
-3.2708355638	-1710.69295412	
-3.28341434601	-1710.70243561	
-3.295836866	-1710.71169661	
-3.3081069586	-1710.72074606	
-3.32022831913	-1710.72959252	
-3.33220451018	-1710.73824416	
-3.34403896782	-1710.74670878	
-3.35573500759	-1710.75499384	
-3.36729582999	-1710.76310646	
-3.37872452581	-1710.77105345	
-3.39002408106	-1710.77884132	
-3.40119738166	-1710.78647627	
-3.41224721785	-1710.79396426	
-3.42317628838	-1710.80131096	
-3.43398720449	-1710.80852179	
-3.4446824936	-1710.81560195	
-3.45526460293	-1710.8225564	
-3.4657359028	-1710.82938989	
-3.47609868984	-1710.83610695	
-3.48635519	-1710.84271192	
-3.49650756147	-1710.84920897	
-3.50655789732	-1710.85560205	
-3.51650822817	-1710.86189498	
-3.52636052462	-1710.8680914	
-3.53611669956	-1710.87419478	
-3.54577861047	-1710.88020847	
-3.55534806149	-1710.88613565	
-3.56482680544	-1710.89197939	
-3.57421654579	-1710.89774261	
-3.58351893846	-1710.90342812	
-3.59273559356	-1710.90903861	
-3.60186807712	-1710.91457665	
-3.61091791264	-1710.92004471	
-3.61988658263	-1710.92544516	
-3.62877553004	-1710.93078027	
-3.63758615973	-1710.9360522	
-3.6463198397	-1710.94126305	
-3.65497790244	-1710.94641482	
-3.66356164613	-1710.95150942	
-3.6720723358	-1710.9565487	
-3.68051120444	-1710.96153442	
-3.68887945411	-1710.96646828	
-3.69717825693	-1710.9713519	
-3.70540875607	-1710.97618684	
-3.7135720667	-1710.98097461	
-3.72166927694	-1710.98571665	
-3.72970144863	-1710.99041433	
-3.73766961828	-1710.995069	
-3.74557479779	-1710.99968191	
-3.75341797525	-1711.00425431	
-3.76120011569	-1711.00878736	
-3.76892216179	-1711.01328221	
-3.77658503453	-1711.01773994	
-3.78418963392	-1711.02216159	
-3.79173683955	-1711.02654818	
-3.79922751128	-1711.03090067	
-3.80666248977	-1711.03521999	
-3.81404259707	-1711.03950705	
-3.82136863716	-1711.04376269	
-3.82864139649	-1711.04798776	
-3.83586164446	-1711.05218305	
-3.84303013394	-1711.05634933	
-3.85014760171	-1711.06048733	
-3.85721476893	-1711.06459778	
-3.86423234159	-1711.06868135	
-3.87120101091	-1711.07273871	
-3.87812145375	-1711.07677049	
-3.88499433304	-1711.08077731	
-3.89182029811	-1711.08475976	
-3.8985999851	-1711.08871841	
-3.90533401728	-1711.0926538	
-3.91202300543	-1711.09656647	
-3.91866754815	-1711.10045692	
-3.92526823218	-1711.10432565	
-3.93182563272	-1711.10817314	
-3.93834031375	-1711.11199983	
-3.94481282825	-1711.11580617	
-3.95124371858	-1711.11959259	
-3.95763351668	-1711.12335949	
-3.96398274436	-1711.12710728	
-3.97029191355	-1711.13083634	
-3.97656152657	-1711.13454703	
-3.98279207632	-1711.13823971	
-3.98898404656	-1711.14191473	
-3.99513791214	-1711.14557241	
-4.00125413916	-1711.14921309	
-4.00733318523	-1711.15283707	
-4.01337549969	-1711.15644465	
-4.01938152375	-1711.16003612	
-4.02535169074	-1711.16361176	
-4.03128642625	-1711.16717184	
-4.03718614838	-1711.17071662	
-4.04305126783	-1711.17424636	
-4.04888218815	-1711.1777613	
-4.05467930583	-1711.18126167	
-4.06044301055	-1711.18474771	
-4.06617368526	-1711.18821964	
-4.07187170637	-1711.19167767	
-4.07753744391	-1711.19512201	
-4.08317126162	-1711.19855286	
-4.08877351717	-1711.20197041	
-4.09434456222	-1711.20537486	
-4.0998847426	-1711.20876638	
-4.10539439841	-1711.21214515	
-4.11087386417	-1711.21551134	
-4.11632346894	-1711.21886512	
-4.12174353641	-1711.22220665	
-4.12713438505	-1711.22553607	
-4.13249632819	-1711.22885356	
-4.13782967416	-1711.23215924	
-4.14313472639	-1711.23545327	
-4.14841178349	-1711.23873577	
-4.15366113938	-1711.24200688	
-4.15888308336	-1711.24526674	
-4.16407790024	-1711.24851547	
-4.1692458704	-1711.25175318	
-4.1743872699	-1711.25498	
-4.17950237056	-1711.25819604	
-4.18459144007	-1711.26140141	
-4.18965474203	-1711.26459623	
-4.19469253606	-1711.26778059	
-4.19970507788	-1711.27095459	
-4.20469261939	-1711.27411835	
-4.20965540873	-1711.27727195	
-4.21459369037	-1711.28041549	
-4.21950770518	-1711.28354905	
-4.22439769047	-1711.28667274	
-4.22926388012	-1711.28978662	
-4.2341065046	-1711.29289079	
-4.23892579103	-1711.29598534	
-4.2437219633	-1711.29907032	
-4.24849524205	-1711.30214584	
-4.25324584481	-1711.30521195	
-4.257973986	-1711.30826874	
-4.26267987704	-1711.31131628	
-4.26736372635	-1711.31435463	
-4.27202573946	-1711.31738386	
-4.27666611902	-1711.32040404	
-4.28128506487	-1711.32341523	
-4.28588277412	-1711.3264175	
-4.29045944115	-1711.32941091	
-4.29501525768	-1711.33239551	
-4.29955041285	-1711.33537136	
-4.3040650932	-1711.33833853	
-4.30855948279	-1711.34129707	
-4.31303376319	-1711.34424703	
-4.31748811354	-1711.34718846	
-4.3219227106	-1711.35012142	
-4.32633772881	-1711.35304596	
-4.33073334029	-1711.35596212	
-4.33510971489	-1711.35886996	
-4.33946702026	-1711.36176952	
-4.34380542185	-1711.36466084	
-4.348125083	-1711.36754399	
-4.3524261649	-1711.37041898	
-4.35670882669	-1711.37328588	
-4.36097322548	-1711.37614473	
-4.36521951636	-1711.37899556	
-4.36944785247	-1711.38183841	
-4.373658385	-1711.38467333	
-4.37785126326	-1711.38750036	
-4.38202663467	-1711.39031953	
-4.38618464482	-1711.39313088	
-4.39032543749	-1711.39593444	
-4.39444915467	-1711.39873026	
-4.39855593663	-1711.40151837	
-4.40264592188	-1711.40429881	
-4.40671924726	-1711.4070716	
-4.41077604796	-1711.40983678	
-4.4148164575	-1711.41259439	
-4.4188406078	-1711.41534446	
-4.42284862919	-1711.41808701	
-4.42684065046	-1711.42082209	
-4.43081679884	-1711.42354972	
-4.43477720006	-1711.42626993	
-4.43872197835	-1711.42898275	
-4.44265125649	-1711.43168821	
-4.44656515581	-1711.43438634	
-4.45046379623	-1711.43707717	
-4.45434729625	-1711.43976073	
-4.45821577303	-1711.44243704	
-4.46206934235	-1711.44510613	
-4.46590811865	-1711.44776803	
-4.46973221509	-1711.45042277	
-4.47354174351	-1711.45307036	
-4.47733681448	-1711.45571085	
-4.48111753732	-1711.45834424	
-4.48488402011	-1711.46097057	
-4.48863636973	-1711.46358986	
-4.49237469184	-1711.46620214	
-4.49609909093	-1711.46880742	
-4.49980967033	-1711.47140575	
-4.50350653221	-1711.47399712	
-4.50718977763	-1711.47658158	
-4.51085950652	-1711.47915914	
-4.51451581772	-1711.48172983	
-4.518158809	-1711.48429367	
-4.52178857705	-1711.48685068	
-4.52540521752	-1711.48940088	
-4.52900882502	-1711.49194429	
-4.53259949315	-1711.49448094	
-4.5361773145	-1711.49701085	
-4.53974238067	-1711.49953404	
-4.54329478227	-1711.50205053	
-4.54683460898	-1711.50456033	
-4.55036194949	-1711.50706348	
-4.5538768916	-1711.50955999	
-4.55737952215	-1711.51204988	
-4.56086992709	-1711.51453317	
-4.56434819147	-1711.51700988	
-4.56781439944	-1711.51948003	
-4.57126863431	-1711.52194364	
-4.5747109785	-1711.52440073	
-4.5781415136	-1711.52685132	
-4.58156032035	-1711.52929542	
-4.58496747867	-1711.53173306	
-4.58836306767	-1711.53416426	
-4.59174716566	-1711.53658903	
-4.59511985013	-1711.53900739	
-4.59848119784	-1711.54141936	
-4.60183128472	-1711.54382495	
-4.60517018599	-1711.5462242	
-4.60849797608	-1711.54861711	
-4.61181472871	-1711.5510037	
-4.61512051684	-1711.55338399	
-4.61841541274	-1711.55575799	
-4.62169948794	-1711.55812573	
-4.62497281328	-1711.56048723	
-4.62823545892	-1711.56284249	
-4.63148749431	-1711.56519154	
-4.63472898823	-1711.56753439	
-4.63796000881	-1711.56987106	
-4.64118062351	-1711.57220157	
-4.64439089914	-1711.57452594	
-4.64759090187	-1711.57684417	
-4.65078069724	-1711.57915629	
-4.65396035016	-1711.58146232	
-4.65712992492	-1711.58376227	
-4.66028948521	-1711.58605615	
-4.66343909411	-1711.58834399	
-4.66657881412	-1711.59062579	
-4.66970870713	-1711.59290159	
-4.67282883446	-1711.59517138	
-4.67593925688	-1711.59743519	
-4.67904003455	-1711.59969304	
-4.68213122712	-1711.60194493	
-4.68521289366	-1711.60419089	
-4.6882850927	-1711.60643093	
-4.69134788223	-1711.60866507	
-4.69440131972	-1711.61089332	
-4.6974454621	-1711.61311569	
-4.70048036579	-1711.61533221	
-4.70350608671	-1711.61754289	
-4.70652268025	-1711.61974775	
-4.70953020131	-1711.62194679	
-4.71252870431	-1711.62414004	
-4.71551824316	-1711.62632751	
-4.7184988713	-1711.62850921	
-4.72147064168	-1711.63068516	
-4.72443360681	-1711.63285538	
-4.72738781871	-1711.63501988	
-4.73033332894	-1711.63717868	
-4.73327018862	-1711.63933178	
-4.73619844839	-1711.64147921	
-4.7391181585	-1711.64362098	
-4.74202936871	-1711.64575711	
-4.74493212836	-1711.6478876	
-4.74782648639	-1711.65001248	
-4.75071249128	-1711.65213176	
-4.75359019111	-1711.65424545	
-4.75645963353	-1711.65635357	
-4.75932086582	-1711.65845613	
-4.7621739348	-1711.66055315	
-4.76501888693	-1711.66264464	
-4.76785576827	-1711.66473062	
-4.77068462447	-1711.66681109	
-4.77350550081	-1711.66888609	
-4.77631844218	-1711.67095561	
-4.77912349311	-1711.67301967	
-4.78192069773	-1711.67507829	
-4.78471009982	-1711.67713148	
-4.78749174278	-1711.67917926	
-4.79026566966	-1711.68122164	
-4.79303192316	-1711.68325863	
-4.7957905456	-1711.68529025	
-4.79854157897	-1711.68731651	
-4.80128506491	-1711.68933743	
-4.80402104473	-1711.69135302	
-4.80674955939	-1711.69336329	
-4.8094706495	-1711.69536826	
-4.81218435537	-1711.69736794	
-4.81489071697	-1711.69936234	
-4.81758977394	-1711.70135149	
-4.82028156561	-1711.70333538	
-4.82296613098	-1711.70531405	
-4.82564350875	-1711.70728749	
-4.8283137373	-1711.70925573	
-4.83097685472	-1711.71121877	
-4.83363289878	-1711.71317664	
-4.83628190695	-1711.71512934	
-4.83892391641	-1711.71707688	
-4.84155896405	-1711.71901929	
-4.84418708646	-1711.72095658	
-4.84680831994	-1711.72288875	
-4.84942270051	-1711.72481582	
-4.85203026392	-1711.72673781	
-4.85463104562	-1711.72865473	
-4.8572250808	-1711.73056659	
-4.85981240436	-1711.7324734	
-4.86239305096	-1711.73437519	
-4.86496705495	-1711.73627195	
-4.86753445046	-1711.73816371	
-4.87009527132	-1711.74005048	
-4.87264955112	-1711.74193227	
-4.8751973232	-1711.74380909	
-4.87773862063	-1711.74568096	
-4.88027347623	-1711.74754789	
-4.88280192259	-1711.74940989	
-4.88532399202	-1711.75126698	
-4.88783971662	-1711.75311917	
-4.89034912822	-1711.75496647	
-4.89285225844	-1711.75680889	
-4.89534913864	-1711.75864646	
-4.89783979995	-1711.76047917	
-4.90032427328	-1711.76230705	
-4.90280258929	-1711.7641301	
-4.90527477844	-1711.76594835	
-4.90774087093	-1711.76776179	
-4.91020089677	-1711.76957046	
-4.91265488574	-1711.77137434	
-4.91510286737	-1711.77317347	
-4.91754487103	-1711.77496785	
-4.91998092583	-1711.7767575	
-4.92241106068	-1711.77854242	
-4.92483530429	-1711.78032264	
-4.92725368516	-1711.78209816	
-4.92966623156	-1711.78386899	
-4.93207297159	-1711.78563515	
-4.93447393313	-1711.78739666	
-4.93686914386	-1711.78915351	
-4.93925863125	-1711.79090573	
-4.94164242261	-1711.79265333	
-4.94402054501	-1711.79439632	
-4.94639302537	-1711.79613471	
-4.94875989038	-1711.79786851	
-4.95112116656	-1711.79959775	
-4.95347688026	-1711.80132242	
-4.9558270576	-1711.80304254	
-4.95817172456	-1711.80475813	
-4.96051090691	-1711.80646919	
-4.96284463026	-1711.80817574	
-4.96517292002	-1711.80987779	
-4.96749580144	-1711.81157536	
-4.96981329958	-1711.81326844	
-4.97212543933	-1711.81495707	
-4.97443224543	-1711.81664124	
-4.97673374242	-1711.81832097	
-4.97902995468	-1711.81999628	
-4.98132090643	-1711.82166717	
-4.98360662171	-1711.82333365	
-4.98588712441	-1711.82499574	
-4.98816243824	-1711.82665346	
-4.99043258678	-1711.8283068	
-4.99269759341	-1711.82995579	
-4.99495748138	-1711.83160043	
-4.99721227376	-1711.83324074	
-4.9994619935	-1711.83487673	
-5.00170666335	-1711.83650841	
-5.00394630595	-1711.83813579	
-5.00618094375	-1711.83975888	
-5.00841059907	-1711.8413777	
-5.0106352941	-1711.84299226	
-5.01285505083	-1711.84460257	
-5.01506989116	-1711.84620863	
-5.01727983681	-1711.84781047	
-5.01948490937	-1711.84940809	
-5.02168513028	-1711.85100151	
-5.02388052085	-1711.85259073	
-5.02607110223	-1711.85417577	
-5.02825689545	-1711.85575663	
-5.03043792139	-1711.85733334	
-5.03261420082	-1711.8589059	
-5.03478575433	-1711.86047432	
-5.03695260241	-1711.86203862	
-5.03911476542	-1711.8635988	
-5.04127226356	-1711.86515488	
-5.04342511692	-1711.86670686	
-5.04557334546	-1711.86825477	
-5.047716969	-1711.8697986	
-5.04985600725	-1711.87133838	
-5.05199047978	-1711.87287411	
-5.05412040604	-1711.8744058	
-5.05624580535	-1711.87593347	
-5.05836669692	-1711.87745712	
-5.06048309982	-1711.87897677	
-5.06259503303	-1711.88049243	
-5.06470251537	-1711.88200411	
-5.06680556556	-1711.88351181	
-5.06890420222	-1711.88501556	
-5.07099844382	-1711.88651535	
-5.07308830874	-1711.88801121	
-5.07517381523	-1711.88950315	
-5.07725498144	-1711.89099116	
-5.07933182538	-1711.89247527	
-5.08140436498	-1711.89395549	
-5.08347261805	-1711.89543182	
-5.08553660227	-1711.89690428	
-5.08759633523	-1711.89837287	
-5.08965183441	-1711.89983762	
-5.09170311719	-1711.90129852	
-5.09375020081	-1711.90275559	
-5.09579310244	-1711.90420884	
-5.09783183913	-1711.90565829	
-5.09986642782	-1711.90710393	
-5.10189688537	-1711.90854578	
-5.10392322852	-1711.90998386	
-5.1059454739	-1711.91141817	
-5.10796363806	-1711.91284872	
-5.10997773743	-1711.91427553	
-5.11198778836	-1711.91569859	
-5.11399380708	-1711.91711794	
-5.11599580975	-1711.91853356	
-5.11799381242	-1711.91994548	
-5.11998783102	-1711.92135371	
-5.12197788143	-1711.92275825	
-5.1239639794	-1711.92415912	
-5.12594614061	-1711.92555632	
-5.12792438062	-1711.92694987	
-5.12989871492	-1711.92833977	
-5.13186915891	-1711.92972604	
-5.13383572788	-1711.93110868	
-5.13579843705	-1711.93248771	
-5.13775730154	-1711.93386314	
-5.13971233637	-1711.93523497	
-5.1416635565	-1711.93660322	
-5.14361097679	-1711.9379679	
-5.145554612	-1711.93932901	
-5.14749447681	-1711.94068656	
-5.14943058584	-1711.94204058	
-5.15136295359	-1711.94339106	
-5.1532915945	-1711.94473801	
-5.15521652291	-1711.94608145	
-5.15713775309	-1711.94742138	
-5.15905529921	-1711.94875782	
-5.1609691754	-1711.95009078	
-5.16287939565	-1711.95142026	
-5.16478597392	-1711.95274627	
-5.16668892407	-1711.95406883	
-5.16858825987	-1711.95538794	
-5.17048399504	-1711.95670361	
-5.17237614319	-1711.95801585	
-5.17426471788	-1711.95932468	
-5.17614973257	-1711.9606301	
-5.17803120067	-1711.96193212	
-5.1799091355	-1711.96323075	
-5.18178355029	-1711.96452601	
-5.18365445823	-1711.96581789	
-5.1855218724	-1711.96710641	
-5.18738580584	-1711.96839158	
-5.18924627149	-1711.96967341	
-5.19110328224	-1711.9709519	
-5.19295685089	-1711.97222707	
-5.19480699018	-1711.97349893	
-5.19665371277	-1711.97476748	
-5.19849703127	-1711.97603274	
-5.20033695819	-1711.97729471	
-5.202173506	-1711.9785534	
-5.20400668708	-1711.97980883	
-5.20583651375	-1711.98106099	
-5.20766299828	-1711.98230991	
-5.20948615284	-1711.98355559	
-5.21130598956	-1711.98479803	
-5.21312252048	-1711.98603726	
-5.21493575761	-1711.98727327	
-5.21674571285	-1711.98850607	
-5.21855239808	-1711.98973568	
-5.22035582508	-1711.99096211	
-5.22215600558	-1711.99218535	
-5.22395295126	-1711.99340543	
-5.22574667371	-1711.99462235	
-5.22753718449	-1711.99583612	
-5.22932449506	-1711.99704674	
-5.23110861685	-1711.99825424	
-5.23288956123	-1711.9994586	
-5.23466733947	-1712.00065986	
-5.23644196283	-1712.001858	
-5.23821344248	-1712.00305305	
-5.23998178954	-1712.00424501	
-5.24174701506	-1712.00543389	
-5.24350913005	-1712.0066197	
-5.24526814546	-1712.00780244	
-5.24702407216	-1712.00898213	
-5.24877692099	-1712.01015878	
-5.25052670271	-1712.01133238	
-5.25227342805	-1712.01250296	
-5.25401710765	-1712.01367052	
-5.25575775213	-1712.01483506	
-5.25749537203	-1712.0159966	
-5.25922997784	-1712.01715515	
-5.26096158	-1712.01831071	
-5.2626901889	-1712.01946329	
-5.26441581487	-1712.0206129	
-5.26613846818	-1712.02175956	
-5.26785815906	-1712.02290325	
-5.26957489768	-1712.02404401	
-5.27128869416	-1712.02518183	
-5.27299955856	-1712.02631671	
-5.27470750091	-1712.02744868	
-5.27641253116	-1712.02857774	
-5.27811465923	-1712.0297039	
-5.27981389498	-1712.03082715	
-5.28151024823	-1712.03194753	
-5.28320372874	-1712.03306502	
-5.28489434622	-1712.03417964	
-5.28658211033	-1712.0352914	
-5.28826703069	-1712.03640031	
-5.28994911688	-1712.03750636	
-5.2916283784	-1712.03860958	
-5.29330482472	-1712.03970997	
-5.29497846528	-1712.04080754	
-5.29664930945	-1712.04190229	
-5.29831736655	-1712.04299424	
-5.29998264587	-1712.04408338	
-5.30164515664	-1712.04516974	
-5.30330490806	-1712.04625331	
-5.30496190927	-1712.04733411	
-5.30661616936	-1712.04841214	
-5.3082676974	-1712.04948741	
-5.30991650239	-1712.05055993	
-5.3115625933	-1712.05162971	
-5.31320597904	-1712.05269675	
-5.3148466685	-1712.05376106	
-5.3164846705	-1712.05482265	
-5.31811999384	-1712.05588152	
-5.31975264727	-1712.0569377	
-5.32138263948	-1712.05799117	
-5.32300997914	-1712.05904195	
-5.32463467487	-1712.06009005	
-5.32625673524	-1712.06113548	
-5.32787616879	-1712.06217824	
-5.32949298402	-1712.06321833	
-5.33110718937	-1712.06425578	
-5.33271879327	-1712.06529058	
-5.33432780407	-1712.06632274	
-5.33593423012	-1712.06735228	
-5.3375380797	-1712.06837919	
-5.33913936107	-1712.06940348	
-5.34073808243	-1712.07042517	
-5.34233425196	-1712.07144426	
-5.3439278778	-1712.07246075	
-5.34551896803	-1712.07347466	
-5.34710753072	-1712.07448599	
-5.34869357387	-1712.07549475	
-5.35027710548	-1712.07650094	
-5.35185813348	-1712.07750458	
-5.35343666577	-1712.07850567	
-5.35501271022	-1712.07950422	
-5.35658627467	-1712.08050023	
-5.3581573669	-1712.08149371	
-5.35972599468	-1712.08248467	
-5.36129216571	-1712.08347312	
-5.36285588769	-1712.08445906	
-5.36441716825	-1712.0854425	
-5.36597601502	-1712.08642345	
-5.36753243557	-1712.08740192	
-5.36908643744	-1712.0883779	
-5.37063802813	-1712.08935142	
-5.37218721511	-1712.09032246	
-5.37373400583	-1712.09129106	
-5.37527840768	-1712.0922572	
-5.37682042804	-1712.0932209	
-5.37836007422	-1712.09418216	
-5.37989735354	-1712.09514099	
-5.38143227326	-1712.09609739	
-5.38296484061	-1712.09705139	
-5.38449506279	-1712.09800297	
-5.38602294697	-1712.09895215	
-5.38754850028	-1712.09989893	
-5.38907172982	-1712.10084332	
-5.39059264266	-1712.10178534	
-5.39211124583	-1712.10272497	
-5.39362754635	-1712.10366224	
-5.39514155118	-1712.10459714	
-5.39665326727	-1712.10552969	
-5.39816270152	-1712.10645989	
-5.39966986081	-1712.10738775	
-5.40117475199	-1712.10831327	
-5.40267738187	-1712.10923647	
-5.40417775725	-1712.11015734	
-5.40567588487	-1712.11107589	
-5.40717177146	-1712.11199213	
-5.40866542372	-1712.11290608	
-5.4101568483	-1712.11381772	
-5.41164605186	-1712.11472708	
-5.41313304098	-1712.11563415	
-5.41461782224	-1712.11653894	
-5.4161004022	-1712.11744147	
-5.41758078737	-1712.11834172	
-5.41905898424	-1712.11923973	
-5.42053499927	-1712.12013548	
-5.42200883889	-1712.12102898	
-5.4234805095	-1712.12192024	
-5.42495001748	-1712.12280928	
-5.42641736918	-1712.12369608	
-5.4278825709	-1712.12458067	
-5.42934562895	-1712.12546304	
-5.43080654959	-1712.12634321	
-5.43226533906	-1712.12722117	
-5.43372200355	-1712.12809694	
-5.43517654927	-1712.12897051	
-5.43662898235	-1712.12984191	
-5.43807930892	-1712.13071113	
-5.4395275351	-1712.13157818	
-5.44097366695	-1712.13244306	
-5.44241771052	-1712.13330579	
-5.44385967184	-1712.13416636	
-5.4452995569	-1712.13502479	
-5.44673737167	-1712.13588107	
-5.44817312209	-1712.13673522	
-5.44960681409	-1712.13758725	
-5.45103845357	-1712.13843715	
-5.45246804638	-1712.13928493	
-5.45389559837	-1712.14013061	
-5.45532111536	-1712.14097418	
-5.45674460314	-1712.14181565	
-5.45816606749	-1712.14265503	
-5.45958551414	-1712.14349232	
-5.46100294883	-1712.14432753	
-5.46241837723	-1712.14516067	
-5.46383180503	-1712.14599173	
-5.46524323786	-1712.14682074	
-5.46665268137	-1712.14764768	
-5.46806014114	-1712.14847258	
-5.46946562274	-1712.14929543	
-5.47086913175	-1712.15011623	
-5.47227067367	-1712.150935	
-5.47367025403	-1712.15175175	
-5.47506787829	-1712.15256647	
-5.47646355193	-1712.15337917	
-5.47785728038	-1712.15418986	
-5.47924906905	-1712.15499855	
-5.48063892334	-1712.15580523	
-5.48202684862	-1712.15660992	
-5.48341285022	-1712.15741262	
-5.48479693349	-1712.15821333	
-5.48617910372	-1712.15901207	
-5.48755936619	-1712.15980883	
-5.48893772616	-1712.16060363	
-5.49031418887	-1712.16139646	
-5.49168875953	-1712.16218734	
-5.49306144334	-1712.16297627	
-5.49443224547	-1712.16376325	
-5.49580117108	-1712.16454829	
-5.49716822529	-1712.1653314	
-5.49853341322	-1712.16611258	
-5.49989673995	-1712.16689184	
-5.50125821054	-1712.16766917	
-5.50261783006	-1712.1684446	
-5.50397560352	-1712.16921811	
-5.50533153593	-1712.16998973	
-5.50668563228	-1712.17075944	
-5.50803789753	-1712.17152727	
-5.50938833663	-1712.17229321	
-5.5107369545	-1712.17305726	
-5.51208375605	-1712.17381945	
-5.51342874616	-1712.17457976	
-5.51477192971	-1712.1753382	
-5.51611331154	-1712.17609479	
-5.51745289646	-1712.17684952	
-5.51879068931	-1712.1776024	
-5.52012669485	-1712.17835344	
-5.52146091786	-1712.17910263	
-5.5227933631	-1712.17984999	
-5.52412403528	-1712.18059553	
-5.52545293913	-1712.18133924	
-5.52678007934	-1712.18208113	
-5.52810546058	-1712.1828212	
-5.52942908751	-1712.18355947	
-5.53075096477	-1712.18429593	
-5.53207109697	-1712.18503059	
-5.53338948873	-1712.18576346	
-5.53470614461	-1712.18649454	
-5.53602106919	-1712.18722384	
-5.53733426702	-1712.18795136	
-5.53864574262	-1712.1886771	
-5.5399555005	-1712.18940108	
-5.54126354516	-1712.19012329	
-5.54256988107	-1712.19084374	
-5.5438745127	-1712.19156244	
-5.54517744448	-1712.19227939	
-5.54647868084	-1712.19299459	
-5.54777822618	-1712.19370805	
-5.5490760849	-1712.19441978	
-5.55037226136	-1712.19512978	
-5.55166675992	-1712.19583805	
-5.55295958492	-1712.1965446	
-5.55425074069	-1712.19724944	
-5.55554023152	-1712.19795257	
-5.5568280617	-1712.19865399	
-5.55811423551	-1712.1993537	
-5.5593987572	-1712.20005173	
-5.56068163102	-1712.20074805	
-5.56196286117	-1712.2014427	
-5.56324245188	-1712.20213566	
-5.56452040732	-1712.20282694	
-5.56579673168	-1712.20351654	
-5.56707142911	-1712.20420448	
-5.56834450376	-1712.20489076	
-5.56961595975	-1712.20557537	
-5.57088580119	-1712.20625833	
-5.57215403218	-1712.20693964	
-5.57342065679	-1712.20761931	
-5.5746856791	-1712.20829733	
-5.57594910315	-1712.20897372	
-5.57721093297	-1712.20964847	
-5.57847117258	-1712.2103216	
-5.57972982599	-1712.2109931	
-5.58098689718	-1712.21166298	
-5.58224239012	-1712.21233126	
-5.58349630878	-1712.21299792	
-5.5847486571	-1712.21366297	
-5.585999439	-1712.21432643	
-5.5872486584	-1712.21498828	
-5.5884963192	-1712.21564855	
-5.58974242528	-1712.21630723	
-5.59098698051	-1712.21696432	
-5.59222998875	-1712.21761984	
-5.59347145384	-1712.21827378	
-5.5947113796	-1712.21892615	
-5.59594976985	-1712.21957696	
-5.59718662839	-1712.22022621	
-5.598421959	-1712.22087389	
-5.59965576545	-1712.22152003	
-5.60088805149	-1712.22216461	
-5.60211882088	-1712.22280765	
-5.60334807733	-1712.22344915	
-5.60457582457	-1712.22408912	
-5.6058020663	-1712.22472755	
-5.60702680619	-1712.22536446	
-5.60825004793	-1712.22599984	
-5.60947179518	-1712.22663371	
-5.61069205159	-1712.22726605	
-5.61191082078	-1712.22789689	
-5.61312810639	-1712.22852622	
-5.61434391201	-1712.22915405	
-5.61555824124	-1712.22978038	
-5.61677109767	-1712.23040522	
-5.61798248485	-1712.23102857	
-5.61919240636	-1712.23165043	
-5.62040086572	-1712.23227081	
-5.62160786647	-1712.23288971	
-5.62281341212	-1712.23350713	
-5.62401750619	-1712.23412309	
-5.62522015215	-1712.23473758	
-5.6264213535	-1712.23535061	
-5.62762111369	-1712.23596218	
-5.62881943618	-1712.2365723	
-5.63001632442	-1712.23718097	
-5.63121178182	-1712.23778819	
-5.63240581181	-1712.23839397	
-5.6335984178	-1712.23899832	
-5.63478960317	-1712.23960122	
-5.6359793713	-1712.2402027	
-5.63716772557	-1712.24080276	
-5.63835466933	-1712.24140139	
-5.63954020593	-1712.2419986	
-5.64072433869	-1712.2425944	
-5.64190707094	-1712.24318878	
-5.64308840598	-1712.24378176	
-5.64426834712	-1712.24437334	
-5.64544689764	-1712.24496352	
-5.64662406082	-1712.2455523	
-5.64779983991	-1712.2461397	
-5.64897423816	-1712.2467257	
-5.65014725882	-1712.24731032	
-5.65131890512	-1712.24789356	
-5.65248918027	-1712.24847543	
-5.65365808747	-1712.24905592	
-5.65482562993	-1712.24963504	
-5.65599181082	-1712.2502128	
-5.65715663332	-1712.2507892	
-5.65832010058	-1712.25136423	
-5.65948221576	-1712.25193792	
-5.660642982	-1712.25251025	
-5.66180240242	-1712.25308124	
-5.66296048014	-1712.25365089	
-5.66411721826	-1712.25421919	
-5.66527261989	-1712.25478616	
-5.66642668811	-1712.2553518	
-5.66757942599	-1712.25591611	
-5.6687308366	-1712.25647909	
-5.66988092298	-1712.25704076	
-5.67102968818	-1712.2576011	
-5.67217713524	-1712.25816013	
-5.67332326717	-1712.25871786	
-5.67446808699	-1712.25927427	
-5.67561159769	-1712.25982938	
-5.67675380227	-1712.26038319	
-5.6778947037	-1712.26093571	
-5.67903430497	-1712.26148693	
-5.68017260902	-1712.26203686	
-5.6813096188	-1712.26258551	
-5.68244533727	-1712.26313287	
-5.68357976734	-1712.26367896	
-5.68471291194	-1712.26422377	
-5.68584477397	-1712.26476731	
-5.68697535634	-1712.26530958	
-5.68810466194	-1712.26585058	
-5.68923269364	-1712.26639033	
-5.69035945432	-1712.26692881	
-5.69148494685	-1712.26746604	
-5.69260917406	-1712.26800202	
-5.6937321388	-1712.26853675	
-5.69485384391	-1712.26907023	
-5.69597429221	-1712.26960248	
-5.69709348651	-1712.27013349	
-5.69821142961	-1712.27066326	
-5.69932812431	-1712.2711918	
-5.70044357339	-1712.27171911	
-5.70155777963	-1712.2722452	
-5.7026707458	-1712.27277006	
-5.70378247466	-1712.27329371	
-5.70489296894	-1712.27381614	
-5.70600223139	-1712.27433737	
-5.70711026475	-1712.27485738	
-5.70821707172	-1712.27537619	
-5.70932265503	-1712.27589379	
-5.71042701737	-1712.2764102	
-5.71153016145	-1712.27692541	
-5.71263208993	-1712.27743943	
-5.71373280551	-1712.27795226	
-5.71483231084	-1712.27846391	
-5.71593060859	-1712.27897437	
-5.71702770141	-1712.27948366	
-5.71812359193	-1712.27999176	
-5.71921828279	-1712.2804987	
-5.72031177661	-1712.28100446	
-5.72140407601	-1712.28150906	
-5.72249518359	-1712.28201249	
-5.72358510195	-1712.28251476	
-5.72467383369	-1712.28301588	
-5.72576138137	-1712.28351584	
-5.72684774759	-1712.28401465	
-5.72793293489	-1712.28451231	
-5.72901694583	-1712.28500883	
-5.73009978297	-1712.2855042	
-5.73118144884	-1712.28599844	
-5.73226194598	-1712.28649154	
-5.7333412769	-1712.28698351	
-5.73441944412	-1712.28747434	
-5.73549645015	-1712.28796405	
-5.73657229748	-1712.28845264	
-5.73764698861	-1712.2889401	
-5.73872052602	-1712.28942645	
-5.73979291218	-1712.28991168	
-5.74086414956	-1712.2903958	
-5.74193424062	-1712.29087882	
-5.74300318781	-1712.29136072	
-5.74407099357	-1712.29184152	
-5.74513766034	-1712.29232123	
-5.74620319054	-1712.29279983	
-5.7472675866	-1712.29327734	
-5.74833085092	-1712.29375376	
-5.74939298591	-1712.29422909	
-5.75045399397	-1712.29470334	
-5.75151387748	-1712.2951765	
-5.75257263883	-1712.29564858	
-5.75363028038	-1712.29611959	
-5.75468680452	-1712.29658952	
-5.75574221359	-1712.29705838	
-5.75679650994	-1712.29752618	
-5.75784969593	-1712.2979929	
-5.75890177388	-1712.29845857	
-5.75995274612	-1712.29892317	
-5.76100261499	-1712.29938672	
-5.76205138278	-1712.29984921	
-5.76309905181	-1712.30031065	
-5.76414562438	-1712.30077105	
-5.76519110278	-1712.30123039	
-5.7662354893	-1712.3016887	
-5.76727878622	-1712.30214596	
-5.76832099579	-1712.30260219	
-5.7693621203	-1712.30305738	
-5.770402162	-1712.30351154	
-5.77144112313	-1712.30396467	
-5.77247900594	-1712.30441677	
-5.77351581267	-1712.30486785	
-5.77455154554	-1712.30531791	
-5.77558620679	-1712.30576694	
-5.77661979861	-1712.30621497	
-5.77765232322	-1712.30666198	
-5.77868378283	-1712.30710798	
-5.77971417962	-1712.30755297	
-5.78074351579	-1712.30799695	
-5.78177179352	-1712.30843994	
-5.78279901497	-1712.30888192	
-5.78382518233	-1712.30932291	
-5.78485029774	-1712.3097629	
-5.78587436337	-1712.3102019	
-5.78689738137	-1712.31063991	
-5.78791935386	-1712.31107693	
-5.788940283	-1712.31151297	
-5.7899601709	-1712.31194803	
-5.79097901969	-1712.31238211	
-5.79199683148	-1712.31281521	
-5.79301360838	-1712.31324734	
-5.7940293525	-1712.31367849	
-5.79504406593	-1712.31410868	
-5.79605775077	-1712.3145379	
-5.79707040908	-1712.31496616	
-5.79808204295	-1712.31539345	
-5.79909265446	-1712.31581979	
-5.80010224566	-1712.31624517	
-5.80111081862	-1712.3166696	
-5.80211837538	-1712.31709308	
-5.80312491799	-1712.31751561	
-5.80413044849	-1712.31793719	
-5.80513496892	-1712.31835783	
-5.80613848129	-1712.31877752	
-5.80714098764	-1712.31919628	
-5.80814248998	-1712.3196141	
-5.80914299031	-1712.32003099	
