#Site	lnL	
0	-6.60804978745
1	-2.34951240284
2	-1.77625573645
3	-1.63886128442
4	-2.34951240284
5	-1.47099315366
6	-1.51167719763
7	-5.17916908938
8	-1.77625573645
9	-1.51167719763
10	-1.99493661009
11	-8.04719762237
12	-1.63886128442
13	-1.72072741369
14	-1.27517318706
15	-1.51167719763
16	-5.6427548143
17	-1.77625573645
18	-1.63886128442
19	-1.72072741369
20	-7.23364662995
21	-5.25569060683
22	-5.95290200395
23	-1.27517318706
24	-5.25569060683
25	-7.0311682969
26	-7.21872094878
27	-1.51167719763
28	-1.99493661009
29	-6.041258216
30	-6.15198993002
31	-1.87216411991
32	-1.37497930541
33	-1.63886128442
34	-2.34951240284
35	-7.55392289536
36	-1.63886128442
37	-5.51637189725
38	-1.27517318706
39	-5.54129494826
40	-2.34951240284
41	-1.47099315366
42	-1.51167719763
43	-2.34951240284
44	-1.47099315366
45	-2.07976176822
46	-9.6500675268
47	-7.25573371445
48	-5.25569060683
49	-2.34951240284
50	-6.25612701917
51	-1.51167719763
52	-10.0349957637
53	-1.47099315366
54	-1.63886128442
55	-4.43005875105
56	-6.76371152301
57	-10.4593380576
58	-7.66197768794
59	-7.02914815359
60	-8.80556596076
61	-8.3328720761
62	-6.59571411822
63	-1.51167719763
64	-5.6427548143
65	-1.47099315366
66	-1.63886128442
67	-8.81739623703
68	-11.0736058746
69	-6.7436369518
70	-1.87216411991
71	-1.37497930541
72	-1.51167719763
73	-1.72072741369
74	-6.0443640946
75	-1.51167719763
76	-1.87216411991
77	-1.47099315366
78	-1.51167719763
79	-1.99493661009
80	-16.5414399895
81	-1.74891936392
82	-4.43005875105
83	-1.47099315366
84	-1.51167719763
85	-5.76234820376
86	-1.27517318706
87	-2.07976176822
88	-4.40497569817
89	-1.47099315366
90	-1.51167719763
91	-1.72072741369
92	-12.6180691
93	-5.69965571307
94	-1.72072741369
95	-1.37497930541
96	-5.91718353509
97	-1.72072741369
98	-1.77625573645
99	-7.33483178111
100	-1.72072741369
101	-13.0616381132
102	-1.63886128442
103	-2.34951240284
104	-1.47099315366
105	-1.51167719763
106	-2.34951240284
107	-7.32359507774
108	-1.74891936392
109	-4.91874863549
110	-11.2324214483
111	-1.63886128442
112	-1.99493661009
113	-1.47099315366
114	-5.25569060683
115	-7.71943245453
116	-1.37497930541
117	-2.07976176822
118	-1.99493661009
119	-1.27517318706
120	-2.07976176822
121	-1.72072741369
122	-1.77625573645
123	-5.3373919015
124	-1.87216411991
125	-1.77625573645
126	-6.39185804291
127	-9.31513598226
128	-1.27517318706
129	-2.07976176822
130	-2.34951240284
131	-1.27517318706
132	-1.74891936392
133	-1.72072741369
134	-1.37497930541
135	-5.52518020156
136	-1.72072741369
137	-6.24131313791
138	-5.25569060683
139	-4.9523579877
140	-1.27517318706
141	-1.63886128442
142	-5.89761693109
143	-6.5934342317
144	-1.74891936392
145	-1.72072741369
146	-1.77625573645
147	-9.90526968047
148	-5.11404154879
149	-7.46161270084
150	-1.74891936392
151	-6.23450210801
152	-1.77625573645
153	-5.40292078596
154	-5.65554039628
155	-1.47099315366
156	-5.82081228606
157	-1.72072741369
158	-6.24131313791
159	-1.51167719763
160	-6.35504302402
161	-7.96086539778
162	-5.7765233889
163	-8.30914972358
164	-6.59571411822
165	-1.63886128442
166	-1.72072741369
167	-1.47099315366
168	-7.55455445055
169	-1.99493661009
170	-1.77625573645
171	-1.51167719763
172	-8.08929963568
173	-1.37497930541
174	-1.63886128442
175	-1.72072741369
176	-1.47099315366
177	-1.74891936392
178	-8.13655708896
179	-11.5134434696
180	-1.63886128442
181	-1.72072741369
182	-1.27517318706
183	-1.74891936392
184	-6.17998421137
185	-1.27517318706
186	-2.07976176822
187	-1.99493661009
188	-7.43440472704
189	-1.63886128442
190	-2.34951240284
191	-1.37497930541
192	-1.63886128442
193	-7.09555340251
194	-6.83304862556
195	-1.74891936392
196	-1.87216411991
197	-12.1289562896
198	-10.6163262619
199	-1.87216411991
200	-1.37497930541
201	-1.74891936392
202	-6.17998421137
203	-1.47099315366
204	-1.51167719763
205	-5.87299782791
206	-1.27517318706
207	-5.96981864827
208	-5.36912149845
209	-1.27517318706
210	-5.87328401655
211	-1.72072741369
212	-1.27517318706
213	-5.44388518548
214	-1.72072741369
215	-7.95372449605
216	-8.61295751504
217	-4.9360966025
218	-7.16049131203
219	-10.3919349063
220	-4.91874863549
221	-7.81628992962
222	-1.51167719763
223	-1.72072741369
224	-1.37497930541
225	-1.74891936392
226	-8.3704853073
227	-6.80647708522
228	-2.07976176822
229	-1.72072741369
230	-1.77625573645
231	-1.63886128442
232	-2.34951240284
233	-1.37497930541
234	-1.63886128442
235	-2.34951240284
236	-7.46161270084
237	-1.51167719763
238	-1.99493661009
239	-1.27517318706
240	-1.51167719763
241	-11.2440897926
242	-1.27517318706
243	-1.74891936392
244	-6.17350125898
245	-7.72127842751
246	-9.86629122345
247	-1.72072741369
248	-12.8334834464
249	-1.63886128442
250	-1.72072741369
251	-14.7704338825
252	-1.74891936392
253	-10.0550330274
254	-1.37497930541
255	-1.51167719763
256	-4.9360966025
257	-6.76371152301
258	-2.07976176822
259	-1.72072741369
260	-11.2815151991
261	-1.63886128442
262	-4.99771588373
263	-1.77625573645
264	-1.63886128442
265	-5.65554039628
266	-1.27517318706
267	-4.90140858814
268	-2.34951240284
269	-1.27517318706
270	-1.51167719763
271	-5.61592112969
272	-13.3412358648
273	-1.63886128442
274	-2.34951240284
275	-7.72127842751
276	-1.74891936392
277	-8.68319718226
278	-1.27517318706
279	-1.51167719763
280	-5.65554039628
281	-11.5012758737
282	-1.63886128442
283	-1.87216411991
284	-13.1574686283
285	-1.63886128442
286	-1.99493661009
287	-1.27517318706
288	-5.52518020156
289	-1.72072741369
290	-6.82968946225
291	-2.07976176822
292	-1.72072741369
293	-1.27517318706
294	-1.63886128442
295	-1.72072741369
296	-7.96086539778
297	-1.74891936392
298	-4.68267945613
299	-1.77625573645
300	-2.07976176822
301	-2.34951240284
302	-20.5218999316
303	-6.15198993002
304	-1.87216411991
305	-6.041258216
306	-1.51167719763
307	-6.27229440589
308	-1.37497930541
309	-1.51167719763
310	-4.91874863549
311	-1.37497930541
312	-7.07759156071
313	-5.54124612693
314	-1.27517318706
315	-1.63886128442
316	-1.72072741369
317	-1.47099315366
318	-1.51167719763
319	-1.99493661009
320	-6.25612701917
321	-1.63886128442
322	-1.87216411991
323	-7.81628992962
324	-1.63886128442
325	-5.17916908938
326	-1.37497930541
327	-1.51167719763
328	-1.72072741369
329	-9.91981922021
330	-1.74891936392
331	-4.40497569817
332	-6.0443640946
333	-1.63886128442
334	-5.61142336419
335	-9.46539299539
336	-1.74891936392
337	-2.34951240284
338	-1.37497930541
339	-1.63886128442
340	-4.56282223241
341	-1.37497930541
342	-1.51167719763
343	-1.99493661009
344	-1.27517318706
345	-1.51167719763
346	-1.99493661009
347	-6.0443640946
348	-1.51167719763
349	-6.20454538318
350	-1.47099315366
351	-1.74891936392
352	-1.87216411991
353	-10.4879349465
354	-2.07976176822
355	-4.91874863549
356	-1.27517318706
357	-1.51167719763
358	-6.89042849559
359	-8.44329803388
360	-2.07976176822
361	-1.87216411991
362	-8.43714488062
363	-1.74891936392
364	-8.70527825742
365	-1.77625573645
366	-4.73862496233
367	-4.40497569817
368	-1.27517318706
369	-1.74891936392
370	-2.34951240284
371	-1.27517318706
372	-1.74891936392
373	-1.72072741369
374	-1.37497930541
375	-1.63886128442
376	-4.99771588373
377	-7.46161270084
378	-2.07976176822
379	-4.68267945613
380	-6.5934342317
381	-4.90140858814
382	-1.99493661009
383	-9.82380390212
384	-1.51167719763
385	-2.34951240284
386	-14.0465105455
387	-2.07976176822
388	-1.87216411991
389	-6.79559445801
390	-2.07976176822
391	-7.32253495448
392	-7.55392289536
393	-5.96981864827
394	-1.99493661009
395	-7.43440472704
396	-2.07976176822
397	-1.99493661009
398	-9.34011466457
399	-1.63886128442
400	-1.99493661009
401	-1.27517318706
402	-5.31061059144
403	-1.99493661009
404	-1.27517318706
405	-1.74891936392
406	-9.65508893344
407	-1.37497930541
408	-5.7765233889
409	-2.34951240284
410	-1.37497930541
411	-1.63886128442
412	-6.71792249258
413	-6.0443640946
414	-1.63886128442
415	-1.72072741369
416	-1.37497930541
417	-1.51167719763
418	-5.24444838623
419	-6.041258216
420	-9.95050638564
421	-1.72072741369
422	-1.37497930541
423	-2.07976176822
424	-2.34951240284
425	-7.16049131203
426	-2.07976176822
427	-5.21676574979
428	-16.409629855
429	-5.25569060683
430	-1.99493661009
431	-7.81628992962
432	-1.51167719763
433	-5.36912149845
434	-1.27517318706
435	-5.87328401655
436	-1.87216411991
437	-8.81213316686
438	-1.63886128442
439	-6.17350125898
440	-1.37497930541
441	-2.07976176822
442	-1.99493661009
443	-15.8173402592
444	-1.74891936392
445	-9.61942352232
446	-1.27517318706
447	-5.25569060683
448	-4.9360966025
449	-7.02914815359
450	-1.51167719763
451	-1.72072741369
452	-1.37497930541
453	-1.51167719763
454	-1.99493661009
455	-1.47099315366
456	-1.74891936392
457	-2.34951240284
458	-7.55392289536
459	-5.91718353509
460	-4.40497569817
461	-1.37497930541
462	-1.63886128442
463	-1.99493661009
464	-6.041258216
465	-5.93368161089
466	-7.2528038206
467	-1.47099315366
468	-1.63886128442
469	-1.72072741369
470	-12.6778323305
