#Site	lnL	
0	-1.78949303985
1	-1.86486486842
2	-11.9938248915
3	-1.78949303985
4	-7.90232961921
5	-1.45441987702
6	-1.78949303985
7	-7.52675128698
8	-1.57250183542
9	-1.93412802296
10	-1.97670613868
11	-1.36623596791
12	-4.49345870007
13	-1.97670613868
14	-1.45441987702
15	-1.68628107993
16	-1.97670613868
17	-1.57250183542
18	-1.48635086526
19	-1.6501599664
20	-1.57250183542
21	-5.45138849125
22	-10.103335797
23	-24.9488372403
24	-1.78949303985
25	-1.97670613868
26	-25.0341139115
27	-1.48635086526
28	-2.13643667911
29	-1.36623596791
30	-1.48635086526
31	-1.6501599664
32	-1.19181321956
33	-1.48635086526
34	-1.6501599664
35	-1.57250183542
36	-1.68628107993
37	-2.13643667911
38	-11.9938248915
39	-1.68628107993
40	-1.86486486842
41	-1.19181321956
42	-1.48635086526
43	-2.13643667911
44	-1.45441987702
45	-1.93412802296
46	-6.03635795361
47	-1.19181321956
48	-1.48635086526
49	-10.4266558619
50	-12.5710103977
51	-1.48635086526
52	-1.6501599664
53	-1.45441987702
54	-6.07976108101
55	-9.14306944604
56	-13.31788338
57	-1.68628107993
58	-5.16207852711
59	-13.3178885196
60	-1.68628107993
61	-5.48738537477
62	-12.951673637
63	-7.7342217003
64	-1.6501599664
65	-1.19181321956
66	-1.93412802296
67	-1.97670613868
68	-1.45441987702
69	-1.93412802296
70	-1.6501599664
71	-1.19181321956
72	-1.78949303985
73	-1.97670613868
74	-1.36623596791
75	-1.93412802296
76	-8.2815763179
77	-1.57250183542
78	-1.68628107993
79	-8.17112741538
80	-25.8191505484
81	-6.0481972564
82	-1.97670613868
83	-14.2807206706
84	-1.48635086526
85	-2.13643667911
86	-11.9938412051
87	-1.48635086526
88	-10.3141961889
89	-1.36623596791
90	-1.68628107993
91	-1.86486486842
92	-14.1439336796
93	-1.93412802296
94	-7.3146734504
95	-1.19181321956
96	-1.78949303985
97	-1.6501599664
98	-1.45441987702
99	-1.48635086526
100	-7.3146734504
101	-1.36623596791
102	-1.68628107993
103	-10.7853931609
104	-1.19181321956
105	-6.64720217693
106	-2.13643667911
107	-1.36623596791
108	-1.48635086526
109	-1.86486486842
110	-1.45441987702
111	-1.48635086526
112	-2.13643667911
113	-1.19181321956
114	-7.05940731394
115	-2.13643667911
116	-13.2615564165
117	-1.68628107993
118	-4.20647355081
119	-1.45441987702
120	-1.78949303985
121	-1.97670613868
122	-1.36623596791
123	-1.68628107993
124	-1.6501599664
125	-13.6230804963
126	-1.68628107993
127	-1.86486486842
128	-1.45441987702
129	-1.78949303985
130	-1.6501599664
131	-12.0501757342
132	-1.48635086526
133	-1.97670613868
134	-1.19181321956
135	-7.08395845904
136	-4.20647355081
137	-1.19181321956
138	-1.68628107993
139	-9.68585955357
140	-25.2085181654
141	-1.48635086526
142	-6.03635795361
143	-1.19181321956
144	-1.78949303985
145	-1.97670613868
146	-1.36623596791
147	-1.78949303985
148	-1.86486486842
149	-1.45441987702
150	-4.95622933814
151	-4.65192739442
152	-13.3178885196
153	-1.68628107993
154	-1.6501599664
155	-13.8387353214
156	-6.24352320032
157	-1.6501599664
158	-1.57250183542
159	-1.68628107993
160	-1.86486486842
161	-1.19181321956
162	-1.48635086526
163	-1.6501599664
164	-1.19181321956
165	-4.94007847696
166	-1.86486486842
167	-12.6591825136
168	-4.49345870007
169	-2.13643667911
170	-15.3851061306
171	-6.67874407464
172	-1.86486486842
173	-1.36623596791
174	-1.48635086526
175	-1.97670613868
176	-1.19181321956
177	-1.93412802296
178	-1.97670613868
179	-1.36623596791
180	-1.93412802296
181	-5.65448253403
182	-11.9938412051
183	-1.68628107993
184	-4.62651003675
185	-15.2969223774
186	-1.78949303985
187	-1.6501599664
188	-14.5245969189
189	-7.49761605926
190	-5.13571476786
191	-1.45441987702
192	-1.48635086526
193	-6.5121204126
194	-12.0501757342
195	-1.78949303985
196	-4.19300539082
197	-13.6716837687
198	-1.68628107993
199	-2.13643667911
200	-14.1439248054
201	-5.74038337133
202	-6.34827295581
203	-1.36623596791
204	-1.93412802296
205	-1.97670613868
206	-1.36623596791
207	-1.93412802296
208	-1.97670613868
209	-13.2615334645
210	-5.45138849125
211	-4.65192739442
212	-13.0398618665
213	-1.48635086526
214	-8.65231073921
215	-13.2615564165
216	-1.68628107993
217	-1.97670613868
218	-1.36623596791
219	-1.78949303985
220	-1.86486486842
221	-1.45441987702
222	-5.02825670356
223	-1.6501599664
224	-1.57250183542
225	-1.93412802296
226	-1.86486486842
227	-11.9938412051
228	-1.68628107993
229	-2.13643667911
230	-1.57250183542
231	-1.48635086526
232	-7.52675128698
233	-12.5710042871
234	-1.68628107993
235	-4.19300539082
236	-1.57250183542
237	-1.78949303985
238	-9.00860283466
239	-1.19181321956
240	-4.41194156669
241	-1.86486486842
242	-1.19181321956
243	-1.78949303985
244	-1.86486486842
245	-1.57250183542
246	-1.78949303985
247	-1.6501599664
248	-1.19181321956
249	-1.48635086526
250	-6.0940309942
251	-1.45441987702
252	-1.48635086526
253	-1.6501599664
254	-1.45441987702
255	-1.78949303985
256	-1.86486486842
257	-1.36623596791
258	-1.93412802296
259	-5.16207852711
260	-13.8387353214
261	-1.93412802296
262	-5.79219472142
263	-1.57250183542
264	-5.36321026466
265	-1.6501599664
266	-12.0501757342
267	-5.67957912415
268	-6.28186949743
269	-1.19181321956
270	-1.48635086526
271	-1.6501599664
272	-14.2321171612
273	-1.48635086526
274	-8.57906669195
275	-12.0501720811
276	-6.36824951101
277	-1.86486486842
278	-1.57250183542
279	-1.93412802296
280	-1.86486486842
281	-1.19181321956
282	-5.75889959773
283	-5.73087063898
284	-1.36623596791
285	-1.93412802296
286	-1.6501599664
287	-1.57250183542
288	-1.78949303985
289	-8.36448370885
290	-1.57250183542
291	-1.48635086526
292	-1.6501599664
293	-1.36623596791
294	-1.78949303985
295	-5.03259063372
296	-1.45441987702
297	-1.68628107993
298	-5.50575415727
299	-1.36623596791
300	-1.78949303985
301	-1.97670613868
302	-1.19181321956
303	-1.68628107993
304	-1.86486486842
305	-1.19181321956
306	-1.48635086526
307	-1.6501599664
308	-24.9459364774
309	-1.93412802296
310	-1.86486486842
311	-1.57250183542
312	-6.64720217693
313	-1.97670613868
314	-1.19181321956
315	-8.8492768456
316	-1.6501599664
317	-1.57250183542
318	-1.48635086526
319	-1.6501599664
320	-14.776065365
321	-1.68628107993
322	-6.26009472922
323	-1.36623596791
324	-6.74891275031
325	-6.5121204126
326	-1.45441987702
327	-1.48635086526
328	-1.86486486842
329	-1.57250183542
330	-1.68628107993
331	-1.97670613868
332	-1.57250183542
333	-1.68628107993
334	-5.69861373398
335	-1.19181321956
336	-1.48635086526
337	-1.86486486842
338	-1.57250183542
339	-1.78949303985
340	-1.86486486842
341	-1.19181321956
342	-1.68628107993
343	-1.6501599664
344	-14.5246115122
345	-4.49345870007
346	-1.86486486842
347	-1.45441987702
348	-1.48635086526
349	-7.273622865
350	-1.19181321956
351	-1.78949303985
352	-2.13643667911
353	-1.19181321956
354	-9.06317203304
355	-1.97670613868
356	-23.6663613521
357	-1.68628107993
358	-4.12563077075
359	-1.45441987702
360	-1.48635086526
361	-1.86486486842
362	-14.1439336796
363	-1.78949303985
364	-4.65192739442
365	-26.7642825127
366	-5.02825670356
367	-2.13643667911
368	-1.57250183542
369	-1.93412802296
370	-1.6501599664
371	-15.6560708312
372	-8.83302965389
373	-1.6501599664
374	-13.6230857639
375	-1.68628107993
376	-1.97670613868
377	-1.57250183542
378	-5.02825670356
379	-4.22156545533
380	-1.57250183542
381	-6.67874407464
382	-5.50575415727
383	-14.6614056222
384	-4.48384558111
385	-2.13643667911
386	-1.57250183542
387	-1.48635086526
388	-2.13643667911
389	-12.9516836399
390	-1.68628107993
391	-1.6501599664
392	-14.776065365
393	-1.48635086526
394	-1.86486486842
395	-13.2615334645
396	-1.68628107993
397	-5.39161699978
398	-1.57250183542
399	-1.68628107993
400	-6.25569890962
401	-26.9951549773
402	-1.93412802296
403	-6.82667560346
404	-13.6230857639
405	-6.74891275031
406	-2.13643667911
407	-15.9305544405
408	-1.78949303985
409	-5.74336734237
410	-1.19181321956
411	-6.58575680858
412	-5.76056318621
413	-1.45441987702
414	-4.45486234079
415	-6.36520845004
416	-26.262254822
417	-4.48384558111
418	-8.04624442792
419	-13.6716883051
420	-8.24413145338
421	-1.6501599664
422	-14.661400017
423	-1.68628107993
424	-1.6501599664
425	-1.19181321956
426	-1.68628107993
427	-7.9361687819
428	-1.36623596791
429	-1.78949303985
430	-1.97670613868
431	-14.1925473667
432	-4.41194156669
433	-2.13643667911
434	-1.36623596791
435	-12.1556007841
436	-6.79686221612
437	-1.45441987702
438	-1.68628107993
439	-1.6501599664
440	-13.6153337429
441	-1.48635086526
442	-1.6501599664
443	-1.36623596791
444	-1.78949303985
445	-4.22156545533
446	-13.6153540015
447	-1.93412802296
448	-1.86486486842
449	-1.19181321956
450	-5.05391899229
451	-6.34827295581
452	-24.7537065869
453	-12.8760275967
454	-1.97670613868
455	-13.31788338
456	-1.78949303985
457	-1.6501599664
458	-13.6153540015
459	-6.95731961337
460	-2.13643667911
461	-1.19181321956
462	-1.93412802296
463	-2.13643667911
464	-13.5667303568
465	-8.89864727643
466	-6.34973532351
467	-1.36623596791
468	-5.97365026644
469	-7.95167111314
470	-1.36623596791
