# log_p 	 lnL 	 
0.0	-1740.73263979	
-0.287682072452	-1740.79335515	
-0.510825623766	-1740.76270845	
-0.69314718056	-1740.70676547	
-0.847297860387	-1740.64378871	
-0.980829253012	-1740.5798871	
-1.09861228867	-1740.51710379	
-1.20397280433	-1740.45588539	
-1.29928298413	-1740.39612627	
-1.38629436112	-1740.33764556	
-1.46633706879	-1740.28036823	
-1.54044504095	-1740.22435535	
-1.60943791243	-1740.1697712	
-1.67397643357	-1740.11683456	
-1.73460105539	-1740.0657756	
-1.79175946923	-1740.01680561	
-1.8458266905	-1739.97009913	
-1.89711998489	-1739.92578627	
-1.94591014906	-1739.88395172	
-1.99243016469	-1739.84463792	
-2.03688192726	-1739.80785051	
-2.07944154168	-1739.77356441	
-2.1202635362	-1739.74173003	
-2.15948424935	-1739.71227895	
-2.19722457734	-1739.68512883	
-2.23359222151	-1739.66018769	
-2.26868354132	-1739.63735733	
-2.30258509299	-1739.61653611	
-2.33537491582	-1739.59762114	
-2.36712361413	-1739.58051	
-2.3978952728	-1739.56510198	
-2.42774823595	-1739.55129903	
-2.45673577282	-1739.53900642	
-2.48490664979	-1739.52813322	
-2.51230562398	-1739.51859253	
-2.53897387106	-1739.51030166	
-2.56494935746	-1739.50318221	
-2.59026716545	-1739.49715998	
-2.61495977804	-1739.49216497	
-2.63905732962	-1739.48813119	
-2.66258782703	-1739.48499657	
-2.68557734525	-1739.48270276	
-2.7080502011	-1739.48119499	
-2.73002910782	-1739.48042185	
-2.75153531304	-1739.48033514	
-2.77258872224	-1739.48088968	
-2.79320800944	-1739.48204312	
-2.81341071676	-1739.4837558	
-2.83321334406	-1739.48599054	
-2.85263142991	-1739.48871256	
-2.87167962488	-1739.49188923	
-2.8903717579	-1739.49549003	
-2.90872089656	-1739.49948634	
-2.92673940207	-1739.50385135	
-2.94443897917	-1739.50855994	
-2.96183072188	-1739.51358857	
-2.97892515524	-1739.51891519	
-2.99573227355	-1739.52451909	
-3.01226157551	-1739.53038087	
-3.02852209638	-1739.53648234	
-3.04452243772	-1739.54280644	
-3.06027079469	-1739.54933712	
-3.07577498123	-1739.55605937	
-3.09104245336	-1739.56295906	
-3.10608033072	-1739.57002294	
-3.12089541651	-1739.57723856	
-3.13549421593	-1739.58459423	
-3.14988295338	-1739.59207894	
-3.16406758837	-1739.59968239	
-3.17805383035	-1739.60739485	
-3.19184715248	-1739.6152072	
-3.20545280454	-1739.62311086	
-3.21887582487	-1739.63109775	
-3.23212105162	-1739.63916028	
-3.24519313319	-1739.64729131	
-3.25809653802	-1739.65548411	
-3.2708355638	-1739.66373235	
-3.28341434601	-1739.67203009	
-3.295836866	-1739.68037172	
-3.3081069586	-1739.68875196	
-3.32022831913	-1739.69716585	
-3.33220451018	-1739.70560871	
-3.34403896782	-1739.71407614	
-3.35573500759	-1739.722564	
-3.36729582999	-1739.73106839	
-3.37872452581	-1739.73958563	
-3.39002408106	-1739.74811226	
-3.40119738166	-1739.75664503	
-3.41224721785	-1739.76518088	
-3.42317628838	-1739.77371692	
-3.43398720449	-1739.78225044	
-3.4446824936	-1739.79077888	
-3.45526460293	-1739.79929985	
-3.4657359028	-1739.80781109	
-3.47609868984	-1739.81631046	
-3.48635519	-1739.82479598	
-3.49650756147	-1739.83326576	
-3.50655789732	-1739.84171806	
-3.51650822817	-1739.8501512	
-3.52636052462	-1739.85856363	
-3.53611669956	-1739.86695391	
-3.54577861047	-1739.87532065	
-3.55534806149	-1739.88366259	
-3.56482680544	-1739.89197852	
-3.57421654579	-1739.90026731	
-3.58351893846	-1739.90852793	
-3.59273559356	-1739.91675938	
-3.60186807712	-1739.92496075	
-3.61091791264	-1739.93313119	
-3.61988658263	-1739.9412699	
-3.62877553004	-1739.94937615	
-3.63758615973	-1739.95744923	
-3.6463198397	-1739.96548852	
-3.65497790244	-1739.97349343	
-3.66356164613	-1739.9814634	
-3.6720723358	-1739.98939793	
-3.68051120444	-1739.99729656	
-3.68887945411	-1740.00515887	
-3.69717825693	-1740.01298445	
-3.70540875607	-1740.02077296	
-3.7135720667	-1740.02852407	
-3.72166927694	-1740.03623749	
-3.72970144863	-1740.04391295	
-3.73766961828	-1740.05155022	
-3.74557479779	-1740.05914908	
-3.75341797525	-1740.06670936	
-3.76120011569	-1740.07423087	
-3.76892216179	-1740.0817135	
-3.77658503453	-1740.08915711	
-3.78418963392	-1740.0965616	
-3.79173683955	-1740.1039269	
-3.79922751128	-1740.11125295	
-3.80666248977	-1740.11853969	
-3.81404259707	-1740.1257871	
-3.82136863716	-1740.13299516	
-3.82864139649	-1740.14016387	
-3.83586164446	-1740.14729324	
-3.84303013394	-1740.15438331	
-3.85014760171	-1740.16143411	
-3.85721476893	-1740.16844568	
-3.86423234159	-1740.17541809	
-3.87120101091	-1740.18235142	
-3.87812145375	-1740.18924574	
-3.88499433304	-1740.19610113	
-3.89182029811	-1740.20291771	
-3.8985999851	-1740.20969557	
-3.90533401728	-1740.21643484	
-3.91202300543	-1740.22313563	
-3.91866754815	-1740.22979806	
-3.92526823218	-1740.23642229	
-3.93182563272	-1740.24300844	
-3.93834031375	-1740.24955666	
-3.94481282825	-1740.25606712	
-3.95124371858	-1740.26253995	
-3.95763351668	-1740.26897533	
-3.96398274436	-1740.27537342	
-3.97029191355	-1740.28173439	
-3.97656152657	-1740.28805841	
-3.98279207632	-1740.29434567	
-3.98898404656	-1740.30059635	
-3.99513791214	-1740.30681062	
-4.00125413916	-1740.31298868	
-4.00733318523	-1740.31913072	
-4.01337549969	-1740.32523692	
-4.01938152375	-1740.33130748	
-4.02535169074	-1740.33734261	
-4.03128642625	-1740.34334249	
-4.03718614838	-1740.34930733	
-4.04305126783	-1740.35523733	
-4.04888218815	-1740.36113269	
-4.05467930583	-1740.36699362	
-4.06044301055	-1740.37282033	
-4.06617368526	-1740.37861301	
-4.07187170637	-1740.38437189	
-4.07753744391	-1740.39009716	
-4.08317126162	-1740.39578903	
-4.08877351717	-1740.40144773	
-4.09434456222	-1740.40707345	
-4.0998847426	-1740.4126664	
-4.10539439841	-1740.4182268	
-4.11087386417	-1740.42375487	
-4.11632346894	-1740.4292508	
-4.12174353641	-1740.43471481	
-4.12713438505	-1740.44014712	
-4.13249632819	-1740.44554793	
-4.13782967416	-1740.45091745	
-4.14313472639	-1740.4562559	
-4.14841178349	-1740.46156348	
-4.15366113938	-1740.46684041	
-4.15888308336	-1740.4720869	
-4.16407790024	-1740.47730314	
-4.1692458704	-1740.48248936	
-4.1743872699	-1740.48764576	
-4.17950237056	-1740.49277255	
-4.18459144007	-1740.49786993	
-4.18965474203	-1740.50293811	
-4.19469253606	-1740.5079773	
-4.19970507788	-1740.51298769	
-4.20469261939	-1740.5179695	
-4.20965540873	-1740.52292293	
-4.21459369037	-1740.52784817	
-4.21950770518	-1740.53274544	
-4.22439769047	-1740.53761492	
-4.22926388012	-1740.54245682	
-4.2341065046	-1740.54727133	
-4.23892579103	-1740.55205866	
-4.2437219633	-1740.556819	
-4.24849524205	-1740.56155255	
-4.25324584481	-1740.56625949	
-4.257973986	-1740.57094003	
-4.26267987704	-1740.57559435	
-4.26736372635	-1740.58022264	
-4.27202573946	-1740.5848251	
-4.27666611902	-1740.58940191	
-4.28128506487	-1740.59395326	
-4.28588277412	-1740.59847934	
-4.29045944115	-1740.60298034	
-4.29501525768	-1740.60745642	
-4.29955041285	-1740.61190779	
-4.3040650932	-1740.61633462	
-4.30855948279	-1740.62073709	
-4.31303376319	-1740.62511538	
-4.31748811354	-1740.62946966	
-4.3219227106	-1740.63380013	
-4.32633772881	-1740.63810694	
-4.33073334029	-1740.64239028	
-4.33510971489	-1740.64665032	
-4.33946702026	-1740.65088723	
-4.34380542185	-1740.65510119	
-4.348125083	-1740.65929235	
-4.3524261649	-1740.6634609	
-4.35670882669	-1740.66760699	
-4.36097322548	-1740.6717308	
-4.36521951636	-1740.67583249	
-4.36944785247	-1740.67991221	
-4.373658385	-1740.68397015	
-4.37785126326	-1740.68800645	
-4.38202663467	-1740.69202127	
-4.38618464482	-1740.69601478	
-4.39032543749	-1740.69998713	
-4.39444915467	-1740.70393849	
-4.39855593663	-1740.70786899	
-4.40264592188	-1740.71177881	
-4.40671924726	-1740.71566808	
-4.41077604796	-1740.71953697	
-4.4148164575	-1740.72338562	
-4.4188406078	-1740.72721419	
-4.42284862919	-1740.73102282	
-4.42684065046	-1740.73481165	
-4.43081679884	-1740.73858084	
-4.43477720006	-1740.74233053	
-4.43872197835	-1740.74606086	
-4.44265125649	-1740.74977198	
-4.44656515581	-1740.75346402	
-4.45046379623	-1740.75713713	
-4.45434729625	-1740.76079145	
-4.45821577303	-1740.76442711	
-4.46206934235	-1740.76804425	
-4.46590811865	-1740.77164301	
-4.46973221509	-1740.77522352	
-4.47354174351	-1740.77878591	
-4.47733681448	-1740.78233032	
-4.48111753732	-1740.78585688	
-4.48488402011	-1740.78936572	
-4.48863636973	-1740.79285697	
-4.49237469184	-1740.79633075	
-4.49609909093	-1740.7997872	
-4.49980967033	-1740.80322645	
-4.50350653221	-1740.8066486	
-4.50718977763	-1740.8100538	
-4.51085950652	-1740.81344216	
-4.51451581772	-1740.8168138	
-4.518158809	-1740.82016885	
-4.52178857705	-1740.82350742	
-4.52540521752	-1740.82682965	
-4.52900882502	-1740.83013563	
-4.53259949315	-1740.83342549	
-4.5361773145	-1740.83669936	
-4.53974238067	-1740.83995733	
-4.54329478227	-1740.84319953	
-4.54683460898	-1740.84642607	
-4.55036194949	-1740.84963706	
-4.5538768916	-1740.85283261	
-4.55737952215	-1740.85601284	
-4.56086992709	-1740.85917785	
-4.56434819147	-1740.86232776	
-4.56781439944	-1740.86546266	
-4.57126863431	-1740.86858267	
-4.5747109785	-1740.8716879	
-4.5781415136	-1740.87477844	
-4.58156032035	-1740.8778544	
-4.58496747867	-1740.88091589	
-4.58836306767	-1740.883963	
-4.59174716566	-1740.88699585	
-4.59511985013	-1740.89001452	
-4.59848119784	-1740.89301913	
-4.60183128472	-1740.89600977	
-4.60517018599	-1740.89898653	
-4.60849797608	-1740.90194952	
-4.61181472871	-1740.90489882	
-4.61512051684	-1740.90783455	
-4.61841541274	-1740.91075679	
-4.62169948794	-1740.91366564	
-4.62497281328	-1740.91656118	
-4.62823545892	-1740.91944352	
-4.63148749431	-1740.92231275	
-4.63472898823	-1740.92516894	
-4.63796000881	-1740.92801221	
-4.64118062351	-1740.93084263	
-4.64439089914	-1740.9336603	
-4.64759090187	-1740.9364653	
-4.65078069724	-1740.93925772	
-4.65396035016	-1740.94203764	
-4.65712992492	-1740.94480516	
-4.66028948521	-1740.94756036	
-4.66343909411	-1740.95030331	
-4.66657881412	-1740.95303412	
-4.66970870713	-1740.95575285	
-4.67282883446	-1740.9584596	
-4.67593925688	-1740.96115444	
-4.67904003455	-1740.96383745	
-4.68213122712	-1740.96650872	
-4.68521289366	-1740.96916832	
-4.6882850927	-1740.97181634	
-4.69134788223	-1740.97445285	
-4.69440131972	-1740.97707793	
-4.6974454621	-1740.97969165	
-4.70048036579	-1740.9822941	
-4.70350608671	-1740.98488534	
-4.70652268025	-1740.98746547	
-4.70953020131	-1740.99003454	
-4.71252870431	-1740.99259263	
-4.71551824316	-1740.99513981	
-4.7184988713	-1740.99767617	
-4.72147064168	-1741.00020177	
-4.72443360681	-1741.00271668	
-4.72738781871	-1741.00522097	
-4.73033332894	-1741.00771472	
-4.73327018862	-1741.01019799	
-4.73619844839	-1741.01267085	
-4.7391181585	-1741.01513337	
-4.74202936871	-1741.01758562	
-4.74493212836	-1741.02002767	
-4.74782648639	-1741.02245959	
-4.75071249128	-1741.02488143	
-4.75359019111	-1741.02729327	
-4.75645963353	-1741.02969517	
-4.75932086582	-1741.03208719	
-4.7621739348	-1741.03446941	
-4.76501888693	-1741.03684188	
-4.76785576827	-1741.03920467	
-4.77068462447	-1741.04155783	
-4.77350550081	-1741.04390144	
-4.77631844218	-1741.04623556	
-4.77912349311	-1741.04856023	
-4.78192069773	-1741.05087554	
-4.78471009982	-1741.05318153	
-4.78749174278	-1741.05547826	
-4.79026566966	-1741.0577658	
-4.79303192316	-1741.06004421	
-4.7957905456	-1741.06231353	
-4.79854157897	-1741.06457383	
-4.80128506491	-1741.06682518	
-4.80402104473	-1741.06906761	
-4.80674955939	-1741.0713012	
-4.8094706495	-1741.07352599	
-4.81218435537	-1741.07574204	
-4.81489071697	-1741.07794941	
-4.81758977394	-1741.08014815	
-4.82028156561	-1741.08233831	
-4.82296613098	-1741.08451996	
-4.82564350875	-1741.08669314	
-4.8283137373	-1741.0888579	
-4.83097685472	-1741.0910143	
-4.83363289878	-1741.09316239	
-4.83628190695	-1741.09530222	
-4.83892391641	-1741.09743385	
-4.84155896405	-1741.09955731	
-4.84418708646	-1741.10167268	
-4.84680831994	-1741.10377998	
-4.84942270051	-1741.10587928	
-4.85203026392	-1741.10797062	
-4.85463104562	-1741.11005406	
-4.8572250808	-1741.11212963	
-4.85981240436	-1741.11419739	
-4.86239305096	-1741.11625739	
-4.86496705495	-1741.11830967	
-4.86753445046	-1741.12035429	
-4.87009527132	-1741.12239127	
-4.87264955112	-1741.12442068	
-4.8751973232	-1741.12644256	
-4.87773862063	-1741.12845696	
-4.88027347623	-1741.13046391	
-4.88280192259	-1741.13246347	
-4.88532399202	-1741.13445568	
-4.88783971662	-1741.13644057	
-4.89034912822	-1741.13841821	
-4.89285225844	-1741.14038862	
-4.89534913864	-1741.14235186	
-4.89783979995	-1741.14430797	
-4.90032427328	-1741.14625698	
-4.90280258929	-1741.14819894	
-4.90527477844	-1741.15013389	
-4.90774087093	-1741.15206188	
-4.91020089677	-1741.15398294	
-4.91265488574	-1741.15589712	
-4.91510286737	-1741.15780445	
-4.91754487103	-1741.15970498	
-4.91998092583	-1741.16159874	
-4.92241106068	-1741.16348578	
-4.92483530429	-1741.16536614	
-4.92725368516	-1741.16723984	
-4.92966623156	-1741.16910694	
-4.93207297159	-1741.17096747	
-4.93447393313	-1741.17282147	
-4.93686914386	-1741.17466898	
-4.93925863125	-1741.17651003	
-4.94164242261	-1741.17834466	
-4.94402054501	-1741.18017291	
-4.94639302537	-1741.18199481	
-4.94875989038	-1741.1838104	
-4.95112116656	-1741.18561972	
-4.95347688026	-1741.18742281	
-4.9558270576	-1741.18921969	
-4.95817172456	-1741.19101041	
-4.96051090691	-1741.192795	
-4.96284463026	-1741.19457349	
-4.96517292002	-1741.19634591	
-4.96749580144	-1741.19811231	
-4.96981329958	-1741.19987272	
-4.97212543933	-1741.20162717	
-4.97443224543	-1741.20337569	
-4.97673374242	-1741.20511832	
-4.97902995468	-1741.20685508	
-4.98132090643	-1741.20858602	
-4.98360662171	-1741.21031117	
-4.98588712441	-1741.21203055	
-4.98816243824	-1741.21374421	
-4.99043258678	-1741.21545216	
-4.99269759341	-1741.21715445	
-4.99495748138	-1741.2188511	
-4.99721227376	-1741.22054215	
-4.9994619935	-1741.22222762	
-5.00170666335	-1741.22390755	
-5.00394630595	-1741.22558196	
-5.00618094375	-1741.2272509	
-5.00841059907	-1741.22891438	
-5.0106352941	-1741.23057244	
-5.01285505083	-1741.23222511	
-5.01506989116	-1741.23387241	
-5.01727983681	-1741.23551438	
-5.01948490937	-1741.23715104	
-5.02168513028	-1741.23878242	
-5.02388052085	-1741.24040856	
-5.02607110223	-1741.24202947	
-5.02825689545	-1741.2436452	
-5.03043792139	-1741.24525575	
-5.03261420082	-1741.24686118	
-5.03478575433	-1741.24846149	
-5.03695260241	-1741.25005672	
-5.03911476542	-1741.2516469	
-5.04127226356	-1741.25323204	
-5.04342511692	-1741.25481219	
-5.04557334546	-1741.25638736	
-5.047716969	-1741.25795759	
-5.04985600725	-1741.25952289	
-5.05199047978	-1741.26108329	
-5.05412040604	-1741.26263883	
-5.05624580535	-1741.26418952	
-5.05836669692	-1741.26573539	
-5.06048309982	-1741.26727646	
-5.06259503303	-1741.26881277	
-5.06470251537	-1741.27034433	
-5.06680556556	-1741.27187117	
-5.06890420222	-1741.27339332	
-5.07099844382	-1741.2749108	
-5.07308830874	-1741.27642363	
-5.07517381523	-1741.27793183	
-5.07725498144	-1741.27943544	
-5.07933182538	-1741.28093448	
-5.08140436498	-1741.28242896	
-5.08347261805	-1741.28391891	
-5.08553660227	-1741.28540436	
-5.08759633523	-1741.28688533	
-5.08965183441	-1741.28836184	
-5.09170311719	-1741.28983391	
-5.09375020081	-1741.29130157	
-5.09579310244	-1741.29276483	
-5.09783183913	-1741.29422373	
-5.09986642782	-1741.29567828	
-5.10189688537	-1741.29712851	
-5.10392322852	-1741.29857443	
-5.1059454739	-1741.30001607	
-5.10796363806	-1741.30145345	
-5.10997773743	-1741.30288659	
-5.11198778836	-1741.30431552	
-5.11399380708	-1741.30574024	
-5.11599580975	-1741.3071608	
-5.11799381242	-1741.30857719	
-5.11998783102	-1741.30998946	
-5.12197788143	-1741.31139761	
-5.1239639794	-1741.31280166	
-5.12594614061	-1741.31420164	
-5.12792438062	-1741.31559757	
-5.12989871492	-1741.31698947	
-5.13186915891	-1741.31837736	
-5.13383572788	-1741.31976125	
-5.13579843705	-1741.32114116	
-5.13775730154	-1741.32251713	
-5.13971233637	-1741.32388915	
-5.1416635565	-1741.32525726	
-5.14361097679	-1741.32662148	
-5.145554612	-1741.32798181	
-5.14749447681	-1741.32933829	
-5.14943058584	-1741.33069092	
-5.15136295359	-1741.33203974	
-5.1532915945	-1741.33338475	
-5.15521652291	-1741.33472597	
-5.15713775309	-1741.33606343	
-5.15905529921	-1741.33739714	
-5.1609691754	-1741.33872711	
-5.16287939565	-1741.34005338	
-5.16478597392	-1741.34137595	
-5.16668892407	-1741.34269484	
-5.16858825987	-1741.34401006	
-5.17048399504	-1741.34532165	
-5.17237614319	-1741.34662961	
-5.17426471788	-1741.34793396	
-5.17614973257	-1741.34923472	
-5.17803120067	-1741.3505319	
-5.1799091355	-1741.35182553	
-5.18178355029	-1741.35311561	
-5.18365445823	-1741.35440217	
-5.1855218724	-1741.35568522	
-5.18738580584	-1741.35696478	
-5.18924627149	-1741.35824087	
-5.19110328224	-1741.35951349	
-5.19295685089	-1741.36078267	
-5.19480699018	-1741.36204842	
-5.19665371277	-1741.36331076	
-5.19849703127	-1741.36456971	
-5.20033695819	-1741.36582527	
-5.202173506	-1741.36707747	
-5.20400668708	-1741.36832632	
-5.20583651375	-1741.36957184	
-5.20766299828	-1741.37081404	
-5.20948615284	-1741.37205293	
-5.21130598956	-1741.37328854	
-5.21312252048	-1741.37452087	
-5.21493575761	-1741.37574994	
-5.21674571285	-1741.37697577	
-5.21855239808	-1741.37819837	
-5.22035582508	-1741.37941776	
-5.22215600558	-1741.38063394	
-5.22395295126	-1741.38184694	
-5.22574667371	-1741.38305677	
-5.22753718449	-1741.38426345	
-5.22932449506	-1741.38546698	
-5.23110861685	-1741.38666738	
-5.23288956123	-1741.38786466	
-5.23466733947	-1741.38905885	
-5.23644196283	-1741.39024995	
-5.23821344248	-1741.39143797	
-5.23998178954	-1741.39262294	
-5.24174701506	-1741.39380485	
-5.24350913005	-1741.39498374	
-5.24526814546	-1741.39615961	
-5.24702407216	-1741.39733247	
-5.24877692099	-1741.39850233	
-5.25052670271	-1741.39966922	
-5.25227342805	-1741.40083314	
-5.25401710765	-1741.40199411	
-5.25575775213	-1741.40315214	
-5.25749537203	-1741.40430724	
-5.25922997784	-1741.40545942	
-5.26096158	-1741.4066087	
-5.2626901889	-1741.40775509	
-5.26441581487	-1741.4088986	
-5.26613846818	-1741.41003925	
-5.26785815906	-1741.41117705	
-5.26957489768	-1741.41231201	
-5.27128869416	-1741.41344413	
-5.27299955856	-1741.41457344	
-5.27470750091	-1741.41569995	
-5.27641253116	-1741.41682367	
-5.27811465923	-1741.4179446	
-5.27981389498	-1741.41906277	
-5.28151024823	-1741.42017818	
-5.28320372874	-1741.42129085	
-5.28489434622	-1741.42240078	
-5.28658211033	-1741.423508	
-5.28826703069	-1741.4246125	
-5.28994911688	-1741.4257143	
-5.2916283784	-1741.42681342	
-5.29330482472	-1741.42790986	
-5.29497846528	-1741.42900364	
-5.29664930945	-1741.43009476	
-5.29831736655	-1741.43118324	
-5.29998264587	-1741.43226909	
-5.30164515664	-1741.43335232	
-5.30330490806	-1741.43443294	
-5.30496190927	-1741.43551096	
-5.30661616936	-1741.4365864	
-5.3082676974	-1741.43765926	
-5.30991650239	-1741.43872955	
-5.3115625933	-1741.43979728	
-5.31320597904	-1741.44086247	
-5.3148466685	-1741.44192513	
-5.3164846705	-1741.44298526	
-5.31811999384	-1741.44404287	
-5.31975264727	-1741.44509799	
-5.32138263948	-1741.44615061	
-5.32300997914	-1741.44720074	
-5.32463467487	-1741.44824841	
-5.32625673524	-1741.44929361	
-5.32787616879	-1741.45033636	
-5.32949298402	-1741.45137666	
-5.33110718937	-1741.45241453	
-5.33271879327	-1741.45344998	
-5.33432780407	-1741.45448302	
-5.33593423012	-1741.45551365	
-5.3375380797	-1741.45654188	
-5.33913936107	-1741.45756773	
-5.34073808243	-1741.45859121	
-5.34233425196	-1741.45961232	
-5.3439278778	-1741.46063108	
-5.34551896803	-1741.46164749	
-5.34710753072	-1741.46266156	
-5.34869357387	-1741.4636733	
-5.35027710548	-1741.46468272	
-5.35185813348	-1741.46568984	
-5.35343666577	-1741.46669465	
-5.35501271022	-1741.46769718	
-5.35658627467	-1741.46869742	
-5.3581573669	-1741.46969538	
-5.35972599468	-1741.47069109	
-5.36129216571	-1741.47168453	
-5.36285588769	-1741.47267574	
-5.36441716825	-1741.4736647	
-5.36597601502	-1741.47465143	
-5.36753243557	-1741.47563594	
-5.36908643744	-1741.47661825	
-5.37063802813	-1741.47759834	
-5.37218721511	-1741.47857625	
-5.37373400583	-1741.47955196	
-5.37527840768	-1741.4805255	
-5.37682042804	-1741.48149687	
-5.37836007422	-1741.48246608	
-5.37989735354	-1741.48343314	
-5.38143227326	-1741.48439805	
-5.38296484061	-1741.48536083	
-5.38449506279	-1741.48632147	
-5.38602294697	-1741.48728	
-5.38754850028	-1741.48823642	
-5.38907172982	-1741.48919073	
-5.39059264266	-1741.49014295	
-5.39211124583	-1741.49109308	
-5.39362754635	-1741.49204113	
-5.39514155118	-1741.4929871	
-5.39665326727	-1741.49393102	
-5.39816270152	-1741.49487287	
-5.39966986081	-1741.49581268	
-5.40117475199	-1741.49675045	
-5.40267738187	-1741.49768618	
-5.40417775725	-1741.49861989	
-5.40567588487	-1741.49955158	
-5.40717177146	-1741.50048126	
-5.40866542372	-1741.50140894	
-5.4101568483	-1741.50233462	
-5.41164605186	-1741.50325832	
-5.41313304098	-1741.50418003	
-5.41461782224	-1741.50509977	
-5.4161004022	-1741.50601754	
-5.41758078737	-1741.50693336	
-5.41905898424	-1741.50784722	
-5.42053499927	-1741.50875914	
-5.42200883889	-1741.50966912	
-5.4234805095	-1741.51057718	
-5.42495001748	-1741.51148331	
-5.42641736918	-1741.51238752	
-5.4278825709	-1741.51328982	
-5.42934562895	-1741.51419023	
-5.43080654959	-1741.51508874	
-5.43226533906	-1741.51598536	
-5.43372200355	-1741.51688009	
-5.43517654927	-1741.51777296	
-5.43662898235	-1741.51866395	
-5.43807930892	-1741.51955309	
-5.4395275351	-1741.52044037	
-5.44097366695	-1741.52132581	
-5.44241771052	-1741.5222094	
-5.44385967184	-1741.52309116	
-5.4452995569	-1741.52397109	
-5.44673737167	-1741.5248492	
-5.44817312209	-1741.5257255	
-5.44960681409	-1741.52659999	
-5.45103845357	-1741.52747268	
-5.45246804638	-1741.52834357	
-5.45389559837	-1741.52921267	
-5.45532111536	-1741.53007999	
-5.45674460314	-1741.53094554	
-5.45816606749	-1741.53180931	
-5.45958551414	-1741.53267132	
-5.46100294883	-1741.53353158	
-5.46241837723	-1741.53439008	
-5.46383180503	-1741.53524684	
-5.46524323786	-1741.53610186	
-5.46665268137	-1741.53695515	
-5.46806014114	-1741.53780671	
-5.46946562274	-1741.53865655	
-5.47086913175	-1741.53950467	
-5.47227067367	-1741.54035109	
-5.47367025403	-1741.5411958	
-5.47506787829	-1741.54203882	
-5.47646355193	-1741.54288015	
-5.47785728038	-1741.54371979	
-5.47924906905	-1741.54455775	
-5.48063892334	-1741.54539404	
-5.48202684862	-1741.54622866	
-5.48341285022	-1741.54706162	
-5.48479693349	-1741.54789292	
-5.48617910372	-1741.54872258	
-5.48755936619	-1741.54955059	
-5.48893772616	-1741.55037696	
-5.49031418887	-1741.55120169	
-5.49168875953	-1741.5520248	
-5.49306144334	-1741.55284629	
-5.49443224547	-1741.55366616	
-5.49580117108	-1741.55448441	
-5.49716822529	-1741.55530107	
-5.49853341322	-1741.55611612	
-5.49989673995	-1741.55692957	
-5.50125821054	-1741.55774144	
-5.50261783006	-1741.55855172	
-5.50397560352	-1741.55936043	
-5.50533153593	-1741.56016756	
-5.50668563228	-1741.56097312	
-5.50803789753	-1741.56177712	
-5.50938833663	-1741.56257956	
-5.5107369545	-1741.56338045	
-5.51208375605	-1741.56417979	
-5.51342874616	-1741.56497759	
-5.51477192971	-1741.56577385	
-5.51611331154	-1741.56656858	
-5.51745289646	-1741.56736179	
-5.51879068931	-1741.56815347	
-5.52012669485	-1741.56894363	
-5.52146091786	-1741.56973229	
-5.5227933631	-1741.57051943	
-5.52412403528	-1741.57130508	
-5.52545293913	-1741.57208923	
-5.52678007934	-1741.57287188	
-5.52810546058	-1741.57365305	
-5.52942908751	-1741.57443274	
-5.53075096477	-1741.57521095	
-5.53207109697	-1741.57598768	
-5.53338948873	-1741.57676295	
-5.53470614461	-1741.57753676	
-5.53602106919	-1741.57830911	
-5.53733426702	-1741.57908	
-5.53864574262	-1741.57984945	
-5.5399555005	-1741.58061745	
-5.54126354516	-1741.58138401	
-5.54256988107	-1741.58214914	
-5.5438745127	-1741.58291284	
-5.54517744448	-1741.58367511	
-5.54647868084	-1741.58443597	
-5.54777822618	-1741.5851954	
-5.5490760849	-1741.58595343	
-5.55037226136	-1741.58671004	
-5.55166675992	-1741.58746526	
-5.55295958492	-1741.58821908	
-5.55425074069	-1741.5889715	
-5.55554023152	-1741.58972253	
-5.5568280617	-1741.59047218	
-5.55811423551	-1741.59122045	
-5.5593987572	-1741.59196734	
-5.56068163102	-1741.59271286	
-5.56196286117	-1741.59345701	
-5.56324245188	-1741.5941998	
-5.56452040732	-1741.59494124	
-5.56579673168	-1741.59568131	
-5.56707142911	-1741.59642004	
-5.56834450376	-1741.59715742	
-5.56961595975	-1741.59789346	
-5.57088580119	-1741.59862816	
-5.57215403218	-1741.59936153	
-5.57342065679	-1741.60009357	
-5.5746856791	-1741.60082428	
-5.57594910315	-1741.60155367	
-5.57721093297	-1741.60228175	
-5.57847117258	-1741.60300851	
-5.57972982599	-1741.60373397	
-5.58098689718	-1741.60445812	
-5.58224239012	-1741.60518097	
-5.58349630878	-1741.60590252	
-5.5847486571	-1741.60662278	
-5.585999439	-1741.60734175	
-5.5872486584	-1741.60805944	
-5.5884963192	-1741.60877585	
-5.58974242528	-1741.60949098	
-5.59098698051	-1741.61020484	
-5.59222998875	-1741.61091743	
-5.59347145384	-1741.61162875	
-5.5947113796	-1741.61233881	
-5.59594976985	-1741.61304762	
-5.59718662839	-1741.61375517	
-5.598421959	-1741.61446147	
-5.59965576545	-1741.61516653	
-5.60088805149	-1741.61587034	
-5.60211882088	-1741.61657292	
-5.60334807733	-1741.61727426	
-5.60457582457	-1741.61797437	
-5.6058020663	-1741.61867325	
-5.60702680619	-1741.61937091	
-5.60825004793	-1741.62006735	
-5.60947179518	-1741.62076258	
-5.61069205159	-1741.62145659	
-5.61191082078	-1741.62214939	
-5.61312810639	-1741.62284099	
-5.61434391201	-1741.62353139	
-5.61555824124	-1741.62422058	
-5.61677109767	-1741.62490859	
-5.61798248485	-1741.6255954	
-5.61919240636	-1741.62628103	
-5.62040086572	-1741.62696547	
-5.62160786647	-1741.62764873	
-5.62281341212	-1741.62833081	
-5.62401750619	-1741.62901172	
-5.62522015215	-1741.62969147	
-5.6264213535	-1741.63037004	
-5.62762111369	-1741.63104745	
-5.62881943618	-1741.6317237	
-5.63001632442	-1741.6323988	
-5.63121178182	-1741.63307274	
-5.63240581181	-1741.63374554	
-5.6335984178	-1741.63441718	
-5.63478960317	-1741.63508769	
-5.6359793713	-1741.63575706	
-5.63716772557	-1741.63642529	
-5.63835466933	-1741.63709238	
-5.63954020593	-1741.63775835	
-5.64072433869	-1741.63842319	
-5.64190707094	-1741.63908691	
-5.64308840598	-1741.63974951	
-5.64426834712	-1741.64041099	
-5.64544689764	-1741.64107136	
-5.64662406082	-1741.64173062	
-5.64779983991	-1741.64238877	
-5.64897423816	-1741.64304582	
-5.65014725882	-1741.64370177	
-5.65131890512	-1741.64435662	
-5.65248918027	-1741.64501038	
-5.65365808747	-1741.64566304	
-5.65482562993	-1741.64631462	
-5.65599181082	-1741.64696511	
-5.65715663332	-1741.64761453	
-5.65832010058	-1741.64826286	
-5.65948221576	-1741.64891012	
-5.660642982	-1741.6495563	
-5.66180240242	-1741.65020142	
-5.66296048014	-1741.65084547	
-5.66411721826	-1741.65148845	
-5.66527261989	-1741.65213038	
-5.66642668811	-1741.65277124	
-5.66757942599	-1741.65341106	
-5.6687308366	-1741.65404982	
-5.66988092298	-1741.65468753	
-5.67102968818	-1741.6553242	
-5.67217713524	-1741.65595983	
-5.67332326717	-1741.65659441	
-5.67446808699	-1741.65722796	
-5.67561159769	-1741.65786048	
-5.67675380227	-1741.65849196	
-5.6778947037	-1741.65912241	
-5.67903430497	-1741.65975184	
-5.68017260902	-1741.66038025	
-5.6813096188	-1741.66100764	
-5.68244533727	-1741.66163401	
-5.68357976734	-1741.66225937	
-5.68471291194	-1741.66288372	
-5.68584477397	-1741.66350705	
-5.68697535634	-1741.66412939	
-5.68810466194	-1741.66475072	
-5.68923269364	-1741.66537105	
-5.69035945432	-1741.66599038	
-5.69148494685	-1741.66660871	
-5.69260917406	-1741.66722606	
-5.6937321388	-1741.66784242	
-5.69485384391	-1741.66845779	
-5.69597429221	-1741.66907217	
-5.69709348651	-1741.66968558	
-5.69821142961	-1741.67029801	
-5.69932812431	-1741.67090946	
-5.70044357339	-1741.67151993	
-5.70155777963	-1741.67212944	
-5.7026707458	-1741.67273798	
-5.70378247466	-1741.67334556	
-5.70489296894	-1741.67395217	
-5.70600223139	-1741.67455782	
-5.70711026475	-1741.67516251	
-5.70821707172	-1741.67576625	
-5.70932265503	-1741.67636904	
-5.71042701737	-1741.67697088	
-5.71153016145	-1741.67757177	
-5.71263208993	-1741.67817172	
-5.71373280551	-1741.67877072	
-5.71483231084	-1741.67936879	
-5.71593060859	-1741.67996591	
-5.71702770141	-1741.68056211	
-5.71812359193	-1741.68115737	
-5.71921828279	-1741.6817517	
-5.72031177661	-1741.6823451	
-5.72140407601	-1741.68293758	
-5.72249518359	-1741.68352914	
-5.72358510195	-1741.68411978	
-5.72467383369	-1741.6847095	
-5.72576138137	-1741.6852983	
-5.72684774759	-1741.6858862	
-5.72793293489	-1741.68647318	
-5.72901694583	-1741.68705926	
-5.73009978297	-1741.68764443	
-5.73118144884	-1741.68822869	
-5.73226194598	-1741.68881206	
-5.7333412769	-1741.68939453	
-5.73441944412	-1741.6899761	
-5.73549645015	-1741.69055678	
-5.73657229748	-1741.69113657	
-5.73764698861	-1741.69171547	
-5.73872052602	-1741.69229348	
-5.73979291218	-1741.69287061	
-5.74086414956	-1741.69344685	
-5.74193424062	-1741.69402222	
-5.74300318781	-1741.69459671	
-5.74407099357	-1741.69517033	
-5.74513766034	-1741.69574307	
-5.74620319054	-1741.69631494	
-5.7472675866	-1741.69688594	
-5.74833085092	-1741.69745608	
-5.74939298591	-1741.69802535	
-5.75045399397	-1741.69859376	
-5.75151387748	-1741.69916132	
-5.75257263883	-1741.69972801	
-5.75363028038	-1741.70029385	
-5.75468680452	-1741.70085884	
-5.75574221359	-1741.70142297	
-5.75679650994	-1741.70198626	
-5.75784969593	-1741.7025487	
-5.75890177388	-1741.7031103	
-5.75995274612	-1741.70367106	
-5.76100261499	-1741.70423097	
-5.76205138278	-1741.70479005	
-5.76309905181	-1741.70534829	
-5.76414562438	-1741.7059057	
-5.76519110278	-1741.70646228	
-5.7662354893	-1741.70701803	
-5.76727878622	-1741.70757295	
-5.76832099579	-1741.70812705	
-5.7693621203	-1741.70868032	
-5.770402162	-1741.70923277	
-5.77144112313	-1741.70978441	
-5.77247900594	-1741.71033522	
-5.77351581267	-1741.71088522	
-5.77455154554	-1741.71143441	
-5.77558620679	-1741.71198279	
-5.77661979861	-1741.71253036	
-5.77765232322	-1741.71307712	
-5.77868378283	-1741.71362308	
-5.77971417962	-1741.71416824	
-5.78074351579	-1741.71471259	
-5.78177179352	-1741.71525615	
-5.78279901497	-1741.71579891	
-5.78382518233	-1741.71634088	
-5.78485029774	-1741.71688205	
-5.78587436337	-1741.71742243	
-5.78689738137	-1741.71796202	
-5.78791935386	-1741.71850083	
-5.788940283	-1741.71903885	
-5.7899601709	-1741.71957609	
-5.79097901969	-1741.72011254	
-5.79199683148	-1741.72064822	
-5.79301360838	-1741.72118312	
-5.7940293525	-1741.72171725	
-5.79504406593	-1741.7222506	
-5.79605775077	-1741.72278318	
-5.79707040908	-1741.72331499	
-5.79808204295	-1741.72384604	
-5.79909265446	-1741.72437631	
-5.80010224566	-1741.72490583	
-5.80111081862	-1741.72543458	
-5.80211837538	-1741.72596257	
-5.80312491799	-1741.7264898	
-5.80413044849	-1741.72701627	
-5.80513496892	-1741.727542	
-5.80613848129	-1741.72806696	
-5.80714098764	-1741.72859118	
-5.80814248998	-1741.72911465	
-5.80914299031	-1741.72963737	
