# log_p 	 lnL 	 
0.0	-1737.85669705	
-0.287682072452	-1737.75116586	
-0.510825623766	-1737.60458534	
-0.69314718056	-1737.45834297	
-0.847297860387	-1737.33437811	
-0.980829253012	-1737.23785993	
-1.09861228867	-1737.16689419	
-1.20397280433	-1737.11761498	
-1.29928298413	-1737.08615485	
-1.38629436112	-1737.06922412	
-1.46633706879	-1737.06417167	
-1.54044504095	-1737.0688902	
-1.60943791243	-1737.08169833	
-1.67397643357	-1737.10123982	
-1.73460105539	-1737.12640682	
-1.79175946923	-1737.15628349	
-1.8458266905	-1737.19010509	
-1.89711998489	-1737.22722777	
-1.94591014906	-1737.26710603	
-1.99243016469	-1737.30927534	
-2.03688192726	-1737.35333858	
-2.07944154168	-1737.3989552	
-2.1202635362	-1737.4458324	
-2.15948424935	-1737.49371792	
-2.19722457734	-1737.54239409	
-2.23359222151	-1737.59167278	
-2.26868354132	-1737.64139126	
-2.30258509299	-1737.6914086	
-2.33537491582	-1737.74160274	
-2.36712361413	-1737.79186793	
-2.3978952728	-1737.84211251	
-2.42774823595	-1737.89225713	
-2.45673577282	-1737.94223312	
-2.48490664979	-1737.99198114	
-2.51230562398	-1738.04144999	
-2.53897387106	-1738.09059563	
-2.56494935746	-1738.13938025	
-2.59026716545	-1738.18777154	
-2.61495977804	-1738.23574202	
-2.63905732962	-1738.28326846	
-2.66258782703	-1738.33033137	
-2.68557734525	-1738.37691455	
-2.7080502011	-1738.42300472	
-2.73002910782	-1738.46859115	
-2.75153531304	-1738.51366541	
-2.77258872224	-1738.55822101	
-2.79320800944	-1738.60225328	
-2.81341071676	-1738.64575906	
-2.83321334406	-1738.68873658	
-2.85263142991	-1738.73118528	
-2.87167962488	-1738.77310564	
-2.8903717579	-1738.81449907	
-2.90872089656	-1738.85536782	
-2.92673940207	-1738.89571483	
-2.94443897917	-1738.93554366	
-2.96183072188	-1738.97485841	
-2.97892515524	-1739.01366367	
-2.99573227355	-1739.05196439	
-3.01226157551	-1739.0897659	
-3.02852209638	-1739.12707379	
-3.04452243772	-1739.16389393	
-3.06027079469	-1739.20023236	
-3.07577498123	-1739.23609531	
-3.09104245336	-1739.27148915	
-3.10608033072	-1739.30642032	
-3.12089541651	-1739.34089538	
-3.13549421593	-1739.37492094	
-3.14988295338	-1739.40850362	
-3.16406758837	-1739.44165009	
-3.17805383035	-1739.474367	
-3.19184715248	-1739.50666101	
-3.20545280454	-1739.53853873	
-3.21887582487	-1739.57000676	
-3.23212105162	-1739.60107163	
-3.24519313319	-1739.63173983	
-3.25809653802	-1739.66201781	
-3.2708355638	-1739.6919119	
-3.28341434601	-1739.72142841	
-3.295836866	-1739.75057355	
-3.3081069586	-1739.77935345	
-3.32022831913	-1739.80777414	
-3.33220451018	-1739.8358416	
-3.34403896782	-1739.86356169	
-3.35573500759	-1739.89094019	
-3.36729582999	-1739.91798279	
-3.37872452581	-1739.94469507	
-3.39002408106	-1739.97108253	
-3.40119738166	-1739.99715058	
-3.41224721785	-1740.02290452	
-3.42317628838	-1740.04834957	
-3.43398720449	-1740.07349084	
-3.4446824936	-1740.09833336	
-3.45526460293	-1740.12288206	
-3.4657359028	-1740.14714177	
-3.47609868984	-1740.17111725	
-3.48635519	-1740.19481315	
-3.49650756147	-1740.21823404	
-3.50655789732	-1740.24138439	
-3.51650822817	-1740.2642686	
-3.52636052462	-1740.28689097	
-3.53611669956	-1740.30925572	
-3.54577861047	-1740.33136698	
-3.55534806149	-1740.35322882	
-3.56482680544	-1740.37484521	
-3.57421654579	-1740.39622005	
-3.58351893846	-1740.41735714	
-3.59273559356	-1740.43826025	
-3.60186807712	-1740.45893302	
-3.61091791264	-1740.47937907	
-3.61988658263	-1740.49960191	
-3.62877553004	-1740.519605	
-3.63758615973	-1740.53939171	
-3.6463198397	-1740.55896538	
-3.65497790244	-1740.57832925	
-3.66356164613	-1740.5974865	
-3.6720723358	-1740.61644027	
-3.68051120444	-1740.63519361	
-3.68887945411	-1740.65374953	
-3.69717825693	-1740.67211097	
-3.70540875607	-1740.69028082	
-3.7135720667	-1740.7082619	
-3.72166927694	-1740.72605699	
-3.72970144863	-1740.74366881	
-3.73766961828	-1740.76110003	
-3.74557479779	-1740.77835326	
-3.75341797525	-1740.79543107	
-3.76120011569	-1740.81233597	
-3.76892216179	-1740.82907043	
-3.77658503453	-1740.84563688	
-3.78418963392	-1740.86203768	
-3.79173683955	-1740.87827518	
-3.79922751128	-1740.89435164	
-3.80666248977	-1740.91026933	
-3.81404259707	-1740.92603044	
-3.82136863716	-1740.94163713	
-3.82864139649	-1740.95709152	
-3.83586164446	-1740.9723957	
-3.84303013394	-1740.9875517	
-3.85014760171	-1741.00256154	
-3.85721476893	-1741.01742717	
-3.86423234159	-1741.03215054	
-3.87120101091	-1741.04673355	
-3.87812145375	-1741.06117806	
-3.88499433304	-1741.07548589	
-3.89182029811	-1741.08965886	
-3.8985999851	-1741.10369872	
-3.90533401728	-1741.11760722	
-3.91202300543	-1741.13138605	
-3.91866754815	-1741.14503689	
-3.92526823218	-1741.1585614	
-3.93182563272	-1741.17196118	
-3.93834031375	-1741.18523783	
-3.94481282825	-1741.19839291	
-3.95124371858	-1741.21142795	
-3.95763351668	-1741.22434447	
-3.96398274436	-1741.23714396	
-3.97029191355	-1741.24982786	
-3.97656152657	-1741.26239761	
-3.98279207632	-1741.27485464	
-3.98898404656	-1741.28720032	
-3.99513791214	-1741.29943601	
-4.00125413916	-1741.31156307	
-4.00733318523	-1741.32358281	
-4.01337549969	-1741.33549653	
-4.01938152375	-1741.34730551	
-4.02535169074	-1741.35901101	
-4.03128642625	-1741.37061426	
-4.03718614838	-1741.38211648	
-4.04305126783	-1741.39351888	
-4.04888218815	-1741.40482262	
-4.05467930583	-1741.41602887	
-4.06044301055	-1741.42713877	
-4.06617368526	-1741.43815345	
-4.07187170637	-1741.44907402	
-4.07753744391	-1741.45990155	
-4.08317126162	-1741.47063714	
-4.08877351717	-1741.48128183	
-4.09434456222	-1741.49183667	
-4.0998847426	-1741.50230267	
-4.10539439841	-1741.51268086	
-4.11087386417	-1741.52297222	
-4.11632346894	-1741.53317774	
-4.12174353641	-1741.54329838	
-4.12713438505	-1741.55333508	
-4.13249632819	-1741.5632888	
-4.13782967416	-1741.57316044	
-4.14313472639	-1741.58295092	
-4.14841178349	-1741.59266114	
-4.15366113938	-1741.60229197	
-4.15888308336	-1741.6118443	
-4.16407790024	-1741.62131897	
-4.1692458704	-1741.63071683	
-4.1743872699	-1741.64003873	
-4.17950237056	-1741.64928546	
-4.18459144007	-1741.65845786	
-4.18965474203	-1741.66755671	
-4.19469253606	-1741.67658281	
-4.19970507788	-1741.68553693	
-4.20469261939	-1741.69441983	
-4.20965540873	-1741.70323228	
-4.21459369037	-1741.71197502	
-4.21950770518	-1741.72064877	
-4.22439769047	-1741.72925427	
-4.22926388012	-1741.73779224	
-4.2341065046	-1741.74626336	
-4.23892579103	-1741.75466835	
-4.2437219633	-1741.76300789	
-4.24849524205	-1741.77128265	
-4.25324584481	-1741.7794933	
-4.257973986	-1741.7876405	
-4.26267987704	-1741.7957249	
-4.26736372635	-1741.80374715	
-4.27202573946	-1741.81170787	
-4.27666611902	-1741.81960769	
-4.28128506487	-1741.82744723	
-4.28588277412	-1741.8352271	
-4.29045944115	-1741.84294789	
-4.29501525768	-1741.8506102	
-4.29955041285	-1741.85821462	
-4.3040650932	-1741.86576173	
-4.30855948279	-1741.87325208	
-4.31303376319	-1741.88068626	
-4.31748811354	-1741.88806481	
-4.3219227106	-1741.89538828	
-4.32633772881	-1741.90265722	
-4.33073334029	-1741.90987215	
-4.33510971489	-1741.91703362	
-4.33946702026	-1741.92414214	
-4.34380542185	-1741.93119822	
-4.348125083	-1741.93820239	
-4.3524261649	-1741.94515513	
-4.35670882669	-1741.95205695	
-4.36097322548	-1741.95890833	
-4.36521951636	-1741.96570977	
-4.36944785247	-1741.97246174	
-4.373658385	-1741.97916471	
-4.37785126326	-1741.98581915	
-4.38202663467	-1741.99242553	
-4.38618464482	-1741.9989843	
-4.39032543749	-1742.0054959	
-4.39444915467	-1742.01196079	
-4.39855593663	-1742.0183794	
-4.40264592188	-1742.02475218	
-4.40671924726	-1742.03107954	
-4.41077604796	-1742.03736191	
-4.4148164575	-1742.04359972	
-4.4188406078	-1742.04979338	
-4.42284862919	-1742.0559433	
-4.42684065046	-1742.06204987	
-4.43081679884	-1742.06811351	
-4.43477720006	-1742.07413461	
-4.43872197835	-1742.08011356	
-4.44265125649	-1742.08605074	
-4.44656515581	-1742.09194655	
-4.45046379623	-1742.09780135	
-4.45434729625	-1742.10361551	
-4.45821577303	-1742.10938942	
-4.46206934235	-1742.11512343	
-4.46590811865	-1742.1208179	
-4.46973221509	-1742.1264732	
-4.47354174351	-1742.13208967	
-4.47733681448	-1742.13766766	
-4.48111753732	-1742.14320752	
-4.48488402011	-1742.14870959	
-4.48863636973	-1742.1541742	
-4.49237469184	-1742.15960169	
-4.49609909093	-1742.1649924	
-4.49980967033	-1742.17034663	
-4.50350653221	-1742.17566473	
-4.50718977763	-1742.180947	
-4.51085950652	-1742.18619376	
-4.51451581772	-1742.19140532	
-4.518158809	-1742.196582	
-4.52178857705	-1742.2017241	
-4.52540521752	-1742.20683191	
-4.52900882502	-1742.21190575	
-4.53259949315	-1742.21694589	
-4.5361773145	-1742.22195265	
-4.53974238067	-1742.22692629	
-4.54329478227	-1742.23186712	
-4.54683460898	-1742.23677542	
-4.55036194949	-1742.24165145	
-4.5538768916	-1742.24649551	
-4.55737952215	-1742.25130786	
-4.56086992709	-1742.25608878	
-4.56434819147	-1742.26083853	
-4.56781439944	-1742.26555738	
-4.57126863431	-1742.27024559	
-4.5747109785	-1742.27490342	
-4.5781415136	-1742.27953113	
-4.58156032035	-1742.28412897	
-4.58496747867	-1742.2886972	
-4.58836306767	-1742.29323606	
-4.59174716566	-1742.29774581	
-4.59511985013	-1742.30222667	
-4.59848119784	-1742.30667891	
-4.60183128472	-1742.31110274	
-4.60517018599	-1742.31549842	
-4.60849797608	-1742.31986617	
-4.61181472871	-1742.32420623	
-4.61512051684	-1742.32851883	
-4.61841541274	-1742.33280419	
-4.62169948794	-1742.33706253	
-4.62497281328	-1742.34129409	
-4.62823545892	-1742.34549907	
-4.63148749431	-1742.34967771	
-4.63472898823	-1742.3538302	
-4.63796000881	-1742.35795678	
-4.64118062351	-1742.36205764	
-4.64439089914	-1742.366133	
-4.64759090187	-1742.37018307	
-4.65078069724	-1742.37420804	
-4.65396035016	-1742.37820813	
-4.65712992492	-1742.38218353	
-4.66028948521	-1742.38613444	
-4.66343909411	-1742.39006107	
-4.66657881412	-1742.39396359	
-4.66970870713	-1742.39784222	
-4.67282883446	-1742.40169713	
-4.67593925688	-1742.40552853	
-4.67904003455	-1742.40933659	
-4.68213122712	-1742.4131215	
-4.68521289366	-1742.41688344	
-4.6882850927	-1742.42062261	
-4.69134788223	-1742.42433917	
-4.69440131972	-1742.42803331	
-4.6974454621	-1742.4317052	
-4.70048036579	-1742.43535502	
-4.70350608671	-1742.43898294	
-4.70652268025	-1742.44258913	
-4.70953020131	-1742.44617377	
-4.71252870431	-1742.44973702	
-4.71551824316	-1742.45327905	
-4.7184988713	-1742.45680002	
-4.72147064168	-1742.46030009	
-4.72443360681	-1742.46377944	
-4.72738781871	-1742.46723822	
-4.73033332894	-1742.47067659	
-4.73327018862	-1742.4740947	
-4.73619844839	-1742.47749271	
-4.7391181585	-1742.48087079	
-4.74202936871	-1742.48422907	
-4.74493212836	-1742.48756771	
-4.74782648639	-1742.49088687	
-4.75071249128	-1742.49418668	
-4.75359019111	-1742.49746731	
-4.75645963353	-1742.50072889	
-4.75932086582	-1742.50397156	
-4.7621739348	-1742.50719548	
-4.76501888693	-1742.51040078	
-4.76785576827	-1742.51358761	
-4.77068462447	-1742.5167561	
-4.77350550081	-1742.5199064	
-4.77631844218	-1742.52303863	
-4.77912349311	-1742.52615294	
-4.78192069773	-1742.52924945	
-4.78471009982	-1742.53232831	
-4.78749174278	-1742.53538964	
-4.79026566966	-1742.53843357	
-4.79303192316	-1742.54146024	
-4.7957905456	-1742.54446977	
-4.79854157897	-1742.54746229	
-4.80128506491	-1742.55043792	
-4.80402104473	-1742.5533968	
-4.80674955939	-1742.55633903	
-4.8094706495	-1742.55926476	
-4.81218435537	-1742.56217409	
-4.81489071697	-1742.56506714	
-4.81758977394	-1742.56794405	
-4.82028156561	-1742.57080492	
-4.82296613098	-1742.57364987	
-4.82564350875	-1742.57647902	
-4.8283137373	-1742.57929248	
-4.83097685472	-1742.58209037	
-4.83363289878	-1742.5848728	
-4.83628190695	-1742.58763988	
-4.83892391641	-1742.59039173	
-4.84155896405	-1742.59312845	
-4.84418708646	-1742.59585015	
-4.84680831994	-1742.59855694	
-4.84942270051	-1742.60124893	
-4.85203026392	-1742.60392622	
-4.85463104562	-1742.60658892	
-4.8572250808	-1742.60923714	
-4.85981240436	-1742.61187097	
-4.86239305096	-1742.61449052	
-4.86496705495	-1742.61709589	
-4.86753445046	-1742.61968718	
-4.87009527132	-1742.62226449	
-4.87264955112	-1742.62482793	
-4.8751973232	-1742.62737758	
-4.87773862063	-1742.62991355	
-4.88027347623	-1742.63243593	
-4.88280192259	-1742.63494481	
-4.88532399202	-1742.6374403	
-4.88783971662	-1742.63992249	
-4.89034912822	-1742.64239147	
-4.89285225844	-1742.64484732	
-4.89534913864	-1742.64729015	
-4.89783979995	-1742.64972005	
-4.90032427328	-1742.6521371	
-4.90280258929	-1742.65454139	
-4.90527477844	-1742.65693302	
-4.90774087093	-1742.65931206	
-4.91020089677	-1742.66167861	
-4.91265488574	-1742.66403275	
-4.91510286737	-1742.66637458	
-4.91754487103	-1742.66870416	
-4.91998092583	-1742.67102159	
-4.92241106068	-1742.67332695	
-4.92483530429	-1742.67562033	
-4.92725368516	-1742.6779018	
-4.92966623156	-1742.68017145	
-4.93207297159	-1742.68242935	
-4.93447393313	-1742.68467559	
-4.93686914386	-1742.68691025	
-4.93925863125	-1742.6891334	
-4.94164242261	-1742.69134512	
-4.94402054501	-1742.6935455	
-4.94639302537	-1742.6957346	
-4.94875989038	-1742.6979125	
-4.95112116656	-1742.70007928	
-4.95347688026	-1742.70223502	
-4.9558270576	-1742.70437978	
-4.95817172456	-1742.70651364	
-4.96051090691	-1742.70863668	
-4.96284463026	-1742.71074896	
-4.96517292002	-1742.71285055	
-4.96749580144	-1742.71494154	
-4.96981329958	-1742.71702199	
-4.97212543933	-1742.71909196	
-4.97443224543	-1742.72115153	
-4.97673374242	-1742.72320078	
-4.97902995468	-1742.72523975	
-4.98132090643	-1742.72726853	
-4.98360662171	-1742.72928718	
-4.98588712441	-1742.73129577	
-4.98816243824	-1742.73329436	
-4.99043258678	-1742.73528302	
-4.99269759341	-1742.73726182	
-4.99495748138	-1742.73923081	
-4.99721227376	-1742.74119007	
-4.9994619935	-1742.74313965	
-5.00170666335	-1742.74507962	
-5.00394630595	-1742.74701005	
-5.00618094375	-1742.74893098	
-5.00841059907	-1742.75084249	
-5.0106352941	-1742.75274464	
-5.01285505083	-1742.75463749	
-5.01506989116	-1742.75652109	
-5.01727983681	-1742.7583955	
-5.01948490937	-1742.7602608	
-5.02168513028	-1742.76211702	
-5.02388052085	-1742.76396424	
-5.02607110223	-1742.76580251	
-5.02825689545	-1742.76763189	
-5.03043792139	-1742.76945243	
-5.03261420082	-1742.77126419	
-5.03478575433	-1742.77306722	
-5.03695260241	-1742.77486159	
-5.03911476542	-1742.77664734	
-5.04127226356	-1742.77842454	
-5.04342511692	-1742.78019323	
-5.04557334546	-1742.78195347	
-5.047716969	-1742.78370531	
-5.04985600725	-1742.78544881	
-5.05199047978	-1742.78718402	
-5.05412040604	-1742.78891098	
-5.05624580535	-1742.79062976	
-5.05836669692	-1742.7923404	
-5.06048309982	-1742.79404296	
-5.06259503303	-1742.79573748	
-5.06470251537	-1742.79742401	
-5.06680556556	-1742.79910261	
-5.06890420222	-1742.80077332	
-5.07099844382	-1742.8024362	
-5.07308830874	-1742.80409129	
-5.07517381523	-1742.80573863	
-5.07725498144	-1742.80737829	
-5.07933182538	-1742.8090103	
-5.08140436498	-1742.81063471	
-5.08347261805	-1742.81225157	
-5.08553660227	-1742.81386093	
-5.08759633523	-1742.81546283	
-5.08965183441	-1742.81705731	
-5.09170311719	-1742.81864443	
-5.09375020081	-1742.82022423	
-5.09579310244	-1742.82179675	
-5.09783183913	-1742.82336203	
-5.09986642782	-1742.82492013	
-5.10189688537	-1742.82647108	
-5.10392322852	-1742.82801493	
-5.1059454739	-1742.82955172	
-5.10796363806	-1742.8310815	
-5.10997773743	-1742.8326043	
-5.11198778836	-1742.83412017	
-5.11399380708	-1742.83562915	
-5.11599580975	-1742.83713128	
-5.11799381242	-1742.83862661	
-5.11998783102	-1742.84011516	
-5.12197788143	-1742.841597	
-5.1239639794	-1742.84307214	
-5.12594614061	-1742.84454065	
-5.12792438062	-1742.84600254	
-5.12989871492	-1742.84745787	
-5.13186915891	-1742.84890668	
-5.13383572788	-1742.85034899	
-5.13579843705	-1742.85178486	
-5.13775730154	-1742.85321431	
-5.13971233637	-1742.85463739	
-5.1416635565	-1742.85605413	
-5.14361097679	-1742.85746458	
-5.145554612	-1742.85886876	
-5.14749447681	-1742.86026672	
-5.14943058584	-1742.86165849	
-5.15136295359	-1742.86304411	
-5.1532915945	-1742.86442361	
-5.15521652291	-1742.86579704	
-5.15713775309	-1742.86716442	
-5.15905529921	-1742.86852579	
-5.1609691754	-1742.86988119	
-5.16287939565	-1742.87123065	
-5.16478597392	-1742.8725742	
-5.16668892407	-1742.87391188	
-5.16858825987	-1742.87524373	
-5.17048399504	-1742.87656978	
-5.17237614319	-1742.87789006	
-5.17426471788	-1742.8792046	
-5.17614973257	-1742.88051344	
-5.17803120067	-1742.88181661	
-5.1799091355	-1742.88311414	
-5.18178355029	-1742.88440607	
-5.18365445823	-1742.88569243	
-5.1855218724	-1742.88697324	
-5.18738580584	-1742.88824855	
-5.18924627149	-1742.88951838	
-5.19110328224	-1742.89078277	
-5.19295685089	-1742.89204174	
-5.19480699018	-1742.89329533	
-5.19665371277	-1742.89454356	
-5.19849703127	-1742.89578647	
-5.20033695819	-1742.89702409	
-5.202173506	-1742.89825644	
-5.20400668708	-1742.89948356	
-5.20583651375	-1742.90070548	
-5.20766299828	-1742.90192222	
-5.20948615284	-1742.90313382	
-5.21130598956	-1742.9043403	
-5.21312252048	-1742.9055417	
-5.21493575761	-1742.90673804	
-5.21674571285	-1742.90792934	
-5.21855239808	-1742.90911565	
-5.22035582508	-1742.91029698	
-5.22215600558	-1742.91147336	
-5.22395295126	-1742.91264482	
-5.22574667371	-1742.91381139	
-5.22753718449	-1742.9149731	
-5.22932449506	-1742.91612997	
-5.23110861685	-1742.91728203	
-5.23288956123	-1742.91842931	
-5.23466733947	-1742.91957182	
-5.23644196283	-1742.92070961	
-5.23821344248	-1742.92184269	
-5.23998178954	-1742.92297109	
-5.24174701506	-1742.92409484	
-5.24350913005	-1742.92521396	
-5.24526814546	-1742.92632848	
-5.24702407216	-1742.92743842	
-5.24877692099	-1742.92854381	
-5.25052670271	-1742.92964467	
-5.25227342805	-1742.93074102	
-5.25401710765	-1742.9318329	
-5.25575775213	-1742.93292033	
-5.25749537203	-1742.93400332	
-5.25922997784	-1742.93508191	
-5.26096158	-1742.93615612	
-5.2626901889	-1742.93722597	
-5.26441581487	-1742.93829149	
-5.26613846818	-1742.93935269	
-5.26785815906	-1742.94040961	
-5.26957489768	-1742.94146226	
-5.27128869416	-1742.94251067	
-5.27299955856	-1742.94355487	
-5.27470750091	-1742.94459486	
-5.27641253116	-1742.94563068	
-5.27811465923	-1742.94666235	
-5.27981389498	-1742.94768989	
-5.28151024823	-1742.94871333	
-5.28320372874	-1742.94973268	
-5.28489434622	-1742.95074796	
-5.28658211033	-1742.95175921	
-5.28826703069	-1742.95276643	
-5.28994911688	-1742.95376965	
-5.2916283784	-1742.9547689	
-5.29330482472	-1742.95576419	
-5.29497846528	-1742.95675554	
-5.29664930945	-1742.95774298	
-5.29831736655	-1742.95872652	
-5.29998264587	-1742.95970619	
-5.30164515664	-1742.960682	
-5.30330490806	-1742.96165398	
-5.30496190927	-1742.96262215	
-5.30661616936	-1742.96358653	
-5.3082676974	-1742.96454713	
-5.30991650239	-1742.96550398	
-5.3115625933	-1742.96645709	
-5.31320597904	-1742.96740649	
-5.3148466685	-1742.96835219	
-5.3164846705	-1742.96929422	
-5.31811999384	-1742.97023259	
-5.31975264727	-1742.97116732	
-5.32138263948	-1742.97209844	
-5.32300997914	-1742.97302595	
-5.32463467487	-1742.97394988	
-5.32625673524	-1742.97487025	
-5.32787616879	-1742.97578707	
-5.32949298402	-1742.97670036	
-5.33110718937	-1742.97761015	
-5.33271879327	-1742.97851645	
-5.33432780407	-1742.97941927	
-5.33593423012	-1742.98031864	
-5.3375380797	-1742.98121457	
-5.33913936107	-1742.98210708	
-5.34073808243	-1742.98299619	
-5.34233425196	-1742.98388191	
-5.3439278778	-1742.98476427	
-5.34551896803	-1742.98564327	
-5.34710753072	-1742.98651894	
-5.34869357387	-1742.9873913	
-5.35027710548	-1742.98826036	
-5.35185813348	-1742.98912613	
-5.35343666577	-1742.98998863	
-5.35501271022	-1742.99084789	
-5.35658627467	-1742.99170391	
-5.3581573669	-1742.99255672	
-5.35972599468	-1742.99340632	
-5.36129216571	-1742.99425274	
-5.36285588769	-1742.99509599	
-5.36441716825	-1742.99593608	
-5.36597601502	-1742.99677304	
-5.36753243557	-1742.99760688	
-5.36908643744	-1742.99843761	
-5.37063802813	-1742.99926525	
-5.37218721511	-1743.00008981	
-5.37373400583	-1743.00091132	
-5.37527840768	-1743.00172978	
-5.37682042804	-1743.00254521	
-5.37836007422	-1743.00335762	
-5.37989735354	-1743.00416704	
-5.38143227326	-1743.00497347	
-5.38296484061	-1743.00577693	
-5.38449506279	-1743.00657744	
-5.38602294697	-1743.007375	
-5.38754850028	-1743.00816964	
-5.38907172982	-1743.00896136	
-5.39059264266	-1743.00975019	
-5.39211124583	-1743.01053614	
-5.39362754635	-1743.01131921	
-5.39514155118	-1743.01209943	
-5.39665326727	-1743.01287681	
-5.39816270152	-1743.01365136	
-5.39966986081	-1743.0144231	
-5.40117475199	-1743.01519203	
-5.40267738187	-1743.01595818	
-5.40417775725	-1743.01672156	
-5.40567588487	-1743.01748218	
-5.40717177146	-1743.01824005	
-5.40866542372	-1743.01899519	
-5.4101568483	-1743.01974761	
-5.41164605186	-1743.02049732	
-5.41313304098	-1743.02124434	
-5.41461782224	-1743.02198868	
-5.4161004022	-1743.02273035	
-5.41758078737	-1743.02346937	
-5.41905898424	-1743.02420574	
-5.42053499927	-1743.02493949	
-5.42200883889	-1743.02567062	
-5.4234805095	-1743.02639914	
-5.42495001748	-1743.02712507	
-5.42641736918	-1743.02784843	
-5.4278825709	-1743.02856921	
-5.42934562895	-1743.02928745	
-5.43080654959	-1743.03000314	
-5.43226533906	-1743.03071629	
-5.43372200355	-1743.03142693	
-5.43517654927	-1743.03213507	
-5.43662898235	-1743.03284071	
-5.43807930892	-1743.03354386	
-5.4395275351	-1743.03424455	
-5.44097366695	-1743.03494277	
-5.44241771052	-1743.03563855	
-5.44385967184	-1743.03633189	
-5.4452995569	-1743.0370228	
-5.44673737167	-1743.0377113	
-5.44817312209	-1743.0383974	
-5.44960681409	-1743.03908111	
-5.45103845357	-1743.03976244	
-5.45246804638	-1743.0404414	
-5.45389559837	-1743.041118	
-5.45532111536	-1743.04179226	
-5.45674460314	-1743.04246418	
-5.45816606749	-1743.04313377	
-5.45958551414	-1743.04380105	
-5.46100294883	-1743.04446603	
-5.46241837723	-1743.04512871	
-5.46383180503	-1743.04578912	
-5.46524323786	-1743.04644725	
-5.46665268137	-1743.04710312	
-5.46806014114	-1743.04775674	
-5.46946562274	-1743.04840812	
-5.47086913175	-1743.04905727	
-5.47227067367	-1743.0497042	
-5.47367025403	-1743.05034892	
-5.47506787829	-1743.05099144	
-5.47646355193	-1743.05163178	
-5.47785728038	-1743.05226993	
-5.47924906905	-1743.05290591	
-5.48063892334	-1743.05353974	
-5.48202684862	-1743.05417142	
-5.48341285022	-1743.05480095	
-5.48479693349	-1743.05542836	
-5.48617910372	-1743.05605365	
-5.48755936619	-1743.05667682	
-5.48893772616	-1743.0572979	
-5.49031418887	-1743.05791688	
-5.49168875953	-1743.05853378	
-5.49306144334	-1743.05914861	
-5.49443224547	-1743.05976138	
-5.49580117108	-1743.06037209	
-5.49716822529	-1743.06098076	
-5.49853341322	-1743.06158739	
-5.49989673995	-1743.062192	
-5.50125821054	-1743.06279459	
-5.50261783006	-1743.06339517	
-5.50397560352	-1743.06399376	
-5.50533153593	-1743.06459035	
-5.50668563228	-1743.06518496	
-5.50803789753	-1743.0657776	
-5.50938833663	-1743.06636828	
-5.5107369545	-1743.066957	
-5.51208375605	-1743.06754377	
-5.51342874616	-1743.06812861	
-5.51477192971	-1743.06871152	
-5.51611331154	-1743.06929251	
-5.51745289646	-1743.06987159	
-5.51879068931	-1743.07044876	
-5.52012669485	-1743.07102404	
-5.52146091786	-1743.07159744	
-5.5227933631	-1743.07216895	
-5.52412403528	-1743.0727386	
-5.52545293913	-1743.07330638	
-5.52678007934	-1743.07387231	
-5.52810546058	-1743.0744364	
-5.52942908751	-1743.07499865	
-5.53075096477	-1743.07555907	
-5.53207109697	-1743.07611767	
-5.53338948873	-1743.07667445	
-5.53470614461	-1743.07722943	
-5.53602106919	-1743.07778262	
-5.53733426702	-1743.07833401	
-5.53864574262	-1743.07888362	
-5.5399555005	-1743.07943146	
-5.54126354516	-1743.07997753	
-5.54256988107	-1743.08052185	
-5.5438745127	-1743.08106441	
-5.54517744448	-1743.08160523	
-5.54647868084	-1743.08214432	
-5.54777822618	-1743.08268168	
-5.5490760849	-1743.08321731	
-5.55037226136	-1743.08375123	
-5.55166675992	-1743.08428345	
-5.55295958492	-1743.08481397	
-5.55425074069	-1743.0853428	
-5.55554023152	-1743.08586994	
-5.5568280617	-1743.08639541	
-5.55811423551	-1743.08691921	
-5.5593987572	-1743.08744134	
-5.56068163102	-1743.08796182	
-5.56196286117	-1743.08848065	
-5.56324245188	-1743.08899784	
-5.56452040732	-1743.0895134	
-5.56579673168	-1743.09002733	
-5.56707142911	-1743.09053964	
-5.56834450376	-1743.09105033	
-5.56961595975	-1743.09155942	
-5.57088580119	-1743.09206691	
-5.57215403218	-1743.09257281	
-5.57342065679	-1743.09307712	
-5.5746856791	-1743.09357985	
-5.57594910315	-1743.09408101	
-5.57721093297	-1743.09458061	
-5.57847117258	-1743.09507864	
-5.57972982599	-1743.09557512	
-5.58098689718	-1743.09607005	
-5.58224239012	-1743.09656345	
-5.58349630878	-1743.09705531	
-5.5847486571	-1743.09754564	
-5.585999439	-1743.09803446	
-5.5872486584	-1743.09852176	
-5.5884963192	-1743.09900755	
-5.58974242528	-1743.09949184	
-5.59098698051	-1743.09997463	
-5.59222998875	-1743.10045594	
-5.59347145384	-1743.10093576	
-5.5947113796	-1743.10141411	
-5.59594976985	-1743.10189098	
-5.59718662839	-1743.1023664	
-5.598421959	-1743.10284035	
-5.59965576545	-1743.10331285	
-5.60088805149	-1743.1037839	
-5.60211882088	-1743.10425352	
-5.60334807733	-1743.1047217	
-5.60457582457	-1743.10518845	
-5.6058020663	-1743.10565378	
-5.60702680619	-1743.10611769	
-5.60825004793	-1743.10658019	
-5.60947179518	-1743.10704129	
-5.61069205159	-1743.10750098	
-5.61191082078	-1743.10795929	
-5.61312810639	-1743.1084162	
-5.61434391201	-1743.10887173	
-5.61555824124	-1743.10932589	
-5.61677109767	-1743.10977868	
-5.61798248485	-1743.1102301	
-5.61919240636	-1743.11068016	
-5.62040086572	-1743.11112886	
-5.62160786647	-1743.11157622	
-5.62281341212	-1743.11202224	
-5.62401750619	-1743.11246691	
-5.62522015215	-1743.11291026	
-5.6264213535	-1743.11335228	
-5.62762111369	-1743.11379297	
-5.62881943618	-1743.11423235	
-5.63001632442	-1743.11467042	
-5.63121178182	-1743.11510718	
-5.63240581181	-1743.11554265	
-5.6335984178	-1743.11597682	
-5.63478960317	-1743.11640969	
-5.6359793713	-1743.11684129	
-5.63716772557	-1743.1172716	
-5.63835466933	-1743.11770064	
-5.63954020593	-1743.11812841	
-5.64072433869	-1743.11855492	
-5.64190707094	-1743.11898016	
-5.64308840598	-1743.11940415	
-5.64426834712	-1743.1198269	
-5.64544689764	-1743.1202484	
-5.64662406082	-1743.12066866	
-5.64779983991	-1743.12108768	
-5.64897423816	-1743.12150548	
-5.65014725882	-1743.12192205	
-5.65131890512	-1743.1223374	
-5.65248918027	-1743.12275154	
-5.65365808747	-1743.12316447	
-5.65482562993	-1743.12357619	
-5.65599181082	-1743.12398671	
-5.65715663332	-1743.12439604	
-5.65832010058	-1743.12480417	
-5.65948221576	-1743.12521112	
-5.660642982	-1743.12561689	
-5.66180240242	-1743.12602148	
-5.66296048014	-1743.12642489	
-5.66411721826	-1743.12682714	
-5.66527261989	-1743.12722823	
-5.66642668811	-1743.12762816	
-5.66757942599	-1743.12802693	
-5.6687308366	-1743.12842456	
-5.66988092298	-1743.12882104	
-5.67102968818	-1743.12921638	
-5.67217713524	-1743.12961058	
-5.67332326717	-1743.13000365	
-5.67446808699	-1743.13039559	
-5.67561159769	-1743.13078641	
-5.67675380227	-1743.13117611	
-5.6778947037	-1743.1315647	
-5.67903430497	-1743.13195218	
-5.68017260902	-1743.13233855	
-5.6813096188	-1743.13272382	
-5.68244533727	-1743.133108	
-5.68357976734	-1743.13349108	
-5.68471291194	-1743.13387307	
-5.68584477397	-1743.13425397	
-5.68697535634	-1743.1346338	
-5.68810466194	-1743.13501255	
-5.68923269364	-1743.13539023	
-5.69035945432	-1743.13576684	
-5.69148494685	-1743.13614239	
-5.69260917406	-1743.13651688	
-5.6937321388	-1743.13689031	
-5.69485384391	-1743.13726269	
-5.69597429221	-1743.13763402	
-5.69709348651	-1743.13800431	
-5.69821142961	-1743.13837356	
-5.69932812431	-1743.13874177	
-5.70044357339	-1743.13910895	
-5.70155777963	-1743.1394751	
-5.7026707458	-1743.13984023	
-5.70378247466	-1743.14020434	
-5.70489296894	-1743.14056744	
-5.70600223139	-1743.14092952	
-5.70711026475	-1743.14129059	
-5.70821707172	-1743.14165066	
-5.70932265503	-1743.14200972	
-5.71042701737	-1743.14236779	
-5.71153016145	-1743.14272487	
-5.71263208993	-1743.14308096	
-5.71373280551	-1743.14343606	
-5.71483231084	-1743.14379018	
-5.71593060859	-1743.14414331	
-5.71702770141	-1743.14449548	
-5.71812359193	-1743.14484667	
-5.71921828279	-1743.1451969	
-5.72031177661	-1743.14554616	
-5.72140407601	-1743.14589446	
-5.72249518359	-1743.14624181	
-5.72358510195	-1743.1465882	
-5.72467383369	-1743.14693364	
-5.72576138137	-1743.14727814	
-5.72684774759	-1743.14762169	
-5.72793293489	-1743.1479643	
-5.72901694583	-1743.14830598	
-5.73009978297	-1743.14864673	
-5.73118144884	-1743.14898655	
-5.73226194598	-1743.14932544	
-5.7333412769	-1743.14966341	
-5.73441944412	-1743.15000046	
-5.73549645015	-1743.1503366	
-5.73657229748	-1743.15067182	
-5.73764698861	-1743.15100614	
-5.73872052602	-1743.15133955	
-5.73979291218	-1743.15167206	
-5.74086414956	-1743.15200367	
-5.74193424062	-1743.15233439	
-5.74300318781	-1743.15266422	
-5.74407099357	-1743.15299315	
-5.74513766034	-1743.1533212	
-5.74620319054	-1743.15364837	
-5.7472675866	-1743.15397466	
-5.74833085092	-1743.15430008	
-5.74939298591	-1743.15462462	
-5.75045399397	-1743.15494829	
-5.75151387748	-1743.1552711	
-5.75257263883	-1743.15559304	
-5.75363028038	-1743.15591413	
-5.75468680452	-1743.15623436	
-5.75574221359	-1743.15655373	
-5.75679650994	-1743.15687225	
-5.75784969593	-1743.15718993	
-5.75890177388	-1743.15750676	
-5.75995274612	-1743.15782275	
-5.76100261499	-1743.1581379	
-5.76205138278	-1743.15845222	
-5.76309905181	-1743.15876571	
-5.76414562438	-1743.15907836	
-5.76519110278	-1743.15939019	
-5.7662354893	-1743.1597012	
-5.76727878622	-1743.16001138	
-5.76832099579	-1743.16032075	
-5.7693621203	-1743.16062931	
-5.770402162	-1743.16093705	
-5.77144112313	-1743.16124398	
-5.77247900594	-1743.16155011	
-5.77351581267	-1743.16185544	
-5.77455154554	-1743.16215996	
-5.77558620679	-1743.16246369	
-5.77661979861	-1743.16276663	
-5.77765232322	-1743.16306877	
-5.77868378283	-1743.16337012	
-5.77971417962	-1743.16367069	
-5.78074351579	-1743.16397047	
-5.78177179352	-1743.16426948	
-5.78279901497	-1743.16456771	
-5.78382518233	-1743.16486516	
-5.78485029774	-1743.16516184	
-5.78587436337	-1743.16545775	
-5.78689738137	-1743.16575289	
-5.78791935386	-1743.16604727	
-5.788940283	-1743.16634089	
-5.7899601709	-1743.16663375	
-5.79097901969	-1743.16692586	
-5.79199683148	-1743.16721721	
-5.79301360838	-1743.16750781	
-5.7940293525	-1743.16779766	
-5.79504406593	-1743.16808677	
-5.79605775077	-1743.16837514	
-5.79707040908	-1743.16866276	
-5.79808204295	-1743.16894965	
-5.79909265446	-1743.1692358	
-5.80010224566	-1743.16952122	
-5.80111081862	-1743.16980591	
-5.80211837538	-1743.17008987	
-5.80312491799	-1743.17037311	
-5.80413044849	-1743.17065563	
-5.80513496892	-1743.17093742	
-5.80613848129	-1743.1712185	
-5.80714098764	-1743.17149886	
-5.80814248998	-1743.17177852	
-5.80914299031	-1743.17205746	
