#Site	lnL	
0	-5.31688469411
1	-2.14023520345
2	-1.55536814502
3	-11.2817946327
4	-2.14023520345
5	-1.78548767511
6	-1.75065099829
7	-1.88272264369
8	-1.86738474903
9	-1.75065099829
10	-1.88272264369
11	-1.86738474903
12	-2.0872299057
13	-1.88272264369
14	-6.77711156116
15	-1.75065099829
16	-1.88272264369
17	-5.59804076152
18	-1.75065099829
19	-1.88272264369
20	-1.86738474903
21	-1.75065099829
22	-1.88272264369
23	-12.070502383
24	-1.99689269389
25	-2.23638116531
26	-1.55536814502
27	-5.64557967629
28	-2.14023520345
29	-1.55536814502
30	-2.1838881577
31	-2.23638116531
32	-1.94537323891
33	-1.99689269389
34	-1.88272264369
35	-1.55536814502
36	-6.93866262698
37	-2.23638116531
38	-1.55536814502
39	-2.1838881577
40	-8.91757137537
41	-1.86738474903
42	-1.75065099829
43	-6.00077597501
44	-6.13138842441
45	-1.99689269389
46	-5.87770337279
47	-1.78548767511
48	-1.99689269389
49	-2.23638116531
50	-1.94537323891
51	-2.1838881577
52	-5.51204696523
53	-5.67271351838
54	-5.31688469411
55	-2.14023520345
56	-6.46094086964
57	-2.0872299057
58	-5.81779935178
59	-1.86738474903
60	-1.99689269389
61	-8.26011714473
62	-1.78548767511
63	-5.13430268759
64	-2.23638116531
65	-1.78548767511
66	-1.75065099829
67	-12.1034941291
68	-1.78548767511
69	-1.75065099829
70	-2.14023520345
71	-6.46094086964
72	-1.75065099829
73	-5.50567166768
74	-7.24888017088
75	-15.0012841774
76	-6.38638037947
77	-8.88060714129
78	-5.64557967629
79	-4.96073261315
80	-1.86738474903
81	-2.1838881577
82	-2.14023520345
83	-7.62133031604
84	-8.66913624916
85	-2.23638116531
86	-1.86738474903
87	-2.0872299057
88	-7.33992735462
89	-1.55536814502
90	-5.31688469411
91	-2.14023520345
92	-6.68210296272
93	-2.1838881577
94	-2.34569831216
95	-6.21378906667
96	-6.31864493289
97	-9.62261682681
98	-16.1104798153
99	-2.0872299057
100	-2.14023520345
101	-1.55536814502
102	-2.1838881577
103	-2.14023520345
104	-1.94537323891
105	-5.17895753462
106	-2.23638116531
107	-6.50141189751
108	-2.1838881577
109	-5.56353809998
110	-1.55536814502
111	-1.75065099829
112	-2.23638116531
113	-1.55536814502
114	-5.64557967629
115	-2.23638116531
116	-6.38170430354
117	-1.99689269389
118	-6.78925105651
119	-1.94537323891
120	-1.75065099829
121	-5.50567166768
122	-1.78548767511
123	-5.92698891793
124	-2.34569831216
125	-1.55536814502
126	-5.46216276369
127	-6.60204678792
128	-1.78548767511
129	-6.17165341053
130	-1.88272264369
131	-5.64977994065
132	-2.1838881577
133	-6.15454643085
134	-1.78548767511
135	-1.75065099829
136	-2.14023520345
137	-1.55536814502
138	-5.0905354535
139	-1.88272264369
140	-17.4445352601
141	-5.64557967629
142	-4.83605589175
143	-1.55536814502
144	-2.0872299057
145	-2.14023520345
146	-7.04317518235
147	-2.0872299057
148	-1.88272264369
149	-5.81454214837
150	-1.75065099829
151	-2.34569831216
152	-1.78548767511
153	-2.1838881577
154	-1.88272264369
155	-6.68776279493
156	-2.0872299057
157	-6.00077597501
158	-12.2733221484
159	-2.0872299057
160	-5.14051358804
161	-1.94537323891
162	-2.0872299057
163	-5.56353809998
164	-1.78548767511
165	-2.0872299057
166	-6.07428620591
167	-1.78548767511
168	-1.75065099829
169	-2.14023520345
170	-1.94537323891
171	-1.99689269389
172	-1.88272264369
173	-1.55536814502
174	-1.75065099829
175	-2.23638116531
176	-5.64977994065
177	-6.73496161708
178	-2.14023520345
179	-1.94537323891
180	-8.20720527096
181	-12.4669847885
182	-6.38170430354
183	-2.0872299057
184	-2.14023520345
185	-1.55536814502
186	-1.99689269389
187	-5.74740102089
188	-5.59804076152
189	-1.75065099829
190	-4.92740303284
191	-5.67271351838
192	-1.99689269389
193	-1.88272264369
194	-6.68210296272
195	-1.99689269389
196	-5.29827720841
197	-1.94537323891
198	-2.1838881577
199	-9.737833574
200	-5.81903024309
201	-2.0872299057
202	-4.83605589175
203	-6.73925458854
204	-5.64557967629
205	-2.23638116531
206	-1.94537323891
207	-2.1838881577
208	-5.66835719733
209	-10.0609678711
210	-2.1838881577
211	-6.60204678792
212	-1.94537323891
213	-8.71042313524
214	-2.23638116531
215	-1.86738474903
216	-10.5651286456
217	-2.14023520345
218	-1.55536814502
219	-1.75065099829
220	-1.88272264369
221	-1.94537323891
222	-5.64557967629
223	-1.88272264369
224	-1.55536814502
225	-2.1838881577
226	-2.34569831216
227	-1.86738474903
228	-1.75065099829
229	-8.93695695686
230	-1.55536814502
231	-5.10583336143
232	-2.14023520345
233	-1.55536814502
234	-2.0872299057
235	-5.29827720841
236	-7.98257310849
237	-2.1838881577
238	-1.88272264369
239	-6.46094086964
240	-1.99689269389
241	-8.69771497826
242	-1.86738474903
243	-5.92698891793
244	-1.88272264369
245	-6.37372522922
246	-2.0872299057
247	-5.95121360369
248	-1.55536814502
249	-4.90497106507
250	-1.88272264369
251	-1.94537323891
252	-5.10583336143
253	-2.14023520345
254	-1.86738474903
255	-2.0872299057
256	-1.88272264369
257	-6.77711156116
258	-1.99689269389
259	-12.508098146
260	-6.55036031201
261	-6.24516364143
262	-2.34569831216
263	-1.86738474903
264	-1.75065099829
265	-2.23638116531
266	-5.59034451673
267	-5.68757096223
268	-2.23638116531
269	-1.55536814502
270	-2.0872299057
271	-1.88272264369
272	-1.78548767511
273	-1.99689269389
274	-2.14023520345
275	-1.78548767511
276	-11.1089247734
277	-2.14023520345
278	-5.64977994065
279	-1.75065099829
280	-2.23638116531
281	-1.86738474903
282	-1.99689269389
283	-2.23638116531
284	-6.68776279493
285	-5.95052506573
286	-6.1730157043
287	-6.00079357912
288	-2.1838881577
289	-2.34569831216
290	-1.55536814502
291	-2.0872299057
292	-5.77916786478
293	-7.14081071107
294	-5.10583336143
295	-19.6459387124
296	-1.78548767511
297	-2.0872299057
298	-5.51204696523
299	-6.73925458854
300	-2.1838881577
301	-2.34569831216
302	-1.55536814502
303	-1.99689269389
304	-1.88272264369
305	-7.69484054693
306	-2.1838881577
307	-2.23638116531
308	-6.77711156116
309	-1.99689269389
310	-5.40240384899
311	-1.55536814502
312	-7.10582939139
313	-4.96073261315
314	-19.7387381225
315	-5.0905354535
316	-8.00122415551
317	-1.55536814502
318	-10.55830928
319	-1.88272264369
320	-1.55536814502
321	-1.99689269389
322	-13.0676630249
323	-13.4293240369
324	-5.17895753462
325	-6.06418617624
326	-1.78548767511
327	-2.1838881577
328	-5.95648158867
329	-9.36122427423
330	-1.75065099829
331	-4.92740303284
332	-1.94537323891
333	-1.75065099829
334	-11.5758159141
335	-1.78548767511
336	-1.75065099829
337	-8.24286899427
338	-1.94537323891
339	-5.17895753462
340	-2.34569831216
341	-6.52394589866
342	-2.1838881577
343	-6.5243523418
344	-1.55536814502
345	-1.99689269389
346	-2.34569831216
347	-6.37372522922
348	-5.13430268759
349	-2.14023520345
350	-1.78548767511
351	-5.13430268759
352	-1.88272264369
353	-6.21378906667
354	-6.24516364143
355	-2.14023520345
356	-7.23825775475
357	-2.0872299057
358	-4.94785075344
359	-13.8613451667
360	-1.99689269389
361	-6.15454643085
362	-6.58207450352
363	-2.1838881577
364	-5.84715795741
365	-1.86738474903
366	-6.21154432727
367	-2.34569831216
368	-1.94537323891
369	-1.75065099829
370	-2.34569831216
371	-5.67271351838
372	-2.1838881577
373	-2.14023520345
374	-6.68776279493
375	-2.1838881577
376	-1.88272264369
377	-1.55536814502
378	-2.1838881577
379	-6.63506712079
380	-6.15438932239
381	-1.99689269389
382	-2.14023520345
383	-1.78548767511
384	-1.75065099829
385	-6.38638037947
386	-1.55536814502
387	-1.75065099829
388	-8.71296887553
389	-1.86738474903
390	-2.0872299057
391	-1.88272264369
392	-13.3674662555
393	-1.75065099829
394	-1.88272264369
395	-1.78548767511
396	-14.2909096242
397	-5.01958503043
398	-1.94537323891
399	-5.31688469411
400	-2.14023520345
401	-5.59034451673
402	-2.0872299057
403	-2.23638116531
404	-1.94537323891
405	-2.0872299057
406	-1.88272264369
407	-1.94537323891
408	-6.80244057703
409	-2.14023520345
410	-1.55536814502
411	-6.17165341053
412	-1.88272264369
413	-6.75007349776
414	-1.99689269389
415	-5.74740102089
416	-6.00079357912
417	-2.0872299057
418	-2.23638116531
419	-6.15438932239
420	-2.1838881577
421	-5.29827720841
422	-1.55536814502
423	-5.17895753462
424	-2.14023520345
425	-11.4304467566
426	-1.99689269389
427	-4.73155355378
428	-6.13890708508
429	-2.0872299057
430	-4.96073261315
431	-1.78548767511
432	-2.1838881577
433	-1.88272264369
434	-1.94537323891
435	-2.0872299057
436	-2.34569831216
437	-1.94537323891
438	-1.75065099829
439	-2.14023520345
440	-1.55536814502
441	-5.17895753462
442	-5.84715795741
443	-1.94537323891
444	-1.75065099829
445	-7.73493572699
446	-1.55536814502
447	-1.75065099829
448	-2.23638116531
449	-1.94537323891
450	-1.75065099829
451	-8.62862066644
452	-1.78548767511
453	-2.1838881577
454	-2.34569831216
455	-6.13890708508
456	-7.93306182678
457	-7.09053989817
458	-1.94537323891
459	-13.0450155522
460	-1.88272264369
461	-7.23825775475
462	-5.98963636161
463	-1.88272264369
464	-7.98257310849
465	-9.23380736706
466	-5.40240384899
467	-11.9253740187
468	-7.23006475346
469	-5.14051358804
470	-5.64977994065
