# log_p 	 lnL 	 
0.0	-1735.42812888	
-0.287682072452	-1735.41982176	
-0.510825623766	-1735.40836699	
-0.69314718056	-1735.39456883	
-0.847297860387	-1735.37899113	
-0.980829253012	-1735.36203136	
-1.09861228867	-1735.34398376	
-1.20397280433	-1735.3250757	
-1.29928298413	-1735.3054884	
-1.38629436112	-1735.28536983	
-1.46633706879	-1735.26484342	
-1.54044504095	-1735.24401412	
-1.60943791243	-1735.22297265	
-1.67397643357	-1735.20179839	
-1.73460105539	-1735.18056135	
-1.79175946923	-1735.15932345	
-1.8458266905	-1735.13813948	
-1.89711998489	-1735.1170577	
-1.94591014906	-1735.09612045	
-1.99243016469	-1735.07536456	
-2.03688192726	-1735.05482182	
-2.07944154168	-1735.03451938	
-2.1202635362	-1735.01448016	
-2.15948424935	-1734.9947232	
-2.19722457734	-1734.97526412	
-2.23359222151	-1734.95611539	
-2.26868354132	-1734.93728674	
-2.30258509299	-1734.91878544	
-2.33537491582	-1734.90061662	
-2.36712361413	-1734.8827835	
-2.3978952728	-1734.86528768	
-2.42774823595	-1734.84812934	
-2.45673577282	-1734.83130746	
-2.48490664979	-1734.81481995	
-2.51230562398	-1734.79866386	
-2.53897387106	-1734.7828355	
-2.56494935746	-1734.76733057	
-2.59026716545	-1734.75214425	
-2.61495977804	-1734.73727132	
-2.63905732962	-1734.72270622	
-2.66258782703	-1734.70844314	
-2.68557734525	-1734.69447608	
-2.7080502011	-1734.68079889	
-2.73002910782	-1734.66740533	
-2.75153531304	-1734.6542891	
-2.77258872224	-1734.6414439	
-2.79320800944	-1734.6288634	
-2.81341071676	-1734.61654135	
-2.83321334406	-1734.60447151	
-2.85263142991	-1734.59264774	
-2.87167962488	-1734.58106396	
-2.8903717579	-1734.5697142	
-2.90872089656	-1734.5585926	
-2.92673940207	-1734.5476934	
-2.94443897917	-1734.53701097	
-2.96183072188	-1734.52653979	
-2.97892515524	-1734.51627447	
-2.99573227355	-1734.50620976	
-3.01226157551	-1734.49634052	
-3.02852209638	-1734.48666175	
-3.04452243772	-1734.47716858	
-3.06027079469	-1734.46785627	
-3.07577498123	-1734.45872021	
-3.09104245336	-1734.44975589	
-3.10608033072	-1734.44095897	
-3.12089541651	-1734.43232519	
-3.13549421593	-1734.42385044	
-3.14988295338	-1734.4155307	
-3.16406758837	-1734.40736209	
-3.17805383035	-1734.39934083	
-3.19184715248	-1734.39146325	
-3.20545280454	-1734.38372578	
-3.21887582487	-1734.37612498	
-3.23212105162	-1734.36865746	
-3.24519313319	-1734.36131999	
-3.25809653802	-1734.35410939	
-3.2708355638	-1734.3470226	
-3.28341434601	-1734.34005662	
-3.295836866	-1734.33320856	
-3.3081069586	-1734.32647561	
-3.32022831913	-1734.31985504	
-3.33220451018	-1734.31334421	
-3.34403896782	-1734.30694053	
-3.35573500759	-1734.30064152	
-3.36729582999	-1734.29444473	
-3.37872452581	-1734.28834782	
-3.39002408106	-1734.28234849	
-3.40119738166	-1734.27644452	
-3.41224721785	-1734.27063376	
-3.42317628838	-1734.26491409	
-3.43398720449	-1734.25928348	
-3.4446824936	-1734.25373995	
-3.45526460293	-1734.24828157	
-3.4657359028	-1734.24290646	
-3.47609868984	-1734.23761281	
-3.48635519	-1734.23239884	
-3.49650756147	-1734.22726284	
-3.50655789732	-1734.22220311	
-3.51650822817	-1734.21721805	
-3.52636052462	-1734.21230605	
-3.53611669956	-1734.20746558	
-3.54577861047	-1734.20269514	
-3.55534806149	-1734.19799327	
-3.56482680544	-1734.19335854	
-3.57421654579	-1734.18878957	
-3.58351893846	-1734.18428502	
-3.59273559356	-1734.17984356	
-3.60186807712	-1734.17546393	
-3.61091791264	-1734.17114488	
-3.61988658263	-1734.16688519	
-3.62877553004	-1734.16268369	
-3.63758615973	-1734.15853922	
-3.6463198397	-1734.15445066	
-3.65497790244	-1734.15041693	
-3.66356164613	-1734.14643694	
-3.6720723358	-1734.14250966	
-3.68051120444	-1734.13863409	
-3.68887945411	-1734.13480923	
-3.69717825693	-1734.13103411	
-3.70540875607	-1734.1273078	
-3.7135720667	-1734.12362939	
-3.72166927694	-1734.11999797	
-3.72970144863	-1734.11641267	
-3.73766961828	-1734.11287264	
-3.74557479779	-1734.10937705	
-3.75341797525	-1734.10592509	
-3.76120011569	-1734.10251596	
-3.76892216179	-1734.09914889	
-3.77658503453	-1734.09582313	
-3.78418963392	-1734.09253793	
-3.79173683955	-1734.08929258	
-3.79922751128	-1734.08608636	
-3.80666248977	-1734.0829186	
-3.81404259707	-1734.07978862	
-3.82136863716	-1734.07669576	
-3.82864139649	-1734.07363937	
-3.83586164446	-1734.07061884	
-3.84303013394	-1734.06763355	
-3.85014760171	-1734.06468289	
-3.85721476893	-1734.06176629	
-3.86423234159	-1734.05888316	
-3.87120101091	-1734.05603295	
-3.87812145375	-1734.0532151	
-3.88499433304	-1734.05042908	
-3.89182029811	-1734.04767436	
-3.8985999851	-1734.04495044	
-3.90533401728	-1734.0422568	
-3.91202300543	-1734.03959295	
-3.91866754815	-1734.03695841	
-3.92526823218	-1734.03435271	
-3.93182563272	-1734.03177539	
-3.93834031375	-1734.029226	
-3.94481282825	-1734.02670408	
-3.95124371858	-1734.02420922	
-3.95763351668	-1734.02174098	
-3.96398274436	-1734.01929894	
-3.97029191355	-1734.01688271	
-3.97656152657	-1734.01449188	
-3.98279207632	-1734.01212605	
-3.98898404656	-1734.00978485	
-3.99513791214	-1734.00746791	
-4.00125413916	-1734.00517484	
-4.00733318523	-1734.0029053	
-4.01337549969	-1734.00065892	
-4.01938152375	-1733.99843537	
-4.02535169074	-1733.99623429	
-4.03128642625	-1733.99405537	
-4.03718614838	-1733.99189826	
-4.04305126783	-1733.98976265	
-4.04888218815	-1733.98764823	
-4.05467930583	-1733.98555469	
-4.06044301055	-1733.98348172	
-4.06617368526	-1733.98142903	
-4.07187170637	-1733.97939633	
-4.07753744391	-1733.97738333	
-4.08317126162	-1733.97538975	
-4.08877351717	-1733.97341531	
-4.09434456222	-1733.97145975	
-4.0998847426	-1733.9695228	
-4.10539439841	-1733.9676042	
-4.11087386417	-1733.9657037	
-4.11632346894	-1733.96382104	
-4.12174353641	-1733.96195598	
-4.12713438505	-1733.96010827	
-4.13249632819	-1733.95827769	
-4.13782967416	-1733.95646399	
-4.14313472639	-1733.95466695	
-4.14841178349	-1733.95288634	
-4.15366113938	-1733.95112194	
-4.15888308336	-1733.94937353	
-4.16407790024	-1733.94764091	
-4.1692458704	-1733.94592386	
-4.1743872699	-1733.94422217	
-4.17950237056	-1733.94253565	
-4.18459144007	-1733.94086409	
-4.18965474203	-1733.9392073	
-4.19469253606	-1733.93756509	
-4.19970507788	-1733.93593726	
-4.20469261939	-1733.93432364	
-4.20965540873	-1733.93272405	
-4.21459369037	-1733.93113829	
-4.21950770518	-1733.9295662	
-4.22439769047	-1733.9280076	
-4.22926388012	-1733.92646232	
-4.2341065046	-1733.92493019	
-4.23892579103	-1733.92341106	
-4.2437219633	-1733.92190475	
-4.24849524205	-1733.92041111	
-4.25324584481	-1733.91892998	
-4.257973986	-1733.9174612	
-4.26267987704	-1733.91600463	
-4.26736372635	-1733.91456012	
-4.27202573946	-1733.91312751	
-4.27666611902	-1733.91170666	
-4.28128506487	-1733.91029744	
-4.28588277412	-1733.9088997	
-4.29045944115	-1733.9075133	
-4.29501525768	-1733.90613811	
-4.29955041285	-1733.90477399	
-4.3040650932	-1733.90342081	
-4.30855948279	-1733.90207845	
-4.31303376319	-1733.90074678	
-4.31748811354	-1733.89942566	
-4.3219227106	-1733.89811498	
-4.32633772881	-1733.89681462	
-4.33073334029	-1733.89552445	
-4.33510971489	-1733.89424436	
-4.33946702026	-1733.89297423	
-4.34380542185	-1733.89171395	
-4.348125083	-1733.8904634	
-4.3524261649	-1733.88922248	
-4.35670882669	-1733.88799107	
-4.36097322548	-1733.88676907	
-4.36521951636	-1733.88555637	
-4.36944785247	-1733.88435287	
-4.373658385	-1733.88315846	
-4.37785126326	-1733.88197304	
-4.38202663467	-1733.88079651	
-4.38618464482	-1733.87962878	
-4.39032543749	-1733.87846975	
-4.39444915467	-1733.87731931	
-4.39855593663	-1733.87617739	
-4.40264592188	-1733.87504387	
-4.40671924726	-1733.87391869	
-4.41077604796	-1733.87280173	
-4.4148164575	-1733.87169291	
-4.4188406078	-1733.87059216	
-4.42284862919	-1733.86949937	
-4.42684065046	-1733.86841446	
-4.43081679884	-1733.86733736	
-4.43477720006	-1733.86626797	
-4.43872197835	-1733.86520622	
-4.44265125649	-1733.86415203	
-4.44656515581	-1733.86310531	
-4.45046379623	-1733.86206599	
-4.45434729625	-1733.86103399	
-4.45821577303	-1733.86000923	
-4.46206934235	-1733.85899164	
-4.46590811865	-1733.85798115	
-4.46973221509	-1733.85697768	
-4.47354174351	-1733.85598115	
-4.47733681448	-1733.85499151	
-4.48111753732	-1733.85400868	
-4.48488402011	-1733.85303258	
-4.48863636973	-1733.85206316	
-4.49237469184	-1733.85110033	
-4.49609909093	-1733.85014405	
-4.49980967033	-1733.84919424	
-4.50350653221	-1733.84825083	
-4.50718977763	-1733.84731377	
-4.51085950652	-1733.84638298	
-4.51451581772	-1733.84545842	
-4.518158809	-1733.84454001	
-4.52178857705	-1733.8436277	
-4.52540521752	-1733.84272142	
-4.52900882502	-1733.84182111	
-4.53259949315	-1733.84092673	
-4.5361773145	-1733.84003821	
-4.53974238067	-1733.83915549	
-4.54329478227	-1733.83827852	
-4.54683460898	-1733.83740724	
-4.55036194949	-1733.8365416	
-4.5538768916	-1733.83568155	
-4.55737952215	-1733.83482702	
-4.56086992709	-1733.83397797	
-4.56434819147	-1733.83313435	
-4.56781439944	-1733.83229611	
-4.57126863431	-1733.83146318	
-4.5747109785	-1733.83063554	
-4.5781415136	-1733.82981311	
-4.58156032035	-1733.82899587	
-4.58496747867	-1733.82818375	
-4.58836306767	-1733.82737671	
-4.59174716566	-1733.8265747	
-4.59511985013	-1733.82577768	
-4.59848119784	-1733.8249856	
-4.60183128472	-1733.82419842	
-4.60517018599	-1733.82341608	
-4.60849797608	-1733.82263856	
-4.61181472871	-1733.82186579	
-4.61512051684	-1733.82109775	
-4.61841541274	-1733.82033438	
-4.62169948794	-1733.81957565	
-4.62497281328	-1733.81882151	
-4.62823545892	-1733.81807192	
-4.63148749431	-1733.81732684	
-4.63472898823	-1733.81658623	
-4.63796000881	-1733.81585006	
-4.64118062351	-1733.81511827	
-4.64439089914	-1733.81439084	
-4.64759090187	-1733.81366773	
-4.65078069724	-1733.81294889	
-4.65396035016	-1733.81223429	
-4.65712992492	-1733.81152389	
-4.66028948521	-1733.81081766	
-4.66343909411	-1733.81011556	
-4.66657881412	-1733.80941755	
-4.66970870713	-1733.8087236	
-4.67282883446	-1733.80803368	
-4.67593925688	-1733.80734774	
-4.67904003455	-1733.80666576	
-4.68213122712	-1733.80598769	
-4.68521289366	-1733.80531352	
-4.6882850927	-1733.8046432	
-4.69134788223	-1733.8039767	
-4.69440131972	-1733.80331399	
-4.6974454621	-1733.80265504	
-4.70048036579	-1733.80199982	
-4.70350608671	-1733.80134829	
-4.70652268025	-1733.80070042	
-4.70953020131	-1733.80005619	
-4.71252870431	-1733.79941556	
-4.71551824316	-1733.79877851	
-4.7184988713	-1733.79814499	
-4.72147064168	-1733.797515	
-4.72443360681	-1733.79688849	
-4.72738781871	-1733.79626543	
-4.73033332894	-1733.7956458	
-4.73327018862	-1733.79502958	
-4.73619844839	-1733.79441673	
-4.7391181585	-1733.79380722	
-4.74202936871	-1733.79320103	
-4.74493212836	-1733.79259814	
-4.74782648639	-1733.79199851	
-4.75071249128	-1733.79140212	
-4.75359019111	-1733.79080894	
-4.75645963353	-1733.79021895	
-4.75932086582	-1733.78963212	
-4.7621739348	-1733.78904843	
-4.76501888693	-1733.78846785	
-4.76785576827	-1733.78789036	
-4.77068462447	-1733.78731593	
-4.77350550081	-1733.78674454	
-4.77631844218	-1733.78617617	
-4.77912349311	-1733.78561079	
-4.78192069773	-1733.78504837	
-4.78471009982	-1733.7844889	
-4.78749174278	-1733.78393236	
-4.79026566966	-1733.78337871	
-4.79303192316	-1733.78282794	
-4.7957905456	-1733.78228002	
-4.79854157897	-1733.78173494	
-4.80128506491	-1733.78119267	
-4.80402104473	-1733.78065319	
-4.80674955939	-1733.78011648	
-4.8094706495	-1733.77958251	
-4.81218435537	-1733.77905127	
-4.81489071697	-1733.77852274	
-4.81758977394	-1733.77799689	
-4.82028156561	-1733.77747371	
-4.82296613098	-1733.77695317	
-4.82564350875	-1733.77643526	
-4.8283137373	-1733.77591996	
-4.83097685472	-1733.77540724	
-4.83363289878	-1733.77489708	
-4.83628190695	-1733.77438948	
-4.83892391641	-1733.7738844	
-4.84155896405	-1733.77338184	
-4.84418708646	-1733.77288176	
-4.84680831994	-1733.77238416	
-4.84942270051	-1733.77188902	
-4.85203026392	-1733.77139631	
-4.85463104562	-1733.77090602	
-4.8572250808	-1733.77041813	
-4.85981240436	-1733.76993263	
-4.86239305096	-1733.76944949	
-4.86496705495	-1733.76896871	
-4.86753445046	-1733.76849026	
-4.87009527132	-1733.76801412	
-4.87264955112	-1733.76754028	
-4.8751973232	-1733.76706873	
-4.87773862063	-1733.76659944	
-4.88027347623	-1733.7661324	
-4.88280192259	-1733.7656676	
-4.88532399202	-1733.76520501	
-4.88783971662	-1733.76474463	
-4.89034912822	-1733.76428644	
-4.89285225844	-1733.76383042	
-4.89534913864	-1733.76337655	
-4.89783979995	-1733.76292482	
-4.90032427328	-1733.76247523	
-4.90280258929	-1733.76202774	
-4.90527477844	-1733.76158235	
-4.90774087093	-1733.76113904	
-4.91020089677	-1733.7606978	
-4.91265488574	-1733.76025861	
-4.91510286737	-1733.75982147	
-4.91754487103	-1733.75938634	
-4.91998092583	-1733.75895323	
-4.92241106068	-1733.75852212	
-4.92483530429	-1733.75809299	
-4.92725368516	-1733.75766583	
-4.92966623156	-1733.75724062	
-4.93207297159	-1733.75681736	
-4.93447393313	-1733.75639603	
-4.93686914386	-1733.75597662	
-4.93925863125	-1733.75555911	
-4.94164242261	-1733.75514349	
-4.94402054501	-1733.75472975	
-4.94639302537	-1733.75431788	
-4.94875989038	-1733.75390786	
-4.95112116656	-1733.75349968	
-4.95347688026	-1733.75309333	
-4.9558270576	-1733.7526888	
-4.95817172456	-1733.75228607	
-4.96051090691	-1733.75188513	
-4.96284463026	-1733.75148598	
-4.96517292002	-1733.75108859	
-4.96749580144	-1733.75069296	
-4.96981329958	-1733.75029908	
-4.97212543933	-1733.74990693	
-4.97443224543	-1733.7495165	
-4.97673374242	-1733.74912778	
-4.97902995468	-1733.74874077	
-4.98132090643	-1733.74835544	
-4.98360662171	-1733.7479718	
-4.98588712441	-1733.74758982	
-4.98816243824	-1733.74720949	
-4.99043258678	-1733.74683082	
-4.99269759341	-1733.74645378	
-4.99495748138	-1733.74607836	
-4.99721227376	-1733.74570456	
-4.9994619935	-1733.74533236	
-5.00170666335	-1733.74496176	
-5.00394630595	-1733.74459274	
-5.00618094375	-1733.7442253	
-5.00841059907	-1733.74385942	
-5.0106352941	-1733.74349509	
-5.01285505083	-1733.74313231	
-5.01506989116	-1733.74277106	
-5.01727983681	-1733.74241133	
-5.01948490937	-1733.74205312	
-5.02168513028	-1733.74169642	
-5.02388052085	-1733.74134121	
-5.02607110223	-1733.74098749	
-5.02825689545	-1733.74063525	
-5.03043792139	-1733.74028448	
-5.03261420082	-1733.73993517	
-5.03478575433	-1733.7395873	
-5.03695260241	-1733.73924088	
-5.03911476542	-1733.73889589	
-5.04127226356	-1733.73855232	
-5.04342511692	-1733.73821017	
-5.04557334546	-1733.73786943	
-5.047716969	-1733.73753008	
-5.04985600725	-1733.73719212	
-5.05199047978	-1733.73685554	
-5.05412040604	-1733.73652034	
-5.05624580535	-1733.7361865	
-5.05836669692	-1733.73585401	
-5.06048309982	-1733.73552288	
-5.06259503303	-1733.73519308	
-5.06470251537	-1733.73486461	
-5.06680556556	-1733.73453747	
-5.06890420222	-1733.73421164	
-5.07099844382	-1733.73388712	
-5.07308830874	-1733.7335639	
-5.07517381523	-1733.73324197	
-5.07725498144	-1733.73292133	
-5.07933182538	-1733.73260196	
-5.08140436498	-1733.73228386	
-5.08347261805	-1733.73196702	
-5.08553660227	-1733.73165144	
-5.08759633523	-1733.73133711	
-5.08965183441	-1733.73102401	
-5.09170311719	-1733.73071214	
-5.09375020081	-1733.73040151	
-5.09579310244	-1733.73009208	
-5.09783183913	-1733.72978387	
-5.09986642782	-1733.72947687	
-5.10189688537	-1733.72917106	
-5.10392322852	-1733.72886644	
-5.1059454739	-1733.728563	
-5.10796363806	-1733.72826074	
-5.10997773743	-1733.72795964	
-5.11198778836	-1733.72765971	
-5.11399380708	-1733.72736094	
-5.11599580975	-1733.72706331	
-5.11799381242	-1733.72676683	
-5.11998783102	-1733.72647148	
-5.12197788143	-1733.72617727	
-5.1239639794	-1733.72588417	
-5.12594614061	-1733.7255922	
-5.12792438062	-1733.72530133	
-5.12989871492	-1733.72501157	
-5.13186915891	-1733.7247229	
-5.13383572788	-1733.72443533	
-5.13579843705	-1733.72414884	
-5.13775730154	-1733.72386344	
-5.13971233637	-1733.7235791	
-5.1416635565	-1733.72329583	
-5.14361097679	-1733.72301363	
-5.145554612	-1733.72273248	
-5.14749447681	-1733.72245238	
-5.14943058584	-1733.72217332	
-5.15136295359	-1733.7218953	
-5.1532915945	-1733.72161832	
-5.15521652291	-1733.72134236	
-5.15713775309	-1733.72106742	
-5.15905529921	-1733.72079349	
-5.1609691754	-1733.72052058	
-5.16287939565	-1733.72024867	
-5.16478597392	-1733.71997776	
-5.16668892407	-1733.71970784	
-5.16858825987	-1733.71943891	
-5.17048399504	-1733.71917096	
-5.17237614319	-1733.71890399	
-5.17426471788	-1733.71863799	
-5.17614973257	-1733.71837296	
-5.17803120067	-1733.71810889	
-5.1799091355	-1733.71784577	
-5.18178355029	-1733.71758361	
-5.18365445823	-1733.71732239	
-5.1855218724	-1733.71706211	
-5.18738580584	-1733.71680277	
-5.18924627149	-1733.71654435	
-5.19110328224	-1733.71628687	
-5.19295685089	-1733.7160303	
-5.19480699018	-1733.71577465	
-5.19665371277	-1733.71551991	
-5.19849703127	-1733.71526608	
-5.20033695819	-1733.71501315	
-5.202173506	-1733.71476111	
-5.20400668708	-1733.71450997	
-5.20583651375	-1733.71425971	
-5.20766299828	-1733.71401034	
-5.20948615284	-1733.71376184	
-5.21130598956	-1733.71351422	
-5.21312252048	-1733.71326747	
-5.21493575761	-1733.71302158	
-5.21674571285	-1733.71277654	
-5.21855239808	-1733.71253237	
-5.22035582508	-1733.71228904	
-5.22215600558	-1733.71204657	
-5.22395295126	-1733.71180493	
-5.22574667371	-1733.71156413	
-5.22753718449	-1733.71132416	
-5.22932449506	-1733.71108503	
-5.23110861685	-1733.71084671	
-5.23288956123	-1733.71060922	
-5.23466733947	-1733.71037254	
-5.23644196283	-1733.71013668	
-5.23821344248	-1733.70990162	
-5.23998178954	-1733.70966737	
-5.24174701506	-1733.70943392	
-5.24350913005	-1733.70920126	
-5.24526814546	-1733.70896939	
-5.24702407216	-1733.70873831	
-5.24877692099	-1733.70850802	
-5.25052670271	-1733.7082785	
-5.25227342805	-1733.70804976	
-5.25401710765	-1733.7078218	
-5.25575775213	-1733.7075946	
-5.25749537203	-1733.70736816	
-5.25922997784	-1733.70714248	
-5.26096158	-1733.70691756	
-5.2626901889	-1733.70669339	
-5.26441581487	-1733.70646998	
-5.26613846818	-1733.7062473	
-5.26785815906	-1733.70602537	
-5.26957489768	-1733.70580418	
-5.27128869416	-1733.70558372	
-5.27299955856	-1733.70536398	
-5.27470750091	-1733.70514498	
-5.27641253116	-1733.7049267	
-5.27811465923	-1733.70470914	
-5.27981389498	-1733.7044923	
-5.28151024823	-1733.70427617	
-5.28320372874	-1733.70406074	
-5.28489434622	-1733.70384603	
-5.28658211033	-1733.70363201	
-5.28826703069	-1733.70341869	
-5.28994911688	-1733.70320607	
-5.2916283784	-1733.70299415	
-5.29330482472	-1733.70278291	
-5.29497846528	-1733.70257235	
-5.29664930945	-1733.70236248	
-5.29831736655	-1733.70215328	
-5.29998264587	-1733.70194477	
-5.30164515664	-1733.70173692	
-5.30330490806	-1733.70152974	
-5.30496190927	-1733.70132323	
-5.30661616936	-1733.70111738	
-5.3082676974	-1733.70091219	
-5.30991650239	-1733.70070766	
-5.3115625933	-1733.70050378	
-5.31320597904	-1733.70030055	
-5.3148466685	-1733.70009796	
-5.3164846705	-1733.69989602	
-5.31811999384	-1733.69969473	
-5.31975264727	-1733.69949406	
-5.32138263948	-1733.69929404	
-5.32300997914	-1733.69909464	
-5.32463467487	-1733.69889588	
-5.32625673524	-1733.69869774	
-5.32787616879	-1733.69850022	
-5.32949298402	-1733.69830332	
-5.33110718937	-1733.69810704	
-5.33271879327	-1733.69791138	
-5.33432780407	-1733.69771632	
-5.33593423012	-1733.69752187	
-5.3375380797	-1733.69732803	
-5.33913936107	-1733.6971348	
-5.34073808243	-1733.69694216	
-5.34233425196	-1733.69675012	
-5.3439278778	-1733.69655867	
-5.34551896803	-1733.69636782	
-5.34710753072	-1733.69617755	
-5.34869357387	-1733.69598787	
-5.35027710548	-1733.69579878	
-5.35185813348	-1733.69561026	
-5.35343666577	-1733.69542232	
-5.35501271022	-1733.69523496	
-5.35658627467	-1733.69504818	
-5.3581573669	-1733.69486196	
-5.35972599468	-1733.69467631	
-5.36129216571	-1733.69449122	
-5.36285588769	-1733.6943067	
-5.36441716825	-1733.69412274	
-5.36597601502	-1733.69393934	
-5.36753243557	-1733.69375649	
-5.36908643744	-1733.69357419	
-5.37063802813	-1733.69339244	
-5.37218721511	-1733.69321124	
-5.37373400583	-1733.69303059	
-5.37527840768	-1733.69285048	
-5.37682042804	-1733.69267091	
-5.37836007422	-1733.69249187	
-5.37989735354	-1733.69231337	
-5.38143227326	-1733.69213541	
-5.38296484061	-1733.69195798	
-5.38449506279	-1733.69178107	
-5.38602294697	-1733.69160469	
-5.38754850028	-1733.69142883	
-5.38907172982	-1733.6912535	
-5.39059264266	-1733.69107868	
-5.39211124583	-1733.69090438	
-5.39362754635	-1733.69073059	
-5.39514155118	-1733.69055732	
-5.39665326727	-1733.69038456	
-5.39816270152	-1733.6902123	
-5.39966986081	-1733.69004055	
-5.40117475199	-1733.6898693	
-5.40267738187	-1733.68969856	
-5.40417775725	-1733.68952831	
-5.40567588487	-1733.68935856	
-5.40717177146	-1733.6891893	
-5.40866542372	-1733.68902054	
-5.4101568483	-1733.68885227	
-5.41164605186	-1733.68868448	
-5.41313304098	-1733.68851718	
-5.41461782224	-1733.68835036	
-5.4161004022	-1733.68818403	
-5.41758078737	-1733.68801817	
-5.41905898424	-1733.6878528	
-5.42053499927	-1733.6876879	
-5.42200883889	-1733.68752347	
-5.4234805095	-1733.68735951	
-5.42495001748	-1733.68719603	
-5.42641736918	-1733.68703301	
-5.4278825709	-1733.68687045	
-5.42934562895	-1733.68670836	
-5.43080654959	-1733.68654673	
-5.43226533906	-1733.68638556	
-5.43372200355	-1733.68622485	
-5.43517654927	-1733.6860646	
-5.43662898235	-1733.68590479	
-5.43807930892	-1733.68574544	
-5.4395275351	-1733.68558654	
-5.44097366695	-1733.68542809	
-5.44241771052	-1733.68527009	
-5.44385967184	-1733.68511252	
-5.4452995569	-1733.6849554	
-5.44673737167	-1733.68479872	
-5.44817312209	-1733.68464248	
-5.44960681409	-1733.68448668	
-5.45103845357	-1733.68433131	
-5.45246804638	-1733.68417638	
-5.45389559837	-1733.68402187	
-5.45532111536	-1733.6838678	
-5.45674460314	-1733.68371415	
-5.45816606749	-1733.68356093	
-5.45958551414	-1733.68340814	
-5.46100294883	-1733.68325576	
-5.46241837723	-1733.68310381	
-5.46383180503	-1733.68295228	
-5.46524323786	-1733.68280116	
-5.46665268137	-1733.68265046	
-5.46806014114	-1733.68250018	
-5.46946562274	-1733.6823503	
-5.47086913175	-1733.68220084	
-5.47227067367	-1733.68205178	
-5.47367025403	-1733.68190314	
-5.47506787829	-1733.6817549	
-5.47646355193	-1733.68160706	
-5.47785728038	-1733.68145962	
-5.47924906905	-1733.68131259	
-5.48063892334	-1733.68116595	
-5.48202684862	-1733.68101971	
-5.48341285022	-1733.68087387	
-5.48479693349	-1733.68072842	
-5.48617910372	-1733.68058336	
-5.48755936619	-1733.6804387	
-5.48893772616	-1733.68029442	
-5.49031418887	-1733.68015053	
-5.49168875953	-1733.68000703	
-5.49306144334	-1733.67986392	
-5.49443224547	-1733.67972118	
-5.49580117108	-1733.67957883	
-5.49716822529	-1733.67943686	
-5.49853341322	-1733.67929527	
-5.49989673995	-1733.67915405	
-5.50125821054	-1733.67901321	
-5.50261783006	-1733.67887274	
-5.50397560352	-1733.67873265	
-5.50533153593	-1733.67859293	
-5.50668563228	-1733.67845358	
-5.50803789753	-1733.67831459	
-5.50938833663	-1733.67817597	
-5.5107369545	-1733.67803772	
-5.51208375605	-1733.67789983	
-5.51342874616	-1733.67776231	
-5.51477192971	-1733.67762514	
-5.51611331154	-1733.67748834	
-5.51745289646	-1733.67735189	
-5.51879068931	-1733.6772158	
-5.52012669485	-1733.67708007	
-5.52146091786	-1733.67694469	
-5.5227933631	-1733.67680966	
-5.52412403528	-1733.67667498	
-5.52545293913	-1733.67654065	
-5.52678007934	-1733.67640668	
-5.52810546058	-1733.67627305	
-5.52942908751	-1733.67613976	
-5.53075096477	-1733.67600682	
-5.53207109697	-1733.67587422	
-5.53338948873	-1733.67574197	
-5.53470614461	-1733.67561006	
-5.53602106919	-1733.67547848	
-5.53733426702	-1733.67534724	
-5.53864574262	-1733.67521634	
-5.5399555005	-1733.67508578	
-5.54126354516	-1733.67495555	
-5.54256988107	-1733.67482565	
-5.5438745127	-1733.67469608	
-5.54517744448	-1733.67456685	
-5.54647868084	-1733.67443794	
-5.54777822618	-1733.67430936	
-5.5490760849	-1733.67418111	
-5.55037226136	-1733.67405318	
-5.55166675992	-1733.67392557	
-5.55295958492	-1733.67379829	
-5.55425074069	-1733.67367133	
-5.55554023152	-1733.6735447	
-5.5568280617	-1733.67341838	
-5.55811423551	-1733.67329237	
-5.5593987572	-1733.67316669	
-5.56068163102	-1733.67304132	
-5.56196286117	-1733.67291627	
-5.56324245188	-1733.67279153	
-5.56452040732	-1733.6726671	
-5.56579673168	-1733.67254298	
-5.56707142911	-1733.67241917	
-5.56834450376	-1733.67229567	
-5.56961595975	-1733.67217248	
-5.57088580119	-1733.67204959	
-5.57215403218	-1733.67192701	
-5.57342065679	-1733.67180473	
-5.5746856791	-1733.67168276	
-5.57594910315	-1733.67156109	
-5.57721093297	-1733.67143971	
-5.57847117258	-1733.67131864	
-5.57972982599	-1733.67119787	
-5.58098689718	-1733.67107739	
-5.58224239012	-1733.67095721	
-5.58349630878	-1733.67083733	
-5.5847486571	-1733.67071774	
-5.585999439	-1733.67059844	
-5.5872486584	-1733.67047944	
-5.5884963192	-1733.67036072	
-5.58974242528	-1733.6702423	
-5.59098698051	-1733.67012416	
-5.59222998875	-1733.67000631	
-5.59347145384	-1733.66988875	
-5.5947113796	-1733.66977147	
-5.59594976985	-1733.66965448	
-5.59718662839	-1733.66953777	
-5.598421959	-1733.66942135	
-5.59965576545	-1733.6693052	
-5.60088805149	-1733.66918934	
-5.60211882088	-1733.66907376	
-5.60334807733	-1733.66895845	
-5.60457582457	-1733.66884342	
-5.6058020663	-1733.66872867	
-5.60702680619	-1733.6686142	
-5.60825004793	-1733.66849999	
-5.60947179518	-1733.66838607	
-5.61069205159	-1733.66827241	
-5.61191082078	-1733.66815903	
-5.61312810639	-1733.66804591	
-5.61434391201	-1733.66793307	
-5.61555824124	-1733.6678205	
-5.61677109767	-1733.66770819	
-5.61798248485	-1733.66759615	
-5.61919240636	-1733.66748437	
-5.62040086572	-1733.66737286	
-5.62160786647	-1733.66726162	
-5.62281341212	-1733.66715063	
-5.62401750619	-1733.66703991	
-5.62522015215	-1733.66692945	
-5.6264213535	-1733.66681925	
-5.62762111369	-1733.66670931	
-5.62881943618	-1733.66659963	
-5.63001632442	-1733.66649021	
-5.63121178182	-1733.66638104	
-5.63240581181	-1733.66627213	
-5.6335984178	-1733.66616347	
-5.63478960317	-1733.66605507	
-5.6359793713	-1733.66594692	
-5.63716772557	-1733.66583902	
-5.63835466933	-1733.66573137	
-5.63954020593	-1733.66562397	
-5.64072433869	-1733.66551683	
-5.64190707094	-1733.66540993	
-5.64308840598	-1733.66530328	
-5.64426834712	-1733.66519688	
-5.64544689764	-1733.66509072	
-5.64662406082	-1733.66498481	
-5.64779983991	-1733.66487914	
-5.64897423816	-1733.66477371	
-5.65014725882	-1733.66466853	
-5.65131890512	-1733.66456359	
-5.65248918027	-1733.66445889	
-5.65365808747	-1733.66435443	
-5.65482562993	-1733.66425021	
-5.65599181082	-1733.66414623	
-5.65715663332	-1733.66404249	
-5.65832010058	-1733.66393898	
-5.65948221576	-1733.66383571	
-5.660642982	-1733.66373268	
-5.66180240242	-1733.66362988	
-5.66296048014	-1733.66352731	
-5.66411721826	-1733.66342498	
-5.66527261989	-1733.66332288	
-5.66642668811	-1733.66322101	
-5.66757942599	-1733.66311937	
-5.6687308366	-1733.66301796	
-5.66988092298	-1733.66291678	
-5.67102968818	-1733.66281583	
-5.67217713524	-1733.6627151	
-5.67332326717	-1733.6626146	
-5.67446808699	-1733.66251433	
-5.67561159769	-1733.66241428	
-5.67675380227	-1733.66231446	
-5.6778947037	-1733.66221486	
-5.67903430497	-1733.66211548	
-5.68017260902	-1733.66201633	
-5.6813096188	-1733.6619174	
-5.68244533727	-1733.66181869	
-5.68357976734	-1733.66172019	
-5.68471291194	-1733.66162192	
-5.68584477397	-1733.66152387	
-5.68697535634	-1733.66142603	
-5.68810466194	-1733.66132841	
-5.68923269364	-1733.66123101	
-5.69035945432	-1733.66113382	
-5.69148494685	-1733.66103685	
-5.69260917406	-1733.66094009	
-5.6937321388	-1733.66084355	
-5.69485384391	-1733.66074721	
-5.69597429221	-1733.66065109	
-5.69709348651	-1733.66055518	
-5.69821142961	-1733.66045949	
-5.69932812431	-1733.660364	
-5.70044357339	-1733.66026872	
-5.70155777963	-1733.66017365	
-5.7026707458	-1733.66007879	
-5.70378247466	-1733.65998413	
-5.70489296894	-1733.65988968	
-5.70600223139	-1733.65979544	
-5.70711026475	-1733.6597014	
-5.70821707172	-1733.65960757	
-5.70932265503	-1733.65951394	
-5.71042701737	-1733.65942052	
-5.71153016145	-1733.6593273	
-5.71263208993	-1733.65923427	
-5.71373280551	-1733.65914145	
-5.71483231084	-1733.65904884	
-5.71593060859	-1733.65895642	
-5.71702770141	-1733.6588642	
-5.71812359193	-1733.65877218	
-5.71921828279	-1733.65868035	
-5.72031177661	-1733.65858873	
-5.72140407601	-1733.6584973	
-5.72249518359	-1733.65840607	
-5.72358510195	-1733.65831503	
-5.72467383369	-1733.65822419	
-5.72576138137	-1733.65813354	
-5.72684774759	-1733.65804308	
-5.72793293489	-1733.65795282	
-5.72901694583	-1733.65786275	
-5.73009978297	-1733.65777288	
-5.73118144884	-1733.65768319	
-5.73226194598	-1733.65759369	
-5.7333412769	-1733.65750439	
-5.73441944412	-1733.65741527	
-5.73549645015	-1733.65732634	
-5.73657229748	-1733.65723761	
-5.73764698861	-1733.65714905	
-5.73872052602	-1733.65706069	
-5.73979291218	-1733.65697251	
-5.74086414956	-1733.65688452	
-5.74193424062	-1733.65679671	
-5.74300318781	-1733.65670909	
-5.74407099357	-1733.65662165	
-5.74513766034	-1733.6565344	
-5.74620319054	-1733.65644732	
-5.7472675866	-1733.65636043	
-5.74833085092	-1733.65627372	
-5.74939298591	-1733.6561872	
-5.75045399397	-1733.65610085	
-5.75151387748	-1733.65601469	
-5.75257263883	-1733.6559287	
-5.75363028038	-1733.65584289	
-5.75468680452	-1733.65575726	
-5.75574221359	-1733.65567181	
-5.75679650994	-1733.65558654	
-5.75784969593	-1733.65550144	
-5.75890177388	-1733.65541652	
-5.75995274612	-1733.65533177	
-5.76100261499	-1733.6552472	
-5.76205138278	-1733.6551628	
-5.76309905181	-1733.65507858	
-5.76414562438	-1733.65499453	
-5.76519110278	-1733.65491066	
-5.7662354893	-1733.65482695	
-5.76727878622	-1733.65474342	
-5.76832099579	-1733.65466006	
-5.7693621203	-1733.65457687	
-5.770402162	-1733.65449385	
-5.77144112313	-1733.654411	
-5.77247900594	-1733.65432832	
-5.77351581267	-1733.65424581	
-5.77455154554	-1733.65416347	
-5.77558620679	-1733.6540813	
-5.77661979861	-1733.65399929	
-5.77765232322	-1733.65391745	
-5.77868378283	-1733.65383577	
-5.77971417962	-1733.65375426	
-5.78074351579	-1733.65367292	
-5.78177179352	-1733.65359174	
-5.78279901497	-1733.65351072	
-5.78382518233	-1733.65342987	
-5.78485029774	-1733.65334918	
-5.78587436337	-1733.65326866	
-5.78689738137	-1733.65318829	
-5.78791935386	-1733.65310809	
-5.788940283	-1733.65302805	
-5.7899601709	-1733.65294817	
-5.79097901969	-1733.65286845	
-5.79199683148	-1733.65278889	
-5.79301360838	-1733.65270949	
-5.7940293525	-1733.65263025	
-5.79504406593	-1733.65255116	
-5.79605775077	-1733.65247224	
-5.79707040908	-1733.65239347	
-5.79808204295	-1733.65231486	
-5.79909265446	-1733.6522364	
-5.80010224566	-1733.65215811	
-5.80111081862	-1733.65207996	
-5.80211837538	-1733.65200198	
-5.80312491799	-1733.65192414	
-5.80413044849	-1733.65184646	
-5.80513496892	-1733.65176894	
-5.80613848129	-1733.65169156	
-5.80714098764	-1733.65161434	
-5.80814248998	-1733.65153728	
-5.80914299031	-1733.65146036	
