# log_p 	 lnL 	 
0.0	-1738.55630704	
-0.287682072452	-1738.55511081	
-0.510825623766	-1738.5617209	
-0.69314718056	-1738.56953565	
-0.847297860387	-1738.57659829	
-0.980829253012	-1738.58244159	
-1.09861228867	-1738.5871023	
-1.20397280433	-1738.59076496	
-1.29928298413	-1738.59363283	
-1.38629436112	-1738.59588493	
-1.46633706879	-1738.59766606	
-1.54044504095	-1738.59908853	
-1.60943791243	-1738.60023755	
-1.67397643357	-1738.60117695	
-1.73460105539	-1738.60195427	
-1.79175946923	-1738.60260483	
-1.8458266905	-1738.60315486	
-1.89711998489	-1738.6036239	
-1.94591014906	-1738.60402658	
-1.99243016469	-1738.60437389	
-2.03688192726	-1738.60467423	
-2.07944154168	-1738.60493401	
-2.1202635362	-1738.60515824	
-2.15948424935	-1738.60535087	
-2.19722457734	-1738.60551508	
-2.23359222151	-1738.60565347	
-2.26868354132	-1738.6057682	
-2.30258509299	-1738.60586111	
-2.33537491582	-1738.60593379	
-2.36712361413	-1738.60598765	
-2.3978952728	-1738.60602394	
-2.42774823595	-1738.60604381	
-2.45673577282	-1738.60604829	
-2.48490664979	-1738.60603834	
-2.51230562398	-1738.60601487	
-2.53897387106	-1738.60597871	
-2.56494935746	-1738.60593065	
-2.59026716545	-1738.60587144	
-2.61495977804	-1738.60580179	
-2.63905732962	-1738.60572236	
-2.66258782703	-1738.60563378	
-2.68557734525	-1738.60553666	
-2.7080502011	-1738.60543156	
-2.73002910782	-1738.60531903	
-2.75153531304	-1738.60519958	
-2.77258872224	-1738.60507369	
-2.79320800944	-1738.60494183	
-2.81341071676	-1738.60480443	
-2.83321334406	-1738.6046619	
-2.85263142991	-1738.60451465	
-2.87167962488	-1738.60436304	
-2.8903717579	-1738.60420741	
-2.90872089656	-1738.60404811	
-2.92673940207	-1738.60388545	
-2.94443897917	-1738.60371972	
-2.96183072188	-1738.60355119	
-2.97892515524	-1738.60338015	
-2.99573227355	-1738.60320682	
-3.01226157551	-1738.60303145	
-3.02852209638	-1738.60285426	
-3.04452243772	-1738.60267546	
-3.06027079469	-1738.60249524	
-3.07577498123	-1738.60231378	
-3.09104245336	-1738.60213127	
-3.10608033072	-1738.60194785	
-3.12089541651	-1738.60176368	
-3.13549421593	-1738.60157892	
-3.14988295338	-1738.60139368	
-3.16406758837	-1738.6012081	
-3.17805383035	-1738.6010223	
-3.19184715248	-1738.60083638	
-3.20545280454	-1738.60065045	
-3.21887582487	-1738.60046461	
-3.23212105162	-1738.60027895	
-3.24519313319	-1738.60009355	
-3.25809653802	-1738.59990849	
-3.2708355638	-1738.59972384	
-3.28341434601	-1738.59953967	
-3.295836866	-1738.59935606	
-3.3081069586	-1738.59917305	
-3.32022831913	-1738.5989907	
-3.33220451018	-1738.59880906	
-3.34403896782	-1738.59862818	
-3.35573500759	-1738.59844811	
-3.36729582999	-1738.59826889	
-3.37872452581	-1738.59809054	
-3.39002408106	-1738.59791311	
-3.40119738166	-1738.59773663	
-3.41224721785	-1738.59756113	
-3.42317628838	-1738.59738664	
-3.43398720449	-1738.59721317	
-3.4446824936	-1738.59704075	
-3.45526460293	-1738.5968694	
-3.4657359028	-1738.59669915	
-3.47609868984	-1738.59652999	
-3.48635519	-1738.59636196	
-3.49650756147	-1738.59619506	
-3.50655789732	-1738.59602931	
-3.51650822817	-1738.59586471	
-3.52636052462	-1738.59570127	
-3.53611669956	-1738.595539	
-3.54577861047	-1738.59537791	
-3.55534806149	-1738.595218	
-3.56482680544	-1738.59505927	
-3.57421654579	-1738.59490174	
-3.58351893846	-1738.5947454	
-3.59273559356	-1738.59459025	
-3.60186807712	-1738.59443629	
-3.61091791264	-1738.59428352	
-3.61988658263	-1738.59413195	
-3.62877553004	-1738.59398157	
-3.63758615973	-1738.59383237	
-3.6463198397	-1738.59368437	
-3.65497790244	-1738.59353754	
-3.66356164613	-1738.59339189	
-3.6720723358	-1738.59324742	
-3.68051120444	-1738.59310412	
-3.68887945411	-1738.59296198	
-3.69717825693	-1738.592821	
-3.70540875607	-1738.59268118	
-3.7135720667	-1738.5925425	
-3.72166927694	-1738.59240497	
-3.72970144863	-1738.59226856	
-3.73766961828	-1738.59213329	
-3.74557479779	-1738.59199914	
-3.75341797525	-1738.5918661	
-3.76120011569	-1738.59173417	
-3.76892216179	-1738.59160334	
-3.77658503453	-1738.59147359	
-3.78418963392	-1738.59134493	
-3.79173683955	-1738.59121735	
-3.79922751128	-1738.59109083	
-3.80666248977	-1738.59096537	
-3.81404259707	-1738.59084096	
-3.82136863716	-1738.59071759	
-3.82864139649	-1738.59059525	
-3.83586164446	-1738.59047394	
-3.84303013394	-1738.59035364	
-3.85014760171	-1738.59023436	
-3.85721476893	-1738.59011607	
-3.86423234159	-1738.58999876	
-3.87120101091	-1738.58988244	
-3.87812145375	-1738.5897671	
-3.88499433304	-1738.58965271	
-3.89182029811	-1738.58953928	
-3.8985999851	-1738.5894268	
-3.90533401728	-1738.58931525	
-3.91202300543	-1738.58920464	
-3.91866754815	-1738.58909494	
-3.92526823218	-1738.58898615	
-3.93182563272	-1738.58887827	
-3.93834031375	-1738.58877128	
-3.94481282825	-1738.58866518	
-3.95124371858	-1738.58855995	
-3.95763351668	-1738.58845559	
-3.96398274436	-1738.58835209	
-3.97029191355	-1738.58824944	
-3.97656152657	-1738.58814764	
-3.98279207632	-1738.58804667	
-3.98898404656	-1738.58794653	
-3.99513791214	-1738.58784721	
-4.00125413916	-1738.5877487	
-4.00733318523	-1738.58765099	
-4.01337549969	-1738.58755407	
-4.01938152375	-1738.58745794	
-4.02535169074	-1738.58736259	
-4.03128642625	-1738.58726801	
-4.03718614838	-1738.5871742	
-4.04305126783	-1738.58708114	
-4.04888218815	-1738.58698882	
-4.05467930583	-1738.58689725	
-4.06044301055	-1738.58680641	
-4.06617368526	-1738.5867163	
-4.07187170637	-1738.5866269	
-4.07753744391	-1738.58653822	
-4.08317126162	-1738.58645024	
-4.08877351717	-1738.58636295	
-4.09434456222	-1738.58627636	
-4.0998847426	-1738.58619044	
-4.10539439841	-1738.58610521	
-4.11087386417	-1738.58602064	
-4.11632346894	-1738.58593673	
-4.12174353641	-1738.58585348	
-4.12713438505	-1738.58577088	
-4.13249632819	-1738.58568892	
-4.13782967416	-1738.58560759	
-4.14313472639	-1738.58552689	
-4.14841178349	-1738.58544682	
-4.15366113938	-1738.58536736	
-4.15888308336	-1738.58528852	
-4.16407790024	-1738.58521027	
-4.1692458704	-1738.58513263	
-4.1743872699	-1738.58505557	
-4.17950237056	-1738.58497911	
-4.18459144007	-1738.58490322	
-4.18965474203	-1738.5848279	
-4.19469253606	-1738.58475316	
-4.19970507788	-1738.58467898	
-4.20469261939	-1738.58460535	
-4.20965540873	-1738.58453228	
-4.21459369037	-1738.58445975	
-4.21950770518	-1738.58438776	
-4.22439769047	-1738.5843163	
-4.22926388012	-1738.58424538	
-4.2341065046	-1738.58417498	
-4.23892579103	-1738.5841051	
-4.2437219633	-1738.58403573	
-4.24849524205	-1738.58396688	
-4.25324584481	-1738.58389852	
-4.257973986	-1738.58383067	
-4.26267987704	-1738.5837633	
-4.26736372635	-1738.58369643	
-4.27202573946	-1738.58363004	
-4.27666611902	-1738.58356413	
-4.28128506487	-1738.5834987	
-4.28588277412	-1738.58343373	
-4.29045944115	-1738.58336923	
-4.29501525768	-1738.5833052	
-4.29955041285	-1738.58324161	
-4.3040650932	-1738.58317848	
-4.30855948279	-1738.5831158	
-4.31303376319	-1738.58305356	
-4.31748811354	-1738.58299176	
-4.3219227106	-1738.58293039	
-4.32633772881	-1738.58286946	
-4.33073334029	-1738.58280895	
-4.33510971489	-1738.58274886	
-4.33946702026	-1738.58268919	
-4.34380542185	-1738.58262993	
-4.348125083	-1738.58257109	
-4.3524261649	-1738.58251265	
-4.35670882669	-1738.58245461	
-4.36097322548	-1738.58239697	
-4.36521951636	-1738.58233972	
-4.36944785247	-1738.58228287	
-4.373658385	-1738.5822264	
-4.37785126326	-1738.58217032	
-4.38202663467	-1738.58211462	
-4.38618464482	-1738.58205929	
-4.39032543749	-1738.58200433	
-4.39444915467	-1738.58194975	
-4.39855593663	-1738.58189553	
-4.40264592188	-1738.58184167	
-4.40671924726	-1738.58178818	
-4.41077604796	-1738.58173503	
-4.4148164575	-1738.58168224	
-4.4188406078	-1738.5816298	
-4.42284862919	-1738.58157771	
-4.42684065046	-1738.58152596	
-4.43081679884	-1738.58147454	
-4.43477720006	-1738.58142347	
-4.43872197835	-1738.58137272	
-4.44265125649	-1738.58132231	
-4.44656515581	-1738.58127222	
-4.45046379623	-1738.58122246	
-4.45434729625	-1738.58117302	
-4.45821577303	-1738.5811239	
-4.46206934235	-1738.5810751	
-4.46590811865	-1738.5810266	
-4.46973221509	-1738.58097842	
-4.47354174351	-1738.58093054	
-4.47733681448	-1738.58088297	
-4.48111753732	-1738.5808357	
-4.48488402011	-1738.58078873	
-4.48863636973	-1738.58074205	
-4.49237469184	-1738.58069567	
-4.49609909093	-1738.58064958	
-4.49980967033	-1738.58060378	
-4.50350653221	-1738.58055826	
-4.50718977763	-1738.58051302	
-4.51085950652	-1738.58046807	
-4.51451581772	-1738.5804234	
-4.518158809	-1738.580379	
-4.52178857705	-1738.58033487	
-4.52540521752	-1738.58029102	
-4.52900882502	-1738.58024743	
-4.53259949315	-1738.58020412	
-4.5361773145	-1738.58016106	
-4.53974238067	-1738.58011827	
-4.54329478227	-1738.58007573	
-4.54683460898	-1738.58003346	
-4.55036194949	-1738.57999144	
-4.5538768916	-1738.57994967	
-4.55737952215	-1738.57990815	
-4.56086992709	-1738.57986688	
-4.56434819147	-1738.57982586	
-4.56781439944	-1738.57978508	
-4.57126863431	-1738.57974455	
-4.5747109785	-1738.57970425	
-4.5781415136	-1738.5796642	
-4.58156032035	-1738.57962437	
-4.58496747867	-1738.57958479	
-4.58836306767	-1738.57954543	
-4.59174716566	-1738.57950631	
-4.59511985013	-1738.57946741	
-4.59848119784	-1738.57942875	
-4.60183128472	-1738.5793903	
-4.60517018599	-1738.57935208	
-4.60849797608	-1738.57931408	
-4.61181472871	-1738.5792763	
-4.61512051684	-1738.57923873	
-4.61841541274	-1738.57920138	
-4.62169948794	-1738.57916425	
-4.62497281328	-1738.57912733	
-4.62823545892	-1738.57909061	
-4.63148749431	-1738.57905411	
-4.63472898823	-1738.57901781	
-4.63796000881	-1738.57898172	
-4.64118062351	-1738.57894583	
-4.64439089914	-1738.57891014	
-4.64759090187	-1738.57887466	
-4.65078069724	-1738.57883937	
-4.65396035016	-1738.57880428	
-4.65712992492	-1738.57876938	
-4.66028948521	-1738.57873468	
-4.66343909411	-1738.57870017	
-4.66657881412	-1738.57866585	
-4.66970870713	-1738.57863172	
-4.67282883446	-1738.57859778	
-4.67593925688	-1738.57856402	
-4.67904003455	-1738.57853045	
-4.68213122712	-1738.57849707	
-4.68521289366	-1738.57846386	
-4.6882850927	-1738.57843084	
-4.69134788223	-1738.57839799	
-4.69440131972	-1738.57836532	
-4.6974454621	-1738.57833283	
-4.70048036579	-1738.57830051	
-4.70350608671	-1738.57826837	
-4.70652268025	-1738.5782364	
-4.70953020131	-1738.5782046	
-4.71252870431	-1738.57817297	
-4.71551824316	-1738.57814151	
-4.7184988713	-1738.57811021	
-4.72147064168	-1738.57807908	
-4.72443360681	-1738.57804812	
-4.72738781871	-1738.57801732	
-4.73033332894	-1738.57798668	
-4.73327018862	-1738.5779562	
-4.73619844839	-1738.57792588	
-4.7391181585	-1738.57789572	
-4.74202936871	-1738.57786571	
-4.74493212836	-1738.57783587	
-4.74782648639	-1738.57780617	
-4.75071249128	-1738.57777663	
-4.75359019111	-1738.57774725	
-4.75645963353	-1738.57771801	
-4.75932086582	-1738.57768892	
-4.7621739348	-1738.57765999	
-4.76501888693	-1738.5776312	
-4.76785576827	-1738.57760256	
-4.77068462447	-1738.57757406	
-4.77350550081	-1738.57754571	
-4.77631844218	-1738.5775175	
-4.77912349311	-1738.57748944	
-4.78192069773	-1738.57746152	
-4.78471009982	-1738.57743373	
-4.78749174278	-1738.57740609	
-4.79026566966	-1738.57737858	
-4.79303192316	-1738.57735122	
-4.7957905456	-1738.57732399	
-4.79854157897	-1738.57729689	
-4.80128506491	-1738.57726993	
-4.80402104473	-1738.5772431	
-4.80674955939	-1738.57721641	
-4.8094706495	-1738.57718985	
-4.81218435537	-1738.57716341	
-4.81489071697	-1738.57713711	
-4.81758977394	-1738.57711094	
-4.82028156561	-1738.57708489	
-4.82296613098	-1738.57705897	
-4.82564350875	-1738.57703318	
-4.8283137373	-1738.57700751	
-4.83097685472	-1738.57698197	
-4.83363289878	-1738.57695655	
-4.83628190695	-1738.57693125	
-4.83892391641	-1738.57690608	
-4.84155896405	-1738.57688102	
-4.84418708646	-1738.57685609	
-4.84680831994	-1738.57683128	
-4.84942270051	-1738.57680658	
-4.85203026392	-1738.576782	
-4.85463104562	-1738.57675754	
-4.8572250808	-1738.57673319	
-4.85981240436	-1738.57670896	
-4.86239305096	-1738.57668484	
-4.86496705495	-1738.57666084	
-4.86753445046	-1738.57663695	
-4.87009527132	-1738.57661317	
-4.87264955112	-1738.57658951	
-4.8751973232	-1738.57656595	
-4.87773862063	-1738.5765425	
-4.88027347623	-1738.57651917	
-4.88280192259	-1738.57649594	
-4.88532399202	-1738.57647281	
-4.88783971662	-1738.5764498	
-4.89034912822	-1738.57642689	
-4.89285225844	-1738.57640409	
-4.89534913864	-1738.57638139	
-4.89783979995	-1738.57635879	
-4.90032427328	-1738.5763363	
-4.90280258929	-1738.57631391	
-4.90527477844	-1738.57629163	
-4.90774087093	-1738.57626944	
-4.91020089677	-1738.57624735	
-4.91265488574	-1738.57622537	
-4.91510286737	-1738.57620348	
-4.91754487103	-1738.5761817	
-4.91998092583	-1738.57616001	
-4.92241106068	-1738.57613841	
-4.92483530429	-1738.57611692	
-4.92725368516	-1738.57609552	
-4.92966623156	-1738.57607422	
-4.93207297159	-1738.57605301	
-4.93447393313	-1738.57603189	
-4.93686914386	-1738.57601087	
-4.93925863125	-1738.57598994	
-4.94164242261	-1738.5759691	
-4.94402054501	-1738.57594836	
-4.94639302537	-1738.57592771	
-4.94875989038	-1738.57590714	
-4.95112116656	-1738.57588667	
-4.95347688026	-1738.57586629	
-4.9558270576	-1738.57584599	
-4.95817172456	-1738.57582579	
-4.96051090691	-1738.57580567	
-4.96284463026	-1738.57578564	
-4.96517292002	-1738.57576569	
-4.96749580144	-1738.57574584	
-4.96981329958	-1738.57572606	
-4.97212543933	-1738.57570638	
-4.97443224543	-1738.57568677	
-4.97673374242	-1738.57566725	
-4.97902995468	-1738.57564782	
-4.98132090643	-1738.57562846	
-4.98360662171	-1738.57560919	
-4.98588712441	-1738.57559	
-4.98816243824	-1738.5755709	
-4.99043258678	-1738.57555187	
-4.99269759341	-1738.57553292	
-4.99495748138	-1738.57551406	
-4.99721227376	-1738.57549527	
-4.9994619935	-1738.57547656	
-5.00170666335	-1738.57545793	
-5.00394630595	-1738.57543938	
-5.00618094375	-1738.57542091	
-5.00841059907	-1738.57540251	
-5.0106352941	-1738.57538419	
-5.01285505083	-1738.57536594	
-5.01506989116	-1738.57534777	
-5.01727983681	-1738.57532968	
-5.01948490937	-1738.57531166	
-5.02168513028	-1738.57529371	
-5.02388052085	-1738.57527584	
-5.02607110223	-1738.57525804	
-5.02825689545	-1738.57524032	
-5.03043792139	-1738.57522266	
-5.03261420082	-1738.57520508	
-5.03478575433	-1738.57518757	
-5.03695260241	-1738.57517014	
-5.03911476542	-1738.57515277	
-5.04127226356	-1738.57513547	
-5.04342511692	-1738.57511824	
-5.04557334546	-1738.57510108	
-5.047716969	-1738.575084	
-5.04985600725	-1738.57506698	
-5.05199047978	-1738.57505002	
-5.05412040604	-1738.57503314	
-5.05624580535	-1738.57501632	
-5.05836669692	-1738.57499957	
-5.06048309982	-1738.57498289	
-5.06259503303	-1738.57496627	
-5.06470251537	-1738.57494972	
-5.06680556556	-1738.57493324	
-5.06890420222	-1738.57491682	
-5.07099844382	-1738.57490046	
-5.07308830874	-1738.57488417	
-5.07517381523	-1738.57486794	
-5.07725498144	-1738.57485178	
-5.07933182538	-1738.57483568	
-5.08140436498	-1738.57481964	
-5.08347261805	-1738.57480366	
-5.08553660227	-1738.57478775	
-5.08759633523	-1738.5747719	
-5.08965183441	-1738.57475611	
-5.09170311719	-1738.57474038	
-5.09375020081	-1738.57472471	
-5.09579310244	-1738.57470911	
-5.09783183913	-1738.57469356	
-5.09986642782	-1738.57467807	
-5.10189688537	-1738.57466265	
-5.10392322852	-1738.57464728	
-5.1059454739	-1738.57463197	
-5.10796363806	-1738.57461671	
-5.10997773743	-1738.57460152	
-5.11198778836	-1738.57458638	
-5.11399380708	-1738.57457131	
-5.11599580975	-1738.57455629	
-5.11799381242	-1738.57454132	
-5.11998783102	-1738.57452641	
-5.12197788143	-1738.57451156	
-5.1239639794	-1738.57449676	
-5.12594614061	-1738.57448202	
-5.12792438062	-1738.57446734	
-5.12989871492	-1738.57445271	
-5.13186915891	-1738.57443813	
-5.13383572788	-1738.57442361	
-5.13579843705	-1738.57440914	
-5.13775730154	-1738.57439473	
-5.13971233637	-1738.57438037	
-5.1416635565	-1738.57436606	
-5.14361097679	-1738.57435181	
-5.145554612	-1738.57433761	
-5.14749447681	-1738.57432346	
-5.14943058584	-1738.57430936	
-5.15136295359	-1738.57429532	
-5.1532915945	-1738.57428132	
-5.15521652291	-1738.57426738	
-5.15713775309	-1738.57425349	
-5.15905529921	-1738.57423965	
-5.1609691754	-1738.57422586	
-5.16287939565	-1738.57421212	
-5.16478597392	-1738.57419842	
-5.16668892407	-1738.57418478	
-5.16858825987	-1738.57417119	
-5.17048399504	-1738.57415765	
-5.17237614319	-1738.57414415	
-5.17426471788	-1738.57413071	
-5.17614973257	-1738.57411731	
-5.17803120067	-1738.57410396	
-5.1799091355	-1738.57409066	
-5.18178355029	-1738.5740774	
-5.18365445823	-1738.5740642	
-5.1855218724	-1738.57405104	
-5.18738580584	-1738.57403792	
-5.18924627149	-1738.57402486	
-5.19110328224	-1738.57401184	
-5.19295685089	-1738.57399886	
-5.19480699018	-1738.57398593	
-5.19665371277	-1738.57397305	
-5.19849703127	-1738.57396021	
-5.20033695819	-1738.57394742	
-5.202173506	-1738.57393467	
-5.20400668708	-1738.57392197	
-5.20583651375	-1738.57390931	
-5.20766299828	-1738.57389669	
-5.20948615284	-1738.57388412	
-5.21130598956	-1738.57387159	
-5.21312252048	-1738.57385911	
-5.21493575761	-1738.57384667	
-5.21674571285	-1738.57383427	
-5.21855239808	-1738.57382192	
-5.22035582508	-1738.57380961	
-5.22215600558	-1738.57379734	
-5.22395295126	-1738.57378511	
-5.22574667371	-1738.57377292	
-5.22753718449	-1738.57376078	
-5.22932449506	-1738.57374868	
-5.23110861685	-1738.57373661	
-5.23288956123	-1738.57372459	
-5.23466733947	-1738.57371262	
-5.23644196283	-1738.57370068	
-5.23821344248	-1738.57368878	
-5.23998178954	-1738.57367692	
-5.24174701506	-1738.5736651	
-5.24350913005	-1738.57365333	
-5.24526814546	-1738.57364159	
-5.24702407216	-1738.57362989	
-5.24877692099	-1738.57361823	
-5.25052670271	-1738.57360661	
-5.25227342805	-1738.57359503	
-5.25401710765	-1738.57358349	
-5.25575775213	-1738.57357198	
-5.25749537203	-1738.57356052	
-5.25922997784	-1738.57354909	
-5.26096158	-1738.5735377	
-5.2626901889	-1738.57352635	
-5.26441581487	-1738.57351504	
-5.26613846818	-1738.57350376	
-5.26785815906	-1738.57349252	
-5.26957489768	-1738.57348132	
-5.27128869416	-1738.57347015	
-5.27299955856	-1738.57345902	
-5.27470750091	-1738.57344793	
-5.27641253116	-1738.57343687	
-5.27811465923	-1738.57342585	
-5.27981389498	-1738.57341487	
-5.28151024823	-1738.57340392	
-5.28320372874	-1738.57339301	
-5.28489434622	-1738.57338213	
-5.28658211033	-1738.57337129	
-5.28826703069	-1738.57336048	
-5.28994911688	-1738.57334971	
-5.2916283784	-1738.57333898	
-5.29330482472	-1738.57332827	
-5.29497846528	-1738.57331761	
-5.29664930945	-1738.57330697	
-5.29831736655	-1738.57329637	
-5.29998264587	-1738.57328581	
-5.30164515664	-1738.57327528	
-5.30330490806	-1738.57326478	
-5.30496190927	-1738.57325431	
-5.30661616936	-1738.57324388	
-5.3082676974	-1738.57323348	
-5.30991650239	-1738.57322312	
-5.3115625933	-1738.57321279	
-5.31320597904	-1738.57320249	
-5.3148466685	-1738.57319222	
-5.3164846705	-1738.57318199	
-5.31811999384	-1738.57317178	
-5.31975264727	-1738.57316161	
-5.32138263948	-1738.57315148	
-5.32300997914	-1738.57314137	
-5.32463467487	-1738.5731313	
-5.32625673524	-1738.57312125	
-5.32787616879	-1738.57311124	
-5.32949298402	-1738.57310126	
-5.33110718937	-1738.57309131	
-5.33271879327	-1738.57308139	
-5.33432780407	-1738.5730715	
-5.33593423012	-1738.57306165	
-5.3375380797	-1738.57305182	
-5.33913936107	-1738.57304202	
-5.34073808243	-1738.57303226	
-5.34233425196	-1738.57302252	
-5.3439278778	-1738.57301282	
-5.34551896803	-1738.57300314	
-5.34710753072	-1738.57299349	
-5.34869357387	-1738.57298388	
-5.35027710548	-1738.57297429	
-5.35185813348	-1738.57296473	
-5.35343666577	-1738.5729552	
-5.35501271022	-1738.5729457	
-5.35658627467	-1738.57293623	
-5.3581573669	-1738.57292679	
-5.35972599468	-1738.57291738	
-5.36129216571	-1738.57290799	
-5.36285588769	-1738.57289863	
-5.36441716825	-1738.57288931	
-5.36597601502	-1738.57288	
-5.36753243557	-1738.57287073	
-5.36908643744	-1738.57286149	
-5.37063802813	-1738.57285227	
-5.37218721511	-1738.57284308	
-5.37373400583	-1738.57283392	
-5.37527840768	-1738.57282479	
-5.37682042804	-1738.57281568	
-5.37836007422	-1738.5728066	
-5.37989735354	-1738.57279755	
-5.38143227326	-1738.57278852	
-5.38296484061	-1738.57277952	
-5.38449506279	-1738.57277055	
-5.38602294697	-1738.5727616	
-5.38754850028	-1738.57275268	
-5.38907172982	-1738.57274379	
-5.39059264266	-1738.57273492	
-5.39211124583	-1738.57272608	
-5.39362754635	-1738.57271727	
-5.39514155118	-1738.57270848	
-5.39665326727	-1738.57269971	
-5.39816270152	-1738.57269098	
-5.39966986081	-1738.57268226	
-5.40117475199	-1738.57267358	
-5.40267738187	-1738.57266491	
-5.40417775725	-1738.57265628	
-5.40567588487	-1738.57264767	
-5.40717177146	-1738.57263908	
-5.40866542372	-1738.57263052	
-5.4101568483	-1738.57262198	
-5.41164605186	-1738.57261347	
-5.41313304098	-1738.57260498	
-5.41461782224	-1738.57259652	
-5.4161004022	-1738.57258808	
-5.41758078737	-1738.57257967	
-5.41905898424	-1738.57257128	
-5.42053499927	-1738.57256291	
-5.42200883889	-1738.57255457	
-5.4234805095	-1738.57254625	
-5.42495001748	-1738.57253796	
-5.42641736918	-1738.57252968	
-5.4278825709	-1738.57252144	
-5.42934562895	-1738.57251321	
-5.43080654959	-1738.57250501	
-5.43226533906	-1738.57249683	
-5.43372200355	-1738.57248868	
-5.43517654927	-1738.57248055	
-5.43662898235	-1738.57247244	
-5.43807930892	-1738.57246435	
-5.4395275351	-1738.57245629	
-5.44097366695	-1738.57244825	
-5.44241771052	-1738.57244023	
-5.44385967184	-1738.57243224	
-5.4452995569	-1738.57242427	
-5.44673737167	-1738.57241632	
-5.44817312209	-1738.57240839	
-5.44960681409	-1738.57240048	
-5.45103845357	-1738.5723926	
-5.45246804638	-1738.57238473	
-5.45389559837	-1738.57237689	
-5.45532111536	-1738.57236908	
-5.45674460314	-1738.57236128	
-5.45816606749	-1738.5723535	
-5.45958551414	-1738.57234575	
-5.46100294883	-1738.57233802	
-5.46241837723	-1738.57233031	
-5.46383180503	-1738.57232262	
-5.46524323786	-1738.57231495	
-5.46665268137	-1738.5723073	
-5.46806014114	-1738.57229967	
-5.46946562274	-1738.57229206	
-5.47086913175	-1738.57228448	
-5.47227067367	-1738.57227691	
-5.47367025403	-1738.57226937	
-5.47506787829	-1738.57226185	
-5.47646355193	-1738.57225434	
-5.47785728038	-1738.57224686	
-5.47924906905	-1738.5722394	
-5.48063892334	-1738.57223196	
-5.48202684862	-1738.57222453	
-5.48341285022	-1738.57221713	
-5.48479693349	-1738.57220975	
-5.48617910372	-1738.57220239	
-5.48755936619	-1738.57219505	
-5.48893772616	-1738.57218772	
-5.49031418887	-1738.57218042	
-5.49168875953	-1738.57217314	
-5.49306144334	-1738.57216587	
-5.49443224547	-1738.57215863	
-5.49580117108	-1738.5721514	
-5.49716822529	-1738.5721442	
-5.49853341322	-1738.57213701	
-5.49989673995	-1738.57212984	
-5.50125821054	-1738.57212269	
-5.50261783006	-1738.57211556	
-5.50397560352	-1738.57210845	
-5.50533153593	-1738.57210136	
-5.50668563228	-1738.57209429	
-5.50803789753	-1738.57208723	
-5.50938833663	-1738.5720802	
-5.5107369545	-1738.57207318	
-5.51208375605	-1738.57206618	
-5.51342874616	-1738.5720592	
-5.51477192971	-1738.57205224	
-5.51611331154	-1738.57204529	
-5.51745289646	-1738.57203837	
-5.51879068931	-1738.57203146	
-5.52012669485	-1738.57202457	
-5.52146091786	-1738.5720177	
-5.5227933631	-1738.57201084	
-5.52412403528	-1738.57200401	
-5.52545293913	-1738.57199719	
-5.52678007934	-1738.57199039	
-5.52810546058	-1738.5719836	
-5.52942908751	-1738.57197684	
-5.53075096477	-1738.57197009	
-5.53207109697	-1738.57196336	
-5.53338948873	-1738.57195665	
-5.53470614461	-1738.57194995	
-5.53602106919	-1738.57194327	
-5.53733426702	-1738.57193661	
-5.53864574262	-1738.57192996	
-5.5399555005	-1738.57192333	
-5.54126354516	-1738.57191672	
-5.54256988107	-1738.57191013	
-5.5438745127	-1738.57190355	
-5.54517744448	-1738.57189699	
-5.54647868084	-1738.57189045	
-5.54777822618	-1738.57188392	
-5.5490760849	-1738.57187741	
-5.55037226136	-1738.57187092	
-5.55166675992	-1738.57186444	
-5.55295958492	-1738.57185798	
-5.55425074069	-1738.57185153	
-5.55554023152	-1738.5718451	
-5.5568280617	-1738.57183869	
-5.55811423551	-1738.57183229	
-5.5593987572	-1738.57182591	
-5.56068163102	-1738.57181955	
-5.56196286117	-1738.5718132	
-5.56324245188	-1738.57180687	
-5.56452040732	-1738.57180055	
-5.56579673168	-1738.57179425	
-5.56707142911	-1738.57178797	
-5.56834450376	-1738.5717817	
-5.56961595975	-1738.57177544	
-5.57088580119	-1738.5717692	
-5.57215403218	-1738.57176298	
-5.57342065679	-1738.57175677	
-5.5746856791	-1738.57175058	
-5.57594910315	-1738.5717444	
-5.57721093297	-1738.57173824	
-5.57847117258	-1738.5717321	
-5.57972982599	-1738.57172597	
-5.58098689718	-1738.57171985	
-5.58224239012	-1738.57171375	
-5.58349630878	-1738.57170766	
-5.5847486571	-1738.57170159	
-5.585999439	-1738.57169553	
-5.5872486584	-1738.57168949	
-5.5884963192	-1738.57168347	
-5.58974242528	-1738.57167745	
-5.59098698051	-1738.57167146	
-5.59222998875	-1738.57166547	
-5.59347145384	-1738.57165951	
-5.5947113796	-1738.57165355	
-5.59594976985	-1738.57164761	
-5.59718662839	-1738.57164169	
-5.598421959	-1738.57163578	
-5.59965576545	-1738.57162988	
-5.60088805149	-1738.571624	
-5.60211882088	-1738.57161813	
-5.60334807733	-1738.57161228	
-5.60457582457	-1738.57160644	
-5.6058020663	-1738.57160061	
-5.60702680619	-1738.5715948	
-5.60825004793	-1738.571589	
-5.60947179518	-1738.57158322	
-5.61069205159	-1738.57157745	
-5.61191082078	-1738.57157169	
-5.61312810639	-1738.57156595	
-5.61434391201	-1738.57156022	
-5.61555824124	-1738.57155451	
-5.61677109767	-1738.57154881	
-5.61798248485	-1738.57154312	
-5.61919240636	-1738.57153744	
-5.62040086572	-1738.57153178	
-5.62160786647	-1738.57152614	
-5.62281341212	-1738.5715205	
-5.62401750619	-1738.57151488	
-5.62522015215	-1738.57150927	
-5.6264213535	-1738.57150368	
-5.62762111369	-1738.5714981	
-5.62881943618	-1738.57149253	
-5.63001632442	-1738.57148697	
-5.63121178182	-1738.57148143	
-5.63240581181	-1738.5714759	
-5.6335984178	-1738.57147039	
-5.63478960317	-1738.57146488	
-5.6359793713	-1738.57145939	
-5.63716772557	-1738.57145392	
-5.63835466933	-1738.57144845	
-5.63954020593	-1738.571443	
-5.64072433869	-1738.57143756	
-5.64190707094	-1738.57143213	
-5.64308840598	-1738.57142672	
-5.64426834712	-1738.57142132	
-5.64544689764	-1738.57141593	
-5.64662406082	-1738.57141055	
-5.64779983991	-1738.57140519	
-5.64897423816	-1738.57139984	
-5.65014725882	-1738.5713945	
-5.65131890512	-1738.57138917	
-5.65248918027	-1738.57138385	
-5.65365808747	-1738.57137855	
-5.65482562993	-1738.57137326	
-5.65599181082	-1738.57136798	
-5.65715663332	-1738.57136272	
-5.65832010058	-1738.57135746	
-5.65948221576	-1738.57135222	
-5.660642982	-1738.57134699	
-5.66180240242	-1738.57134177	
-5.66296048014	-1738.57133656	
-5.66411721826	-1738.57133137	
-5.66527261989	-1738.57132619	
-5.66642668811	-1738.57132101	
-5.66757942599	-1738.57131586	
-5.6687308366	-1738.57131071	
-5.66988092298	-1738.57130557	
-5.67102968818	-1738.57130045	
-5.67217713524	-1738.57129533	
-5.67332326717	-1738.57129023	
-5.67446808699	-1738.57128514	
-5.67561159769	-1738.57128006	
-5.67675380227	-1738.571275	
-5.6778947037	-1738.57126994	
-5.67903430497	-1738.5712649	
-5.68017260902	-1738.57125986	
-5.6813096188	-1738.57125484	
-5.68244533727	-1738.57124983	
-5.68357976734	-1738.57124483	
-5.68471291194	-1738.57123984	
-5.68584477397	-1738.57123486	
-5.68697535634	-1738.5712299	
-5.68810466194	-1738.57122494	
-5.68923269364	-1738.57122	
-5.69035945432	-1738.57121507	
-5.69148494685	-1738.57121014	
-5.69260917406	-1738.57120523	
-5.6937321388	-1738.57120033	
-5.69485384391	-1738.57119544	
-5.69597429221	-1738.57119056	
-5.69709348651	-1738.57118569	
-5.69821142961	-1738.57118084	
-5.69932812431	-1738.57117599	
-5.70044357339	-1738.57117115	
-5.70155777963	-1738.57116633	
-5.7026707458	-1738.57116151	
-5.70378247466	-1738.57115671	
-5.70489296894	-1738.57115191	
-5.70600223139	-1738.57114713	
-5.70711026475	-1738.57114236	
-5.70821707172	-1738.57113759	
-5.70932265503	-1738.57113284	
-5.71042701737	-1738.5711281	
-5.71153016145	-1738.57112337	
-5.71263208993	-1738.57111865	
-5.71373280551	-1738.57111393	
-5.71483231084	-1738.57110923	
-5.71593060859	-1738.57110454	
-5.71702770141	-1738.57109986	
-5.71812359193	-1738.57109519	
-5.71921828279	-1738.57109053	
-5.72031177661	-1738.57108588	
-5.72140407601	-1738.57108124	
-5.72249518359	-1738.57107661	
-5.72358510195	-1738.57107199	
-5.72467383369	-1738.57106738	
-5.72576138137	-1738.57106278	
-5.72684774759	-1738.57105819	
-5.72793293489	-1738.5710536	
-5.72901694583	-1738.57104903	
-5.73009978297	-1738.57104447	
-5.73118144884	-1738.57103992	
-5.73226194598	-1738.57103538	
-5.7333412769	-1738.57103084	
-5.73441944412	-1738.57102632	
-5.73549645015	-1738.57102181	
-5.73657229748	-1738.5710173	
-5.73764698861	-1738.57101281	
-5.73872052602	-1738.57100833	
-5.73979291218	-1738.57100385	
-5.74086414956	-1738.57099938	
-5.74193424062	-1738.57099493	
-5.74300318781	-1738.57099048	
-5.74407099357	-1738.57098604	
-5.74513766034	-1738.57098162	
-5.74620319054	-1738.5709772	
-5.7472675866	-1738.57097279	
-5.74833085092	-1738.57096839	
-5.74939298591	-1738.57096399	
-5.75045399397	-1738.57095961	
-5.75151387748	-1738.57095524	
-5.75257263883	-1738.57095088	
-5.75363028038	-1738.57094652	
-5.75468680452	-1738.57094218	
-5.75574221359	-1738.57093784	
-5.75679650994	-1738.57093351	
-5.75784969593	-1738.57092919	
-5.75890177388	-1738.57092488	
-5.75995274612	-1738.57092058	
-5.76100261499	-1738.57091629	
-5.76205138278	-1738.57091201	
-5.76309905181	-1738.57090773	
-5.76414562438	-1738.57090347	
-5.76519110278	-1738.57089921	
-5.7662354893	-1738.57089496	
-5.76727878622	-1738.57089072	
-5.76832099579	-1738.57088649	
-5.7693621203	-1738.57088227	
-5.770402162	-1738.57087806	
-5.77144112313	-1738.57087386	
-5.77247900594	-1738.57086966	
-5.77351581267	-1738.57086547	
-5.77455154554	-1738.57086129	
-5.77558620679	-1738.57085712	
-5.77661979861	-1738.57085296	
-5.77765232322	-1738.57084881	
-5.77868378283	-1738.57084467	
-5.77971417962	-1738.57084053	
-5.78074351579	-1738.5708364	
-5.78177179352	-1738.57083228	
-5.78279901497	-1738.57082817	
-5.78382518233	-1738.57082407	
-5.78485029774	-1738.57081997	
-5.78587436337	-1738.57081589	
-5.78689738137	-1738.57081181	
-5.78791935386	-1738.57080774	
-5.788940283	-1738.57080368	
-5.7899601709	-1738.57079963	
-5.79097901969	-1738.57079558	
-5.79199683148	-1738.57079154	
-5.79301360838	-1738.57078752	
-5.7940293525	-1738.57078349	
-5.79504406593	-1738.57077948	
-5.79605775077	-1738.57077548	
-5.79707040908	-1738.57077148	
-5.79808204295	-1738.57076749	
-5.79909265446	-1738.57076351	
-5.80010224566	-1738.57075954	
-5.80111081862	-1738.57075557	
-5.80211837538	-1738.57075162	
-5.80312491799	-1738.57074767	
-5.80413044849	-1738.57074373	
-5.80513496892	-1738.57073979	
-5.80613848129	-1738.57073587	
-5.80714098764	-1738.57073195	
-5.80814248998	-1738.57072804	
-5.80914299031	-1738.57072414	
