#Site	lnL	
0	-9.65109345813
1	-6.2365712971
2	-1.46674906074
3	-5.19321964853
4	-1.91376188965
5	-1.50240802632
6	-1.93426143107
7	-1.74347723449
8	-1.62700160139
9	-1.63201540108
10	-1.74347723449
11	-1.46674906074
12	-1.93426143107
13	-1.87076258019
14	-1.46674906074
15	-1.63201540108
16	-4.69208573113
17	-6.30221639805
18	-1.75240943975
19	-1.91376188965
20	-7.85905781988
21	-4.85766913235
22	-6.49378084908
23	-1.36273072163
24	-1.93426143107
25	-5.91961416424
26	-7.24335658012
27	-1.75240943975
28	-5.33079463304
29	-6.84520149156
30	-1.79323011421
31	-1.87076258019
32	-5.99329831572
33	-1.63201540108
34	-4.68718366871
35	-6.61221808992
36	-1.79323011421
37	-9.95008212825
38	-5.98165111719
39	-7.69170306173
40	-1.74347723449
41	-1.50240802632
42	-9.64687787582
43	-1.91376188965
44	-1.36273072163
45	-6.35647643088
46	-1.91376188965
47	-1.36273072163
48	-1.63201540108
49	-1.87076258019
50	-1.36273072163
51	-1.75240943975
52	-1.91376188965
53	-13.1625377484
54	-1.93426143107
55	-1.74347723449
56	-6.61690650004
57	-1.75240943975
58	-5.34481377418
59	-1.36273072163
60	-1.63201540108
61	-6.54312474531
62	-13.3543705422
63	-1.63201540108
64	-1.74347723449
65	-1.62700160139
66	-1.63201540108
67	-5.58254429803
68	-1.46674906074
69	-1.75240943975
70	-7.73981760251
71	-7.46582174165
72	-1.75240943975
73	-6.22863668455
74	-1.50240802632
75	-1.63201540108
76	-2.06175203435
77	-1.62700160139
78	-12.5239030081
79	-4.98708708479
80	-1.36273072163
81	-1.63201540108
82	-2.06175203435
83	-1.46674906074
84	-5.50127274834
85	-6.58544422215
86	-1.50240802632
87	-8.00720162317
88	-1.91376188965
89	-1.50240802632
90	-1.79323011421
91	-1.74347723449
92	-1.50240802632
93	-1.93426143107
94	-1.87076258019
95	-1.50240802632
96	-5.19321964853
97	-4.99206618347
98	-7.23680340875
99	-4.85659844255
100	-1.74347723449
101	-7.84665587144
102	-5.81118841318
103	-5.62103287331
104	-1.36273072163
105	-1.79323011421
106	-4.68718366871
107	-5.99329831572
108	-1.93426143107
109	-1.74347723449
110	-1.46674906074
111	-6.0494521506
112	-1.74347723449
113	-1.62700160139
114	-1.75240943975
115	-1.87076258019
116	-1.36273072163
117	-4.85766913235
118	-1.91376188965
119	-8.39108547174
120	-1.79323011421
121	-2.06175203435
122	-1.50240802632
123	-6.11933928824
124	-4.98708708479
125	-1.36273072163
126	-1.79323011421
127	-1.87076258019
128	-6.83905497387
129	-1.75240943975
130	-1.87076258019
131	-7.72947378345
132	-1.75240943975
133	-1.74347723449
134	-1.62700160139
135	-5.77239174876
136	-1.91376188965
137	-8.25223915893
138	-8.63100405054
139	-7.52196338087
140	-5.96609096696
141	-5.16493082043
142	-1.91376188965
143	-6.27839720307
144	-1.93426143107
145	-1.91376188965
146	-11.0766728546
147	-1.63201540108
148	-1.91376188965
149	-1.62700160139
150	-1.63201540108
151	-1.74347723449
152	-6.58497119139
153	-1.75240943975
154	-5.86543092526
155	-6.60048010558
156	-6.98683837705
157	-1.87076258019
158	-1.62700160139
159	-5.44326401914
160	-7.77832786369
161	-1.50240802632
162	-1.79323011421
163	-1.91376188965
164	-1.36273072163
165	-1.75240943975
166	-4.99213228716
167	-1.62700160139
168	-1.79323011421
169	-6.54312474531
170	-8.79127870698
171	-1.93426143107
172	-1.87076258019
173	-6.60048010558
174	-6.0494521506
175	-6.26254510605
176	-8.39108547174
177	-1.75240943975
178	-4.68718366871
179	-1.50240802632
180	-1.79323011421
181	-2.06175203435
182	-1.36273072163
183	-1.93426143107
184	-5.86543092526
185	-1.50240802632
186	-1.63201540108
187	-7.25244319706
188	-1.46674906074
189	-1.75240943975
190	-5.0287751733
191	-1.62700160139
192	-1.75240943975
193	-8.99188345273
194	-1.46674906074
195	-6.08543086675
196	-1.87076258019
197	-1.62700160139
198	-1.63201540108
199	-8.03062222584
200	-1.62700160139
201	-5.16493082043
202	-1.87076258019
203	-1.36273072163
204	-1.79323011421
205	-1.87076258019
206	-1.50240802632
207	-1.75240943975
208	-1.91376188965
209	-16.8996196178
210	-1.63201540108
211	-1.87076258019
212	-7.15646846226
213	-5.15638002948
214	-2.06175203435
215	-8.21997649432
216	-1.79323011421
217	-4.99206618347
218	-1.36273072163
219	-1.63201540108
220	-2.06175203435
221	-6.30221639805
222	-1.79323011421
223	-1.74347723449
224	-1.62700160139
225	-1.79323011421
226	-1.91376188965
227	-1.50240802632
228	-5.81118841318
229	-5.94312180078
230	-1.46674906074
231	-1.79323011421
232	-6.58544422215
233	-1.46674906074
234	-5.49999689264
235	-12.8584821029
236	-12.0017746757
237	-4.90304364423
238	-5.0287751733
239	-1.36273072163
240	-1.63201540108
241	-2.06175203435
242	-5.99329831572
243	-1.93426143107
244	-1.74347723449
245	-1.46674906074
246	-6.74880035103
247	-1.91376188965
248	-1.50240802632
249	-1.63201540108
250	-1.74347723449
251	-6.90206933944
252	-7.96457603493
253	-1.87076258019
254	-8.45234737874
255	-1.63201540108
256	-1.74347723449
257	-1.46674906074
258	-9.75287013519
259	-7.78718415305
260	-6.30221639805
261	-5.16493082043
262	-1.91376188965
263	-1.36273072163
264	-1.63201540108
265	-6.19451400043
266	-12.3137660657
267	-1.75240943975
268	-7.18236578399
269	-8.6139797927
270	-1.63201540108
271	-7.6682193923
272	-5.96609096696
273	-6.14518710568
274	-1.91376188965
275	-1.36273072163
276	-4.85659844255
277	-1.74347723449
278	-1.36273072163
279	-1.63201540108
280	-6.54312474531
281	-1.50240802632
282	-5.79761153767
283	-11.4737122127
284	-1.36273072163
285	-6.08543086675
286	-1.74347723449
287	-6.93722093921
288	-1.75240943975
289	-2.06175203435
290	-1.50240802632
291	-1.79323011421
292	-7.50488189624
293	-1.46674906074
294	-1.79323011421
295	-1.91376188965
296	-1.62700160139
297	-1.79323011421
298	-1.91376188965
299	-8.90612366856
300	-1.93426143107
301	-2.06175203435
302	-7.83143189673
303	-1.93426143107
304	-1.91376188965
305	-1.50240802632
306	-1.75240943975
307	-11.8794917797
308	-7.23680340875
309	-5.49425942065
310	-5.34481377418
311	-6.58497119139
312	-5.16022433295
313	-1.87076258019
314	-6.27839720307
315	-5.44326401914
316	-1.91376188965
317	-1.36273072163
318	-8.27882320826
319	-1.74347723449
320	-1.50240802632
321	-1.75240943975
322	-2.06175203435
323	-6.61690650004
324	-1.93426143107
325	-5.28964454164
326	-1.62700160139
327	-4.90304364423
328	-1.91376188965
329	-7.73119953504
330	-6.3823960068
331	-1.87076258019
332	-1.46674906074
333	-1.63201540108
334	-5.58254429803
335	-1.46674906074
336	-1.63201540108
337	-1.74347723449
338	-13.714325965
339	-8.11413258017
340	-6.54312474531
341	-1.50240802632
342	-1.79323011421
343	-1.87076258019
344	-9.66134232628
345	-5.16493082043
346	-2.06175203435
347	-1.62700160139
348	-1.75240943975
349	-4.98708708479
350	-1.62700160139
351	-1.79323011421
352	-5.58254429803
353	-11.0944634867
354	-1.63201540108
355	-5.88359029008
356	-7.45927251555
357	-1.93426143107
358	-10.181440072
359	-1.50240802632
360	-1.75240943975
361	-1.91376188965
362	-1.36273072163
363	-1.75240943975
364	-1.74347723449
365	-6.90206933944
366	-1.63201540108
367	-5.0287751733
368	-6.60048010558
369	-1.93426143107
370	-1.74347723449
371	-6.27738760591
372	-1.63201540108
373	-5.91961416424
374	-1.46674906074
375	-1.93426143107
376	-2.06175203435
377	-1.36273072163
378	-7.26485035299
379	-6.78915878262
380	-6.29478851389
381	-1.93426143107
382	-1.87076258019
383	-1.36273072163
384	-10.6479941821
385	-5.33115209838
386	-6.89943174835
387	-1.63201540108
388	-1.74347723449
389	-5.96609096696
390	-1.75240943975
391	-5.90575280374
392	-1.46674906074
393	-1.75240943975
394	-1.87076258019
395	-1.36273072163
396	-1.75240943975
397	-2.06175203435
398	-1.62700160139
399	-1.79323011421
400	-6.22863668455
401	-5.96767410061
402	-1.93426143107
403	-1.91376188965
404	-1.46674906074
405	-1.63201540108
406	-1.74347723449
407	-8.35547384402
408	-1.75240943975
409	-5.63879831299
410	-1.50240802632
411	-9.63484656954
412	-1.74347723449
413	-6.29478851389
414	-1.79323011421
415	-1.91376188965
416	-1.50240802632
417	-1.79323011421
418	-6.47669877049
419	-1.36273072163
420	-9.19816355921
421	-1.74347723449
422	-1.46674906074
423	-1.75240943975
424	-4.98708708479
425	-5.96609096696
426	-1.79323011421
427	-2.06175203435
428	-7.20289498725
429	-1.93426143107
430	-1.74347723449
431	-1.50240802632
432	-1.63201540108
433	-1.87076258019
434	-1.36273072163
435	-1.75240943975
436	-6.19451400043
437	-7.46582174165
438	-1.63201540108
439	-6.58544422215
440	-1.36273072163
441	-1.93426143107
442	-1.87076258019
443	-1.46674906074
444	-1.75240943975
445	-6.19451400043
446	-5.96767410061
447	-1.75240943975
448	-1.87076258019
449	-1.50240802632
450	-1.75240943975
451	-2.06175203435
452	-1.46674906074
453	-1.75240943975
454	-1.74347723449
455	-7.15646846226
456	-1.79323011421
457	-1.91376188965
458	-1.50240802632
459	-1.75240943975
460	-2.06175203435
461	-1.62700160139
462	-5.44326401914
463	-2.06175203435
464	-8.23190825539
465	-1.79323011421
466	-1.87076258019
467	-6.83905497387
468	-1.93426143107
469	-5.86543092526
470	-1.46674906074
