#Site	lnL	
0	-1.58764859998
1	-5.57189107103
2	-5.41267215987
3	-1.58168636605
4	-10.1878331947
5	-7.39360380637
6	-9.74691954928
7	-7.5658968456
8	-7.1397997727
9	-10.501388679
10	-6.29646470824
11	-8.10321373243
12	-2.07708808739
13	-8.89464048211
14	-6.10494454753
15	-1.58168636605
16	-1.76446290362
17	-11.3741082912
18	-2.07708808739
19	-1.74891276627
20	-1.7228278095
21	-1.79050682765
22	-1.98480435861
23	-1.70951812915
24	-1.58168636605
25	-12.6679349282
26	-1.70951812915
27	-1.79050682765
28	-2.28252155925
29	-4.51723311366
30	-1.58168636605
31	-1.74891276627
32	-8.69572670921
33	-2.07708808739
34	-9.0028293864
35	-1.7228278095
36	-1.58168636605
37	-1.98480435861
38	-1.7228278095
39	-15.2193471058
40	-4.77987542429
41	-2.23406158855
42	-1.58168636605
43	-7.4605079063
44	-1.70951812915
45	-1.79050682765
46	-8.16324139072
47	-7.39522777716
48	-1.58764859998
49	-8.4202491416
50	-5.98277597462
51	-5.3697237361
52	-6.61867702957
53	-1.93902270518
54	-1.79050682765
55	-1.74891276627
56	-6.02711007317
57	-6.72820444597
58	-2.28252155925
59	-4.73807764086
60	-2.07708808739
61	-2.28252155925
62	-5.36379487686
63	-1.58764859998
64	-7.81325805577
65	-4.4792682251
66	-1.58764859998
67	-1.76446290362
68	-2.23406158855
69	-1.58764859998
70	-1.76446290362
71	-8.60857061201
72	-8.1339537713
73	-6.97686684889
74	-1.70951812915
75	-1.79050682765
76	-7.86008902598
77	-2.23406158855
78	-5.569936944
79	-1.98480435861
80	-1.93902270518
81	-1.58168636605
82	-5.5979437743
83	-6.10494454753
84	-7.39940717642
85	-1.98480435861
86	-7.01535798103
87	-1.79050682765
88	-1.76446290362
89	-1.7228278095
90	-1.58168636605
91	-2.28252155925
92	-7.03992458035
93	-1.58168636605
94	-5.5979437743
95	-4.82111540994
96	-7.5807600285
97	-8.89464048211
98	-5.52848885323
99	-1.58168636605
100	-1.74891276627
101	-8.06187527449
102	-1.58764859998
103	-7.96419642647
104	-4.82111540994
105	-6.52785620875
106	-1.98480435861
107	-7.82869920497
108	-1.79050682765
109	-1.74891276627
110	-1.7228278095
111	-1.58764859998
112	-5.14957774053
113	-8.16116545699
114	-5.69149151829
115	-5.99151756079
116	-12.0756940768
117	-1.58168636605
118	-9.00562651311
119	-1.7228278095
120	-5.83310469373
121	-1.98480435861
122	-1.7228278095
123	-2.07708808739
124	-1.76446290362
125	-4.51723311366
126	-6.39567523206
127	-5.17861025544
128	-6.49581598402
129	-2.07708808739
130	-1.98480435861
131	-5.40634856333
132	-1.58764859998
133	-1.74891276627
134	-6.8308630384
135	-2.07708808739
136	-1.76446290362
137	-8.25531610446
138	-1.58764859998
139	-7.34326124223
140	-4.98902261067
141	-1.79050682765
142	-6.33539698768
143	-1.7228278095
144	-4.69283115683
145	-8.47159964626
146	-4.96986535009
147	-1.58764859998
148	-4.68953351844
149	-2.23406158855
150	-1.58168636605
151	-1.98480435861
152	-7.82869920497
153	-7.87077548911
154	-1.98480435861
155	-1.93902270518
156	-1.58168636605
157	-2.28252155925
158	-5.98277597462
159	-6.71032564689
160	-1.76446290362
161	-5.9010362615
162	-7.15185399518
163	-1.74891276627
164	-9.73285625563
165	-5.40945514452
166	-1.74891276627
167	-4.51723311366
168	-1.58168636605
169	-7.34742466685
170	-8.00313305599
171	-2.07708808739
172	-2.28252155925
173	-5.93318774516
174	-1.79050682765
175	-5.88544149887
176	-1.7228278095
177	-1.58764859998
178	-1.98480435861
179	-8.06187527449
180	-4.72000589254
181	-1.76446290362
182	-2.23406158855
183	-1.79050682765
184	-1.98480435861
185	-1.93902270518
186	-1.79050682765
187	-2.28252155925
188	-6.83581304654
189	-2.07708808739
190	-4.47378458259
191	-1.93902270518
192	-1.58168636605
193	-5.66855850706
194	-4.51723311366
195	-8.21755762404
196	-1.76446290362
197	-1.7228278095
198	-5.40945514452
199	-1.76446290362
200	-8.17311315794
201	-2.07708808739
202	-5.14957774053
203	-2.23406158855
204	-5.6798683435
205	-1.76446290362
206	-1.7228278095
207	-5.89827125751
208	-1.76446290362
209	-1.7228278095
210	-5.73426830116
211	-1.74891276627
212	-7.80765787436
213	-1.79050682765
214	-1.74891276627
215	-1.7228278095
216	-2.07708808739
217	-1.76446290362
218	-6.94423130227
219	-2.07708808739
220	-2.28252155925
221	-5.9010362615
222	-1.58764859998
223	-1.76446290362
224	-1.70951812915
225	-1.58764859998
226	-6.48624378014
227	-7.19328359584
228	-2.07708808739
229	-5.5727543437
230	-1.70951812915
231	-1.58168636605
232	-1.76446290362
233	-7.38885132797
234	-1.79050682765
235	-1.74891276627
236	-5.40634856333
237	-1.58764859998
238	-7.67366457291
239	-6.33412655471
240	-1.58764859998
241	-7.34742466685
242	-1.70951812915
243	-6.10420665954
244	-1.98480435861
245	-6.02711007317
246	-2.07708808739
247	-6.33539698768
248	-1.7228278095
249	-1.79050682765
250	-8.56477254274
251	-5.72897917636
252	-1.58764859998
253	-6.19098416348
254	-5.46936701455
255	-1.58168636605
256	-1.74891276627
257	-1.70951812915
258	-1.79050682765
259	-5.17861025544
260	-1.70951812915
261	-1.58168636605
262	-2.28252155925
263	-1.7228278095
264	-1.58764859998
265	-1.76446290362
266	-1.70951812915
267	-1.79050682765
268	-1.98480435861
269	-2.23406158855
270	-1.58764859998
271	-5.84692248119
272	-2.23406158855
273	-2.07708808739
274	-1.74891276627
275	-1.93902270518
276	-1.58764859998
277	-1.74891276627
278	-9.00812980438
279	-1.58168636605
280	-6.19098416348
281	-1.7228278095
282	-5.41825849233
283	-1.98480435861
284	-5.86963135732
285	-6.10420665954
286	-1.74891276627
287	-1.7228278095
288	-6.39567523206
289	-2.28252155925
290	-2.23406158855
291	-2.07708808739
292	-1.74891276627
293	-5.93318774516
294	-5.9548345745
295	-1.98480435861
296	-2.23406158855
297	-5.60019910757
298	-10.0676654305
299	-8.27719689121
300	-1.58168636605
301	-1.76446290362
302	-1.70951812915
303	-1.79050682765
304	-5.17861025544
305	-1.7228278095
306	-1.79050682765
307	-6.06259423093
308	-1.93902270518
309	-1.58764859998
310	-1.74891276627
311	-1.7228278095
312	-5.9548345745
313	-1.74891276627
314	-1.7228278095
315	-5.9548345745
316	-4.91800743849
317	-1.93902270518
318	-1.79050682765
319	-1.76446290362
320	-9.62294546957
321	-1.58764859998
322	-1.74891276627
323	-1.70951812915
324	-1.58764859998
325	-1.74891276627
326	-1.7228278095
327	-1.79050682765
328	-1.98480435861
329	-1.70951812915
330	-5.569936944
331	-5.08798754043
332	-1.7228278095
333	-2.07708808739
334	-1.74891276627
335	-7.01535798103
336	-6.52785620875
337	-1.98480435861
338	-13.5583698813
339	-1.58168636605
340	-4.91800743849
341	-1.7228278095
342	-6.18787787933
343	-6.29646470824
344	-1.7228278095
345	-1.58168636605
346	-1.74891276627
347	-4.4792682251
348	-7.80224474071
349	-2.28252155925
350	-2.23406158855
351	-5.43771910579
352	-4.43249157198
353	-1.93902270518
354	-1.58168636605
355	-5.42796367236
356	-1.7228278095
357	-1.58764859998
358	-4.43249157198
359	-7.03992458035
360	-6.59009603923
361	-5.17861025544
362	-4.96986535009
363	-1.58764859998
364	-1.98480435861
365	-6.03961145927
366	-1.79050682765
367	-5.42000245593
368	-6.03961145927
369	-1.58764859998
370	-10.0812105809
371	-1.70951812915
372	-6.25728031995
373	-1.76446290362
374	-6.52859409673
375	-2.07708808739
376	-4.77987542429
377	-7.09188135509
378	-1.58168636605
379	-6.29646470824
380	-2.23406158855
381	-1.79050682765
382	-1.76446290362
383	-1.93902270518
384	-4.72000589254
385	-2.28252155925
386	-1.93902270518
387	-1.58764859998
388	-1.74891276627
389	-1.7228278095
390	-1.58168636605
391	-1.76446290362
392	-4.73807764086
393	-1.58168636605
394	-1.98480435861
395	-1.70951812915
396	-1.79050682765
397	-6.71075819118
398	-1.7228278095
399	-1.79050682765
400	-5.48409216173
401	-5.61936400139
402	-6.21938511615
403	-1.76446290362
404	-1.7228278095
405	-2.07708808739
406	-11.1743874915
407	-1.93902270518
408	-1.58764859998
409	-5.36560892449
410	-1.7228278095
411	-7.39940717642
412	-1.74891276627
413	-1.93902270518
414	-5.43771910579
415	-7.76988639506
416	-1.7228278095
417	-2.07708808739
418	-1.98480435861
419	-2.23406158855
420	-5.69149151829
421	-1.76446290362
422	-7.53606871237
423	-6.3040053971
424	-1.74891276627
425	-1.70951812915
426	-1.58168636605
427	-2.28252155925
428	-9.54299167286
429	-2.07708808739
430	-2.28252155925
431	-6.10494454753
432	-10.7810317408
433	-5.17861025544
434	-1.93902270518
435	-1.58168636605
436	-1.98480435861
437	-1.7228278095
438	-2.07708808739
439	-5.85059120238
440	-8.25318931323
441	-2.07708808739
442	-5.14957774053
443	-8.11069505205
444	-1.58168636605
445	-5.08798754043
446	-2.23406158855
447	-1.79050682765
448	-4.68953351844
449	-1.70951812915
450	-1.79050682765
451	-5.84692248119
452	-5.71999221504
453	-1.79050682765
454	-1.74891276627
455	-1.70951812915
456	-9.45588571766
457	-1.76446290362
458	-1.7228278095
459	-7.5807600285
460	-1.74891276627
461	-5.86963135732
462	-1.58764859998
463	-1.76446290362
464	-1.70951812915
465	-1.79050682765
466	-1.98480435861
467	-5.36379487686
468	-1.58168636605
469	-1.98480435861
470	-1.7228278095
