#Site	lnL	
0	-9.10196195096
1	-1.70617897445
2	-5.80056247662
3	-2.00021034297
4	-1.72425647343
5	-10.7409447324
6	-1.76674981409
7	-1.70617897445
8	-5.666393319
9	-1.76674981409
10	-5.45011896528
11	-5.28002453632
12	-1.5736124837
13	-1.91733542912
14	-5.46737953767
15	-2.00021034297
16	-1.70617897445
17	-7.06527992709
18	-8.55300475584
19	-2.15833299555
20	-2.10625898151
21	-2.00021034297
22	-1.72425647343
23	-1.67861255189
24	-1.5855355722
25	-5.91632303437
26	-1.86777029321
27	-1.76674981409
28	-1.72425647343
29	-1.86777029321
30	-2.00021034297
31	-2.15833299555
32	-5.63144577458
33	-1.76674981409
34	-1.91733542912
35	-5.666393319
36	-4.79829606672
37	-1.70617897445
38	-10.9717619827
39	-1.76674981409
40	-8.13118568778
41	-5.49541268907
42	-1.76674981409
43	-5.40043283315
44	-7.53920503366
45	-1.5855355722
46	-1.91733542912
47	-4.65573753315
48	-6.02833576206
49	-1.70617897445
50	-8.27582471989
51	-5.97308214465
52	-1.70617897445
53	-1.86777029321
54	-1.5855355722
55	-1.70617897445
56	-6.46040839859
57	-11.227475688
58	-1.72425647343
59	-1.86777029321
60	-6.73992982418
61	-8.74781977357
62	-4.62764930591
63	-5.76687248658
64	-1.70617897445
65	-2.10625898151
66	-1.76674981409
67	-11.0454541096
68	-7.23356743812
69	-6.17097885958
70	-2.15833299555
71	-2.10625898151
72	-1.76674981409
73	-1.91733542912
74	-1.67861255189
75	-6.63126934661
76	-1.70617897445
77	-5.75164860252
78	-1.76674981409
79	-6.87544080812
80	-2.10625898151
81	-1.5855355722
82	-6.37792136249
83	-2.10625898151
84	-1.76674981409
85	-5.58501862229
86	-6.21532734987
87	-1.5736124837
88	-6.34767418963
89	-1.67861255189
90	-1.5855355722
91	-1.72425647343
92	-6.87787480254
93	-1.5855355722
94	-1.72425647343
95	-1.86777029321
96	-1.76674981409
97	-7.04979568776
98	-1.86777029321
99	-5.00620072097
100	-5.81606310766
101	-1.86777029321
102	-5.05297516615
103	-9.29432534252
104	-5.64891887479
105	-1.5855355722
106	-1.70617897445
107	-1.66255274228
108	-1.5855355722
109	-1.70617897445
110	-1.86777029321
111	-6.81064367769
112	-1.72425647343
113	-7.9755943032
114	-1.5855355722
115	-1.72425647343
116	-1.66255274228
117	-8.52913784143
118	-6.4274773573
119	-4.83223601707
120	-7.14034144119
121	-1.70617897445
122	-1.66255274228
123	-1.5855355722
124	-4.5643491963
125	-5.28002453632
126	-1.5736124837
127	-1.72425647343
128	-2.10625898151
129	-1.5736124837
130	-6.15194164723
131	-1.66255274228
132	-1.5736124837
133	-1.91733542912
134	-4.65573753315
135	-1.5736124837
136	-1.70617897445
137	-1.67861255189
138	-1.5855355722
139	-1.72425647343
140	-10.3826613169
141	-2.00021034297
142	-1.72425647343
143	-1.66255274228
144	-1.5855355722
145	-1.70617897445
146	-1.66255274228
147	-7.46985086779
148	-1.91733542912
149	-8.30017831751
150	-1.5855355722
151	-1.72425647343
152	-13.7354264573
153	-7.15018622997
154	-1.91733542912
155	-5.9848765253
156	-6.73992982418
157	-5.53572628045
158	-8.79829725873
159	-1.5736124837
160	-6.41392446118
161	-1.86777029321
162	-1.5736124837
163	-5.45002854248
164	-1.66255274228
165	-1.76674981409
166	-5.03153849468
167	-7.88852266342
168	-1.5736124837
169	-1.70617897445
170	-5.28002453632
171	-5.64539287238
172	-8.22240706729
173	-1.67861255189
174	-1.76674981409
175	-2.15833299555
176	-1.67861255189
177	-2.00021034297
178	-2.15833299555
179	-1.67861255189
180	-1.5736124837
181	-1.70617897445
182	-1.66255274228
183	-1.5736124837
184	-6.63784450783
185	-1.66255274228
186	-1.76674981409
187	-1.70617897445
188	-2.10625898151
189	-1.76674981409
190	-2.15833299555
191	-1.67861255189
192	-6.44174933922
193	-5.45002854248
194	-6.09151406012
195	-2.00021034297
196	-5.91632303437
197	-2.10625898151
198	-1.5855355722
199	-1.70617897445
200	-2.10625898151
201	-2.00021034297
202	-5.57278650862
203	-1.67861255189
204	-1.5736124837
205	-4.5643491963
206	-1.66255274228
207	-1.5855355722
208	-6.02804122695
209	-1.86777029321
210	-1.5855355722
211	-1.70617897445
212	-2.10625898151
213	-1.76674981409
214	-1.70617897445
215	-1.66255274228
216	-1.5736124837
217	-6.10662536215
218	-1.67861255189
219	-6.81064367769
220	-6.00957189666
221	-2.10625898151
222	-1.5736124837
223	-5.92328898228
224	-1.86777029321
225	-1.5855355722
226	-1.91733542912
227	-1.67861255189
228	-1.5855355722
229	-4.76731926093
230	-1.86777029321
231	-1.5736124837
232	-5.17063030495
233	-1.66255274228
234	-2.00021034297
235	-2.15833299555
236	-12.3547640867
237	-4.82002001004
238	-1.70617897445
239	-1.67861255189
240	-5.67975176145
241	-1.72425647343
242	-9.87889501917
243	-9.58079079862
244	-1.72425647343
245	-2.10625898151
246	-1.5855355722
247	-6.66349880393
248	-1.67861255189
249	-1.5855355722
250	-5.68900900243
251	-6.66784203791
252	-1.5736124837
253	-5.45002854248
254	-1.67861255189
255	-2.00021034297
256	-1.72425647343
257	-1.67861255189
258	-1.76674981409
259	-6.87544080812
260	-1.86777029321
261	-2.00021034297
262	-2.15833299555
263	-8.77285272508
264	-10.8947694919
265	-1.70617897445
266	-1.66255274228
267	-1.5736124837
268	-5.92328898228
269	-2.10625898151
270	-6.84225125824
271	-6.39693556541
272	-6.64602678906
273	-2.00021034297
274	-5.17063030495
275	-6.51344082813
276	-2.00021034297
277	-2.15833299555
278	-2.10625898151
279	-1.76674981409
280	-1.70617897445
281	-2.10625898151
282	-9.218708465
283	-1.91733542912
284	-2.10625898151
285	-1.5855355722
286	-5.45002854248
287	-1.66255274228
288	-1.5855355722
289	-1.91733542912
290	-1.66255274228
291	-6.17097885958
292	-1.70617897445
293	-1.67861255189
294	-1.5855355722
295	-6.49811462931
296	-2.10625898151
297	-1.76674981409
298	-8.1137384555
299	-1.66255274228
300	-6.16595913524
301	-1.72425647343
302	-1.66255274228
303	-7.86591886908
304	-1.91733542912
305	-2.10625898151
306	-1.76674981409
307	-2.15833299555
308	-1.67861255189
309	-1.5736124837
310	-6.21848257302
311	-1.67861255189
312	-1.76674981409
313	-1.70617897445
314	-1.86777029321
315	-2.00021034297
316	-1.72425647343
317	-6.01344344659
318	-1.76674981409
319	-2.15833299555
320	-1.66255274228
321	-1.5736124837
322	-11.7387549875
323	-1.67861255189
324	-1.5736124837
325	-1.72425647343
326	-1.66255274228
327	-1.5855355722
328	-2.15833299555
329	-1.67861255189
330	-1.76674981409
331	-2.15833299555
332	-5.63144577458
333	-5.05297516615
334	-1.91733542912
335	-2.10625898151
336	-1.76674981409
337	-5.21612428382
338	-1.86777029321
339	-1.5736124837
340	-2.15833299555
341	-7.47440947778
342	-1.76674981409
343	-1.70617897445
344	-1.66255274228
345	-1.5855355722
346	-1.91733542912
347	-8.93813840154
348	-2.00021034297
349	-4.83456782466
350	-5.46737953767
351	-1.5736124837
352	-6.15194164723
353	-5.80056247662
354	-1.5855355722
355	-7.07686695586
356	-1.66255274228
357	-1.5736124837
358	-6.66349880393
359	-1.86777029321
360	-1.5855355722
361	-1.70617897445
362	-5.71000858802
363	-5.8884487961
364	-7.52791470478
365	-1.86777029321
366	-6.57823815255
367	-6.08121947716
368	-6.50898046407
369	-1.5736124837
370	-2.15833299555
371	-1.86777029321
372	-1.76674981409
373	-5.91632303437
374	-1.66255274228
375	-1.5855355722
376	-5.68900900243
377	-6.17164951064
378	-6.57823815255
379	-1.70617897445
380	-1.67861255189
381	-4.82002001004
382	-1.70617897445
383	-6.85452292465
384	-1.76674981409
385	-5.98918988226
386	-1.86777029321
387	-2.00021034297
388	-1.91733542912
389	-16.2798052067
390	-1.5855355722
391	-1.72425647343
392	-5.63144577458
393	-5.45185646454
394	-2.15833299555
395	-1.66255274228
396	-2.00021034297
397	-1.72425647343
398	-11.383583346
399	-10.7917746543
400	-1.72425647343
401	-9.13767861716
402	-5.68788084187
403	-1.70617897445
404	-1.86777029321
405	-1.5855355722
406	-1.72425647343
407	-1.66255274228
408	-2.00021034297
409	-5.98918988226
410	-6.07484335244
411	-4.79829606672
412	-1.70617897445
413	-7.1584130505
414	-11.1081692024
415	-1.72425647343
416	-2.10625898151
417	-1.76674981409
418	-1.70617897445
419	-1.86777029321
420	-6.63092758141
421	-4.76731926093
422	-1.66255274228
423	-7.14034144119
424	-1.72425647343
425	-1.86777029321
426	-6.38606523807
427	-1.72425647343
428	-1.67861255189
429	-1.5855355722
430	-1.91733542912
431	-2.10625898151
432	-1.76674981409
433	-4.5643491963
434	-1.67861255189
435	-1.5736124837
436	-7.28815539155
437	-4.62764930591
438	-1.5736124837
439	-2.15833299555
440	-1.86777029321
441	-1.76674981409
442	-1.70617897445
443	-7.55972057912
444	-1.5855355722
445	-1.91733542912
446	-1.66255274228
447	-1.5736124837
448	-5.98918988226
449	-6.72640739205
450	-1.5736124837
451	-1.70617897445
452	-1.66255274228
453	-1.5855355722
454	-10.9349706158
455	-1.66255274228
456	-1.76674981409
457	-1.72425647343
458	-13.4096850996
459	-1.5736124837
460	-1.70617897445
461	-1.66255274228
462	-1.5736124837
463	-5.45002854248
464	-1.86777029321
465	-1.5736124837
466	-7.28815539155
467	-1.67861255189
468	-7.8517649912
469	-6.58856622313
470	-1.86777029321
