# log_p 	 lnL 	 
0.0	-1778.95403865	
-0.287682072452	-1779.00108541	
-0.510825623766	-1779.03406911	
-0.69314718056	-1779.0574891	
-0.847297860387	-1779.07346531	
-0.980829253012	-1779.08373549	
-1.09861228867	-1779.0897681	
-1.20397280433	-1779.09271558	
-1.29928298413	-1779.09343975	
-1.38629436112	-1779.09257092	
-1.46633706879	-1779.09056723	
-1.54044504095	-1779.08776235	
-1.60943791243	-1779.08440087	
-1.67397643357	-1779.08066344	
-1.73460105539	-1779.07668461	
-1.79175946923	-1779.07256528	
-1.8458266905	-1779.06838158	
-1.89711998489	-1779.06419114	
-1.94591014906	-1779.06003764	
-1.99243016469	-1779.05595413	
-2.03688192726	-1779.05196544	
-2.07944154168	-1779.04809002	
-2.1202635362	-1779.04434129	
-2.15948424935	-1779.04072872	
-2.19722457734	-1779.03725862	
-2.23359222151	-1779.03393477	
-2.26868354132	-1779.03075899	
-2.30258509299	-1779.02773145	
-2.33537491582	-1779.0248511	
-2.36712361413	-1779.02211584	
-2.3978952728	-1779.01952281	
-2.42774823595	-1779.01706852	
-2.45673577282	-1779.01474905	
-2.48490664979	-1779.0125601	
-2.51230562398	-1779.01049716	
-2.53897387106	-1779.00855555	
-2.56494935746	-1779.00673048	
-2.59026716545	-1779.00501716	
-2.61495977804	-1779.00341077	
-2.63905732962	-1779.00190655	
-2.66258782703	-1779.00049983	
-2.68557734525	-1778.99918601	
-2.7080502011	-1778.99796062	
-2.73002910782	-1778.9968193	
-2.75153531304	-1778.99575785	
-2.77258872224	-1778.99477219	
-2.79320800944	-1778.99385842	
-2.81341071676	-1778.99301276	
-2.83321334406	-1778.9922316	
-2.85263142991	-1778.99151148	
-2.87167962488	-1778.9908491	
-2.8903717579	-1778.99024128	
-2.90872089656	-1778.98968501	
-2.92673940207	-1778.98917742	
-2.94443897917	-1778.98871577	
-2.96183072188	-1778.98829745	
-2.97892515524	-1778.98791998	
-2.99573227355	-1778.98758102	
-3.01226157551	-1778.98727832	
-3.02852209638	-1778.98700977	
-3.04452243772	-1778.98677335	
-3.06027079469	-1778.98656716	
-3.07577498123	-1778.9863894	
-3.09104245336	-1778.98623834	
-3.10608033072	-1778.98611237	
-3.12089541651	-1778.98600995	
-3.13549421593	-1778.98592963	
-3.14988295338	-1778.98587003	
-3.16406758837	-1778.98582986	
-3.17805383035	-1778.98580788	
-3.19184715248	-1778.98580293	
-3.20545280454	-1778.98581392	
-3.21887582487	-1778.98583979	
-3.23212105162	-1778.98587957	
-3.24519313319	-1778.98593233	
-3.25809653802	-1778.9859972	
-3.2708355638	-1778.98607334	
-3.28341434601	-1778.98615997	
-3.295836866	-1778.98625636	
-3.3081069586	-1778.98636181	
-3.32022831913	-1778.98647566	
-3.33220451018	-1778.98659728	
-3.34403896782	-1778.9867261	
-3.35573500759	-1778.98686155	
-3.36729582999	-1778.98700312	
-3.37872452581	-1778.98715031	
-3.39002408106	-1778.98730266	
-3.40119738166	-1778.98745973	
-3.41224721785	-1778.98762111	
-3.42317628838	-1778.98778641	
-3.43398720449	-1778.98795527	
-3.4446824936	-1778.98812733	
-3.45526460293	-1778.98830227	
-3.4657359028	-1778.98847979	
-3.47609868984	-1778.9886596	
-3.48635519	-1778.98884143	
-3.49650756147	-1778.98902501	
-3.50655789732	-1778.98921012	
-3.51650822817	-1778.98939652	
-3.52636052462	-1778.989584	
-3.53611669956	-1778.98977237	
-3.54577861047	-1778.98996143	
-3.55534806149	-1778.99015102	
-3.56482680544	-1778.99034096	
-3.57421654579	-1778.9905311	
-3.58351893846	-1778.99072129	
-3.59273559356	-1778.99091141	
-3.60186807712	-1778.99110131	
-3.61091791264	-1778.9912909	
-3.61988658263	-1778.99148004	
-3.62877553004	-1778.99166864	
-3.63758615973	-1778.99185661	
-3.6463198397	-1778.99204384	
-3.65497790244	-1778.99223027	
-3.66356164613	-1778.9924158	
-3.6720723358	-1778.99260037	
-3.68051120444	-1778.99278391	
-3.68887945411	-1778.99296635	
-3.69717825693	-1778.99314764	
-3.70540875607	-1778.99332772	
-3.7135720667	-1778.99350655	
-3.72166927694	-1778.99368408	
-3.72970144863	-1778.99386026	
-3.73766961828	-1778.99403506	
-3.74557479779	-1778.99420845	
-3.75341797525	-1778.99438039	
-3.76120011569	-1778.99455085	
-3.76892216179	-1778.99471981	
-3.77658503453	-1778.99488724	
-3.78418963392	-1778.99505312	
-3.79173683955	-1778.99521744	
-3.79922751128	-1778.99538017	
-3.80666248977	-1778.9955413	
-3.81404259707	-1778.99570083	
-3.82136863716	-1778.99585873	
-3.82864139649	-1778.996015	
-3.83586164446	-1778.99616963	
-3.84303013394	-1778.99632262	
-3.85014760171	-1778.99647396	
-3.85721476893	-1778.99662365	
-3.86423234159	-1778.99677169	
-3.87120101091	-1778.99691807	
-3.87812145375	-1778.9970628	
-3.88499433304	-1778.99720588	
-3.89182029811	-1778.99734731	
-3.8985999851	-1778.99748709	
-3.90533401728	-1778.99762524	
-3.91202300543	-1778.99776174	
-3.91866754815	-1778.99789661	
-3.92526823218	-1778.99802986	
-3.93182563272	-1778.9981615	
-3.93834031375	-1778.99829152	
-3.94481282825	-1778.99841994	
-3.95124371858	-1778.99854677	
-3.95763351668	-1778.99867202	
-3.96398274436	-1778.99879569	
-3.97029191355	-1778.99891781	
-3.97656152657	-1778.99903837	
-3.98279207632	-1778.99915739	
-3.98898404656	-1778.99927487	
-3.99513791214	-1778.99939085	
-4.00125413916	-1778.99950531	
-4.00733318523	-1778.99961828	
-4.01337549969	-1778.99972977	
-4.01938152375	-1778.99983978	
-4.02535169074	-1778.99994835	
-4.03128642625	-1779.00005546	
-4.03718614838	-1779.00016115	
-4.04305126783	-1779.00026542	
-4.04888218815	-1779.00036828	
-4.05467930583	-1779.00046975	
-4.06044301055	-1779.00056985	
-4.06617368526	-1779.00066858	
-4.07187170637	-1779.00076596	
-4.07753744391	-1779.000862	
-4.08317126162	-1779.00095671	
-4.08877351717	-1779.00105012	
-4.09434456222	-1779.00114223	
-4.0998847426	-1779.00123306	
-4.10539439841	-1779.00132262	
-4.11087386417	-1779.00141093	
-4.11632346894	-1779.00149799	
-4.12174353641	-1779.00158382	
-4.12713438505	-1779.00166844	
-4.13249632819	-1779.00175185	
-4.13782967416	-1779.00183408	
-4.14313472639	-1779.00191514	
-4.14841178349	-1779.00199503	
-4.15366113938	-1779.00207377	
-4.15888308336	-1779.00215138	
-4.16407790024	-1779.00222787	
-4.1692458704	-1779.00230325	
-4.1743872699	-1779.00237753	
-4.17950237056	-1779.00245073	
-4.18459144007	-1779.00252286	
-4.18965474203	-1779.00259393	
-4.19469253606	-1779.00266395	
-4.19970507788	-1779.00273295	
-4.20469261939	-1779.00280092	
-4.20965540873	-1779.00286788	
-4.21459369037	-1779.00293385	
-4.21950770518	-1779.00299883	
-4.22439769047	-1779.00306285	
-4.22926388012	-1779.0031259	
-4.2341065046	-1779.003188	
-4.23892579103	-1779.00324917	
-4.2437219633	-1779.00330941	
-4.24849524205	-1779.00336874	
-4.25324584481	-1779.00342716	
-4.257973986	-1779.00348469	
-4.26267987704	-1779.00354135	
-4.26736372635	-1779.00359713	
-4.27202573946	-1779.00365205	
-4.27666611902	-1779.00370613	
-4.28128506487	-1779.00375937	
-4.28588277412	-1779.00381178	
-4.29045944115	-1779.00386338	
-4.29501525768	-1779.00391417	
-4.29955041285	-1779.00396416	
-4.3040650932	-1779.00401337	
-4.30855948279	-1779.0040618	
-4.31303376319	-1779.00410947	
-4.31748811354	-1779.00415638	
-4.3219227106	-1779.00420254	
-4.32633772881	-1779.00424797	
-4.33073334029	-1779.00429266	
-4.33510971489	-1779.00433664	
-4.33946702026	-1779.00437991	
-4.34380542185	-1779.00442248	
-4.348125083	-1779.00446435	
-4.3524261649	-1779.00450554	
-4.35670882669	-1779.00454606	
-4.36097322548	-1779.00458592	
-4.36521951636	-1779.00462511	
-4.36944785247	-1779.00466366	
-4.373658385	-1779.00470157	
-4.37785126326	-1779.00473885	
-4.38202663467	-1779.0047755	
-4.38618464482	-1779.00481153	
-4.39032543749	-1779.00484696	
-4.39444915467	-1779.00488179	
-4.39855593663	-1779.00491603	
-4.40264592188	-1779.00494968	
-4.40671924726	-1779.00498275	
-4.41077604796	-1779.00501525	
-4.4148164575	-1779.0050472	
-4.4188406078	-1779.00507858	
-4.42284862919	-1779.00510942	
-4.42684065046	-1779.00513972	
-4.43081679884	-1779.00516948	
-4.43477720006	-1779.00519872	
-4.43872197835	-1779.00522743	
-4.44265125649	-1779.00525563	
-4.44656515581	-1779.00528333	
-4.45046379623	-1779.00531052	
-4.45434729625	-1779.00533722	
-4.45821577303	-1779.00536344	
-4.46206934235	-1779.00538917	
-4.46590811865	-1779.00541443	
-4.46973221509	-1779.00543921	
-4.47354174351	-1779.00546354	
-4.47733681448	-1779.00548741	
-4.48111753732	-1779.00551082	
-4.48488402011	-1779.00553379	
-4.48863636973	-1779.00555633	
-4.49237469184	-1779.00557842	
-4.49609909093	-1779.0056001	
-4.49980967033	-1779.00562134	
-4.50350653221	-1779.00564217	
-4.50718977763	-1779.00566259	
-4.51085950652	-1779.00568261	
-4.51451581772	-1779.00570222	
-4.518158809	-1779.00572143	
-4.52178857705	-1779.00574026	
-4.52540521752	-1779.0057587	
-4.52900882502	-1779.00577675	
-4.53259949315	-1779.00579444	
-4.5361773145	-1779.00581175	
-4.53974238067	-1779.00582869	
-4.54329478227	-1779.00584527	
-4.54683460898	-1779.0058615	
-4.55036194949	-1779.00587737	
-4.5538768916	-1779.0058929	
-4.55737952215	-1779.00590808	
-4.56086992709	-1779.00592293	
-4.56434819147	-1779.00593744	
-4.56781439944	-1779.00595162	
-4.57126863431	-1779.00596547	
-4.5747109785	-1779.005979	
-4.5781415136	-1779.00599222	
-4.58156032035	-1779.00600512	
-4.58496747867	-1779.00601771	
-4.58836306767	-1779.00603	
-4.59174716566	-1779.00604198	
-4.59511985013	-1779.00605367	
-4.59848119784	-1779.00606507	
-4.60183128472	-1779.00607617	
-4.60517018599	-1779.00608699	
-4.60849797608	-1779.00609752	
-4.61181472871	-1779.00610778	
-4.61512051684	-1779.00611776	
-4.61841541274	-1779.00612747	
-4.62169948794	-1779.00613691	
-4.62497281328	-1779.00614609	
-4.62823545892	-1779.00615501	
-4.63148749431	-1779.00616366	
-4.63472898823	-1779.00617207	
-4.63796000881	-1779.00618022	
-4.64118062351	-1779.00618812	
-4.64439089914	-1779.00619578	
-4.64759090187	-1779.0062032	
-4.65078069724	-1779.00621038	
-4.65396035016	-1779.00621732	
-4.65712992492	-1779.00622403	
-4.66028948521	-1779.00623051	
-4.66343909411	-1779.00623676	
-4.66657881412	-1779.0062428	
-4.66970870713	-1779.00624861	
-4.67282883446	-1779.0062542	
-4.67593925688	-1779.00625957	
-4.67904003455	-1779.00626474	
-4.68213122712	-1779.00626969	
-4.68521289366	-1779.00627444	
-4.6882850927	-1779.00627899	
-4.69134788223	-1779.00628333	
-4.69440131972	-1779.00628747	
-4.6974454621	-1779.00629142	
-4.70048036579	-1779.00629517	
-4.70350608671	-1779.00629873	
-4.70652268025	-1779.0063021	
-4.70953020131	-1779.00630529	
-4.71252870431	-1779.00630829	
-4.71551824316	-1779.00631111	
-4.7184988713	-1779.00631375	
-4.72147064168	-1779.00631622	
-4.72443360681	-1779.00631851	
-4.72738781871	-1779.00632062	
-4.73033332894	-1779.00632257	
-4.73327018862	-1779.00632435	
-4.73619844839	-1779.00632596	
-4.7391181585	-1779.00632741	
-4.74202936871	-1779.0063287	
-4.74493212836	-1779.00632983	
-4.74782648639	-1779.0063308	
-4.75071249128	-1779.00633161	
-4.75359019111	-1779.00633227	
-4.75645963353	-1779.00633278	
-4.75932086582	-1779.00633314	
-4.7621739348	-1779.00633336	
-4.76501888693	-1779.00633342	
-4.76785576827	-1779.00633335	
-4.77068462447	-1779.00633313	
-4.77350550081	-1779.00633277	
-4.77631844218	-1779.00633228	
-4.77912349311	-1779.00633164	
-4.78192069773	-1779.00633088	
-4.78471009982	-1779.00632998	
-4.78749174278	-1779.00632895	
-4.79026566966	-1779.00632778	
-4.79303192316	-1779.0063265	
-4.7957905456	-1779.00632508	
-4.79854157897	-1779.00632354	
-4.80128506491	-1779.00632188	
-4.80402104473	-1779.0063201	
-4.80674955939	-1779.0063182	
-4.8094706495	-1779.00631618	
-4.81218435537	-1779.00631404	
-4.81489071697	-1779.00631179	
-4.81758977394	-1779.00630942	
-4.82028156561	-1779.00630694	
-4.82296613098	-1779.00630436	
-4.82564350875	-1779.00630166	
-4.8283137373	-1779.00629885	
-4.83097685472	-1779.00629594	
-4.83363289878	-1779.00629293	
-4.83628190695	-1779.00628981	
-4.83892391641	-1779.00628659	
-4.84155896405	-1779.00628327	
-4.84418708646	-1779.00627984	
-4.84680831994	-1779.00627633	
-4.84942270051	-1779.00627271	
-4.85203026392	-1779.006269	
-4.85463104562	-1779.00626519	
-4.8572250808	-1779.00626129	
-4.85981240436	-1779.0062573	
-4.86239305096	-1779.00625322	
-4.86496705495	-1779.00624905	
-4.86753445046	-1779.00624479	
-4.87009527132	-1779.00624045	
-4.87264955112	-1779.00623602	
-4.8751973232	-1779.0062315	
-4.87773862063	-1779.0062269	
-4.88027347623	-1779.00622222	
-4.88280192259	-1779.00621746	
-4.88532399202	-1779.00621262	
-4.88783971662	-1779.00620769	
-4.89034912822	-1779.00620269	
-4.89285225844	-1779.00619762	
-4.89534913864	-1779.00619246	
-4.89783979995	-1779.00618724	
-4.90032427328	-1779.00618194	
-4.90280258929	-1779.00617656	
-4.90527477844	-1779.00617111	
-4.90774087093	-1779.0061656	
-4.91020089677	-1779.00616001	
-4.91265488574	-1779.00615435	
-4.91510286737	-1779.00614863	
-4.91754487103	-1779.00614284	
-4.91998092583	-1779.00613698	
-4.92241106068	-1779.00613106	
-4.92483530429	-1779.00612507	
-4.92725368516	-1779.00611902	
-4.92966623156	-1779.00611291	
-4.93207297159	-1779.00610673	
-4.93447393313	-1779.0061005	
-4.93686914386	-1779.0060942	
-4.93925863125	-1779.00608785	
-4.94164242261	-1779.00608143	
-4.94402054501	-1779.00607496	
-4.94639302537	-1779.00606844	
-4.94875989038	-1779.00606185	
-4.95112116656	-1779.00605521	
-4.95347688026	-1779.00604852	
-4.9558270576	-1779.00604177	
-4.95817172456	-1779.00603497	
-4.96051090691	-1779.00602812	
-4.96284463026	-1779.00602122	
-4.96517292002	-1779.00601427	
-4.96749580144	-1779.00600726	
-4.96981329958	-1779.00600021	
-4.97212543933	-1779.00599311	
-4.97443224543	-1779.00598596	
-4.97673374242	-1779.00597877	
-4.97902995468	-1779.00597152	
-4.98132090643	-1779.00596424	
-4.98360662171	-1779.0059569	
-4.98588712441	-1779.00594952	
-4.98816243824	-1779.0059421	
-4.99043258678	-1779.00593464	
-4.99269759341	-1779.00592713	
-4.99495748138	-1779.00591958	
-4.99721227376	-1779.00591199	
-4.9994619935	-1779.00590436	
-5.00170666335	-1779.00589669	
-5.00394630595	-1779.00588898	
-5.00618094375	-1779.00588124	
-5.00841059907	-1779.00587345	
-5.0106352941	-1779.00586562	
-5.01285505083	-1779.00585776	
-5.01506989116	-1779.00584987	
-5.01727983681	-1779.00584193	
-5.01948490937	-1779.00583396	
-5.02168513028	-1779.00582596	
-5.02388052085	-1779.00581792	
-5.02607110223	-1779.00580985	
-5.02825689545	-1779.00580174	
-5.03043792139	-1779.0057936	
-5.03261420082	-1779.00578543	
-5.03478575433	-1779.00577723	
-5.03695260241	-1779.005769	
-5.03911476542	-1779.00576073	
-5.04127226356	-1779.00575244	
-5.04342511692	-1779.00574412	
-5.04557334546	-1779.00573576	
-5.047716969	-1779.00572738	
-5.04985600725	-1779.00571897	
-5.05199047978	-1779.00571053	
-5.05412040604	-1779.00570207	
-5.05624580535	-1779.00569357	
-5.05836669692	-1779.00568506	
-5.06048309982	-1779.00567651	
-5.06259503303	-1779.00566794	
-5.06470251537	-1779.00565934	
-5.06680556556	-1779.00565072	
-5.06890420222	-1779.00564208	
-5.07099844382	-1779.00563341	
-5.07308830874	-1779.00562472	
-5.07517381523	-1779.005616	
-5.07725498144	-1779.00560726	
-5.07933182538	-1779.0055985	
-5.08140436498	-1779.00558972	
-5.08347261805	-1779.00558091	
-5.08553660227	-1779.00557209	
-5.08759633523	-1779.00556324	
-5.08965183441	-1779.00555438	
-5.09170311719	-1779.00554549	
-5.09375020081	-1779.00553658	
-5.09579310244	-1779.00552766	
-5.09783183913	-1779.00551871	
-5.09986642782	-1779.00550975	
-5.10189688537	-1779.00550077	
-5.10392322852	-1779.00549177	
-5.1059454739	-1779.00548275	
-5.10796363806	-1779.00547372	
-5.10997773743	-1779.00546467	
-5.11198778836	-1779.0054556	
-5.11399380708	-1779.00544652	
-5.11599580975	-1779.00543742	
-5.11799381242	-1779.0054283	
-5.11998783102	-1779.00541917	
-5.12197788143	-1779.00541003	
-5.1239639794	-1779.00540086	
-5.12594614061	-1779.00539169	
-5.12792438062	-1779.0053825	
-5.12989871492	-1779.0053733	
-5.13186915891	-1779.00536408	
-5.13383572788	-1779.00535485	
-5.13579843705	-1779.00534561	
-5.13775730154	-1779.00533636	
-5.13971233637	-1779.00532709	
-5.1416635565	-1779.00531781	
-5.14361097679	-1779.00530852	
-5.145554612	-1779.00529922	
-5.14749447681	-1779.0052899	
-5.14943058584	-1779.00528058	
-5.15136295359	-1779.00527124	
-5.1532915945	-1779.0052619	
-5.15521652291	-1779.00525254	
-5.15713775309	-1779.00524318	
-5.15905529921	-1779.0052338	
-5.1609691754	-1779.00522441	
-5.16287939565	-1779.00521502	
-5.16478597392	-1779.00520562	
-5.16668892407	-1779.0051962	
-5.16858825987	-1779.00518678	
-5.17048399504	-1779.00517735	
-5.17237614319	-1779.00516792	
-5.17426471788	-1779.00515847	
-5.17614973257	-1779.00514902	
-5.17803120067	-1779.00513956	
-5.1799091355	-1779.00513009	
-5.18178355029	-1779.00512062	
-5.18365445823	-1779.00511114	
-5.1855218724	-1779.00510165	
-5.18738580584	-1779.00509215	
-5.18924627149	-1779.00508265	
-5.19110328224	-1779.00507315	
-5.19295685089	-1779.00506364	
-5.19480699018	-1779.00505412	
-5.19665371277	-1779.0050446	
-5.19849703127	-1779.00503507	
-5.20033695819	-1779.00502554	
-5.202173506	-1779.005016	
-5.20400668708	-1779.00500646	
-5.20583651375	-1779.00499691	
-5.20766299828	-1779.00498736	
-5.20948615284	-1779.00497781	
-5.21130598956	-1779.00496825	
-5.21312252048	-1779.00495869	
-5.21493575761	-1779.00494912	
-5.21674571285	-1779.00493955	
-5.21855239808	-1779.00492998	
-5.22035582508	-1779.00492041	
-5.22215600558	-1779.00491083	
-5.22395295126	-1779.00490125	
-5.22574667371	-1779.00489167	
-5.22753718449	-1779.00488208	
-5.22932449506	-1779.00487249	
-5.23110861685	-1779.0048629	
-5.23288956123	-1779.00485331	
-5.23466733947	-1779.00484372	
-5.23644196283	-1779.00483413	
-5.23821344248	-1779.00482453	
-5.23998178954	-1779.00481493	
-5.24174701506	-1779.00480534	
-5.24350913005	-1779.00479574	
-5.24526814546	-1779.00478614	
-5.24702407216	-1779.00477654	
-5.24877692099	-1779.00476694	
-5.25052670271	-1779.00475734	
-5.25227342805	-1779.00474773	
-5.25401710765	-1779.00473813	
-5.25575775213	-1779.00472853	
-5.25749537203	-1779.00471893	
-5.25922997784	-1779.00470933	
-5.26096158	-1779.00469973	
-5.2626901889	-1779.00469013	
-5.26441581487	-1779.00468053	
-5.26613846818	-1779.00467093	
-5.26785815906	-1779.00466133	
-5.26957489768	-1779.00465173	
-5.27128869416	-1779.00464214	
-5.27299955856	-1779.00463254	
-5.27470750091	-1779.00462295	
-5.27641253116	-1779.00461336	
-5.27811465923	-1779.00460377	
-5.27981389498	-1779.00459418	
-5.28151024823	-1779.0045846	
-5.28320372874	-1779.00457501	
-5.28489434622	-1779.00456543	
-5.28658211033	-1779.00455585	
-5.28826703069	-1779.00454627	
-5.28994911688	-1779.0045367	
-5.2916283784	-1779.00452712	
-5.29330482472	-1779.00451755	
-5.29497846528	-1779.00450798	
-5.29664930945	-1779.00449842	
-5.29831736655	-1779.00448886	
-5.29998264587	-1779.0044793	
-5.30164515664	-1779.00446974	
-5.30330490806	-1779.00446019	
-5.30496190927	-1779.00445064	
-5.30661616936	-1779.00444109	
-5.3082676974	-1779.00443155	
-5.30991650239	-1779.00442201	
-5.3115625933	-1779.00441247	
-5.31320597904	-1779.00440294	
-5.3148466685	-1779.00439341	
-5.3164846705	-1779.00438389	
-5.31811999384	-1779.00437437	
-5.31975264727	-1779.00436485	
-5.32138263948	-1779.00435534	
-5.32300997914	-1779.00434583	
-5.32463467487	-1779.00433633	
-5.32625673524	-1779.00432683	
-5.32787616879	-1779.00431733	
-5.32949298402	-1779.00430784	
-5.33110718937	-1779.00429836	
-5.33271879327	-1779.00428887	
-5.33432780407	-1779.0042794	
-5.33593423012	-1779.00426993	
-5.3375380797	-1779.00426046	
-5.33913936107	-1779.004251	
-5.34073808243	-1779.00424154	
-5.34233425196	-1779.00423209	
-5.3439278778	-1779.00422264	
-5.34551896803	-1779.0042132	
-5.34710753072	-1779.00420377	
-5.34869357387	-1779.00419433	
-5.35027710548	-1779.00418491	
-5.35185813348	-1779.00417549	
-5.35343666577	-1779.00416608	
-5.35501271022	-1779.00415667	
-5.35658627467	-1779.00414726	
-5.3581573669	-1779.00413787	
-5.35972599468	-1779.00412848	
-5.36129216571	-1779.00411909	
-5.36285588769	-1779.00410971	
-5.36441716825	-1779.00410034	
-5.36597601502	-1779.00409097	
-5.36753243557	-1779.00408161	
-5.36908643744	-1779.00407226	
-5.37063802813	-1779.00406291	
-5.37218721511	-1779.00405356	
-5.37373400583	-1779.00404423	
-5.37527840768	-1779.0040349	
-5.37682042804	-1779.00402557	
-5.37836007422	-1779.00401626	
-5.37989735354	-1779.00400695	
-5.38143227326	-1779.00399764	
-5.38296484061	-1779.00398835	
-5.38449506279	-1779.00397906	
-5.38602294697	-1779.00396977	
-5.38754850028	-1779.0039605	
-5.38907172982	-1779.00395123	
-5.39059264266	-1779.00394196	
-5.39211124583	-1779.00393271	
-5.39362754635	-1779.00392346	
-5.39514155118	-1779.00391421	
-5.39665326727	-1779.00390498	
-5.39816270152	-1779.00389575	
-5.39966986081	-1779.00388653	
-5.40117475199	-1779.00387732	
-5.40267738187	-1779.00386811	
-5.40417775725	-1779.00385891	
-5.40567588487	-1779.00384972	
-5.40717177146	-1779.00384053	
-5.40866542372	-1779.00383136	
-5.4101568483	-1779.00382219	
-5.41164605186	-1779.00381302	
-5.41313304098	-1779.00380387	
-5.41461782224	-1779.00379472	
-5.4161004022	-1779.00378558	
-5.41758078737	-1779.00377645	
-5.41905898424	-1779.00376733	
-5.42053499927	-1779.00375821	
-5.42200883889	-1779.0037491	
-5.4234805095	-1779.00374	
-5.42495001748	-1779.0037309	
-5.42641736918	-1779.00372182	
-5.4278825709	-1779.00371274	
-5.42934562895	-1779.00370367	
-5.43080654959	-1779.00369461	
-5.43226533906	-1779.00368555	
-5.43372200355	-1779.00367651	
-5.43517654927	-1779.00366747	
-5.43662898235	-1779.00365844	
-5.43807930892	-1779.00364942	
-5.4395275351	-1779.0036404	
-5.44097366695	-1779.0036314	
-5.44241771052	-1779.0036224	
-5.44385967184	-1779.00361341	
-5.4452995569	-1779.00360443	
-5.44673737167	-1779.00359545	
-5.44817312209	-1779.00358649	
-5.44960681409	-1779.00357753	
-5.45103845357	-1779.00356858	
-5.45246804638	-1779.00355964	
-5.45389559837	-1779.00355071	
-5.45532111536	-1779.00354179	
-5.45674460314	-1779.00353287	
-5.45816606749	-1779.00352396	
-5.45958551414	-1779.00351507	
-5.46100294883	-1779.00350618	
-5.46241837723	-1779.0034973	
-5.46383180503	-1779.00348842	
-5.46524323786	-1779.00347956	
-5.46665268137	-1779.0034707	
-5.46806014114	-1779.00346185	
-5.46946562274	-1779.00345302	
-5.47086913175	-1779.00344419	
-5.47227067367	-1779.00343536	
-5.47367025403	-1779.00342655	
-5.47506787829	-1779.00341775	
-5.47646355193	-1779.00340895	
-5.47785728038	-1779.00340016	
-5.47924906905	-1779.00339139	
-5.48063892334	-1779.00338262	
-5.48202684862	-1779.00337386	
-5.48341285022	-1779.0033651	
-5.48479693349	-1779.00335636	
-5.48617910372	-1779.00334763	
-5.48755936619	-1779.0033389	
-5.48893772616	-1779.00333018	
-5.49031418887	-1779.00332148	
-5.49168875953	-1779.00331278	
-5.49306144334	-1779.00330409	
-5.49443224547	-1779.00329541	
-5.49580117108	-1779.00328673	
-5.49716822529	-1779.00327807	
-5.49853341322	-1779.00326942	
-5.49989673995	-1779.00326077	
-5.50125821054	-1779.00325213	
-5.50261783006	-1779.0032435	
-5.50397560352	-1779.00323489	
-5.50533153593	-1779.00322628	
-5.50668563228	-1779.00321768	
-5.50803789753	-1779.00320908	
-5.50938833663	-1779.0032005	
-5.5107369545	-1779.00319193	
-5.51208375605	-1779.00318336	
-5.51342874616	-1779.00317481	
-5.51477192971	-1779.00316626	
-5.51611331154	-1779.00315772	
-5.51745289646	-1779.00314919	
-5.51879068931	-1779.00314067	
-5.52012669485	-1779.00313216	
-5.52146091786	-1779.00312366	
-5.5227933631	-1779.00311517	
-5.52412403528	-1779.00310669	
-5.52545293913	-1779.00309821	
-5.52678007934	-1779.00308975	
-5.52810546058	-1779.00308129	
-5.52942908751	-1779.00307285	
-5.53075096477	-1779.00306441	
-5.53207109697	-1779.00305598	
-5.53338948873	-1779.00304756	
-5.53470614461	-1779.00303915	
-5.53602106919	-1779.00303075	
-5.53733426702	-1779.00302236	
-5.53864574262	-1779.00301398	
-5.5399555005	-1779.0030056	
-5.54126354516	-1779.00299724	
-5.54256988107	-1779.00298888	
-5.5438745127	-1779.00298054	
-5.54517744448	-1779.0029722	
-5.54647868084	-1779.00296387	
-5.54777822618	-1779.00295556	
-5.5490760849	-1779.00294725	
-5.55037226136	-1779.00293895	
-5.55166675992	-1779.00293066	
-5.55295958492	-1779.00292238	
-5.55425074069	-1779.0029141	
-5.55554023152	-1779.00290584	
-5.5568280617	-1779.00289759	
-5.55811423551	-1779.00288934	
-5.5593987572	-1779.00288111	
-5.56068163102	-1779.00287288	
-5.56196286117	-1779.00286467	
-5.56324245188	-1779.00285646	
-5.56452040732	-1779.00284826	
-5.56579673168	-1779.00284007	
-5.56707142911	-1779.0028319	
-5.56834450376	-1779.00282373	
-5.56961595975	-1779.00281557	
-5.57088580119	-1779.00280741	
-5.57215403218	-1779.00279927	
-5.57342065679	-1779.00279114	
-5.5746856791	-1779.00278301	
-5.57594910315	-1779.0027749	
-5.57721093297	-1779.0027668	
-5.57847117258	-1779.0027587	
-5.57972982599	-1779.00275061	
-5.58098689718	-1779.00274254	
-5.58224239012	-1779.00273447	
-5.58349630878	-1779.00272641	
-5.5847486571	-1779.00271836	
-5.585999439	-1779.00271032	
-5.5872486584	-1779.00270229	
-5.5884963192	-1779.00269427	
-5.58974242528	-1779.00268625	
-5.59098698051	-1779.00267825	
-5.59222998875	-1779.00267026	
-5.59347145384	-1779.00266227	
-5.5947113796	-1779.0026543	
-5.59594976985	-1779.00264633	
-5.59718662839	-1779.00263837	
-5.598421959	-1779.00263043	
-5.59965576545	-1779.00262249	
-5.60088805149	-1779.00261456	
-5.60211882088	-1779.00260664	
-5.60334807733	-1779.00259873	
-5.60457582457	-1779.00259083	
-5.6058020663	-1779.00258294	
-5.60702680619	-1779.00257505	
-5.60825004793	-1779.00256718	
-5.60947179518	-1779.00255931	
-5.61069205159	-1779.00255146	
-5.61191082078	-1779.00254361	
-5.61312810639	-1779.00253578	
-5.61434391201	-1779.00252795	
-5.61555824124	-1779.00252013	
-5.61677109767	-1779.00251232	
-5.61798248485	-1779.00250452	
-5.61919240636	-1779.00249673	
-5.62040086572	-1779.00248895	
-5.62160786647	-1779.00248118	
-5.62281341212	-1779.00247341	
-5.62401750619	-1779.00246566	
-5.62522015215	-1779.00245792	
-5.6264213535	-1779.00245018	
-5.62762111369	-1779.00244245	
-5.62881943618	-1779.00243474	
-5.63001632442	-1779.00242703	
-5.63121178182	-1779.00241933	
-5.63240581181	-1779.00241164	
-5.6335984178	-1779.00240396	
-5.63478960317	-1779.00239629	
-5.6359793713	-1779.00238863	
-5.63716772557	-1779.00238097	
-5.63835466933	-1779.00237333	
-5.63954020593	-1779.00236569	
-5.64072433869	-1779.00235807	
-5.64190707094	-1779.00235045	
-5.64308840598	-1779.00234284	
-5.64426834712	-1779.00233525	
-5.64544689764	-1779.00232766	
-5.64662406082	-1779.00232008	
-5.64779983991	-1779.00231251	
-5.64897423816	-1779.00230494	
-5.65014725882	-1779.00229739	
-5.65131890512	-1779.00228985	
-5.65248918027	-1779.00228231	
-5.65365808747	-1779.00227479	
-5.65482562993	-1779.00226727	
-5.65599181082	-1779.00225976	
-5.65715663332	-1779.00225226	
-5.65832010058	-1779.00224477	
-5.65948221576	-1779.00223729	
-5.660642982	-1779.00222982	
-5.66180240242	-1779.00222236	
-5.66296048014	-1779.00221491	
-5.66411721826	-1779.00220746	
-5.66527261989	-1779.00220003	
-5.66642668811	-1779.0021926	
-5.66757942599	-1779.00218518	
-5.6687308366	-1779.00217777	
-5.66988092298	-1779.00217037	
-5.67102968818	-1779.00216298	
-5.67217713524	-1779.0021556	
-5.67332326717	-1779.00214823	
-5.67446808699	-1779.00214086	
-5.67561159769	-1779.00213351	
-5.67675380227	-1779.00212616	
-5.6778947037	-1779.00211883	
-5.67903430497	-1779.0021115	
-5.68017260902	-1779.00210418	
-5.6813096188	-1779.00209687	
-5.68244533727	-1779.00208957	
-5.68357976734	-1779.00208227	
-5.68471291194	-1779.00207499	
-5.68584477397	-1779.00206771	
-5.68697535634	-1779.00206045	
-5.68810466194	-1779.00205319	
-5.68923269364	-1779.00204594	
-5.69035945432	-1779.0020387	
-5.69148494685	-1779.00203147	
-5.69260917406	-1779.00202425	
-5.6937321388	-1779.00201704	
-5.69485384391	-1779.00200983	
-5.69597429221	-1779.00200264	
-5.69709348651	-1779.00199545	
-5.69821142961	-1779.00198827	
-5.69932812431	-1779.0019811	
-5.70044357339	-1779.00197394	
-5.70155777963	-1779.00196679	
-5.7026707458	-1779.00195965	
-5.70378247466	-1779.00195251	
-5.70489296894	-1779.00194539	
-5.70600223139	-1779.00193827	
-5.70711026475	-1779.00193116	
-5.70821707172	-1779.00192406	
-5.70932265503	-1779.00191697	
-5.71042701737	-1779.00190989	
-5.71153016145	-1779.00190281	
-5.71263208993	-1779.00189575	
-5.71373280551	-1779.00188869	
-5.71483231084	-1779.00188164	
-5.71593060859	-1779.00187461	
-5.71702770141	-1779.00186758	
-5.71812359193	-1779.00186055	
-5.71921828279	-1779.00185354	
-5.72031177661	-1779.00184654	
-5.72140407601	-1779.00183954	
-5.72249518359	-1779.00183255	
-5.72358510195	-1779.00182557	
-5.72467383369	-1779.0018186	
-5.72576138137	-1779.00181164	
-5.72684774759	-1779.00180469	
-5.72793293489	-1779.00179774	
-5.72901694583	-1779.00179081	
-5.73009978297	-1779.00178388	
-5.73118144884	-1779.00177696	
-5.73226194598	-1779.00177005	
-5.7333412769	-1779.00176315	
-5.73441944412	-1779.00175625	
-5.73549645015	-1779.00174937	
-5.73657229748	-1779.00174249	
-5.73764698861	-1779.00173562	
-5.73872052602	-1779.00172876	
-5.73979291218	-1779.00172191	
-5.74086414956	-1779.00171507	
-5.74193424062	-1779.00170823	
-5.74300318781	-1779.0017014	
-5.74407099357	-1779.00169459	
-5.74513766034	-1779.00168778	
-5.74620319054	-1779.00168098	
-5.7472675866	-1779.00167418	
-5.74833085092	-1779.0016674	
-5.74939298591	-1779.00166062	
-5.75045399397	-1779.00165385	
-5.75151387748	-1779.00164709	
-5.75257263883	-1779.00164034	
-5.75363028038	-1779.0016336	
-5.75468680452	-1779.00162686	
-5.75574221359	-1779.00162014	
-5.75679650994	-1779.00161342	
-5.75784969593	-1779.00160671	
-5.75890177388	-1779.00160001	
-5.75995274612	-1779.00159331	
-5.76100261499	-1779.00158663	
-5.76205138278	-1779.00157995	
-5.76309905181	-1779.00157328	
-5.76414562438	-1779.00156662	
-5.76519110278	-1779.00155997	
-5.7662354893	-1779.00155332	
-5.76727878622	-1779.00154669	
-5.76832099579	-1779.00154006	
-5.7693621203	-1779.00153344	
-5.770402162	-1779.00152683	
-5.77144112313	-1779.00152022	
-5.77247900594	-1779.00151363	
-5.77351581267	-1779.00150704	
-5.77455154554	-1779.00150046	
-5.77558620679	-1779.00149389	
-5.77661979861	-1779.00148733	
-5.77765232322	-1779.00148077	
-5.77868378283	-1779.00147422	
-5.77971417962	-1779.00146769	
-5.78074351579	-1779.00146115	
-5.78177179352	-1779.00145463	
-5.78279901497	-1779.00144812	
-5.78382518233	-1779.00144161	
-5.78485029774	-1779.00143511	
-5.78587436337	-1779.00142862	
-5.78689738137	-1779.00142214	
-5.78791935386	-1779.00141566	
-5.788940283	-1779.00140919	
-5.7899601709	-1779.00140273	
-5.79097901969	-1779.00139628	
-5.79199683148	-1779.00138984	
-5.79301360838	-1779.0013834	
-5.7940293525	-1779.00137698	
-5.79504406593	-1779.00137056	
-5.79605775077	-1779.00136415	
-5.79707040908	-1779.00135774	
-5.79808204295	-1779.00135134	
-5.79909265446	-1779.00134496	
-5.80010224566	-1779.00133858	
-5.80111081862	-1779.0013322	
-5.80211837538	-1779.00132584	
-5.80312491799	-1779.00131948	
-5.80413044849	-1779.00131313	
-5.80513496892	-1779.00130679	
-5.80613848129	-1779.00130046	
-5.80714098764	-1779.00129413	
-5.80814248998	-1779.00128781	
-5.80914299031	-1779.0012815	
