# log_p 	 lnL 	 
0.0	-1795.3301938	
-0.287682072452	-1795.03846087	
-0.510825623766	-1794.69273167	
-0.69314718056	-1794.35111287	
-0.847297860387	-1794.03882966	
-0.980829253012	-1793.76044719	
-1.09861228867	-1793.51239811	
-1.20397280433	-1793.28923528	
-1.29928298413	-1793.08595186	
-1.38629436112	-1792.8985743	
-1.46633706879	-1792.72412889	
-1.54044504095	-1792.56043969	
-1.60943791243	-1792.40592259	
-1.67397643357	-1792.25942066	
-1.73460105539	-1792.12008316	
-1.79175946923	-1791.98727897	
-1.8458266905	-1791.86053459	
-1.89711998489	-1791.73948915	
-1.94591014906	-1791.62386152	
-1.99243016469	-1791.51342589	
-2.03688192726	-1791.40799384	
-2.07944154168	-1791.30740118	
-2.1202635362	-1791.21149855	
-2.15948424935	-1791.12014489	
-2.19722457734	-1791.03320302	
-2.23359222151	-1790.95053693	
-2.26868354132	-1790.87201022	
-2.30258509299	-1790.79748541	
-2.33537491582	-1790.72682383	
-2.36712361413	-1790.65988585	
-2.3978952728	-1790.59653142	
-2.42774823595	-1790.53662068	
-2.45673577282	-1790.48001455	
-2.48490664979	-1790.42657542	
-2.51230562398	-1790.37616774	
-2.53897387106	-1790.32865849	
-2.56494935746	-1790.28391769	
-2.59026716545	-1790.24181876	
-2.61495977804	-1790.20223879	
-2.63905732962	-1790.16505879	
-2.66258782703	-1790.13016387	
-2.68557734525	-1790.09744331	
-2.7080502011	-1790.06679065	
-2.73002910782	-1790.03810371	
-2.75153531304	-1790.01128453	
-2.77258872224	-1789.98623938	
-2.79320800944	-1789.96287866	
-2.81341071676	-1789.94111677	
-2.83321334406	-1789.9208721	
-2.85263142991	-1789.90206681	
-2.87167962488	-1789.88462678	
-2.8903717579	-1789.86848142	
-2.90872089656	-1789.8535636	
-2.92673940207	-1789.83980946	
-2.94443897917	-1789.82715827	
-2.96183072188	-1789.81555235	
-2.97892515524	-1789.80493687	
-2.99573227355	-1789.79525978	
-3.01226157551	-1789.78647163	
-3.02852209638	-1789.77852547	
-3.04452243772	-1789.77137673	
-3.06027079469	-1789.76498309	
-3.07577498123	-1789.7593044	
-3.09104245336	-1789.75430253	
-3.10608033072	-1789.74994131	
-3.12089541651	-1789.74618638	
-3.13549421593	-1789.74300515	
-3.14988295338	-1789.74036669	
-3.16406758837	-1789.73824164	
-3.17805383035	-1789.73660212	
-3.19184715248	-1789.73542167	
-3.20545280454	-1789.73467517	
-3.21887582487	-1789.73433879	
-3.23212105162	-1789.73438988	
-3.24519313319	-1789.73480696	
-3.25809653802	-1789.7355696	
-3.2708355638	-1789.73665843	
-3.28341434601	-1789.73805505	
-3.295836866	-1789.73974197	
-3.3081069586	-1789.74170258	
-3.32022831913	-1789.74392112	
-3.33220451018	-1789.74638261	
-3.34403896782	-1789.7490728	
-3.35573500759	-1789.75197818	
-3.36729582999	-1789.7550859	
-3.37872452581	-1789.75838374	
-3.39002408106	-1789.76186011	
-3.40119738166	-1789.76550398	
-3.41224721785	-1789.76930486	
-3.42317628838	-1789.77325281	
-3.43398720449	-1789.77733834	
-3.4446824936	-1789.78155248	
-3.45526460293	-1789.78588667	
-3.4657359028	-1789.79033277	
-3.47609868984	-1789.79488307	
-3.48635519	-1789.79953022	
-3.49650756147	-1789.80426725	
-3.50655789732	-1789.8090875	
-3.51650822817	-1789.81398469	
-3.52636052462	-1789.81895282	
-3.53611669956	-1789.82398619	
-3.54577861047	-1789.82907938	
-3.55534806149	-1789.83422726	
-3.56482680544	-1789.83942494	
-3.57421654579	-1789.84466776	
-3.58351893846	-1789.84995133	
-3.59273559356	-1789.85527144	
-3.60186807712	-1789.86062412	
-3.61091791264	-1789.86600558	
-3.61988658263	-1789.87141223	
-3.62877553004	-1789.87684067	
-3.63758615973	-1789.88228766	
-3.6463198397	-1789.88775012	
-3.65497790244	-1789.89322515	
-3.66356164613	-1789.89870998	
-3.6720723358	-1789.90420199	
-3.68051120444	-1789.90969869	
-3.68887945411	-1789.91519773	
-3.69717825693	-1789.92069688	
-3.70540875607	-1789.92619402	
-3.7135720667	-1789.93168714	
-3.72166927694	-1789.93717437	
-3.72970144863	-1789.94265389	
-3.73766961828	-1789.94812402	
-3.74557479779	-1789.95358316	
-3.75341797525	-1789.95902979	
-3.76120011569	-1789.96446248	
-3.76892216179	-1789.96987988	
-3.77658503453	-1789.97528073	
-3.78418963392	-1789.98066383	
-3.79173683955	-1789.98602804	
-3.79922751128	-1789.99137231	
-3.80666248977	-1789.99669563	
-3.81404259707	-1790.00199708	
-3.82136863716	-1790.00727577	
-3.82864139649	-1790.01253088	
-3.83586164446	-1790.01776164	
-3.84303013394	-1790.02296733	
-3.85014760171	-1790.02814727	
-3.85721476893	-1790.03330084	
-3.86423234159	-1790.03842746	
-3.87120101091	-1790.04352659	
-3.87812145375	-1790.04859772	
-3.88499433304	-1790.05364039	
-3.89182029811	-1790.05865417	
-3.8985999851	-1790.06363867	
-3.90533401728	-1790.06859353	
-3.91202300543	-1790.07351842	
-3.91866754815	-1790.07841304	
-3.92526823218	-1790.08327712	
-3.93182563272	-1790.08811042	
-3.93834031375	-1790.09291271	
-3.94481282825	-1790.09768381	
-3.95124371858	-1790.10242354	
-3.95763351668	-1790.10713175	
-3.96398274436	-1790.11180832	
-3.97029191355	-1790.11645315	
-3.97656152657	-1790.12106614	
-3.98279207632	-1790.12564722	
-3.98898404656	-1790.13019635	
-3.99513791214	-1790.13471348	
-4.00125413916	-1790.1391986	
-4.00733318523	-1790.1436517	
-4.01337549969	-1790.14807279	
-4.01938152375	-1790.15246189	
-4.02535169074	-1790.15681904	
-4.03128642625	-1790.16114428	
-4.03718614838	-1790.16543768	
-4.04305126783	-1790.1696993	
-4.04888218815	-1790.17392922	
-4.05467930583	-1790.17812752	
-4.06044301055	-1790.18229432	
-4.06617368526	-1790.18642971	
-4.07187170637	-1790.19053381	
-4.07753744391	-1790.19460675	
-4.08317126162	-1790.19864864	
-4.08877351717	-1790.20265963	
-4.09434456222	-1790.20663987	
-4.0998847426	-1790.2105895	
-4.10539439841	-1790.21450867	
-4.11087386417	-1790.21839754	
-4.11632346894	-1790.22225629	
-4.12174353641	-1790.22608508	
-4.12713438505	-1790.22988408	
-4.13249632819	-1790.23365347	
-4.13782967416	-1790.23739344	
-4.14313472639	-1790.24110417	
-4.14841178349	-1790.24478585	
-4.15366113938	-1790.24843866	
-4.15888308336	-1790.25206281	
-4.16407790024	-1790.25565849	
-4.1692458704	-1790.2592259	
-4.1743872699	-1790.26276524	
-4.17950237056	-1790.26627672	
-4.18459144007	-1790.26976054	
-4.18965474203	-1790.2732169	
-4.19469253606	-1790.27664601	
-4.19970507788	-1790.28004809	
-4.20469261939	-1790.28342334	
-4.20965540873	-1790.28677198	
-4.21459369037	-1790.29009422	
-4.21950770518	-1790.29339026	
-4.22439769047	-1790.29666032	
-4.22926388012	-1790.29990462	
-4.2341065046	-1790.30312337	
-4.23892579103	-1790.30631679	
-4.2437219633	-1790.30948508	
-4.24849524205	-1790.31262846	
-4.25324584481	-1790.31574715	
-4.257973986	-1790.31884136	
-4.26267987704	-1790.32191131	
-4.26736372635	-1790.3249572	
-4.27202573946	-1790.32797925	
-4.27666611902	-1790.33097767	
-4.28128506487	-1790.33395267	
-4.28588277412	-1790.33690447	
-4.29045944115	-1790.33983327	
-4.29501525768	-1790.34273929	
-4.29955041285	-1790.34562273	
-4.3040650932	-1790.3484838	
-4.30855948279	-1790.3513227	
-4.31303376319	-1790.35413965	
-4.31748811354	-1790.35693485	
-4.3219227106	-1790.3597085	
-4.32633772881	-1790.36246081	
-4.33073334029	-1790.36519197	
-4.33510971489	-1790.36790219	
-4.33946702026	-1790.37059167	
-4.34380542185	-1790.3732606	
-4.348125083	-1790.37590919	
-4.3524261649	-1790.37853762	
-4.35670882669	-1790.3811461	
-4.36097322548	-1790.38373481	
-4.36521951636	-1790.38630394	
-4.36944785247	-1790.3888537	
-4.373658385	-1790.39138426	
-4.37785126326	-1790.39389581	
-4.38202663467	-1790.39638855	
-4.38618464482	-1790.39886265	
-4.39032543749	-1790.4013183	
-4.39444915467	-1790.40375568	
-4.39855593663	-1790.40617497	
-4.40264592188	-1790.40857635	
-4.40671924726	-1790.41096	
-4.41077604796	-1790.4133261	
-4.4148164575	-1790.41567481	
-4.4188406078	-1790.41800632	
-4.42284862919	-1790.42032079	
-4.42684065046	-1790.42261839	
-4.43081679884	-1790.4248993	
-4.43477720006	-1790.42716368	
-4.43872197835	-1790.4294117	
-4.44265125649	-1790.43164352	
-4.44656515581	-1790.4338593	
-4.45046379623	-1790.43605921	
-4.45434729625	-1790.43824341	
-4.45821577303	-1790.44041205	
-4.46206934235	-1790.44256529	
-4.46590811865	-1790.44470329	
-4.46973221509	-1790.4468262	
-4.47354174351	-1790.44893418	
-4.47733681448	-1790.45102737	
-4.48111753732	-1790.45310593	
-4.48488402011	-1790.45517	
-4.48863636973	-1790.45721973	
-4.49237469184	-1790.45925527	
-4.49609909093	-1790.46127676	
-4.49980967033	-1790.46328435	
-4.50350653221	-1790.46527816	
-4.50718977763	-1790.46725836	
-4.51085950652	-1790.46922507	
-4.51451581772	-1790.47117843	
-4.518158809	-1790.47311857	
-4.52178857705	-1790.47504564	
-4.52540521752	-1790.47695976	
-4.52900882502	-1790.47886107	
-4.53259949315	-1790.4807497	
-4.5361773145	-1790.48262577	
-4.53974238067	-1790.48448941	
-4.54329478227	-1790.48634076	
-4.54683460898	-1790.48817993	
-4.55036194949	-1790.49000705	
-4.5538768916	-1790.49182225	
-4.55737952215	-1790.49362564	
-4.56086992709	-1790.49541734	
-4.56434819147	-1790.49719747	
-4.56781439944	-1790.49896616	
-4.57126863431	-1790.50072351	
-4.5747109785	-1790.50246965	
-4.5781415136	-1790.50420468	
-4.58156032035	-1790.50592872	
-4.58496747867	-1790.50764189	
-4.58836306767	-1790.50934428	
-4.59174716566	-1790.51103602	
-4.59511985013	-1790.5127172	
-4.59848119784	-1790.51438794	
-4.60183128472	-1790.51604835	
-4.60517018599	-1790.51769852	
-4.60849797608	-1790.51933856	
-4.61181472871	-1790.52096858	
-4.61512051684	-1790.52258867	
-4.61841541274	-1790.52419894	
-4.62169948794	-1790.52579948	
-4.62497281328	-1790.5273904	
-4.62823545892	-1790.52897178	
-4.63148749431	-1790.53054374	
-4.63472898823	-1790.53210635	
-4.63796000881	-1790.53365973	
-4.64118062351	-1790.53520395	
-4.64439089914	-1790.53673911	
-4.64759090187	-1790.53826531	
-4.65078069724	-1790.53978263	
-4.65396035016	-1790.54129116	
-4.65712992492	-1790.54279099	
-4.66028948521	-1790.54428221	
-4.66343909411	-1790.54576491	
-4.66657881412	-1790.54723917	
-4.66970870713	-1790.54870507	
-4.67282883446	-1790.5501627	
-4.67593925688	-1790.55161214	
-4.67904003455	-1790.55305347	
-4.68213122712	-1790.55448678	
-4.68521289366	-1790.55591214	
-4.6882850927	-1790.55732963	
-4.69134788223	-1790.55873934	
-4.69440131972	-1790.56014134	
-4.6974454621	-1790.5615357	
-4.70048036579	-1790.5629225	
-4.70350608671	-1790.56430183	
-4.70652268025	-1790.56567374	
-4.70953020131	-1790.56703832	
-4.71252870431	-1790.56839563	
-4.71551824316	-1790.56974576	
-4.7184988713	-1790.57108877	
-4.72147064168	-1790.57242472	
-4.72443360681	-1790.5737537	
-4.72738781871	-1790.57507577	
-4.73033332894	-1790.57639099	
-4.73327018862	-1790.57769944	
-4.73619844839	-1790.57900118	
-4.7391181585	-1790.58029628	
-4.74202936871	-1790.5815848	
-4.74493212836	-1790.58286681	
-4.74782648639	-1790.58414237	
-4.75071249128	-1790.58541154	
-4.75359019111	-1790.58667439	
-4.75645963353	-1790.58793098	
-4.75932086582	-1790.58918137	
-4.7621739348	-1790.59042562	
-4.76501888693	-1790.59166378	
-4.76785576827	-1790.59289593	
-4.77068462447	-1790.59412211	
-4.77350550081	-1790.59534239	
-4.77631844218	-1790.59655682	
-4.77912349311	-1790.59776546	
-4.78192069773	-1790.59896837	
-4.78471009982	-1790.6001656	
-4.78749174278	-1790.6013572	
-4.79026566966	-1790.60254323	
-4.79303192316	-1790.60372375	
-4.7957905456	-1790.6048988	
-4.79854157897	-1790.60606844	
-4.80128506491	-1790.60723272	
-4.80402104473	-1790.6083917	
-4.80674955939	-1790.60954541	
-4.8094706495	-1790.61069393	
-4.81218435537	-1790.61183728	
-4.81489071697	-1790.61297553	
-4.81758977394	-1790.61410872	
-4.82028156561	-1790.6152369	
-4.82296613098	-1790.61636011	
-4.82564350875	-1790.61747841	
-4.8283137373	-1790.61859185	
-4.83097685472	-1790.61970046	
-4.83363289878	-1790.62080429	
-4.83628190695	-1790.62190339	
-4.83892391641	-1790.6229978	
-4.84155896405	-1790.62408757	
-4.84418708646	-1790.62517274	
-4.84680831994	-1790.62625336	
-4.84942270051	-1790.62732946	
-4.85203026392	-1790.6284011	
-4.85463104562	-1790.6294683	
-4.8572250808	-1790.63053112	
-4.85981240436	-1790.63158959	
-4.86239305096	-1790.63264375	
-4.86496705495	-1790.63369365	
-4.86753445046	-1790.63473933	
-4.87009527132	-1790.63578082	
-4.87264955112	-1790.63681816	
-4.8751973232	-1790.63785139	
-4.87773862063	-1790.63888055	
-4.88027347623	-1790.63990568	
-4.88280192259	-1790.64092682	
-4.88532399202	-1790.64194399	
-4.88783971662	-1790.64295725	
-4.89034912822	-1790.64396662	
-4.89285225844	-1790.64497213	
-4.89534913864	-1790.64597384	
-4.89783979995	-1790.64697176	
-4.90032427328	-1790.64796594	
-4.90280258929	-1790.64895641	
-4.90527477844	-1790.6499432	
-4.90774087093	-1790.65092635	
-4.91020089677	-1790.65190589	
-4.91265488574	-1790.65288185	
-4.91510286737	-1790.65385426	
-4.91754487103	-1790.65482317	
-4.91998092583	-1790.65578859	
-4.92241106068	-1790.65675056	
-4.92483530429	-1790.65770912	
-4.92725368516	-1790.65866429	
-4.92966623156	-1790.65961611	
-4.93207297159	-1790.66056459	
-4.93447393313	-1790.66150978	
-4.93686914386	-1790.66245171	
-4.93925863125	-1790.6633904	
-4.94164242261	-1790.66432588	
-4.94402054501	-1790.66525818	
-4.94639302537	-1790.66618733	
-4.94875989038	-1790.66711335	
-4.95112116656	-1790.66803628	
-4.95347688026	-1790.66895615	
-4.9558270576	-1790.66987297	
-4.95817172456	-1790.67078678	
-4.96051090691	-1790.6716976	
-4.96284463026	-1790.67260546	
-4.96517292002	-1790.67351039	
-4.96749580144	-1790.67441241	
-4.96981329958	-1790.67531155	
-4.97212543933	-1790.67620783	
-4.97443224543	-1790.67710128	
-4.97673374242	-1790.67799192	
-4.97902995468	-1790.67887978	
-4.98132090643	-1790.67976488	
-4.98360662171	-1790.68064724	
-4.98588712441	-1790.6815269	
-4.98816243824	-1790.68240386	
-4.99043258678	-1790.68327817	
-4.99269759341	-1790.68414983	
-4.99495748138	-1790.68501888	
-4.99721227376	-1790.68588533	
-4.9994619935	-1790.68674921	
-5.00170666335	-1790.68761053	
-5.00394630595	-1790.68846933	
-5.00618094375	-1790.68932563	
-5.00841059907	-1790.69017944	
-5.0106352941	-1790.69103078	
-5.01285505083	-1790.69187968	
-5.01506989116	-1790.69272616	
-5.01727983681	-1790.69357024	
-5.01948490937	-1790.69441193	
-5.02168513028	-1790.69525127	
-5.02388052085	-1790.69608827	
-5.02607110223	-1790.69692294	
-5.02825689545	-1790.69775532	
-5.03043792139	-1790.69858541	
-5.03261420082	-1790.69941324	
-5.03478575433	-1790.70023883	
-5.03695260241	-1790.70106219	
-5.03911476542	-1790.70188335	
-5.04127226356	-1790.70270232	
-5.04342511692	-1790.70351912	
-5.04557334546	-1790.70433377	
-5.047716969	-1790.70514629	
-5.04985600725	-1790.70595669	
-5.05199047978	-1790.706765	
-5.05412040604	-1790.70757122	
-5.05624580535	-1790.70837538	
-5.05836669692	-1790.7091775	
-5.06048309982	-1790.70997759	
-5.06259503303	-1790.71077566	
-5.06470251537	-1790.71157174	
-5.06680556556	-1790.71236584	
-5.06890420222	-1790.71315798	
-5.07099844382	-1790.71394817	
-5.07308830874	-1790.71473643	
-5.07517381523	-1790.71552277	
-5.07725498144	-1790.71630722	
-5.07933182538	-1790.71708978	
-5.08140436498	-1790.71787047	
-5.08347261805	-1790.7186493	
-5.08553660227	-1790.7194263	
-5.08759633523	-1790.72020148	
-5.08965183441	-1790.72097484	
-5.09170311719	-1790.72174641	
-5.09375020081	-1790.7225162	
-5.09579310244	-1790.72328423	
-5.09783183913	-1790.7240505	
-5.09986642782	-1790.72481504	
-5.10189688537	-1790.72557785	
-5.10392322852	-1790.72633895	
-5.1059454739	-1790.72709835	
-5.10796363806	-1790.72785607	
-5.10997773743	-1790.72861212	
-5.11198778836	-1790.72936652	
-5.11399380708	-1790.73011927	
-5.11599580975	-1790.73087039	
-5.11799381242	-1790.73161989	
-5.11998783102	-1790.73236778	
-5.12197788143	-1790.73311409	
-5.1239639794	-1790.73385881	
-5.12594614061	-1790.73460197	
-5.12792438062	-1790.73534357	
-5.12989871492	-1790.73608362	
-5.13186915891	-1790.73682215	
-5.13383572788	-1790.73755915	
-5.13579843705	-1790.73829465	
-5.13775730154	-1790.73902865	
-5.13971233637	-1790.73976116	
-5.1416635565	-1790.74049221	
-5.14361097679	-1790.74122179	
-5.145554612	-1790.74194992	
-5.14749447681	-1790.7426766	
-5.14943058584	-1790.74340187	
-5.15136295359	-1790.74412571	
-5.1532915945	-1790.74484814	
-5.15521652291	-1790.74556918	
-5.15713775309	-1790.74628883	
-5.15905529921	-1790.74700711	
-5.1609691754	-1790.74772402	
-5.16287939565	-1790.74843958	
-5.16478597392	-1790.74915379	
-5.16668892407	-1790.74986666	
-5.16858825987	-1790.75057821	
-5.17048399504	-1790.75128845	
-5.17237614319	-1790.75199738	
-5.17426471788	-1790.75270502	
-5.17614973257	-1790.75341137	
-5.17803120067	-1790.75411644	
-5.1799091355	-1790.75482025	
-5.18178355029	-1790.7555228	
-5.18365445823	-1790.7562241	
-5.1855218724	-1790.75692416	
-5.18738580584	-1790.75762299	
-5.18924627149	-1790.7583206	
-5.19110328224	-1790.759017	
-5.19295685089	-1790.75971219	
-5.19480699018	-1790.76040619	
-5.19665371277	-1790.761099	
-5.19849703127	-1790.76179064	
-5.20033695819	-1790.76248111	
-5.202173506	-1790.76317041	
-5.20400668708	-1790.76385856	
-5.20583651375	-1790.76454557	
-5.20766299828	-1790.76523145	
-5.20948615284	-1790.76591619	
-5.21130598956	-1790.76659982	
-5.21312252048	-1790.76728233	
-5.21493575761	-1790.76796374	
-5.21674571285	-1790.76864405	
-5.21855239808	-1790.76932328	
-5.22035582508	-1790.77000142	
-5.22215600558	-1790.77067849	
-5.22395295126	-1790.7713545	
-5.22574667371	-1790.77202945	
-5.22753718449	-1790.77270334	
-5.22932449506	-1790.77337619	
-5.23110861685	-1790.77404801	
-5.23288956123	-1790.7747188	
-5.23466733947	-1790.77538856	
-5.23644196283	-1790.77605731	
-5.23821344248	-1790.77672505	
-5.23998178954	-1790.77739179	
-5.24174701506	-1790.77805754	
-5.24350913005	-1790.77872229	
-5.24526814546	-1790.77938607	
-5.24702407216	-1790.78004887	
-5.24877692099	-1790.78071071	
-5.25052670271	-1790.78137158	
-5.25227342805	-1790.7820315	
-5.25401710765	-1790.78269048	
-5.25575775213	-1790.7833485	
-5.25749537203	-1790.7840056	
-5.25922997784	-1790.78466176	
-5.26096158	-1790.78531701	
-5.2626901889	-1790.78597133	
-5.26441581487	-1790.78662474	
-5.26613846818	-1790.78727725	
-5.26785815906	-1790.78792886	
-5.26957489768	-1790.78857958	
-5.27128869416	-1790.78922941	
-5.27299955856	-1790.78987836	
-5.27470750091	-1790.79052643	
-5.27641253116	-1790.79117364	
-5.27811465923	-1790.79181997	
-5.27981389498	-1790.79246545	
-5.28151024823	-1790.79311008	
-5.28320372874	-1790.79375386	
-5.28489434622	-1790.7943968	
-5.28658211033	-1790.7950389	
-5.28826703069	-1790.79568017	
-5.28994911688	-1790.79632061	
-5.2916283784	-1790.79696023	
-5.29330482472	-1790.79759904	
-5.29497846528	-1790.79823704	
-5.29664930945	-1790.79887423	
-5.29831736655	-1790.79951062	
-5.29998264587	-1790.80014621	
-5.30164515664	-1790.80078102	
-5.30330490806	-1790.80141504	
-5.30496190927	-1790.80204828	
-5.30661616936	-1790.80268074	
-5.3082676974	-1790.80331243	
-5.30991650239	-1790.80394336	
-5.3115625933	-1790.80457352	
-5.31320597904	-1790.80520293	
-5.3148466685	-1790.80583159	
-5.3164846705	-1790.80645949	
-5.31811999384	-1790.80708666	
-5.31975264727	-1790.80771309	
-5.32138263948	-1790.80833878	
-5.32300997914	-1790.80896374	
-5.32463467487	-1790.80958798	
-5.32625673524	-1790.8102115	
-5.32787616879	-1790.8108343	
-5.32949298402	-1790.81145639	
-5.33110718937	-1790.81207777	
-5.33271879327	-1790.81269845	
-5.33432780407	-1790.81331843	
-5.33593423012	-1790.81393771	
-5.3375380797	-1790.8145563	
-5.33913936107	-1790.8151742	
-5.34073808243	-1790.81579142	
-5.34233425196	-1790.81640796	
-5.3439278778	-1790.81702383	
-5.34551896803	-1790.81763902	
-5.34710753072	-1790.81825355	
-5.34869357387	-1790.81886741	
-5.35027710548	-1790.81948061	
-5.35185813348	-1790.82009316	
-5.35343666577	-1790.82070505	
-5.35501271022	-1790.8213163	
-5.35658627467	-1790.8219269	
-5.3581573669	-1790.82253686	
-5.35972599468	-1790.82314618	
-5.36129216571	-1790.82375487	
-5.36285588769	-1790.82436293	
-5.36441716825	-1790.82497036	
-5.36597601502	-1790.82557716	
-5.36753243557	-1790.82618335	
-5.36908643744	-1790.82678892	
-5.37063802813	-1790.82739387	
-5.37218721511	-1790.82799822	
-5.37373400583	-1790.82860196	
-5.37527840768	-1790.8292051	
-5.37682042804	-1790.82980763	
-5.37836007422	-1790.83040957	
-5.37989735354	-1790.83101092	
-5.38143227326	-1790.83161168	
-5.38296484061	-1790.83221185	
-5.38449506279	-1790.83281143	
-5.38602294697	-1790.83341044	
-5.38754850028	-1790.83400886	
-5.38907172982	-1790.83460672	
-5.39059264266	-1790.835204	
-5.39211124583	-1790.83580071	
-5.39362754635	-1790.83639686	
-5.39514155118	-1790.83699244	
-5.39665326727	-1790.83758747	
-5.39816270152	-1790.83818193	
-5.39966986081	-1790.83877585	
-5.40117475199	-1790.83936921	
-5.40267738187	-1790.83996203	
-5.40417775725	-1790.8405543	
-5.40567588487	-1790.84114602	
-5.40717177146	-1790.84173721	
-5.40866542372	-1790.84232786	
-5.4101568483	-1790.84291798	
-5.41164605186	-1790.84350756	
-5.41313304098	-1790.84409662	
-5.41461782224	-1790.84468515	
-5.4161004022	-1790.84527316	
-5.41758078737	-1790.84586064	
-5.41905898424	-1790.84644761	
-5.42053499927	-1790.84703406	
-5.42200883889	-1790.84762	
-5.4234805095	-1790.84820543	
-5.42495001748	-1790.84879034	
-5.42641736918	-1790.84937476	
-5.4278825709	-1790.84995867	
-5.42934562895	-1790.85054208	
-5.43080654959	-1790.85112499	
-5.43226533906	-1790.8517074	
-5.43372200355	-1790.85228932	
-5.43517654927	-1790.85287075	
-5.43662898235	-1790.8534517	
-5.43807930892	-1790.85403215	
-5.4395275351	-1790.85461212	
-5.44097366695	-1790.85519161	
-5.44241771052	-1790.85577062	
-5.44385967184	-1790.85634915	
-5.4452995569	-1790.8569272	
-5.44673737167	-1790.85750479	
-5.44817312209	-1790.8580819	
-5.44960681409	-1790.85865854	
-5.45103845357	-1790.85923472	
-5.45246804638	-1790.85981043	
-5.45389559837	-1790.86038568	
-5.45532111536	-1790.86096047	
-5.45674460314	-1790.86153481	
-5.45816606749	-1790.86210868	
-5.45958551414	-1790.8626821	
-5.46100294883	-1790.86325507	
-5.46241837723	-1790.86382759	
-5.46383180503	-1790.86439967	
-5.46524323786	-1790.86497129	
-5.46665268137	-1790.86554248	
-5.46806014114	-1790.86611322	
-5.46946562274	-1790.86668352	
-5.47086913175	-1790.86725338	
-5.47227067367	-1790.86782281	
-5.47367025403	-1790.8683918	
-5.47506787829	-1790.86896036	
-5.47646355193	-1790.86952849	
-5.47785728038	-1790.87009619	
-5.47924906905	-1790.87066346	
-5.48063892334	-1790.87123031	
-5.48202684862	-1790.87179674	
-5.48341285022	-1790.87236274	
-5.48479693349	-1790.87292833	
-5.48617910372	-1790.87349349	
-5.48755936619	-1790.87405824	
-5.48893772616	-1790.87462258	
-5.49031418887	-1790.8751865	
-5.49168875953	-1790.87575001	
-5.49306144334	-1790.87631312	
-5.49443224547	-1790.87687581	
-5.49580117108	-1790.8774381	
-5.49716822529	-1790.87799999	
-5.49853341322	-1790.87856147	
-5.49989673995	-1790.87912255	
-5.50125821054	-1790.87968323	
-5.50261783006	-1790.88024351	
-5.50397560352	-1790.8808034	
-5.50533153593	-1790.88136289	
-5.50668563228	-1790.88192199	
-5.50803789753	-1790.8824807	
-5.50938833663	-1790.88303902	
-5.5107369545	-1790.88359695	
-5.51208375605	-1790.88415449	
-5.51342874616	-1790.88471165	
-5.51477192971	-1790.88526842	
-5.51611331154	-1790.88582481	
-5.51745289646	-1790.88638082	
-5.51879068931	-1790.88693645	
-5.52012669485	-1790.8874917	
-5.52146091786	-1790.88804657	
-5.5227933631	-1790.88860107	
-5.52412403528	-1790.8891552	
-5.52545293913	-1790.88970895	
-5.52678007934	-1790.89026233	
-5.52810546058	-1790.89081534	
-5.52942908751	-1790.89136799	
-5.53075096477	-1790.89192026	
-5.53207109697	-1790.89247217	
-5.53338948873	-1790.89302372	
-5.53470614461	-1790.8935749	
-5.53602106919	-1790.89412572	
-5.53733426702	-1790.89467618	
-5.53864574262	-1790.89522629	
-5.5399555005	-1790.89577603	
-5.54126354516	-1790.89632542	
-5.54256988107	-1790.89687445	
-5.5438745127	-1790.89742313	
-5.54517744448	-1790.89797145	
-5.54647868084	-1790.89851942	
-5.54777822618	-1790.89906705	
-5.5490760849	-1790.89961432	
-5.55037226136	-1790.90016125	
-5.55166675992	-1790.90070783	
-5.55295958492	-1790.90125406	
-5.55425074069	-1790.90179995	
-5.55554023152	-1790.90234549	
-5.5568280617	-1790.9028907	
-5.55811423551	-1790.90343556	
-5.5593987572	-1790.90398008	
-5.56068163102	-1790.90452427	
-5.56196286117	-1790.90506812	
-5.56324245188	-1790.90561163	
-5.56452040732	-1790.9061548	
-5.56579673168	-1790.90669764	
-5.56707142911	-1790.90724015	
-5.56834450376	-1790.90778233	
-5.56961595975	-1790.90832418	
-5.57088580119	-1790.90886569	
-5.57215403218	-1790.90940688	
-5.57342065679	-1790.90994774	
-5.5746856791	-1790.91048827	
-5.57594910315	-1790.91102848	
-5.57721093297	-1790.91156836	
-5.57847117258	-1790.91210792	
-5.57972982599	-1790.91264715	
-5.58098689718	-1790.91318607	
-5.58224239012	-1790.91372466	
-5.58349630878	-1790.91426294	
-5.5847486571	-1790.91480089	
-5.585999439	-1790.91533853	
-5.5872486584	-1790.91587585	
-5.5884963192	-1790.91641286	
-5.58974242528	-1790.91694955	
-5.59098698051	-1790.91748593	
-5.59222998875	-1790.91802199	
-5.59347145384	-1790.91855775	
-5.5947113796	-1790.91909319	
-5.59594976985	-1790.91962832	
-5.59718662839	-1790.92016314	
-5.598421959	-1790.92069766	
-5.59965576545	-1790.92123186	
-5.60088805149	-1790.92176577	
-5.60211882088	-1790.92229936	
-5.60334807733	-1790.92283265	
-5.60457582457	-1790.92336564	
-5.6058020663	-1790.92389832	
-5.60702680619	-1790.9244307	
-5.60825004793	-1790.92496279	
-5.60947179518	-1790.92549457	
-5.61069205159	-1790.92602605	
-5.61191082078	-1790.92655723	
-5.61312810639	-1790.92708811	
-5.61434391201	-1790.9276187	
-5.61555824124	-1790.92814899	
-5.61677109767	-1790.92867899	
-5.61798248485	-1790.92920869	
-5.61919240636	-1790.9297381	
-5.62040086572	-1790.93026721	
-5.62160786647	-1790.93079604	
-5.62281341212	-1790.93132457	
-5.62401750619	-1790.93185281	
-5.62522015215	-1790.93238076	
-5.6264213535	-1790.93290842	
-5.62762111369	-1790.9334358	
-5.62881943618	-1790.93396288	
-5.63001632442	-1790.93448968	
-5.63121178182	-1790.9350162	
-5.63240581181	-1790.93554242	
-5.6335984178	-1790.93606837	
-5.63478960317	-1790.93659403	
-5.6359793713	-1790.9371194	
-5.63716772557	-1790.9376445	
-5.63835466933	-1790.93816931	
-5.63954020593	-1790.93869384	
-5.64072433869	-1790.9392181	
-5.64190707094	-1790.93974207	
-5.64308840598	-1790.94026576	
-5.64426834712	-1790.94078918	
-5.64544689764	-1790.94131232	
-5.64662406082	-1790.94183518	
-5.64779983991	-1790.94235776	
-5.64897423816	-1790.94288007	
-5.65014725882	-1790.94340211	
-5.65131890512	-1790.94392387	
-5.65248918027	-1790.94444536	
-5.65365808747	-1790.94496657	
-5.65482562993	-1790.94548751	
-5.65599181082	-1790.94600819	
-5.65715663332	-1790.94652859	
-5.65832010058	-1790.94704872	
-5.65948221576	-1790.94756858	
-5.660642982	-1790.94808817	
-5.66180240242	-1790.9486075	
-5.66296048014	-1790.94912655	
-5.66411721826	-1790.94964534	
-5.66527261989	-1790.95016386	
-5.66642668811	-1790.95068212	
-5.66757942599	-1790.95120011	
-5.6687308366	-1790.95171784	
-5.66988092298	-1790.9522353	
-5.67102968818	-1790.9527525	
-5.67217713524	-1790.95326944	
-5.67332326717	-1790.95378612	
-5.67446808699	-1790.95430253	
-5.67561159769	-1790.95481868	
-5.67675380227	-1790.95533457	
-5.6778947037	-1790.95585021	
-5.67903430497	-1790.95636558	
-5.68017260902	-1790.95688069	
-5.6813096188	-1790.95739555	
-5.68244533727	-1790.95791014	
-5.68357976734	-1790.95842449	
-5.68471291194	-1790.95893857	
-5.68584477397	-1790.9594524	
-5.68697535634	-1790.95996597	
-5.68810466194	-1790.96047929	
-5.68923269364	-1790.96099235	
-5.69035945432	-1790.96150516	
-5.69148494685	-1790.96201772	
-5.69260917406	-1790.96253002	
-5.6937321388	-1790.96304207	
-5.69485384391	-1790.96355387	
-5.69597429221	-1790.96406542	
-5.69709348651	-1790.96457671	
-5.69821142961	-1790.96508776	
-5.69932812431	-1790.96559856	
-5.70044357339	-1790.9661091	
-5.70155777963	-1790.9666194	
-5.7026707458	-1790.96712945	
-5.70378247466	-1790.96763926	
-5.70489296894	-1790.96814881	
-5.70600223139	-1790.96865812	
-5.70711026475	-1790.96916718	
-5.70821707172	-1790.969676	
-5.70932265503	-1790.97018457	
-5.71042701737	-1790.97069289	
-5.71153016145	-1790.97120098	
-5.71263208993	-1790.97170881	
-5.71373280551	-1790.97221641	
-5.71483231084	-1790.97272376	
-5.71593060859	-1790.97323087	
-5.71702770141	-1790.97373773	
-5.71812359193	-1790.97424436	
-5.71921828279	-1790.97475074	
-5.72031177661	-1790.97525688	
-5.72140407601	-1790.97576279	
-5.72249518359	-1790.97626845	
-5.72358510195	-1790.97677387	
-5.72467383369	-1790.97727905	
-5.72576138137	-1790.977784	
-5.72684774759	-1790.97828871	
-5.72793293489	-1790.97879318	
-5.72901694583	-1790.97929741	
-5.73009978297	-1790.9798014	
-5.73118144884	-1790.98030516	
-5.73226194598	-1790.98080868	
-5.7333412769	-1790.98131197	
-5.73441944412	-1790.98181502	
-5.73549645015	-1790.98231784	
-5.73657229748	-1790.98282042	
-5.73764698861	-1790.98332277	
-5.73872052602	-1790.98382489	
-5.73979291218	-1790.98432677	
-5.74086414956	-1790.98482842	
-5.74193424062	-1790.98532983	
-5.74300318781	-1790.98583102	
-5.74407099357	-1790.98633197	
-5.74513766034	-1790.98683269	
-5.74620319054	-1790.98733318	
-5.7472675866	-1790.98783344	
-5.74833085092	-1790.98833347	
-5.74939298591	-1790.98883327	
-5.75045399397	-1790.98933284	
-5.75151387748	-1790.98983219	
-5.75257263883	-1790.9903313	
-5.75363028038	-1790.99083019	
-5.75468680452	-1790.99132884	
-5.75574221359	-1790.99182727	
-5.75679650994	-1790.99232548	
-5.75784969593	-1790.99282345	
-5.75890177388	-1790.9933212	
-5.75995274612	-1790.99381873	
-5.76100261499	-1790.99431603	
-5.76205138278	-1790.9948131	
-5.76309905181	-1790.99530995	
-5.76414562438	-1790.99580657	
-5.76519110278	-1790.99630297	
-5.7662354893	-1790.99679915	
-5.76727878622	-1790.9972951	
-5.76832099579	-1790.99779083	
-5.7693621203	-1790.99828633	
-5.770402162	-1790.99878162	
-5.77144112313	-1790.99927668	
-5.77247900594	-1790.99977152	
-5.77351581267	-1791.00026613	
-5.77455154554	-1791.00076053	
-5.77558620679	-1791.0012547	
-5.77661979861	-1791.00174866	
-5.77765232322	-1791.00224239	
-5.77868378283	-1791.00273591	
-5.77971417962	-1791.00322921	
-5.78074351579	-1791.00372228	
-5.78177179352	-1791.00421514	
-5.78279901497	-1791.00470778	
-5.78382518233	-1791.0052002	
-5.78485029774	-1791.0056924	
-5.78587436337	-1791.00618438	
-5.78689738137	-1791.00667615	
-5.78791935386	-1791.0071677	
-5.788940283	-1791.00765904	
-5.7899601709	-1791.00815015	
-5.79097901969	-1791.00864105	
-5.79199683148	-1791.00913174	
-5.79301360838	-1791.00962221	
-5.7940293525	-1791.01011246	
-5.79504406593	-1791.0106025	
-5.79605775077	-1791.01109233	
-5.79707040908	-1791.01158194	
-5.79808204295	-1791.01207133	
-5.79909265446	-1791.01256052	
-5.80010224566	-1791.01304949	
-5.80111081862	-1791.01353824	
-5.80211837538	-1791.01402679	
-5.80312491799	-1791.01451512	
-5.80413044849	-1791.01500323	
-5.80513496892	-1791.01549114	
-5.80613848129	-1791.01597884	
-5.80714098764	-1791.01646632	
-5.80814248998	-1791.01695359	
-5.80914299031	-1791.01744065	
