#Site	lnL	
0	-4.17124577771
1	-4.09168890811
2	-5.96216335544
3	-11.9257586623
4	-4.32470036835
5	-9.26912153233
6	-4.17124577771
7	-15.3473269245
8	-5.96216335544
9	-4.0300280753
10	-4.32470036835
11	-5.96216335544
12	-3.9530141046
13	-4.32470036835
14	-5.96216335544
15	-4.0300280753
16	-4.09168890811
17	-9.50194845677
18	-4.0300280753
19	-4.32470036835
20	-6.24515504092
21	-4.0300280753
22	-7.6853576039
23	-9.78452100554
24	-4.0300280753
25	-3.93649100789
26	-6.24515504092
27	-16.9499740996
28	-4.17378815593
29	-8.88752394734
30	-8.928254768
31	-4.17378815593
32	-11.3490585593
33	-4.0300280753
34	-7.62199061552
35	-5.52635326872
36	-4.0300280753
37	-7.62199061552
38	-5.96216335544
39	-3.80719821526
40	-17.5009537461
41	-5.52635326872
42	-4.17124577771
43	-7.64718117663
44	-12.2791720022
45	-18.4315522561
46	-3.93649100789
47	-5.81044076764
48	-19.3054886231
49	-8.38636190467
50	-7.40591643133
51	-8.514667055
52	-4.17378815593
53	-10.7384524221
54	-13.3700880403
55	-14.5984563133
56	-5.96216335544
57	-4.17124577771
58	-4.09168890811
59	-5.96216335544
60	-17.5470756088
61	-3.93649100789
62	-11.3443979462
63	-4.0300280753
64	-3.93649100789
65	-5.96216335544
66	-4.17124577771
67	-7.6026671129
68	-5.52635326872
69	-7.85704747682
70	-4.09168890811
71	-6.24515504092
72	-3.80719821526
73	-13.3309935045
74	-8.26409248282
75	-7.80082746273
76	-4.32470036835
77	-9.7544528301
78	-3.80719821526
79	-4.17378815593
80	-8.55762479027
81	-4.0300280753
82	-3.93649100789
83	-5.81044076764
84	-3.80719821526
85	-4.09168890811
86	-5.81044076764
87	-4.0300280753
88	-4.09168890811
89	-7.40591643133
90	-4.0300280753
91	-8.63215028037
92	-5.81044076764
93	-7.67250528078
94	-7.45761864135
95	-8.62171814812
96	-7.67250528078
97	-3.93649100789
98	-8.17936555709
99	-4.17124577771
100	-4.32470036835
101	-5.52635326872
102	-4.17124577771
103	-4.32470036835
104	-5.96216335544
105	-4.17124577771
106	-3.93649100789
107	-6.24515504092
108	-8.93167839183
109	-8.30382648629
110	-5.81044076764
111	-17.3107202189
112	-3.93649100789
113	-5.52635326872
114	-3.80719821526
115	-6.82554573879
116	-12.0597942047
117	-4.0300280753
118	-7.56531650436
119	-5.81044076764
120	-4.17124577771
121	-4.32470036835
122	-5.96216335544
123	-4.0300280753
124	-4.09168890811
125	-7.3052507625
126	-4.17124577771
127	-4.17378815593
128	-13.8783761535
129	-3.9530141046
130	-4.17378815593
131	-7.31887920438
132	-3.9530141046
133	-4.09168890811
134	-6.24515504092
135	-4.17124577771
136	-4.32470036835
137	-5.81044076764
138	-4.0300280753
139	-3.93649100789
140	-5.81044076764
141	-15.953781405
142	-8.7121071635
143	-5.52635326872
144	-16.2728766301
145	-3.93649100789
146	-5.52635326872
147	-3.9530141046
148	-4.09168890811
149	-5.52635326872
150	-3.80719821526
151	-4.09168890811
152	-6.24515504092
153	-12.0928136432
154	-11.2913898751
155	-5.52635326872
156	-4.17124577771
157	-4.09168890811
158	-5.52635326872
159	-4.0300280753
160	-4.09168890811
161	-11.5522781654
162	-4.0300280753
163	-8.78356184184
164	-7.85229617442
165	-3.9530141046
166	-4.32470036835
167	-9.336309687
168	-3.80719821526
169	-4.32470036835
170	-5.96216335544
171	-4.0300280753
172	-11.1020530569
173	-5.96216335544
174	-3.80719821526
175	-7.77966712028
176	-9.46220248802
177	-3.80719821526
178	-8.35111715023
179	-7.85229617442
180	-7.98909237415
181	-4.09168890811
182	-5.81044076764
183	-3.80719821526
184	-12.2329638016
185	-7.66195006102
186	-3.80719821526
187	-7.6026671129
188	-5.96216335544
189	-3.80719821526
190	-8.74775898722
191	-9.05408642065
192	-7.87490985216
193	-8.65696246515
194	-5.96216335544
195	-3.80719821526
196	-3.93649100789
197	-5.96216335544
198	-3.80719821526
199	-4.09168890811
200	-5.52635326872
201	-4.17124577771
202	-3.93649100789
203	-7.56487846078
204	-4.17124577771
205	-4.17378815593
206	-5.52635326872
207	-3.9530141046
208	-4.09168890811
209	-5.52635326872
210	-3.9530141046
211	-4.09168890811
212	-6.24515504092
213	-9.72175141245
214	-8.57308888997
215	-10.493212106
216	-10.6136715089
217	-9.77111979174
218	-6.24515504092
219	-4.0300280753
220	-12.1336380594
221	-5.96216335544
222	-3.80719821526
223	-4.32470036835
224	-5.81044076764
225	-3.80719821526
226	-8.69652366905
227	-8.94890082376
228	-10.8397675379
229	-3.93649100789
230	-5.52635326872
231	-4.17124577771
232	-10.0816745656
233	-6.9756836323
234	-3.9530141046
235	-4.09168890811
236	-5.81044076764
237	-4.0300280753
238	-4.17378815593
239	-10.5650255437
240	-3.9530141046
241	-4.17378815593
242	-10.8264782882
243	-4.0300280753
244	-8.63215028037
245	-5.96216335544
246	-3.80719821526
247	-3.93649100789
248	-5.81044076764
249	-3.9530141046
250	-3.93649100789
251	-6.24515504092
252	-3.80719821526
253	-3.93649100789
254	-5.52635326872
255	-4.0300280753
256	-3.93649100789
257	-5.81044076764
258	-3.80719821526
259	-4.09168890811
260	-5.81044076764
261	-8.87379194539
262	-4.32470036835
263	-10.8879707873
264	-9.99128892826
265	-12.0058090801
266	-6.24515504092
267	-9.6892542128
268	-4.17378815593
269	-7.40591643133
270	-3.80719821526
271	-4.32470036835
272	-7.40591643133
273	-3.9530141046
274	-3.93649100789
275	-6.24515504092
276	-3.80719821526
277	-4.17378815593
278	-12.1899167477
279	-3.80719821526
280	-10.9682127299
281	-8.79868050191
282	-3.9530141046
283	-11.6344766267
284	-6.24515504092
285	-4.17124577771
286	-4.32470036835
287	-5.96216335544
288	-3.80719821526
289	-4.17378815593
290	-9.80096035785
291	-3.80719821526
292	-4.32470036835
293	-5.96216335544
294	-4.0300280753
295	-9.44458256358
296	-5.81044076764
297	-4.17124577771
298	-3.93649100789
299	-5.81044076764
300	-3.80719821526
301	-3.93649100789
302	-5.96216335544
303	-3.9530141046
304	-4.32470036835
305	-5.81044076764
306	-12.5936787216
307	-13.8854665269
308	-7.91638953227
309	-4.0300280753
310	-12.5897956013
311	-5.81044076764
312	-4.0300280753
313	-4.09168890811
314	-8.15991090233
315	-3.9530141046
316	-8.78356184184
317	-11.8763216694
318	-4.0300280753
319	-4.17378815593
320	-7.50523423906
321	-3.80719821526
322	-4.09168890811
323	-7.31887920438
324	-3.80719821526
325	-8.57878468796
326	-5.81044076764
327	-4.0300280753
328	-4.09168890811
329	-5.96216335544
330	-8.77525036332
331	-4.09168890811
332	-5.52635326872
333	-3.9530141046
334	-3.93649100789
335	-6.24515504092
336	-4.0300280753
337	-4.17378815593
338	-8.42009609054
339	-4.0300280753
340	-10.3548671252
341	-5.52635326872
342	-3.80719821526
343	-8.57878468796
344	-8.42009609054
345	-3.80719821526
346	-4.09168890811
347	-8.00670376468
348	-8.85124447882
349	-4.17378815593
350	-5.52635326872
351	-3.80719821526
352	-4.09168890811
353	-10.4020629478
354	-3.80719821526
355	-13.3243783511
356	-5.52635326872
357	-4.0300280753
358	-4.17378815593
359	-7.85229617442
360	-4.17124577771
361	-9.41613267145
362	-5.52635326872
363	-3.80719821526
364	-4.09168890811
365	-5.81044076764
366	-8.54859355383
367	-3.93649100789
368	-6.24515504092
369	-3.9530141046
370	-3.93649100789
371	-6.24515504092
372	-3.80719821526
373	-7.6026671129
374	-8.55838794251
375	-3.80719821526
376	-4.32470036835
377	-5.52635326872
378	-3.9530141046
379	-4.09168890811
380	-10.8879707873
381	-9.61510374718
382	-4.32470036835
383	-10.4719013196
384	-4.17124577771
385	-4.32470036835
386	-5.81044076764
387	-4.17124577771
388	-3.93649100789
389	-5.52635326872
390	-14.6363875739
391	-11.190945869
392	-10.3613616502
393	-4.17124577771
394	-4.32470036835
395	-5.81044076764
396	-3.80719821526
397	-3.93649100789
398	-8.26233810707
399	-3.9530141046
400	-4.17378815593
401	-5.96216335544
402	-9.99190513779
403	-7.64718117663
404	-6.24515504092
405	-10.71388625
406	-4.09168890811
407	-8.00670376468
408	-8.77525036332
409	-4.17378815593
410	-5.96216335544
411	-3.80719821526
412	-9.37874273364
413	-8.00670376468
414	-3.80719821526
415	-8.7121071635
416	-5.96216335544
417	-3.80719821526
418	-8.63215028037
419	-7.31887920438
420	-4.0300280753
421	-4.09168890811
422	-6.24515504092
423	-3.80719821526
424	-8.74775898722
425	-9.38043173049
426	-3.80719821526
427	-12.221219214
428	-5.52635326872
429	-4.0300280753
430	-3.93649100789
431	-5.81044076764
432	-8.96401168983
433	-3.93649100789
434	-5.96216335544
435	-4.0300280753
436	-4.17378815593
437	-8.55762479027
438	-12.991569093
439	-12.8924465263
440	-10.5303791427
441	-3.9530141046
442	-3.93649100789
443	-6.24515504092
444	-4.0300280753
445	-4.17378815593
446	-5.52635326872
447	-8.928254768
448	-3.93649100789
449	-6.24515504092
450	-3.80719821526
451	-4.09168890811
452	-5.52635326872
453	-4.0300280753
454	-7.6026671129
455	-5.81044076764
456	-3.80719821526
457	-4.17378815593
458	-5.81044076764
459	-3.9530141046
460	-9.69865476562
461	-5.52635326872
462	-3.80719821526
463	-3.93649100789
464	-5.52635326872
465	-4.17124577771
466	-7.62199061552
467	-7.8934295084
468	-11.6725179649
469	-4.32470036835
470	-8.67064672412
