# log_p 	 lnL 	 
0.0	-1740.58225387	
-0.287682072452	-1740.47019328	
-0.510825623766	-1740.28106373	
-0.69314718056	-1740.08224348	
-0.847297860387	-1739.88781011	
-0.980829253012	-1739.70110792	
-1.09861228867	-1739.52291587	
-1.20397280433	-1739.35320123	
-1.29928298413	-1739.19162995	
-1.38629436112	-1739.03777059	
-1.46633706879	-1738.8911839	
-1.54044504095	-1738.75145817	
-1.60943791243	-1738.61821858	
-1.67397643357	-1738.49112539	
-1.73460105539	-1738.36986883	
-1.79175946923	-1738.2541636	
-1.8458266905	-1738.14374443	
-1.89711998489	-1738.03836283	
-1.94591014906	-1737.93778472	
-1.99243016469	-1737.84178887	
-2.03688192726	-1737.75016575	
-2.07944154168	-1737.66271674	
-2.1202635362	-1737.57925343	
-2.15948424935	-1737.4995971	
-2.19722457734	-1737.42357818	
-2.23359222151	-1737.35103577	
-2.26868354132	-1737.28181722	
-2.30258509299	-1737.21577759	
-2.33537491582	-1737.15277933	
-2.36712361413	-1737.09269175	
-2.3978952728	-1737.03539071	
-2.42774823595	-1736.98075819	
-2.45673577282	-1736.92868192	
-2.48490664979	-1736.8790551	
-2.51230562398	-1736.831776	
-2.53897387106	-1736.78674773	
-2.56494935746	-1736.74387795	
-2.59026716545	-1736.70307857	
-2.61495977804	-1736.66426555	
-2.63905732962	-1736.62735869	
-2.66258782703	-1736.59228135	
-2.68557734525	-1736.55896033	
-2.7080502011	-1736.52732566	
-2.73002910782	-1736.49731042	
-2.75153531304	-1736.46885062	
-2.77258872224	-1736.44188498	
-2.79320800944	-1736.41635488	
-2.81341071676	-1736.39220416	
-2.83321334406	-1736.36937906	
-2.85263142991	-1736.34782804	
-2.87167962488	-1736.32750171	
-2.8903717579	-1736.30835275	
-2.90872089656	-1736.29033577	
-2.92673940207	-1736.27340723	
-2.94443897917	-1736.25752538	
-2.96183072188	-1736.24265016	
-2.97892515524	-1736.22874312	
-2.99573227355	-1736.21576735	
-3.01226157551	-1736.20368744	
-3.02852209638	-1736.19246936	
-3.04452243772	-1736.18208045	
-3.06027079469	-1736.17248934	
-3.07577498123	-1736.16366588	
-3.09104245336	-1736.15558111	
-3.10608033072	-1736.14820719	
-3.12089541651	-1736.14151739	
-3.13549421593	-1736.13548599	
-3.14988295338	-1736.13008827	
-3.16406758837	-1736.12530046	
-3.17805383035	-1736.12109971	
-3.19184715248	-1736.11746402	
-3.20545280454	-1736.11437225	
-3.21887582487	-1736.11180406	
-3.23212105162	-1736.10973987	
-3.24519313319	-1736.10816083	
-3.25809653802	-1736.10704883	
-3.2708355638	-1736.1063864	
-3.28341434601	-1736.10615675	
-3.295836866	-1736.1063437	
-3.3081069586	-1736.10693168	
-3.32022831913	-1736.10790567	
-3.33220451018	-1736.10925124	
-3.34403896782	-1736.11095447	
-3.35573500759	-1736.11300195	
-3.36729582999	-1736.11538076	
-3.37872452581	-1736.11807845	
-3.39002408106	-1736.12108304	
-3.40119738166	-1736.12438295	
-3.41224721785	-1736.12796704	
-3.42317628838	-1736.13182457	
-3.43398720449	-1736.13594518	
-3.4446824936	-1736.14031889	
-3.45526460293	-1736.14493606	
-3.4657359028	-1736.14978741	
-3.47609868984	-1736.15486398	
-3.48635519	-1736.16015712	
-3.49650756147	-1736.1656585	
-3.50655789732	-1736.17136008	
-3.51650822817	-1736.1772541	
-3.52636052462	-1736.18333308	
-3.53611669956	-1736.18958978	
-3.54577861047	-1736.19601723	
-3.55534806149	-1736.2026087	
-3.56482680544	-1736.2093577	
-3.57421654579	-1736.21625795	
-3.58351893846	-1736.22330339	
-3.59273559356	-1736.23048819	
-3.60186807712	-1736.23780669	
-3.61091791264	-1736.24525345	
-3.61988658263	-1736.25282319	
-3.62877553004	-1736.26051084	
-3.63758615973	-1736.26831149	
-3.6463198397	-1736.27622039	
-3.65497790244	-1736.28423296	
-3.66356164613	-1736.29234477	
-3.6720723358	-1736.30055156	
-3.68051120444	-1736.30884918	
-3.68887945411	-1736.31723364	
-3.69717825693	-1736.3257011	
-3.70540875607	-1736.33424782	
-3.7135720667	-1736.3428702	
-3.72166927694	-1736.35156476	
-3.72970144863	-1736.36032814	
-3.73766961828	-1736.36915709	
-3.74557479779	-1736.37804846	
-3.75341797525	-1736.38699922	
-3.76120011569	-1736.39600644	
-3.76892216179	-1736.40506728	
-3.77658503453	-1736.41417898	
-3.78418963392	-1736.42333892	
-3.79173683955	-1736.43254451	
-3.79922751128	-1736.44179329	
-3.80666248977	-1736.45108286	
-3.81404259707	-1736.4604109	
-3.82136863716	-1736.46977518	
-3.82864139649	-1736.47917353	
-3.83586164446	-1736.48860386	
-3.84303013394	-1736.49806415	
-3.85014760171	-1736.50755244	
-3.85721476893	-1736.51706684	
-3.86423234159	-1736.52660552	
-3.87120101091	-1736.53616673	
-3.87812145375	-1736.54574874	
-3.88499433304	-1736.55534991	
-3.89182029811	-1736.56496864	
-3.8985999851	-1736.5746034	
-3.90533401728	-1736.58425267	
-3.91202300543	-1736.59391503	
-3.91866754815	-1736.60358909	
-3.92526823218	-1736.61327348	
-3.93182563272	-1736.62296691	
-3.93834031375	-1736.63266813	
-3.94481282825	-1736.64237591	
-3.95124371858	-1736.65208907	
-3.95763351668	-1736.66180649	
-3.96398274436	-1736.67152706	
-3.97029191355	-1736.68124973	
-3.97656152657	-1736.69097345	
-3.98279207632	-1736.70069726	
-3.98898404656	-1736.71042018	
-3.99513791214	-1736.7201413	
-4.00125413916	-1736.72985972	
-4.00733318523	-1736.73957458	
-4.01337549969	-1736.74928504	
-4.01938152375	-1736.7589903	
-4.02535169074	-1736.76868959	
-4.03128642625	-1736.77838215	
-4.03718614838	-1736.78806727	
-4.04305126783	-1736.79774423	
-4.04888218815	-1736.80741237	
-4.05467930583	-1736.81707104	
-4.06044301055	-1736.82671961	
-4.06617368526	-1736.83635747	
-4.07187170637	-1736.84598404	
-4.07753744391	-1736.85559875	
-4.08317126162	-1736.86520107	
-4.08877351717	-1736.87479047	
-4.09434456222	-1736.88436645	
-4.0998847426	-1736.89392852	
-4.10539439841	-1736.9034762	
-4.11087386417	-1736.91300906	
-4.11632346894	-1736.92252665	
-4.12174353641	-1736.93202856	
-4.12713438505	-1736.94151439	
-4.13249632819	-1736.95098375	
-4.13782967416	-1736.96043626	
-4.14313472639	-1736.96987158	
-4.14841178349	-1736.97928934	
-4.15366113938	-1736.98868924	
-4.15888308336	-1736.99807094	
-4.16407790024	-1737.00743414	
-4.1692458704	-1737.01677855	
-4.1743872699	-1737.02610389	
-4.17950237056	-1737.03540989	
-4.18459144007	-1737.0446963	
-4.18965474203	-1737.05396286	
-4.19469253606	-1737.06320934	
-4.19970507788	-1737.07243551	
-4.20469261939	-1737.08164116	
-4.20965540873	-1737.09082608	
-4.21459369037	-1737.09999007	
-4.21950770518	-1737.10913294	
-4.22439769047	-1737.11825452	
-4.22926388012	-1737.12735463	
-4.2341065046	-1737.13643311	
-4.23892579103	-1737.14548981	
-4.2437219633	-1737.15452457	
-4.24849524205	-1737.16353726	
-4.25324584481	-1737.17252775	
-4.257973986	-1737.1814959	
-4.26267987704	-1737.19044161	
-4.26736372635	-1737.19936476	
-4.27202573946	-1737.20826524	
-4.27666611902	-1737.21714295	
-4.28128506487	-1737.22599781	
-4.28588277412	-1737.23482971	
-4.29045944115	-1737.24363859	
-4.29501525768	-1737.25242437	
-4.29955041285	-1737.26118697	
-4.3040650932	-1737.26992633	
-4.30855948279	-1737.27864239	
-4.31303376319	-1737.28733509	
-4.31748811354	-1737.29600438	
-4.3219227106	-1737.30465021	
-4.32633772881	-1737.31327255	
-4.33073334029	-1737.32187135	
-4.33510971489	-1737.33044658	
-4.33946702026	-1737.33899821	
-4.34380542185	-1737.34752622	
-4.348125083	-1737.35603058	
-4.3524261649	-1737.36451128	
-4.35670882669	-1737.37296829	
-4.36097322548	-1737.38140162	
-4.36521951636	-1737.38981124	
-4.36944785247	-1737.39819716	
-4.373658385	-1737.40655937	
-4.37785126326	-1737.41489788	
-4.38202663467	-1737.42321269	
-4.38618464482	-1737.4315038	
-4.39032543749	-1737.43977123	
-4.39444915467	-1737.44801499	
-4.39855593663	-1737.4562351	
-4.40264592188	-1737.46443156	
-4.40671924726	-1737.47260441	
-4.41077604796	-1737.48075365	
-4.4148164575	-1737.48887933	
-4.4188406078	-1737.49698146	
-4.42284862919	-1737.50506008	
-4.42684065046	-1737.51311521	
-4.43081679884	-1737.52114688	
-4.43477720006	-1737.52915514	
-4.43872197835	-1737.53714001	
-4.44265125649	-1737.54510154	
-4.44656515581	-1737.55303977	
-4.45046379623	-1737.56095474	
-4.45434729625	-1737.56884648	
-4.45821577303	-1737.57671505	
-4.46206934235	-1737.5845605	
-4.46590811865	-1737.59238286	
-4.46973221509	-1737.60018219	
-4.47354174351	-1737.60795855	
-4.47733681448	-1737.61571197	
-4.48111753732	-1737.62344251	
-4.48488402011	-1737.63115024	
-4.48863636973	-1737.63883519	
-4.49237469184	-1737.64649744	
-4.49609909093	-1737.65413703	
-4.49980967033	-1737.66175403	
-4.50350653221	-1737.66934849	
-4.50718977763	-1737.67692048	
-4.51085950652	-1737.68447005	
-4.51451581772	-1737.69199728	
-4.518158809	-1737.69950221	
-4.52178857705	-1737.70698492	
-4.52540521752	-1737.71444547	
-4.52900882502	-1737.72188392	
-4.53259949315	-1737.72930034	
-4.5361773145	-1737.7366948	
-4.53974238067	-1737.74406737	
-4.54329478227	-1737.75141811	
-4.54683460898	-1737.75874709	
-4.55036194949	-1737.76605437	
-4.5538768916	-1737.77334004	
-4.55737952215	-1737.78060416	
-4.56086992709	-1737.7878468	
-4.56434819147	-1737.79506803	
-4.56781439944	-1737.80226792	
-4.57126863431	-1737.80944655	
-4.5747109785	-1737.81660399	
-4.5781415136	-1737.8237403	
-4.58156032035	-1737.83085557	
-4.58496747867	-1737.83794986	
-4.58836306767	-1737.84502325	
-4.59174716566	-1737.85207582	
-4.59511985013	-1737.85910763	
-4.59848119784	-1737.86611876	
-4.60183128472	-1737.87310929	
-4.60517018599	-1737.88007929	
-4.60849797608	-1737.88702884	
-4.61181472871	-1737.89395801	
-4.61512051684	-1737.90086688	
-4.61841541274	-1737.90775551	
-4.62169948794	-1737.914624	
-4.62497281328	-1737.92147241	
-4.62823545892	-1737.92830082	
-4.63148749431	-1737.93510931	
-4.63472898823	-1737.94189795	
-4.63796000881	-1737.94866681	
-4.64118062351	-1737.95541598	
-4.64439089914	-1737.96214553	
-4.64759090187	-1737.96885554	
-4.65078069724	-1737.97554608	
-4.65396035016	-1737.98221723	
-4.65712992492	-1737.98886907	
-4.66028948521	-1737.99550167	
-4.66343909411	-1738.0021151	
-4.66657881412	-1738.00870945	
-4.66970870713	-1738.01528479	
-4.67282883446	-1738.0218412	
-4.67593925688	-1738.02837875	
-4.67904003455	-1738.03489752	
-4.68213122712	-1738.04139759	
-4.68521289366	-1738.04787903	
-4.6882850927	-1738.05434191	
-4.69134788223	-1738.06078632	
-4.69440131972	-1738.06721232	
-4.6974454621	-1738.07362	
-4.70048036579	-1738.08000942	
-4.70350608671	-1738.08638067	
-4.70652268025	-1738.09273382	
-4.70953020131	-1738.09906895	
-4.71252870431	-1738.10538612	
-4.71551824316	-1738.11168542	
-4.7184988713	-1738.11796691	
-4.72147064168	-1738.12423068	
-4.72443360681	-1738.13047679	
-4.72738781871	-1738.13670533	
-4.73033332894	-1738.14291636	
-4.73327018862	-1738.14910996	
-4.73619844839	-1738.1552862	
-4.7391181585	-1738.16144515	
-4.74202936871	-1738.1675869	
-4.74493212836	-1738.1737115	
-4.74782648639	-1738.17981904	
-4.75071249128	-1738.18590959	
-4.75359019111	-1738.19198321	
-4.75645963353	-1738.19803998	
-4.75932086582	-1738.20407998	
-4.7621739348	-1738.21010327	
-4.76501888693	-1738.21610993	
-4.76785576827	-1738.22210002	
-4.77068462447	-1738.22807362	
-4.77350550081	-1738.2340308	
-4.77631844218	-1738.23997163	
-4.77912349311	-1738.24589618	
-4.78192069773	-1738.25180452	
-4.78471009982	-1738.25769672	
-4.78749174278	-1738.26357285	
-4.79026566966	-1738.26943297	
-4.79303192316	-1738.27527716	
-4.7957905456	-1738.28110549	
-4.79854157897	-1738.28691802	
-4.80128506491	-1738.29271483	
-4.80402104473	-1738.29849597	
-4.80674955939	-1738.30426153	
-4.8094706495	-1738.31001156	
-4.81218435537	-1738.31574613	
-4.81489071697	-1738.32146532	
-4.81758977394	-1738.32716918	
-4.82028156561	-1738.33285778	
-4.82296613098	-1738.3385312	
-4.82564350875	-1738.34418949	
-4.8283137373	-1738.34983273	
-4.83097685472	-1738.35546097	
-4.83363289878	-1738.36107428	
-4.83628190695	-1738.36667273	
-4.83892391641	-1738.37225638	
-4.84155896405	-1738.3778253	
-4.84418708646	-1738.38337955	
-4.84680831994	-1738.3889192	
-4.84942270051	-1738.3944443	
-4.85203026392	-1738.39995492	
-4.85463104562	-1738.40545113	
-4.8572250808	-1738.41093298	
-4.85981240436	-1738.41640055	
-4.86239305096	-1738.42185388	
-4.86496705495	-1738.42729305	
-4.86753445046	-1738.43271812	
-4.87009527132	-1738.43812914	
-4.87264955112	-1738.44352618	
-4.8751973232	-1738.44890929	
-4.87773862063	-1738.45427855	
-4.88027347623	-1738.45963401	
-4.88280192259	-1738.46497572	
-4.88532399202	-1738.47030376	
-4.88783971662	-1738.47561817	
-4.89034912822	-1738.48091903	
-4.89285225844	-1738.48620637	
-4.89534913864	-1738.49148028	
-4.89783979995	-1738.4967408	
-4.90032427328	-1738.50198799	
-4.90280258929	-1738.50722191	
-4.90527477844	-1738.51244262	
-4.90774087093	-1738.51765017	
-4.91020089677	-1738.52284463	
-4.91265488574	-1738.52802604	
-4.91510286737	-1738.53319447	
-4.91754487103	-1738.53834997	
-4.91998092583	-1738.5434926	
-4.92241106068	-1738.54862241	
-4.92483530429	-1738.55373946	
-4.92725368516	-1738.55884381	
-4.92966623156	-1738.5639355	
-4.93207297159	-1738.5690146	
-4.93447393313	-1738.57408115	
-4.93686914386	-1738.57913522	
-4.93925863125	-1738.58417685	
-4.94164242261	-1738.5892061	
-4.94402054501	-1738.59422302	
-4.94639302537	-1738.59922767	
-4.94875989038	-1738.6042201	
-4.95112116656	-1738.60920036	
-4.95347688026	-1738.6141685	
-4.9558270576	-1738.61912458	
-4.95817172456	-1738.62406864	
-4.96051090691	-1738.62900074	
-4.96284463026	-1738.63392094	
-4.96517292002	-1738.63882927	
-4.96749580144	-1738.6437258	
-4.96981329958	-1738.64861056	
-4.97212543933	-1738.65348362	
-4.97443224543	-1738.65834503	
-4.97673374242	-1738.66319482	
-4.97902995468	-1738.66803306	
-4.98132090643	-1738.67285978	
-4.98360662171	-1738.67767505	
-4.98588712441	-1738.68247891	
-4.98816243824	-1738.6872714	
-4.99043258678	-1738.69205258	
-4.99269759341	-1738.69682249	
-4.99495748138	-1738.70158119	
-4.99721227376	-1738.70632871	
-4.9994619935	-1738.71106511	
-5.00170666335	-1738.71579043	
-5.00394630595	-1738.72050472	
-5.00618094375	-1738.72520803	
-5.00841059907	-1738.7299004	
-5.0106352941	-1738.73458188	
-5.01285505083	-1738.73925252	
-5.01506989116	-1738.74391235	
-5.01727983681	-1738.74856143	
-5.01948490937	-1738.75319981	
-5.02168513028	-1738.75782751	
-5.02388052085	-1738.7624446	
-5.02607110223	-1738.76705112	
-5.02825689545	-1738.7716471	
-5.03043792139	-1738.7762326	
-5.03261420082	-1738.78080766	
-5.03478575433	-1738.78537231	
-5.03695260241	-1738.78992661	
-5.03911476542	-1738.7944706	
-5.04127226356	-1738.79900432	
-5.04342511692	-1738.80352781	
-5.04557334546	-1738.80804112	
-5.047716969	-1738.81254428	
-5.04985600725	-1738.81703734	
-5.05199047978	-1738.82152035	
-5.05412040604	-1738.82599334	
-5.05624580535	-1738.83045635	
-5.05836669692	-1738.83490943	
-5.06048309982	-1738.83935262	
-5.06259503303	-1738.84378595	
-5.06470251537	-1738.84820947	
-5.06680556556	-1738.85262322	
-5.06890420222	-1738.85702724	
-5.07099844382	-1738.86142156	
-5.07308830874	-1738.86580624	
-5.07517381523	-1738.8701813	
-5.07725498144	-1738.87454679	
-5.07933182538	-1738.87890274	
-5.08140436498	-1738.8832492	
-5.08347261805	-1738.8875862	
-5.08553660227	-1738.89191379	
-5.08759633523	-1738.89623199	
-5.08965183441	-1738.90054085	
-5.09170311719	-1738.90484041	
-5.09375020081	-1738.9091307	
-5.09579310244	-1738.91341177	
-5.09783183913	-1738.91768364	
-5.09986642782	-1738.92194636	
-5.10189688537	-1738.92619996	
-5.10392322852	-1738.93044448	
-5.1059454739	-1738.93467996	
-5.10796363806	-1738.93890643	
-5.10997773743	-1738.94312392	
-5.11198778836	-1738.94733249	
-5.11399380708	-1738.95153215	
-5.11599580975	-1738.95572295	
-5.11799381242	-1738.95990492	
-5.11998783102	-1738.96407809	
-5.12197788143	-1738.96824251	
-5.1239639794	-1738.9723982	
-5.12594614061	-1738.97654521	
-5.12792438062	-1738.98068356	
-5.12989871492	-1738.98481329	
-5.13186915891	-1738.98893443	
-5.13383572788	-1738.99304703	
-5.13579843705	-1738.9971511	
-5.13775730154	-1739.00124669	
-5.13971233637	-1739.00533383	
-5.1416635565	-1739.00941255	
-5.14361097679	-1739.01348288	
-5.145554612	-1739.01754487	
-5.14749447681	-1739.02159853	
-5.14943058584	-1739.02564391	
-5.15136295359	-1739.02968104	
-5.1532915945	-1739.03370994	
-5.15521652291	-1739.03773066	
-5.15713775309	-1739.04174321	
-5.15905529921	-1739.04574764	
-5.1609691754	-1739.04974398	
-5.16287939565	-1739.05373225	
-5.16478597392	-1739.05771249	
-5.16668892407	-1739.06168473	
-5.16858825987	-1739.065649	
-5.17048399504	-1739.06960534	
-5.17237614319	-1739.07355376	
-5.17426471788	-1739.07749431	
-5.17614973257	-1739.08142701	
-5.17803120067	-1739.08535189	
-5.1799091355	-1739.08926898	
-5.18178355029	-1739.09317832	
-5.18365445823	-1739.09707993	
-5.1855218724	-1739.10097384	
-5.18738580584	-1739.10486009	
-5.18924627149	-1739.10873869	
-5.19110328224	-1739.11260968	
-5.19295685089	-1739.1164731	
-5.19480699018	-1739.12032896	
-5.19665371277	-1739.12417729	
-5.19849703127	-1739.12801813	
-5.20033695819	-1739.13185151	
-5.202173506	-1739.13567744	
-5.20400668708	-1739.13949597	
-5.20583651375	-1739.14330711	
-5.20766299828	-1739.1471109	
-5.20948615284	-1739.15090736	
-5.21130598956	-1739.15469652	
-5.21312252048	-1739.1584784	
-5.21493575761	-1739.16225305	
-5.21674571285	-1739.16602047	
-5.21855239808	-1739.1697807	
-5.22035582508	-1739.17353377	
-5.22215600558	-1739.1772797	
-5.22395295126	-1739.18101852	
-5.22574667371	-1739.18475026	
-5.22753718449	-1739.18847493	
-5.22932449506	-1739.19219258	
-5.23110861685	-1739.19590322	
-5.23288956123	-1739.19960688	
-5.23466733947	-1739.20330358	
-5.23644196283	-1739.20699335	
-5.23821344248	-1739.21067623	
-5.23998178954	-1739.21435222	
-5.24174701506	-1739.21802136	
-5.24350913005	-1739.22168367	
-5.24526814546	-1739.22533918	
-5.24702407216	-1739.22898791	
-5.24877692099	-1739.23262989	
-5.25052670271	-1739.23626514	
-5.25227342805	-1739.23989369	
-5.25401710765	-1739.24351556	
-5.25575775213	-1739.24713077	
-5.25749537203	-1739.25073935	
-5.25922997784	-1739.25434132	
-5.26096158	-1739.25793671	
-5.2626901889	-1739.26152554	
-5.26441581487	-1739.26510783	
-5.26613846818	-1739.26868361	
-5.26785815906	-1739.2722529	
-5.26957489768	-1739.27581573	
-5.27128869416	-1739.27937211	
-5.27299955856	-1739.28292208	
-5.27470750091	-1739.28646564	
-5.27641253116	-1739.29000284	
-5.27811465923	-1739.29353368	
-5.27981389498	-1739.2970582	
-5.28151024823	-1739.3005764	
-5.28320372874	-1739.30408833	
-5.28489434622	-1739.30759399	
-5.28658211033	-1739.31109342	
-5.28826703069	-1739.31458662	
-5.28994911688	-1739.31807364	
-5.2916283784	-1739.32155448	
-5.29330482472	-1739.32502916	
-5.29497846528	-1739.32849772	
-5.29664930945	-1739.33196017	
-5.29831736655	-1739.33541653	
-5.29998264587	-1739.33886683	
-5.30164515664	-1739.34231108	
-5.30330490806	-1739.34574931	
-5.30496190927	-1739.34918154	
-5.30661616936	-1739.35260778	
-5.3082676974	-1739.35602807	
-5.30991650239	-1739.35944241	
-5.3115625933	-1739.36285084	
-5.31320597904	-1739.36625337	
-5.3148466685	-1739.36965001	
-5.3164846705	-1739.3730408	
-5.31811999384	-1739.37642576	
-5.31975264727	-1739.37980489	
-5.32138263948	-1739.38317823	
-5.32300997914	-1739.38654579	
-5.32463467487	-1739.38990759	
-5.32625673524	-1739.39326365	
-5.32787616879	-1739.39661399	
-5.32949298402	-1739.39995864	
-5.33110718937	-1739.4032976	
-5.33271879327	-1739.4066309	
-5.33432780407	-1739.40995857	
-5.33593423012	-1739.41328061	
-5.3375380797	-1739.41659704	
-5.33913936107	-1739.4199079	
-5.34073808243	-1739.42321319	
-5.34233425196	-1739.42651293	
-5.3439278778	-1739.42980714	
-5.34551896803	-1739.43309585	
-5.34710753072	-1739.43637906	
-5.34869357387	-1739.4396568	
-5.35027710548	-1739.44292909	
-5.35185813348	-1739.44619594	
-5.35343666577	-1739.44945738	
-5.35501271022	-1739.45271341	
-5.35658627467	-1739.45596407	
-5.3581573669	-1739.45920936	
-5.35972599468	-1739.4624493	
-5.36129216571	-1739.46568392	
-5.36285588769	-1739.46891323	
-5.36441716825	-1739.47213724	
-5.36597601502	-1739.47535598	
-5.36753243557	-1739.47856946	
-5.36908643744	-1739.48177771	
-5.37063802813	-1739.48498072	
-5.37218721511	-1739.48817854	
-5.37373400583	-1739.49137116	
-5.37527840768	-1739.49455861	
-5.37682042804	-1739.49774091	
-5.37836007422	-1739.50091806	
-5.37989735354	-1739.5040901	
-5.38143227326	-1739.50725703	
-5.38296484061	-1739.51041888	
-5.38449506279	-1739.51357565	
-5.38602294697	-1739.51672737	
-5.38754850028	-1739.51987405	
-5.38907172982	-1739.5230157	
-5.39059264266	-1739.52615235	
-5.39211124583	-1739.52928401	
-5.39362754635	-1739.5324107	
-5.39514155118	-1739.53553243	
-5.39665326727	-1739.53864921	
-5.39816270152	-1739.54176107	
-5.39966986081	-1739.54486802	
-5.40117475199	-1739.54797008	
-5.40267738187	-1739.55106725	
-5.40417775725	-1739.55415957	
-5.40567588487	-1739.55724703	
-5.40717177146	-1739.56032966	
-5.40866542372	-1739.56340748	
-5.4101568483	-1739.56648049	
-5.41164605186	-1739.56954872	
-5.41313304098	-1739.57261217	
-5.41461782224	-1739.57567087	
-5.4161004022	-1739.57872483	
-5.41758078737	-1739.58177406	
-5.41905898424	-1739.58481857	
-5.42053499927	-1739.5878584	
-5.42200883889	-1739.59089353	
-5.4234805095	-1739.59392401	
-5.42495001748	-1739.59694982	
-5.42641736918	-1739.59997101	
-5.4278825709	-1739.60298756	
-5.42934562895	-1739.60599951	
-5.43080654959	-1739.60900686	
-5.43226533906	-1739.61200963	
-5.43372200355	-1739.61500784	
-5.43517654927	-1739.61800149	
-5.43662898235	-1739.6209906	
-5.43807930892	-1739.62397519	
-5.4395275351	-1739.62695527	
-5.44097366695	-1739.62993085	
-5.44241771052	-1739.63290195	
-5.44385967184	-1739.63586858	
-5.4452995569	-1739.63883075	
-5.44673737167	-1739.64178849	
-5.44817312209	-1739.64474179	
-5.44960681409	-1739.64769068	
-5.45103845357	-1739.65063517	
-5.45246804638	-1739.65357527	
-5.45389559837	-1739.656511	
-5.45532111536	-1739.65944236	
-5.45674460314	-1739.66236938	
-5.45816606749	-1739.66529207	
-5.45958551414	-1739.66821043	
-5.46100294883	-1739.67112448	
-5.46241837723	-1739.67403424	
-5.46383180503	-1739.67693972	
-5.46524323786	-1739.67984092	
-5.46665268137	-1739.68273787	
-5.46806014114	-1739.68563058	
-5.46946562274	-1739.68851905	
-5.47086913175	-1739.6914033	
-5.47227067367	-1739.69428335	
-5.47367025403	-1739.69715921	
-5.47506787829	-1739.70003088	
-5.47646355193	-1739.70289839	
-5.47785728038	-1739.70576173	
-5.47924906905	-1739.70862094	
-5.48063892334	-1739.71147601	
-5.48202684862	-1739.71432697	
-5.48341285022	-1739.71717381	
-5.48479693349	-1739.72001656	
-5.48617910372	-1739.72285523	
-5.48755936619	-1739.72568983	
-5.48893772616	-1739.72852037	
-5.49031418887	-1739.73134686	
-5.49168875953	-1739.73416931	
-5.49306144334	-1739.73698774	
-5.49443224547	-1739.73980216	
-5.49580117108	-1739.74261258	
-5.49716822529	-1739.74541901	
-5.49853341322	-1739.74822147	
-5.49989673995	-1739.75101996	
-5.50125821054	-1739.75381449	
-5.50261783006	-1739.75660508	
-5.50397560352	-1739.75939175	
-5.50533153593	-1739.76217449	
-5.50668563228	-1739.76495332	
-5.50803789753	-1739.76772826	
-5.50938833663	-1739.77049931	
-5.5107369545	-1739.77326648	
-5.51208375605	-1739.7760298	
-5.51342874616	-1739.77878926	
-5.51477192971	-1739.78154488	
-5.51611331154	-1739.78429666	
-5.51745289646	-1739.78704463	
-5.51879068931	-1739.78978879	
-5.52012669485	-1739.79252915	
-5.52146091786	-1739.79526573	
-5.5227933631	-1739.79799853	
-5.52412403528	-1739.80072756	
-5.52545293913	-1739.80345284	
-5.52678007934	-1739.80617437	
-5.52810546058	-1739.80889217	
-5.52942908751	-1739.81160625	
-5.53075096477	-1739.81431661	
-5.53207109697	-1739.81702327	
-5.53338948873	-1739.81972624	
-5.53470614461	-1739.82242553	
-5.53602106919	-1739.82512115	
-5.53733426702	-1739.8278131	
-5.53864574262	-1739.83050141	
-5.5399555005	-1739.83318607	
-5.54126354516	-1739.83586711	
-5.54256988107	-1739.83854452	
-5.5438745127	-1739.84121832	
-5.54517744448	-1739.84388852	
-5.54647868084	-1739.84655514	
-5.54777822618	-1739.84921817	
-5.5490760849	-1739.85187763	
-5.55037226136	-1739.85453353	
-5.55166675992	-1739.85718588	
-5.55295958492	-1739.85983469	
-5.55425074069	-1739.86247997	
-5.55554023152	-1739.86512172	
-5.5568280617	-1739.86775997	
-5.55811423551	-1739.87039471	
-5.5593987572	-1739.87302596	
-5.56068163102	-1739.87565372	
-5.56196286117	-1739.87827801	
-5.56324245188	-1739.88089884	
-5.56452040732	-1739.88351621	
-5.56579673168	-1739.88613014	
-5.56707142911	-1739.88874063	
-5.56834450376	-1739.89134769	
-5.56961595975	-1739.89395133	
-5.57088580119	-1739.89655157	
-5.57215403218	-1739.89914841	
-5.57342065679	-1739.90174185	
-5.5746856791	-1739.90433192	
-5.57594910315	-1739.90691862	
-5.57721093297	-1739.90950195	
-5.57847117258	-1739.91208192	
-5.57972982599	-1739.91465856	
-5.58098689718	-1739.91723185	
-5.58224239012	-1739.91980182	
-5.58349630878	-1739.92236847	
-5.5847486571	-1739.92493182	
-5.585999439	-1739.92749186	
-5.5872486584	-1739.93004861	
-5.5884963192	-1739.93260207	
-5.58974242528	-1739.93515226	
-5.59098698051	-1739.93769919	
-5.59222998875	-1739.94024286	
-5.59347145384	-1739.94278328	
-5.5947113796	-1739.94532046	
-5.59594976985	-1739.94785441	
-5.59718662839	-1739.95038513	
-5.598421959	-1739.95291264	
-5.59965576545	-1739.95543695	
-5.60088805149	-1739.95795805	
-5.60211882088	-1739.96047597	
-5.60334807733	-1739.96299071	
-5.60457582457	-1739.96550227	
-5.6058020663	-1739.96801067	
-5.60702680619	-1739.97051591	
-5.60825004793	-1739.97301801	
-5.60947179518	-1739.97551696	
-5.61069205159	-1739.97801279	
-5.61191082078	-1739.98050548	
-5.61312810639	-1739.98299507	
-5.61434391201	-1739.98548154	
-5.61555824124	-1739.98796492	
-5.61677109767	-1739.9904452	
-5.61798248485	-1739.9929224	
-5.61919240636	-1739.99539653	
-5.62040086572	-1739.99786758	
-5.62160786647	-1740.00033558	
-5.62281341212	-1740.00280052	
-5.62401750619	-1740.00526242	
-5.62522015215	-1740.00772129	
-5.6264213535	-1740.01017712	
-5.62762111369	-1740.01262993	
-5.62881943618	-1740.01507973	
-5.63001632442	-1740.01752652	
-5.63121178182	-1740.01997032	
-5.63240581181	-1740.02241112	
-5.6335984178	-1740.02484894	
-5.63478960317	-1740.02728378	
-5.6359793713	-1740.02971566	
-5.63716772557	-1740.03214458	
-5.63835466933	-1740.03457054	
-5.63954020593	-1740.03699355	
-5.64072433869	-1740.03941363	
-5.64190707094	-1740.04183078	
-5.64308840598	-1740.044245	
-5.64426834712	-1740.0466563	
-5.64544689764	-1740.0490647	
-5.64662406082	-1740.05147019	
-5.64779983991	-1740.05387279	
-5.64897423816	-1740.0562725	
-5.65014725882	-1740.05866933	
-5.65131890512	-1740.06106329	
-5.65248918027	-1740.06345438	
-5.65365808747	-1740.06584261	
-5.65482562993	-1740.06822799	
-5.65599181082	-1740.07061053	
-5.65715663332	-1740.07299022	
-5.65832010058	-1740.07536709	
-5.65948221576	-1740.07774113	
-5.660642982	-1740.08011235	
-5.66180240242	-1740.08248077	
-5.66296048014	-1740.08484638	
-5.66411721826	-1740.08720919	
-5.66527261989	-1740.08956921	
-5.66642668811	-1740.09192645	
-5.66757942599	-1740.09428092	
-5.6687308366	-1740.09663261	
-5.66988092298	-1740.09898154	
-5.67102968818	-1740.10132772	
-5.67217713524	-1740.10367115	
-5.67332326717	-1740.10601183	
-5.67446808699	-1740.10834978	
-5.67561159769	-1740.110685	
-5.67675380227	-1740.11301749	
-5.6778947037	-1740.11534727	
-5.67903430497	-1740.11767434	
-5.68017260902	-1740.1199987	
-5.6813096188	-1740.12232037	
-5.68244533727	-1740.12463935	
-5.68357976734	-1740.12695565	
-5.68471291194	-1740.12926926	
-5.68584477397	-1740.13158021	
-5.68697535634	-1740.13388849	
-5.68810466194	-1740.13619411	
-5.68923269364	-1740.13849708	
-5.69035945432	-1740.14079741	
-5.69148494685	-1740.14309509	
-5.69260917406	-1740.14539014	
-5.6937321388	-1740.14768257	
-5.69485384391	-1740.14997237	
-5.69597429221	-1740.15225956	
-5.69709348651	-1740.15454414	
-5.69821142961	-1740.15682612	
-5.69932812431	-1740.1591055	
-5.70044357339	-1740.16138229	
-5.70155777963	-1740.16365649	
-5.7026707458	-1740.16592812	
-5.70378247466	-1740.16819718	
-5.70489296894	-1740.17046367	
-5.70600223139	-1740.1727276	
-5.70711026475	-1740.17498898	
-5.70821707172	-1740.17724781	
-5.70932265503	-1740.17950409	
-5.71042701737	-1740.18175784	
-5.71153016145	-1740.18400906	
-5.71263208993	-1740.18625776	
-5.71373280551	-1740.18850394	
-5.71483231084	-1740.1907476	
-5.71593060859	-1740.19298876	
-5.71702770141	-1740.19522741	
-5.71812359193	-1740.19746357	
-5.71921828279	-1740.19969724	
-5.72031177661	-1740.20192843	
-5.72140407601	-1740.20415713	
-5.72249518359	-1740.20638337	
-5.72358510195	-1740.20860714	
-5.72467383369	-1740.21082844	
-5.72576138137	-1740.21304729	
-5.72684774759	-1740.21526369	
-5.72793293489	-1740.21747765	
-5.72901694583	-1740.21968917	
-5.73009978297	-1740.22189825	
-5.73118144884	-1740.2241049	
-5.73226194598	-1740.22630914	
-5.7333412769	-1740.22851095	
-5.73441944412	-1740.23071036	
-5.73549645015	-1740.23290735	
-5.73657229748	-1740.23510195	
-5.73764698861	-1740.23729415	
-5.73872052602	-1740.23948397	
-5.73979291218	-1740.24167139	
-5.74086414956	-1740.24385644	
-5.74193424062	-1740.24603912	
-5.74300318781	-1740.24821943	
-5.74407099357	-1740.25039737	
-5.74513766034	-1740.25257295	
-5.74620319054	-1740.25474619	
-5.7472675866	-1740.25691707	
-5.74833085092	-1740.25908562	
-5.74939298591	-1740.26125182	
-5.75045399397	-1740.2634157	
-5.75151387748	-1740.26557725	
-5.75257263883	-1740.26773647	
-5.75363028038	-1740.26989338	
-5.75468680452	-1740.27204798	
-5.75574221359	-1740.27420028	
-5.75679650994	-1740.27635027	
-5.75784969593	-1740.27849797	
-5.75890177388	-1740.28064337	
-5.75995274612	-1740.28278649	
-5.76100261499	-1740.28492733	
-5.76205138278	-1740.2870659	
-5.76309905181	-1740.28920219	
-5.76414562438	-1740.29133622	
-5.76519110278	-1740.29346798	
-5.7662354893	-1740.29559749	
-5.76727878622	-1740.29772475	
-5.76832099579	-1740.29984977	
-5.7693621203	-1740.30197254	
-5.770402162	-1740.30409308	
-5.77144112313	-1740.30621138	
-5.77247900594	-1740.30832746	
-5.77351581267	-1740.31044131	
-5.77455154554	-1740.31255295	
-5.77558620679	-1740.31466238	
-5.77661979861	-1740.3167696	
-5.77765232322	-1740.31887462	
-5.77868378283	-1740.32097744	
-5.77971417962	-1740.32307806	
-5.78074351579	-1740.3251765	
-5.78177179352	-1740.32727275	
-5.78279901497	-1740.32936683	
-5.78382518233	-1740.33145873	
-5.78485029774	-1740.33354846	
-5.78587436337	-1740.33563602	
-5.78689738137	-1740.33772143	
-5.78791935386	-1740.33980468	
-5.788940283	-1740.34188578	
-5.7899601709	-1740.34396473	
-5.79097901969	-1740.34604154	
-5.79199683148	-1740.34811621	
-5.79301360838	-1740.35018874	
-5.7940293525	-1740.35225915	
-5.79504406593	-1740.35432744	
-5.79605775077	-1740.3563936	
-5.79707040908	-1740.35845765	
-5.79808204295	-1740.36051959	
-5.79909265446	-1740.36257943	
-5.80010224566	-1740.36463716	
-5.80111081862	-1740.36669279	
-5.80211837538	-1740.36874634	
-5.80312491799	-1740.37079779	
-5.80413044849	-1740.37284716	
-5.80513496892	-1740.37489445	
-5.80613848129	-1740.37693966	
-5.80714098764	-1740.3789828	
-5.80814248998	-1740.38102388	
-5.80914299031	-1740.38306289	
