# log_p 	 lnL 	 
0.0	-1718.14160482	
-0.287682072452	-1717.53428163	
-0.510825623766	-1717.18884853	
-0.69314718056	-1716.9549338	
-0.847297860387	-1716.77468987	
-0.980829253012	-1716.62573414	
-1.09861228867	-1716.49913546	
-1.20397280433	-1716.3908703	
-1.29928298413	-1716.29858584	
-1.38629436112	-1716.22044519	
-1.46633706879	-1716.15476985	
-1.54044504095	-1716.0999678	
-1.60943791243	-1716.05454808	
-1.67397643357	-1716.01714889	
-1.73460105539	-1715.98655676	
-1.79175946923	-1715.96171282	
-1.8458266905	-1715.94170878	
-1.89711998489	-1715.9257761	
-1.94591014906	-1715.91327152	
-1.99243016469	-1715.90366131	
-2.03688192726	-1715.89650571	
-2.07944154168	-1715.89144433	
-2.1202635362	-1715.88818307	
-2.15948424935	-1715.8864827	
-2.19722457734	-1715.88614902	
-2.23359222151	-1715.88702454	
-2.26868354132	-1715.8889815	
-2.30258509299	-1715.89191614	
-2.33537491582	-1715.89574394	
-2.36712361413	-1715.90039573	
-2.3978952728	-1715.90581452	
-2.42774823595	-1715.91195299	
-2.45673577282	-1715.91877137	
-2.48490664979	-1715.92623586	
-2.51230562398	-1715.93431726	
-2.53897387106	-1715.94298997	
-2.56494935746	-1715.95223114	
-2.59026716545	-1715.96202005	
-2.61495977804	-1715.97233757	
-2.63905732962	-1715.98316582	
-2.66258782703	-1715.99448785	
-2.68557734525	-1716.00628742	
-2.7080502011	-1716.01854882	
-2.73002910782	-1716.03125677	
-2.75153531304	-1716.04439633	
-2.77258872224	-1716.05795284	
-2.79320800944	-1716.07191185	
-2.81341071676	-1716.08625916	
-2.83321334406	-1716.10098073	
-2.85263142991	-1716.11606276	
-2.87167962488	-1716.13149161	
-2.8903717579	-1716.14725387	
-2.90872089656	-1716.16333635	
-2.92673940207	-1716.17972606	
-2.94443897917	-1716.19641026	
-2.96183072188	-1716.21337647	
-2.97892515524	-1716.23061244	
-2.99573227355	-1716.24810621	
-3.01226157551	-1716.26584607	
-3.02852209638	-1716.28382062	
-3.04452243772	-1716.30201874	
-3.06027079469	-1716.32042958	
-3.07577498123	-1716.3390426	
-3.09104245336	-1716.35784757	
-3.10608033072	-1716.37683455	
-3.12089541651	-1716.39599389	
-3.13549421593	-1716.41531624	
-3.14988295338	-1716.43479256	
-3.16406758837	-1716.45441408	
-3.17805383035	-1716.47417235	
-3.19184715248	-1716.49405918	
-3.20545280454	-1716.51406667	
-3.21887582487	-1716.53418721	
-3.23212105162	-1716.55441342	
-3.24519313319	-1716.57473824	
-3.25809653802	-1716.59515484	
-3.2708355638	-1716.61565663	
-3.28341434601	-1716.63623729	
-3.295836866	-1716.65689073	
-3.3081069586	-1716.6776111	
-3.32022831913	-1716.69839277	
-3.33220451018	-1716.71923033	
-3.34403896782	-1716.74011858	
-3.35573500759	-1716.76105254	
-3.36729582999	-1716.78202741	
-3.37872452581	-1716.80303861	
-3.39002408106	-1716.82408171	
-3.40119738166	-1716.84515251	
-3.41224721785	-1716.86624693	
-3.42317628838	-1716.88736109	
-3.43398720449	-1716.90849128	
-3.4446824936	-1716.92963391	
-3.45526460293	-1716.95078559	
-3.4657359028	-1716.97194302	
-3.47609868984	-1716.99310309	
-3.48635519	-1717.0142628	
-3.49650756147	-1717.03541927	
-3.50655789732	-1717.05656976	
-3.51650822817	-1717.07771166	
-3.52636052462	-1717.09884245	
-3.53611669956	-1717.11995973	
-3.54577861047	-1717.14106121	
-3.55534806149	-1717.16214471	
-3.56482680544	-1717.18320813	
-3.57421654579	-1717.20424947	
-3.58351893846	-1717.22526684	
-3.59273559356	-1717.2462584	
-3.60186807712	-1717.26722244	
-3.61091791264	-1717.28815728	
-3.61988658263	-1717.30906135	
-3.62877553004	-1717.32993314	
-3.63758615973	-1717.35077124	
-3.6463198397	-1717.37157426	
-3.65497790244	-1717.3923409	
-3.66356164613	-1717.41306994	
-3.6720723358	-1717.43376019	
-3.68051120444	-1717.45441053	
-3.68887945411	-1717.4750199	
-3.69717825693	-1717.49558729	
-3.70540875607	-1717.51611174	
-3.7135720667	-1717.53659233	
-3.72166927694	-1717.5570282	
-3.72970144863	-1717.57741853	
-3.73766961828	-1717.59776255	
-3.74557479779	-1717.61805952	
-3.75341797525	-1717.63830874	
-3.76120011569	-1717.65850957	
-3.76892216179	-1717.67866136	
-3.77658503453	-1717.69876355	
-3.78418963392	-1717.71881557	
-3.79173683955	-1717.73881692	
-3.79922751128	-1717.75876709	
-3.80666248977	-1717.77866563	
-3.81404259707	-1717.79851212	
-3.82136863716	-1717.81830613	
-3.82864139649	-1717.8380473	
-3.83586164446	-1717.85773528	
-3.84303013394	-1717.87736974	
-3.85014760171	-1717.89695036	
-3.85721476893	-1717.91647687	
-3.86423234159	-1717.93594901	
-3.87120101091	-1717.95536653	
-3.87812145375	-1717.97472921	
-3.88499433304	-1717.99403685	
-3.89182029811	-1718.01328926	
-3.8985999851	-1718.03248627	
-3.90533401728	-1718.05162774	
-3.91202300543	-1718.07071352	
-3.91866754815	-1718.08974349	
-3.92526823218	-1718.10871755	
-3.93182563272	-1718.12763561	
-3.93834031375	-1718.14649758	
-3.94481282825	-1718.16530341	
-3.95124371858	-1718.18405303	
-3.95763351668	-1718.2027464	
-3.96398274436	-1718.2213835	
-3.97029191355	-1718.2399643	
-3.97656152657	-1718.2584888	
-3.98279207632	-1718.27695698	
-3.98898404656	-1718.29536887	
-3.99513791214	-1718.31372449	
-4.00125413916	-1718.33202385	
-4.00733318523	-1718.350267	
-4.01337549969	-1718.36845397	
-4.01938152375	-1718.38658483	
-4.02535169074	-1718.40465963	
-4.03128642625	-1718.42267843	
-4.03718614838	-1718.44064132	
-4.04305126783	-1718.45854836	
-4.04888218815	-1718.47639964	
-4.05467930583	-1718.49419526	
-4.06044301055	-1718.51193531	
-4.06617368526	-1718.52961989	
-4.07187170637	-1718.54724912	
-4.07753744391	-1718.5648231	
-4.08317126162	-1718.58234194	
-4.08877351717	-1718.59980578	
-4.09434456222	-1718.61721474	
-4.0998847426	-1718.63456895	
-4.10539439841	-1718.65186854	
-4.11087386417	-1718.66911364	
-4.11632346894	-1718.68630441	
-4.12174353641	-1718.70344098	
-4.12713438505	-1718.72052351	
-4.13249632819	-1718.73755214	
-4.13782967416	-1718.75452702	
-4.14313472639	-1718.77144832	
-4.14841178349	-1718.78831619	
-4.15366113938	-1718.80513079	
-4.15888308336	-1718.82189229	
-4.16407790024	-1718.83860086	
-4.1692458704	-1718.85525666	
-4.1743872699	-1718.87185986	
-4.17950237056	-1718.88841064	
-4.18459144007	-1718.90490917	
-4.18965474203	-1718.92135562	
-4.19469253606	-1718.93775018	
-4.19970507788	-1718.95409302	
-4.20469261939	-1718.97038432	
-4.20965540873	-1718.98662426	
-4.21459369037	-1719.00281303	
-4.21950770518	-1719.01895081	
-4.22439769047	-1719.03503779	
-4.22926388012	-1719.05107415	
-4.2341065046	-1719.06706008	
-4.23892579103	-1719.08299577	
-4.2437219633	-1719.0988814	
-4.24849524205	-1719.11471717	
-4.25324584481	-1719.13050327	
-4.257973986	-1719.14623988	
-4.26267987704	-1719.16192721	
-4.26736372635	-1719.17756543	
-4.27202573946	-1719.19315475	
-4.27666611902	-1719.20869536	
-4.28128506487	-1719.22418744	
-4.28588277412	-1719.2396312	
-4.29045944115	-1719.25502682	
-4.29501525768	-1719.2703745	
-4.29955041285	-1719.28567445	
-4.3040650932	-1719.30092683	
-4.30855948279	-1719.31613187	
-4.31303376319	-1719.33128974	
-4.31748811354	-1719.34640065	
-4.3219227106	-1719.36146478	
-4.32633772881	-1719.37648233	
-4.33073334029	-1719.3914535	
-4.33510971489	-1719.40637849	
-4.33946702026	-1719.42125747	
-4.34380542185	-1719.43609066	
-4.348125083	-1719.45087824	
-4.3524261649	-1719.4656204	
-4.35670882669	-1719.48031734	
-4.36097322548	-1719.49496926	
-4.36521951636	-1719.50957634	
-4.36944785247	-1719.52413878	
-4.373658385	-1719.53865677	
-4.37785126326	-1719.5531305	
-4.38202663467	-1719.56756017	
-4.38618464482	-1719.58194595	
-4.39032543749	-1719.59628806	
-4.39444915467	-1719.61058666	
-4.39855593663	-1719.62484197	
-4.40264592188	-1719.63905415	
-4.40671924726	-1719.65322341	
-4.41077604796	-1719.66734993	
-4.4148164575	-1719.68143389	
-4.4188406078	-1719.69547549	
-4.42284862919	-1719.70947492	
-4.42684065046	-1719.72343235	
-4.43081679884	-1719.73734797	
-4.43477720006	-1719.75122198	
-4.43872197835	-1719.76505454	
-4.44265125649	-1719.77884586	
-4.44656515581	-1719.7925961	
-4.45046379623	-1719.80630545	
-4.45434729625	-1719.8199741	
-4.45821577303	-1719.83360223	
-4.46206934235	-1719.84719001	
-4.46590811865	-1719.86073763	
-4.46973221509	-1719.87424526	
-4.47354174351	-1719.88771308	
-4.47733681448	-1719.90114128	
-4.48111753732	-1719.91453003	
-4.48488402011	-1719.9278795	
-4.48863636973	-1719.94118988	
-4.49237469184	-1719.95446133	
-4.49609909093	-1719.96769404	
-4.49980967033	-1719.98088817	
-4.50350653221	-1719.9940439	
-4.50718977763	-1720.0071614	
-4.51085950652	-1720.02024084	
-4.51451581772	-1720.0332824	
-4.518158809	-1720.04628624	
-4.52178857705	-1720.05925253	
-4.52540521752	-1720.07218145	
-4.52900882502	-1720.08507315	
-4.53259949315	-1720.09792782	
-4.5361773145	-1720.11074561	
-4.53974238067	-1720.12352669	
-4.54329478227	-1720.13627122	
-4.54683460898	-1720.14897937	
-4.55036194949	-1720.16165131	
-4.5538768916	-1720.17428719	
-4.55737952215	-1720.18688718	
-4.56086992709	-1720.19945144	
-4.56434819147	-1720.21198013	
-4.56781439944	-1720.22447341	
-4.57126863431	-1720.23693144	
-4.5747109785	-1720.24935438	
-4.5781415136	-1720.26174238	
-4.58156032035	-1720.27409561	
-4.58496747867	-1720.28641421	
-4.58836306767	-1720.29869835	
-4.59174716566	-1720.31094817	
-4.59511985013	-1720.32316384	
-4.59848119784	-1720.3353455	
-4.60183128472	-1720.34749331	
-4.60517018599	-1720.35960741	
-4.60849797608	-1720.37168797	
-4.61181472871	-1720.38373513	
-4.61512051684	-1720.39574904	
-4.61841541274	-1720.40772984	
-4.62169948794	-1720.41967769	
-4.62497281328	-1720.43159274	
-4.62823545892	-1720.44347512	
-4.63148749431	-1720.45532499	
-4.63472898823	-1720.46714249	
-4.63796000881	-1720.47892777	
-4.64118062351	-1720.49068096	
-4.64439089914	-1720.50240222	
-4.64759090187	-1720.51409167	
-4.65078069724	-1720.52574947	
-4.65396035016	-1720.53737576	
-4.65712992492	-1720.54897067	
-4.66028948521	-1720.56053434	
-4.66343909411	-1720.57206692	
-4.66657881412	-1720.58356853	
-4.66970870713	-1720.59503932	
-4.67282883446	-1720.60647943	
-4.67593925688	-1720.61788898	
-4.67904003455	-1720.62926812	
-4.68213122712	-1720.64061697	
-4.68521289366	-1720.65193567	
-4.6882850927	-1720.66322436	
-4.69134788223	-1720.67448317	
-4.69440131972	-1720.68571222	
-4.6974454621	-1720.69691164	
-4.70048036579	-1720.70808158	
-4.70350608671	-1720.71922215	
-4.70652268025	-1720.73033349	
-4.70953020131	-1720.74141572	
-4.71252870431	-1720.75246897	
-4.71551824316	-1720.76349337	
-4.7184988713	-1720.77448905	
-4.72147064168	-1720.78545612	
-4.72443360681	-1720.79639471	
-4.72738781871	-1720.80730495	
-4.73033332894	-1720.81818696	
-4.73327018862	-1720.82904086	
-4.73619844839	-1720.83986677	
-4.7391181585	-1720.85066482	
-4.74202936871	-1720.86143513	
-4.74493212836	-1720.87217781	
-4.74782648639	-1720.88289299	
-4.75071249128	-1720.89358078	
-4.75359019111	-1720.90424131	
-4.75645963353	-1720.91487468	
-4.75932086582	-1720.92548102	
-4.7621739348	-1720.93606044	
-4.76501888693	-1720.94661306	
-4.76785576827	-1720.95713899	
-4.77068462447	-1720.96763834	
-4.77350550081	-1720.97811124	
-4.77631844218	-1720.98855779	
-4.77912349311	-1720.99897811	
-4.78192069773	-1721.0093723	
-4.78471009982	-1721.01974048	
-4.78749174278	-1721.03008276	
-4.79026566966	-1721.04039925	
-4.79303192316	-1721.05069006	
-4.7957905456	-1721.0609553	
-4.79854157897	-1721.07119507	
-4.80128506491	-1721.08140948	
-4.80402104473	-1721.09159865	
-4.80674955939	-1721.10176267	
-4.8094706495	-1721.11190165	
-4.81218435537	-1721.1220157	
-4.81489071697	-1721.13210493	
-4.81758977394	-1721.14216943	
-4.82028156561	-1721.15220931	
-4.82296613098	-1721.16222467	
-4.82564350875	-1721.17221562	
-4.8283137373	-1721.18218225	
-4.83097685472	-1721.19212468	
-4.83363289878	-1721.20204299	
-4.83628190695	-1721.2119373	
-4.83892391641	-1721.22180769	
-4.84155896405	-1721.23165427	
-4.84418708646	-1721.24147714	
-4.84680831994	-1721.25127639	
-4.84942270051	-1721.26105213	
-4.85203026392	-1721.27080445	
-4.85463104562	-1721.28053344	
-4.8572250808	-1721.29023921	
-4.85981240436	-1721.29992184	
-4.86239305096	-1721.30958144	
-4.86496705495	-1721.31921809	
-4.86753445046	-1721.3288319	
-4.87009527132	-1721.33842295	
-4.87264955112	-1721.34799133	
-4.8751973232	-1721.35753715	
-4.87773862063	-1721.36706049	
-4.88027347623	-1721.37656144	
-4.88280192259	-1721.38604009	
-4.88532399202	-1721.39549654	
-4.88783971662	-1721.40493087	
-4.89034912822	-1721.41434318	
-4.89285225844	-1721.42373355	
-4.89534913864	-1721.43310207	
-4.89783979995	-1721.44244883	
-4.90032427328	-1721.45177391	
-4.90280258929	-1721.46107741	
-4.90527477844	-1721.47035941	
-4.90774087093	-1721.47961999	
-4.91020089677	-1721.48885925	
-4.91265488574	-1721.49807726	
-4.91510286737	-1721.50727412	
-4.91754487103	-1721.5164499	
-4.91998092583	-1721.52560469	
-4.92241106068	-1721.53473857	
-4.92483530429	-1721.54385163	
-4.92725368516	-1721.55294394	
-4.92966623156	-1721.5620156	
-4.93207297159	-1721.57106668	
-4.93447393313	-1721.58009726	
-4.93686914386	-1721.58910743	
-4.93925863125	-1721.59809726	
-4.94164242261	-1721.60706683	
-4.94402054501	-1721.61601622	
-4.94639302537	-1721.62494552	
-4.94875989038	-1721.6338548	
-4.95112116656	-1721.64274414	
-4.95347688026	-1721.65161361	
-4.9558270576	-1721.6604633	
-4.95817172456	-1721.66929328	
-4.96051090691	-1721.67810363	
-4.96284463026	-1721.68689442	
-4.96517292002	-1721.69566572	
-4.96749580144	-1721.70441763	
-4.96981329958	-1721.7131502	
-4.97212543933	-1721.72186351	
-4.97443224543	-1721.73055765	
-4.97673374242	-1721.73923267	
-4.97902995468	-1721.74788866	
-4.98132090643	-1721.75652568	
-4.98360662171	-1721.76514382	
-4.98588712441	-1721.77374314	
-4.98816243824	-1721.78232371	
-4.99043258678	-1721.79088561	
-4.99269759341	-1721.7994289	
-4.99495748138	-1721.80795366	
-4.99721227376	-1721.81645996	
-4.9994619935	-1721.82494786	
-5.00170666335	-1721.83341745	
-5.00394630595	-1721.84186877	
-5.00618094375	-1721.85030191	
-5.00841059907	-1721.85871694	
-5.0106352941	-1721.86711391	
-5.01285505083	-1721.87549291	
-5.01506989116	-1721.88385399	
-5.01727983681	-1721.89219722	
-5.01948490937	-1721.90052268	
-5.02168513028	-1721.90883041	
-5.02388052085	-1721.91712051	
-5.02607110223	-1721.92539301	
-5.02825689545	-1721.93364801	
-5.03043792139	-1721.94188555	
-5.03261420082	-1721.9501057	
-5.03478575433	-1721.95830853	
-5.03695260241	-1721.9664941	
-5.03911476542	-1721.97466247	
-5.04127226356	-1721.98281371	
-5.04342511692	-1721.99094788	
-5.04557334546	-1721.99906505	
-5.047716969	-1722.00716527	
-5.04985600725	-1722.01524861	
-5.05199047978	-1722.02331512	
-5.05412040604	-1722.03136488	
-5.05624580535	-1722.03939794	
-5.05836669692	-1722.04741436	
-5.06048309982	-1722.05541421	
-5.06259503303	-1722.06339753	
-5.06470251537	-1722.0713644	
-5.06680556556	-1722.07931487	
-5.06890420222	-1722.087249	
-5.07099844382	-1722.09516686	
-5.07308830874	-1722.10306849	
-5.07517381523	-1722.11095395	
-5.07725498144	-1722.11882332	
-5.07933182538	-1722.12667663	
-5.08140436498	-1722.13451395	
-5.08347261805	-1722.14233535	
-5.08553660227	-1722.15014086	
-5.08759633523	-1722.15793056	
-5.08965183441	-1722.16570449	
-5.09170311719	-1722.17346272	
-5.09375020081	-1722.18120529	
-5.09579310244	-1722.18893227	
-5.09783183913	-1722.1966437	
-5.09986642782	-1722.20433965	
-5.10189688537	-1722.21202017	
-5.10392322852	-1722.21968531	
-5.1059454739	-1722.22733513	
-5.10796363806	-1722.23496967	
-5.10997773743	-1722.242589	
-5.11198778836	-1722.25019317	
-5.11399380708	-1722.25778223	
-5.11599580975	-1722.26535623	
-5.11799381242	-1722.27291523	
-5.11998783102	-1722.28045927	
-5.12197788143	-1722.28798841	
-5.1239639794	-1722.2955027	
-5.12594614061	-1722.3030022	
-5.12792438062	-1722.31048694	
-5.12989871492	-1722.317957	
-5.13186915891	-1722.3254124	
-5.13383572788	-1722.33285321	
-5.13579843705	-1722.34027948	
-5.13775730154	-1722.34769125	
-5.13971233637	-1722.35508858	
-5.1416635565	-1722.36247151	
-5.14361097679	-1722.3698401	
-5.145554612	-1722.37719438	
-5.14749447681	-1722.38453442	
-5.14943058584	-1722.39186026	
-5.15136295359	-1722.39917194	
-5.1532915945	-1722.40646952	
-5.15521652291	-1722.41375305	
-5.15713775309	-1722.42102256	
-5.15905529921	-1722.42827811	
-5.1609691754	-1722.43551975	
-5.16287939565	-1722.44274752	
-5.16478597392	-1722.44996147	
-5.16668892407	-1722.45716164	
-5.16858825987	-1722.46434809	
-5.17048399504	-1722.47152085	
-5.17237614319	-1722.47867997	
-5.17426471788	-1722.48582551	
-5.17614973257	-1722.49295749	
-5.17803120067	-1722.50007598	
-5.1799091355	-1722.507181	
-5.18178355029	-1722.51427262	
-5.18365445823	-1722.52135087	
-5.1855218724	-1722.52841579	
-5.18738580584	-1722.53546743	
-5.18924627149	-1722.54250584	
-5.19110328224	-1722.54953106	
-5.19295685089	-1722.55654313	
-5.19480699018	-1722.56354209	
-5.19665371277	-1722.57052799	
-5.19849703127	-1722.57750086	
-5.20033695819	-1722.58446077	
-5.202173506	-1722.59140773	
-5.20400668708	-1722.5983418	
-5.20583651375	-1722.60526303	
-5.20766299828	-1722.61217144	
-5.20948615284	-1722.61906708	
-5.21130598956	-1722.62595	
-5.21312252048	-1722.63282023	
-5.21493575761	-1722.63967782	
-5.21674571285	-1722.6465228	
-5.21855239808	-1722.65335523	
-5.22035582508	-1722.66017512	
-5.22215600558	-1722.66698254	
-5.22395295126	-1722.67377751	
-5.22574667371	-1722.68056008	
-5.22753718449	-1722.68733029	
-5.22932449506	-1722.69408818	
-5.23110861685	-1722.70083378	
-5.23288956123	-1722.70756713	
-5.23466733947	-1722.71428828	
-5.23644196283	-1722.72099726	
-5.23821344248	-1722.72769411	
-5.23998178954	-1722.73437887	
-5.24174701506	-1722.74105158	
-5.24350913005	-1722.74771228	
-5.24526814546	-1722.754361	
-5.24702407216	-1722.76099777	
-5.24877692099	-1722.76762265	
-5.25052670271	-1722.77423567	
-5.25227342805	-1722.78083685	
-5.25401710765	-1722.78742625	
-5.25575775213	-1722.79400389	
-5.25749537203	-1722.80056982	
-5.25922997784	-1722.80712407	
-5.26096158	-1722.81366667	
-5.2626901889	-1722.82019767	
-5.26441581487	-1722.8267171	
-5.26613846818	-1722.83322499	
-5.26785815906	-1722.83972138	
-5.26957489768	-1722.8462063	
-5.27128869416	-1722.8526798	
-5.27299955856	-1722.8591419	
-5.27470750091	-1722.86559265	
-5.27641253116	-1722.87203207	
-5.27811465923	-1722.8784602	
-5.27981389498	-1722.88487708	
-5.28151024823	-1722.89128273	
-5.28320372874	-1722.8976772	
-5.28489434622	-1722.90406052	
-5.28658211033	-1722.91043272	
-5.28826703069	-1722.91679384	
-5.28994911688	-1722.92314391	
-5.2916283784	-1722.92948296	
-5.29330482472	-1722.93581102	
-5.29497846528	-1722.94212814	
-5.29664930945	-1722.94843434	
-5.29831736655	-1722.95472965	
-5.29998264587	-1722.96101412	
-5.30164515664	-1722.96728776	
-5.30330490806	-1722.97355062	
-5.30496190927	-1722.97980272	
-5.30661616936	-1722.9860441	
-5.3082676974	-1722.9922748	
-5.30991650239	-1722.99849483	
-5.3115625933	-1723.00470424	
-5.31320597904	-1723.01090305	
-5.3148466685	-1723.0170913	
-5.3164846705	-1723.02326902	
-5.31811999384	-1723.02943624	
-5.31975264727	-1723.03559299	
-5.32138263948	-1723.04173931	
-5.32300997914	-1723.04787521	
-5.32463467487	-1723.05400074	
-5.32625673524	-1723.06011592	
-5.32787616879	-1723.06622079	
-5.32949298402	-1723.07231537	
-5.33110718937	-1723.07839969	
-5.33271879327	-1723.08447379	
-5.33432780407	-1723.0905377	
-5.33593423012	-1723.09659144	
-5.3375380797	-1723.10263504	
-5.33913936107	-1723.10866854	
-5.34073808243	-1723.11469196	
-5.34233425196	-1723.12070534	
-5.3439278778	-1723.12670869	
-5.34551896803	-1723.13270206	
-5.34710753072	-1723.13868547	
-5.34869357387	-1723.14465894	
-5.35027710548	-1723.15062251	
-5.35185813348	-1723.15657621	
-5.35343666577	-1723.16252006	
-5.35501271022	-1723.16845409	
-5.35658627467	-1723.17437834	
-5.3581573669	-1723.18029282	
-5.35972599468	-1723.18619757	
-5.36129216571	-1723.19209261	
-5.36285588769	-1723.19797798	
-5.36441716825	-1723.20385369	
-5.36597601502	-1723.20971979	
-5.36753243557	-1723.21557629	
-5.36908643744	-1723.22142321	
-5.37063802813	-1723.2272606	
-5.37218721511	-1723.23308848	
-5.37373400583	-1723.23890687	
-5.37527840768	-1723.24471579	
-5.37682042804	-1723.25051529	
-5.37836007422	-1723.25630538	
-5.37989735354	-1723.26208608	
-5.38143227326	-1723.26785743	
-5.38296484061	-1723.27361946	
-5.38449506279	-1723.27937218	
-5.38602294697	-1723.28511563	
-5.38754850028	-1723.29084983	
-5.38907172982	-1723.29657481	
-5.39059264266	-1723.30229058	
-5.39211124583	-1723.30799719	
-5.39362754635	-1723.31369464	
-5.39514155118	-1723.31938298	
-5.39665326727	-1723.32506222	
-5.39816270152	-1723.33073239	
-5.39966986081	-1723.33639351	
-5.40117475199	-1723.34204562	
-5.40267738187	-1723.34768872	
-5.40417775725	-1723.35332286	
-5.40567588487	-1723.35894805	
-5.40717177146	-1723.36456432	
-5.40866542372	-1723.37017169	
-5.4101568483	-1723.37577019	
-5.41164605186	-1723.38135983	
-5.41313304098	-1723.38694066	
-5.41461782224	-1723.39251268	
-5.4161004022	-1723.39807593	
-5.41758078737	-1723.40363043	
-5.41905898424	-1723.4091762	
-5.42053499927	-1723.41471326	
-5.42200883889	-1723.42024165	
-5.4234805095	-1723.42576137	
-5.42495001748	-1723.43127246	
-5.42641736918	-1723.43677494	
-5.4278825709	-1723.44226884	
-5.42934562895	-1723.44775417	
-5.43080654959	-1723.45323096	
-5.43226533906	-1723.45869923	
-5.43372200355	-1723.464159	
-5.43517654927	-1723.46961031	
-5.43662898235	-1723.47505316	
-5.43807930892	-1723.48048759	
-5.4395275351	-1723.48591361	
-5.44097366695	-1723.49133125	
-5.44241771052	-1723.49674053	
-5.44385967184	-1723.50214147	
-5.4452995569	-1723.5075341	
-5.44673737167	-1723.51291844	
-5.44817312209	-1723.5182945	
-5.44960681409	-1723.52366232	
-5.45103845357	-1723.52902191	
-5.45246804638	-1723.53437329	
-5.45389559837	-1723.53971649	
-5.45532111536	-1723.54505153	
-5.45674460314	-1723.55037843	
-5.45816606749	-1723.5556972	
-5.45958551414	-1723.56100788	
-5.46100294883	-1723.56631049	
-5.46241837723	-1723.57160504	
-5.46383180503	-1723.57689155	
-5.46524323786	-1723.58217005	
-5.46665268137	-1723.58744056	
-5.46806014114	-1723.5927031	
-5.46946562274	-1723.59795769	
-5.47086913175	-1723.60320435	
-5.47227067367	-1723.6084431	
-5.47367025403	-1723.61367396	
-5.47506787829	-1723.61889695	
-5.47646355193	-1723.6241121	
-5.47785728038	-1723.62931942	
-5.47924906905	-1723.63451893	
-5.48063892334	-1723.63971065	
-5.48202684862	-1723.64489461	
-5.48341285022	-1723.65007082	
-5.48479693349	-1723.6552393	
-5.48617910372	-1723.66040008	
-5.48755936619	-1723.66555317	
-5.48893772616	-1723.67069859	
-5.49031418887	-1723.67583637	
-5.49168875953	-1723.68096652	
-5.49306144334	-1723.68608905	
-5.49443224547	-1723.691204	
-5.49580117108	-1723.69631138	
-5.49716822529	-1723.70141121	
-5.49853341322	-1723.70650351	
-5.49989673995	-1723.71158829	
-5.50125821054	-1723.71666558	
-5.50261783006	-1723.7217354	
-5.50397560352	-1723.72679776	
-5.50533153593	-1723.73185269	
-5.50668563228	-1723.7369002	
-5.50803789753	-1723.74194031	
-5.50938833663	-1723.74697304	
-5.5107369545	-1723.7519984	
-5.51208375605	-1723.75701643	
-5.51342874616	-1723.76202713	
-5.51477192971	-1723.76703052	
-5.51611331154	-1723.77202663	
-5.51745289646	-1723.77701547	
-5.51879068931	-1723.78199705	
-5.52012669485	-1723.7869714	
-5.52146091786	-1723.79193854	
-5.5227933631	-1723.79689848	
-5.52412403528	-1723.80185124	
-5.52545293913	-1723.80679684	
-5.52678007934	-1723.81173529	
-5.52810546058	-1723.81666662	
-5.52942908751	-1723.82159084	
-5.53075096477	-1723.82650797	
-5.53207109697	-1723.83141803	
-5.53338948873	-1723.83632103	
-5.53470614461	-1723.84121699	
-5.53602106919	-1723.84610593	
-5.53733426702	-1723.85098787	
-5.53864574262	-1723.85586283	
-5.5399555005	-1723.86073081	
-5.54126354516	-1723.86559184	
-5.54256988107	-1723.87044594	
-5.5438745127	-1723.87529311	
-5.54517744448	-1723.88013339	
-5.54647868084	-1723.88496678	
-5.54777822618	-1723.88979331	
-5.5490760849	-1723.89461298	
-5.55037226136	-1723.89942582	
-5.55166675992	-1723.90423184	
-5.55295958492	-1723.90903107	
-5.55425074069	-1723.9138235	
-5.55554023152	-1723.91860917	
-5.5568280617	-1723.92338809	
-5.55811423551	-1723.92816028	
-5.5593987572	-1723.93292574	
-5.56068163102	-1723.9376845	
-5.56196286117	-1723.94243658	
-5.56324245188	-1723.94718198	
-5.56452040732	-1723.95192073	
-5.56579673168	-1723.95665285	
-5.56707142911	-1723.96137834	
-5.56834450376	-1723.96609722	
-5.56961595975	-1723.97080951	
-5.57088580119	-1723.97551523	
-5.57215403218	-1723.98021439	
-5.57342065679	-1723.98490701	
-5.5746856791	-1723.98959309	
-5.57594910315	-1723.99427267	
-5.57721093297	-1723.99894575	
-5.57847117258	-1724.00361235	
-5.57972982599	-1724.00827248	
-5.58098689718	-1724.01292616	
-5.58224239012	-1724.01757341	
-5.58349630878	-1724.02221423	
-5.5847486571	-1724.02684865	
-5.585999439	-1724.03147669	
-5.5872486584	-1724.03609834	
-5.5884963192	-1724.04071364	
-5.58974242528	-1724.04532259	
-5.59098698051	-1724.04992522	
-5.59222998875	-1724.05452153	
-5.59347145384	-1724.05911154	
-5.5947113796	-1724.06369526	
-5.59594976985	-1724.06827271	
-5.59718662839	-1724.07284391	
-5.598421959	-1724.07740887	
-5.59965576545	-1724.0819676	
-5.60088805149	-1724.08652012	
-5.60211882088	-1724.09106644	
-5.60334807733	-1724.09560658	
-5.60457582457	-1724.10014055	
-5.6058020663	-1724.10466836	
-5.60702680619	-1724.10919004	
-5.60825004793	-1724.11370559	
-5.60947179518	-1724.11821502	
-5.61069205159	-1724.12271837	
-5.61191082078	-1724.12721562	
-5.61312810639	-1724.13170681	
-5.61434391201	-1724.13619194	
-5.61555824124	-1724.14067104	
-5.61677109767	-1724.1451441	
-5.61798248485	-1724.14961115	
-5.61919240636	-1724.15407221	
-5.62040086572	-1724.15852727	
-5.62160786647	-1724.16297637	
-5.62281341212	-1724.1674195	
-5.62401750619	-1724.17185669	
-5.62522015215	-1724.17628795	
-5.6264213535	-1724.18071329	
-5.62762111369	-1724.18513273	
-5.62881943618	-1724.18954628	
-5.63001632442	-1724.19395395	
-5.63121178182	-1724.19835576	
-5.63240581181	-1724.20275171	
-5.6335984178	-1724.20714183	
-5.63478960317	-1724.21152613	
-5.6359793713	-1724.21590461	
-5.63716772557	-1724.2202773	
-5.63835466933	-1724.2246442	
-5.63954020593	-1724.22900534	
-5.64072433869	-1724.23336071	
-5.64190707094	-1724.23771034	
-5.64308840598	-1724.24205423	
-5.64426834712	-1724.24639241	
-5.64544689764	-1724.25072488	
-5.64662406082	-1724.25505166	
-5.64779983991	-1724.25937275	
-5.64897423816	-1724.26368818	
-5.65014725882	-1724.26799795	
-5.65131890512	-1724.27230208	
-5.65248918027	-1724.27660058	
-5.65365808747	-1724.28089346	
-5.65482562993	-1724.28518073	
-5.65599181082	-1724.28946242	
-5.65715663332	-1724.29373852	
-5.65832010058	-1724.29800906	
-5.65948221576	-1724.30227404	
-5.660642982	-1724.30653347	
-5.66180240242	-1724.31078738	
-5.66296048014	-1724.31503577	
-5.66411721826	-1724.31927865	
-5.66527261989	-1724.32351604	
-5.66642668811	-1724.32774795	
-5.66757942599	-1724.33197438	
-5.6687308366	-1724.33619536	
-5.66988092298	-1724.3404109	
-5.67102968818	-1724.344621	
-5.67217713524	-1724.34882568	
-5.67332326717	-1724.35302494	
-5.67446808699	-1724.35721882	
-5.67561159769	-1724.3614073	
-5.67675380227	-1724.36559041	
-5.6778947037	-1724.36976816	
-5.67903430497	-1724.37394056	
-5.68017260902	-1724.37810762	
-5.6813096188	-1724.38226935	
-5.68244533727	-1724.38642577	
-5.68357976734	-1724.39057688	
-5.68471291194	-1724.3947227	
-5.68584477397	-1724.39886324	
-5.68697535634	-1724.40299851	
-5.68810466194	-1724.40712852	
-5.68923269364	-1724.41125328	
-5.69035945432	-1724.41537281	
-5.69148494685	-1724.41948712	
-5.69260917406	-1724.42359621	
-5.6937321388	-1724.4277001	
-5.69485384391	-1724.4317988	
-5.69597429221	-1724.43589233	
-5.69709348651	-1724.43998068	
-5.69821142961	-1724.44406388	
-5.69932812431	-1724.44814193	
-5.70044357339	-1724.45221485	
-5.70155777963	-1724.45628265	
-5.7026707458	-1724.46034533	
-5.70378247466	-1724.46440291	
-5.70489296894	-1724.46845541	
-5.70600223139	-1724.47250282	
-5.70711026475	-1724.47654516	
-5.70821707172	-1724.48058245	
-5.70932265503	-1724.48461468	
-5.71042701737	-1724.48864189	
-5.71153016145	-1724.49266406	
-5.71263208993	-1724.49668122	
-5.71373280551	-1724.50069338	
-5.71483231084	-1724.50470055	
-5.71593060859	-1724.50870273	
-5.71702770141	-1724.51269994	
-5.71812359193	-1724.51669218	
-5.71921828279	-1724.52067948	
-5.72031177661	-1724.52466184	
-5.72140407601	-1724.52863926	
-5.72249518359	-1724.53261177	
-5.72358510195	-1724.53657936	
-5.72467383369	-1724.54054206	
-5.72576138137	-1724.54449986	
-5.72684774759	-1724.54845279	
-5.72793293489	-1724.55240085	
-5.72901694583	-1724.55634406	
-5.73009978297	-1724.56028241	
-5.73118144884	-1724.56421593	
-5.73226194598	-1724.56814462	
-5.7333412769	-1724.57206849	
-5.73441944412	-1724.57598755	
-5.73549645015	-1724.57990182	
-5.73657229748	-1724.5838113	
-5.73764698861	-1724.58771601	
-5.73872052602	-1724.59161594	
-5.73979291218	-1724.59551112	
-5.74086414956	-1724.59940155	
-5.74193424062	-1724.60328724	
-5.74300318781	-1724.60716821	
-5.74407099357	-1724.61104446	
-5.74513766034	-1724.614916	
-5.74620319054	-1724.61878284	
-5.7472675866	-1724.62264499	
-5.74833085092	-1724.62650246	
-5.74939298591	-1724.63035527	
-5.75045399397	-1724.63420341	
-5.75151387748	-1724.63804691	
-5.75257263883	-1724.64188576	
-5.75363028038	-1724.64571999	
-5.75468680452	-1724.64954959	
-5.75574221359	-1724.65337458	
-5.75679650994	-1724.65719497	
-5.75784969593	-1724.66101076	
-5.75890177388	-1724.66482198	
-5.75995274612	-1724.66862861	
-5.76100261499	-1724.67243069	
-5.76205138278	-1724.6762282	
-5.76309905181	-1724.68002118	
-5.76414562438	-1724.68380961	
-5.76519110278	-1724.68759352	
-5.7662354893	-1724.69137291	
-5.76727878622	-1724.69514779	
-5.76832099579	-1724.69891817	
-5.7693621203	-1724.70268406	
-5.770402162	-1724.70644547	
-5.77144112313	-1724.71020241	
-5.77247900594	-1724.71395488	
-5.77351581267	-1724.7177029	
-5.77455154554	-1724.72144647	
-5.77558620679	-1724.72518561	
-5.77661979861	-1724.72892032	
-5.77765232322	-1724.73265061	
-5.77868378283	-1724.7363765	
-5.77971417962	-1724.74009798	
-5.78074351579	-1724.74381507	
-5.78177179352	-1724.74752778	
-5.78279901497	-1724.75123611	
-5.78382518233	-1724.75494008	
-5.78485029774	-1724.75863969	
-5.78587436337	-1724.76233496	
-5.78689738137	-1724.76602588	
-5.78791935386	-1724.76971248	
-5.788940283	-1724.77339475	
-5.7899601709	-1724.77707271	
-5.79097901969	-1724.78074637	
-5.79199683148	-1724.78441573	
-5.79301360838	-1724.78808081	
-5.7940293525	-1724.7917416	
-5.79504406593	-1724.79539813	
-5.79605775077	-1724.79905039	
-5.79707040908	-1724.80269841	
-5.79808204295	-1724.80634217	
-5.79909265446	-1724.8099817	
-5.80010224566	-1724.81361701	
-5.80111081862	-1724.81724809	
-5.80211837538	-1724.82087497	
-5.80312491799	-1724.82449764	
-5.80413044849	-1724.82811611	
-5.80513496892	-1724.83173041	
-5.80613848129	-1724.83534052	
-5.80714098764	-1724.83894646	
-5.80814248998	-1724.84254825	
-5.80914299031	-1724.84614588	
