# log_p 	 lnL 	 
0.0	-1747.0072421	
-0.287682072452	-1746.97971228	
-0.510825623766	-1746.9479792	
-0.69314718056	-1746.9151129	
-0.847297860387	-1746.88262498	
-0.980829253012	-1746.85118502	
-1.09861228867	-1746.82105145	
-1.20397280433	-1746.79229327	
-1.29928298413	-1746.7648964	
-1.38629436112	-1746.73881239	
-1.46633706879	-1746.71397999	
-1.54044504095	-1746.69033425	
-1.60943791243	-1746.66781027	
-1.67397643357	-1746.64634461	
-1.73460105539	-1746.62587587	
-1.79175946923	-1746.60634494	
-1.8458266905	-1746.58769513	
-1.89711998489	-1746.56987224	
-1.94591014906	-1746.55282468	
-1.99243016469	-1746.53650349	
-2.03688192726	-1746.52086241	
-2.07944154168	-1746.50585785	
-2.1202635362	-1746.49144886	
-2.15948424935	-1746.4775971	
-2.19722457734	-1746.46426673	
-2.23359222151	-1746.45142434	
-2.26868354132	-1746.43903882	
-2.30258509299	-1746.42708127	
-2.33537491582	-1746.41552483	
-2.36712361413	-1746.40434462	
-2.3978952728	-1746.39351754	
-2.42774823595	-1746.38302222	
-2.45673577282	-1746.37283885	
-2.48490664979	-1746.36294909	
-2.51230562398	-1746.35333596	
-2.53897387106	-1746.34398371	
-2.56494935746	-1746.33487778	
-2.59026716545	-1746.32600465	
-2.61495977804	-1746.31735181	
-2.63905732962	-1746.30890765	
-2.66258782703	-1746.30066137	
-2.68557734525	-1746.29260298	
-2.7080502011	-1746.28472316	
-2.73002910782	-1746.27701326	
-2.75153531304	-1746.26946523	
-2.77258872224	-1746.26207158	
-2.79320800944	-1746.2548253	
-2.81341071676	-1746.24771988	
-2.83321334406	-1746.24074922	
-2.85263142991	-1746.23390763	
-2.87167962488	-1746.22718978	
-2.8903717579	-1746.22059069	
-2.90872089656	-1746.21410566	
-2.92673940207	-1746.20773033	
-2.94443897917	-1746.20146057	
-2.96183072188	-1746.1952925	
-2.97892515524	-1746.18922248	
-2.99573227355	-1746.18324708	
-3.01226157551	-1746.17736306	
-3.02852209638	-1746.17156737	
-3.04452243772	-1746.16585711	
-3.06027079469	-1746.16022957	
-3.07577498123	-1746.15468216	
-3.09104245336	-1746.14921244	
-3.10608033072	-1746.14381807	
-3.12089541651	-1746.13849686	
-3.13549421593	-1746.13324672	
-3.14988295338	-1746.12806565	
-3.16406758837	-1746.12295176	
-3.17805383035	-1746.11790325	
-3.19184715248	-1746.11291839	
-3.20545280454	-1746.10799553	
-3.21887582487	-1746.10313312	
-3.23212105162	-1746.09832964	
-3.24519313319	-1746.09358366	
-3.25809653802	-1746.08889381	
-3.2708355638	-1746.08425876	
-3.28341434601	-1746.07967725	
-3.295836866	-1746.07514806	
-3.3081069586	-1746.07067004	
-3.32022831913	-1746.06624205	
-3.33220451018	-1746.06186301	
-3.34403896782	-1746.0575319	
-3.35573500759	-1746.0532477	
-3.36729582999	-1746.04900945	
-3.37872452581	-1746.04481621	
-3.39002408106	-1746.0406671	
-3.40119738166	-1746.03656124	
-3.41224721785	-1746.03249778	
-3.42317628838	-1746.02847593	
-3.43398720449	-1746.02449489	
-3.4446824936	-1746.02055389	
-3.45526460293	-1746.01665222	
-3.4657359028	-1746.01278914	
-3.47609868984	-1746.00896397	
-3.48635519	-1746.00517603	
-3.49650756147	-1746.00142467	
-3.50655789732	-1745.99770926	
-3.51650822817	-1745.99402919	
-3.52636052462	-1745.99038384	
-3.53611669956	-1745.98677265	
-3.54577861047	-1745.98319505	
-3.55534806149	-1745.97965047	
-3.56482680544	-1745.9761384	
-3.57421654579	-1745.9726583	
-3.58351893846	-1745.96920967	
-3.59273559356	-1745.96579201	
-3.60186807712	-1745.96240484	
-3.61091791264	-1745.95904768	
-3.61988658263	-1745.95572008	
-3.62877553004	-1745.95242158	
-3.63758615973	-1745.94915175	
-3.6463198397	-1745.94591017	
-3.65497790244	-1745.9426964	
-3.66356164613	-1745.93951005	
-3.6720723358	-1745.93635072	
-3.68051120444	-1745.933218	
-3.68887945411	-1745.93011154	
-3.69717825693	-1745.92703094	
-3.70540875607	-1745.92397585	
-3.7135720667	-1745.92094591	
-3.72166927694	-1745.91794077	
-3.72970144863	-1745.91496009	
-3.73766961828	-1745.91200353	
-3.74557479779	-1745.90907076	
-3.75341797525	-1745.90616147	
-3.76120011569	-1745.90327534	
-3.76892216179	-1745.90041206	
-3.77658503453	-1745.89757133	
-3.78418963392	-1745.89475286	
-3.79173683955	-1745.89195635	
-3.79922751128	-1745.88918151	
-3.80666248977	-1745.88642808	
-3.81404259707	-1745.88369578	
-3.82136863716	-1745.88098433	
-3.82864139649	-1745.87829348	
-3.83586164446	-1745.87562296	
-3.84303013394	-1745.87297252	
-3.85014760171	-1745.87034192	
-3.85721476893	-1745.86773091	
-3.86423234159	-1745.86513925	
-3.87120101091	-1745.86256671	
-3.87812145375	-1745.86001304	
-3.88499433304	-1745.85747803	
-3.89182029811	-1745.85496145	
-3.8985999851	-1745.85246309	
-3.90533401728	-1745.84998272	
-3.91202300543	-1745.84752014	
-3.91866754815	-1745.84507513	
-3.92526823218	-1745.8426475	
-3.93182563272	-1745.84023704	
-3.93834031375	-1745.83784355	
-3.94481282825	-1745.83546684	
-3.95124371858	-1745.83310672	
-3.95763351668	-1745.830763	
-3.96398274436	-1745.8284355	
-3.97029191355	-1745.82612403	
-3.97656152657	-1745.82382841	
-3.98279207632	-1745.82154847	
-3.98898404656	-1745.81928404	
-3.99513791214	-1745.81703494	
-4.00125413916	-1745.81480101	
-4.00733318523	-1745.81258208	
-4.01337549969	-1745.81037799	
-4.01938152375	-1745.80818858	
-4.02535169074	-1745.8060137	
-4.03128642625	-1745.80385318	
-4.03718614838	-1745.80170687	
-4.04305126783	-1745.79957463	
-4.04888218815	-1745.7974563	
-4.05467930583	-1745.79535175	
-4.06044301055	-1745.79326082	
-4.06617368526	-1745.79118337	
-4.07187170637	-1745.78911928	
-4.07753744391	-1745.78706839	
-4.08317126162	-1745.78503057	
-4.08877351717	-1745.7830057	
-4.09434456222	-1745.78099363	
-4.0998847426	-1745.77899424	
-4.10539439841	-1745.77700741	
-4.11087386417	-1745.775033	
-4.11632346894	-1745.77307089	
-4.12174353641	-1745.77112096	
-4.12713438505	-1745.7691831	
-4.13249632819	-1745.76725717	
-4.13782967416	-1745.76534306	
-4.14313472639	-1745.76344067	
-4.14841178349	-1745.76154987	
-4.15366113938	-1745.75967055	
-4.15888308336	-1745.7578026	
-4.16407790024	-1745.75594592	
-4.1692458704	-1745.75410039	
-4.1743872699	-1745.75226591	
-4.17950237056	-1745.75044237	
-4.18459144007	-1745.74862967	
-4.18965474203	-1745.74682771	
-4.19469253606	-1745.74503639	
-4.19970507788	-1745.7432556	
-4.20469261939	-1745.74148526	
-4.20965540873	-1745.73972526	
-4.21459369037	-1745.73797551	
-4.21950770518	-1745.73623591	
-4.22439769047	-1745.73450638	
-4.22926388012	-1745.73278681	
-4.2341065046	-1745.73107712	
-4.23892579103	-1745.72937722	
-4.2437219633	-1745.72768702	
-4.24849524205	-1745.72600644	
-4.25324584481	-1745.72433538	
-4.257973986	-1745.72267377	
-4.26267987704	-1745.72102151	
-4.26736372635	-1745.71937853	
-4.27202573946	-1745.71774475	
-4.27666611902	-1745.71612008	
-4.28128506487	-1745.71450444	
-4.28588277412	-1745.71289776	
-4.29045944115	-1745.71129996	
-4.29501525768	-1745.70971095	
-4.29955041285	-1745.70813067	
-4.3040650932	-1745.70655904	
-4.30855948279	-1745.70499599	
-4.31303376319	-1745.70344144	
-4.31748811354	-1745.70189532	
-4.3219227106	-1745.70035755	
-4.32633772881	-1745.69882807	
-4.33073334029	-1745.69730682	
-4.33510971489	-1745.69579371	
-4.33946702026	-1745.69428868	
-4.34380542185	-1745.69279166	
-4.348125083	-1745.69130259	
-4.3524261649	-1745.68982141	
-4.35670882669	-1745.68834804	
-4.36097322548	-1745.68688242	
-4.36521951636	-1745.68542448	
-4.36944785247	-1745.68397418	
-4.373658385	-1745.68253144	
-4.37785126326	-1745.6810962	
-4.38202663467	-1745.6796684	
-4.38618464482	-1745.67824798	
-4.39032543749	-1745.67683488	
-4.39444915467	-1745.67542905	
-4.39855593663	-1745.67403043	
-4.40264592188	-1745.67263895	
-4.40671924726	-1745.67125456	
-4.41077604796	-1745.66987721	
-4.4148164575	-1745.66850683	
-4.4188406078	-1745.66714339	
-4.42284862919	-1745.66578681	
-4.42684065046	-1745.66443705	
-4.43081679884	-1745.66309405	
-4.43477720006	-1745.66175777	
-4.43872197835	-1745.66042814	
-4.44265125649	-1745.65910512	
-4.44656515581	-1745.65778866	
-4.45046379623	-1745.65647871	
-4.45434729625	-1745.65517521	
-4.45821577303	-1745.65387812	
-4.46206934235	-1745.6525874	
-4.46590811865	-1745.65130298	
-4.46973221509	-1745.65002482	
-4.47354174351	-1745.64875288	
-4.47733681448	-1745.64748712	
-4.48111753732	-1745.64622747	
-4.48488402011	-1745.6449739	
-4.48863636973	-1745.64372637	
-4.49237469184	-1745.64248482	
-4.49609909093	-1745.64124921	
-4.49980967033	-1745.64001951	
-4.50350653221	-1745.63879566	
-4.50718977763	-1745.63757762	
-4.51085950652	-1745.63636536	
-4.51451581772	-1745.63515882	
-4.518158809	-1745.63395797	
-4.52178857705	-1745.63276276	
-4.52540521752	-1745.63157316	
-4.52900882502	-1745.63038913	
-4.53259949315	-1745.62921061	
-4.5361773145	-1745.62803759	
-4.53974238067	-1745.62687	
-4.54329478227	-1745.62570783	
-4.54683460898	-1745.62455102	
-4.55036194949	-1745.62339954	
-4.5538768916	-1745.62225336	
-4.55737952215	-1745.62111242	
-4.56086992709	-1745.61997671	
-4.56434819147	-1745.61884618	
-4.56781439944	-1745.61772079	
-4.57126863431	-1745.61660051	
-4.5747109785	-1745.61548531	
-4.5781415136	-1745.61437514	
-4.58156032035	-1745.61326998	
-4.58496747867	-1745.61216978	
-4.58836306767	-1745.61107452	
-4.59174716566	-1745.60998416	
-4.59511985013	-1745.60889867	
-4.59848119784	-1745.60781801	
-4.60183128472	-1745.60674215	
-4.60517018599	-1745.60567106	
-4.60849797608	-1745.6046047	
-4.61181472871	-1745.60354305	
-4.61512051684	-1745.60248607	
-4.61841541274	-1745.60143373	
-4.62169948794	-1745.600386	
-4.62497281328	-1745.59934285	
-4.62823545892	-1745.59830425	
-4.63148749431	-1745.59727016	
-4.63472898823	-1745.59624056	
-4.63796000881	-1745.59521542	
-4.64118062351	-1745.59419471	
-4.64439089914	-1745.5931784	
-4.64759090187	-1745.59216645	
-4.65078069724	-1745.59115885	
-4.65396035016	-1745.59015556	
-4.65712992492	-1745.58915656	
-4.66028948521	-1745.58816181	
-4.66343909411	-1745.58717129	
-4.66657881412	-1745.58618497	
-4.66970870713	-1745.58520283	
-4.67282883446	-1745.58422483	
-4.67593925688	-1745.58325096	
-4.67904003455	-1745.58228118	
-4.68213122712	-1745.58131547	
-4.68521289366	-1745.5803538	
-4.6882850927	-1745.57939614	
-4.69134788223	-1745.57844248	
-4.69440131972	-1745.57749278	
-4.6974454621	-1745.57654703	
-4.70048036579	-1745.57560518	
-4.70350608671	-1745.57466723	
-4.70652268025	-1745.57373315	
-4.70953020131	-1745.57280291	
-4.71252870431	-1745.57187648	
-4.71551824316	-1745.57095385	
-4.7184988713	-1745.57003499	
-4.72147064168	-1745.56911987	
-4.72443360681	-1745.56820848	
-4.72738781871	-1745.5673008	
-4.73033332894	-1745.56639678	
-4.73327018862	-1745.56549643	
-4.73619844839	-1745.5645997	
-4.7391181585	-1745.56370659	
-4.74202936871	-1745.56281706	
-4.74493212836	-1745.56193111	
-4.74782648639	-1745.56104869	
-4.75071249128	-1745.5601698	
-4.75359019111	-1745.55929441	
-4.75645963353	-1745.5584225	
-4.75932086582	-1745.55755405	
-4.7621739348	-1745.55668904	
-4.76501888693	-1745.55582745	
-4.76785576827	-1745.55496925	
-4.77068462447	-1745.55411444	
-4.77350550081	-1745.55326297	
-4.77631844218	-1745.55241485	
-4.77912349311	-1745.55157004	
-4.78192069773	-1745.55072853	
-4.78471009982	-1745.5498903	
-4.78749174278	-1745.54905533	
-4.79026566966	-1745.54822359	
-4.79303192316	-1745.54739508	
-4.7957905456	-1745.54656977	
-4.79854157897	-1745.54574764	
-4.80128506491	-1745.54492867	
-4.80402104473	-1745.54411285	
-4.80674955939	-1745.54330016	
-4.8094706495	-1745.54249057	
-4.81218435537	-1745.54168408	
-4.81489071697	-1745.54088066	
-4.81758977394	-1745.54008029	
-4.82028156561	-1745.53928296	
-4.82296613098	-1745.53848866	
-4.82564350875	-1745.53769735	
-4.8283137373	-1745.53690903	
-4.83097685472	-1745.53612368	
-4.83363289878	-1745.53534129	
-4.83628190695	-1745.53456182	
-4.83892391641	-1745.53378528	
-4.84155896405	-1745.53301163	
-4.84418708646	-1745.53224088	
-4.84680831994	-1745.53147299	
-4.84942270051	-1745.53070795	
-4.85203026392	-1745.52994575	
-4.85463104562	-1745.52918637	
-4.8572250808	-1745.5284298	
-4.85981240436	-1745.52767601	
-4.86239305096	-1745.526925	
-4.86496705495	-1745.52617675	
-4.86753445046	-1745.52543124	
-4.87009527132	-1745.52468846	
-4.87264955112	-1745.5239484	
-4.8751973232	-1745.52321103	
-4.87773862063	-1745.52247634	
-4.88027347623	-1745.52174432	
-4.88280192259	-1745.52101495	
-4.88532399202	-1745.52028823	
-4.88783971662	-1745.51956412	
-4.89034912822	-1745.51884263	
-4.89285225844	-1745.51812374	
-4.89534913864	-1745.51740742	
-4.89783979995	-1745.51669368	
-4.90032427328	-1745.51598248	
-4.90280258929	-1745.51527383	
-4.90527477844	-1745.51456771	
-4.90774087093	-1745.51386409	
-4.91020089677	-1745.51316298	
-4.91265488574	-1745.51246435	
-4.91510286737	-1745.5117682	
-4.91754487103	-1745.5110745	
-4.91998092583	-1745.51038325	
-4.92241106068	-1745.50969444	
-4.92483530429	-1745.50900804	
-4.92725368516	-1745.50832405	
-4.92966623156	-1745.50764246	
-4.93207297159	-1745.50696325	
-4.93447393313	-1745.5062864	
-4.93686914386	-1745.50561192	
-4.93925863125	-1745.50493978	
-4.94164242261	-1745.50426997	
-4.94402054501	-1745.50360248	
-4.94639302537	-1745.5029373	
-4.94875989038	-1745.50227442	
-4.95112116656	-1745.50161382	
-4.95347688026	-1745.50095549	
-4.9558270576	-1745.50029942	
-4.95817172456	-1745.4996456	
-4.96051090691	-1745.49899402	
-4.96284463026	-1745.49834466	
-4.96517292002	-1745.49769752	
-4.96749580144	-1745.49705258	
-4.96981329958	-1745.49640983	
-4.97212543933	-1745.49576926	
-4.97443224543	-1745.49513086	
-4.97673374242	-1745.49449462	
-4.97902995468	-1745.49386052	
-4.98132090643	-1745.49322856	
-4.98360662171	-1745.49259873	
-4.98588712441	-1745.49197101	
-4.98816243824	-1745.49134539	
-4.99043258678	-1745.49072187	
-4.99269759341	-1745.49010042	
-4.99495748138	-1745.48948105	
-4.99721227376	-1745.48886375	
-4.9994619935	-1745.48824849	
-5.00170666335	-1745.48763527	
-5.00394630595	-1745.48702409	
-5.00618094375	-1745.48641492	
-5.00841059907	-1745.48580777	
-5.0106352941	-1745.48520262	
-5.01285505083	-1745.48459945	
-5.01506989116	-1745.48399827	
-5.01727983681	-1745.48339906	
-5.01948490937	-1745.48280181	
-5.02168513028	-1745.48220651	
-5.02388052085	-1745.48161315	
-5.02607110223	-1745.48102173	
-5.02825689545	-1745.48043223	
-5.03043792139	-1745.47984464	
-5.03261420082	-1745.47925896	
-5.03478575433	-1745.47867517	
-5.03695260241	-1745.47809326	
-5.03911476542	-1745.47751324	
-5.04127226356	-1745.47693508	
-5.04342511692	-1745.47635877	
-5.04557334546	-1745.47578432	
-5.047716969	-1745.47521171	
-5.04985600725	-1745.47464093	
-5.05199047978	-1745.47407197	
-5.05412040604	-1745.47350483	
-5.05624580535	-1745.47293949	
-5.05836669692	-1745.47237595	
-5.06048309982	-1745.47181419	
-5.06259503303	-1745.47125422	
-5.06470251537	-1745.47069601	
-5.06680556556	-1745.47013957	
-5.06890420222	-1745.46958488	
-5.07099844382	-1745.46903194	
-5.07308830874	-1745.46848074	
-5.07517381523	-1745.46793126	
-5.07725498144	-1745.46738351	
-5.07933182538	-1745.46683747	
-5.08140436498	-1745.46629313	
-5.08347261805	-1745.46575049	
-5.08553660227	-1745.46520955	
-5.08759633523	-1745.46467028	
-5.08965183441	-1745.46413268	
-5.09170311719	-1745.46359675	
-5.09375020081	-1745.46306248	
-5.09579310244	-1745.46252986	
-5.09783183913	-1745.46199888	
-5.09986642782	-1745.46146953	
-5.10189688537	-1745.46094181	
-5.10392322852	-1745.46041571	
-5.1059454739	-1745.45989123	
-5.10796363806	-1745.45936835	
-5.10997773743	-1745.45884706	
-5.11198778836	-1745.45832737	
-5.11399380708	-1745.45780926	
-5.11599580975	-1745.45729272	
-5.11799381242	-1745.45677775	
-5.11998783102	-1745.45626434	
-5.12197788143	-1745.45575249	
-5.1239639794	-1745.45524218	
-5.12594614061	-1745.45473342	
-5.12792438062	-1745.45422618	
-5.12989871492	-1745.45372048	
-5.13186915891	-1745.45321629	
-5.13383572788	-1745.45271361	
-5.13579843705	-1745.45221244	
-5.13775730154	-1745.45171277	
-5.13971233637	-1745.45121459	
-5.1416635565	-1745.45071789	
-5.14361097679	-1745.45022268	
-5.145554612	-1745.44972893	
-5.14749447681	-1745.44923665	
-5.14943058584	-1745.44874583	
-5.15136295359	-1745.44825646	
-5.1532915945	-1745.44776854	
-5.15521652291	-1745.44728205	
-5.15713775309	-1745.446797	
-5.15905529921	-1745.44631338	
-5.1609691754	-1745.44583118	
-5.16287939565	-1745.44535039	
-5.16478597392	-1745.444871	
-5.16668892407	-1745.44439302	
-5.16858825987	-1745.44391644	
-5.17048399504	-1745.44344125	
-5.17237614319	-1745.44296743	
-5.17426471788	-1745.442495	
-5.17614973257	-1745.44202394	
-5.17803120067	-1745.44155424	
-5.1799091355	-1745.4410859	
-5.18178355029	-1745.44061891	
-5.18365445823	-1745.44015328	
-5.1855218724	-1745.43968898	
-5.18738580584	-1745.43922602	
-5.18924627149	-1745.43876439	
-5.19110328224	-1745.43830408	
-5.19295685089	-1745.4378451	
-5.19480699018	-1745.43738742	
-5.19665371277	-1745.43693106	
-5.19849703127	-1745.43647599	
-5.20033695819	-1745.43602222	
-5.202173506	-1745.43556975	
-5.20400668708	-1745.43511855	
-5.20583651375	-1745.43466864	
-5.20766299828	-1745.43422	
-5.20948615284	-1745.43377263	
-5.21130598956	-1745.43332652	
-5.21312252048	-1745.43288167	
-5.21493575761	-1745.43243808	
-5.21674571285	-1745.43199573	
-5.21855239808	-1745.43155462	
-5.22035582508	-1745.43111475	
-5.22215600558	-1745.43067611	
-5.22395295126	-1745.4302387	
-5.22574667371	-1745.42980251	
-5.22753718449	-1745.42936754	
-5.22932449506	-1745.42893378	
-5.23110861685	-1745.42850122	
-5.23288956123	-1745.42806986	
-5.23466733947	-1745.4276397	
-5.23644196283	-1745.42721074	
-5.23821344248	-1745.42678295	
-5.23998178954	-1745.42635635	
-5.24174701506	-1745.42593093	
-5.24350913005	-1745.42550667	
-5.24526814546	-1745.42508359	
-5.24702407216	-1745.42466166	
-5.24877692099	-1745.42424089	
-5.25052670271	-1745.42382128	
-5.25227342805	-1745.42340281	
-5.25401710765	-1745.42298548	
-5.25575775213	-1745.42256929	
-5.25749537203	-1745.42215424	
-5.25922997784	-1745.42174031	
-5.26096158	-1745.42132751	
-5.2626901889	-1745.42091583	
-5.26441581487	-1745.42050527	
-5.26613846818	-1745.42009581	
-5.26785815906	-1745.41968746	
-5.26957489768	-1745.41928021	
-5.27128869416	-1745.41887406	
-5.27299955856	-1745.418469	
-5.27470750091	-1745.41806503	
-5.27641253116	-1745.41766214	
-5.27811465923	-1745.41726034	
-5.27981389498	-1745.4168596	
-5.28151024823	-1745.41645994	
-5.28320372874	-1745.41606135	
-5.28489434622	-1745.41566382	
-5.28658211033	-1745.41526734	
-5.28826703069	-1745.41487192	
-5.28994911688	-1745.41447755	
-5.2916283784	-1745.41408422	
-5.29330482472	-1745.41369194	
-5.29497846528	-1745.41330069	
-5.29664930945	-1745.41291048	
-5.29831736655	-1745.41252129	
-5.29998264587	-1745.41213313	
-5.30164515664	-1745.41174599	
-5.30330490806	-1745.41135987	
-5.30496190927	-1745.41097476	
-5.30661616936	-1745.41059066	
-5.3082676974	-1745.41020756	
-5.30991650239	-1745.40982546	
-5.3115625933	-1745.40944436	
-5.31320597904	-1745.40906426	
-5.3148466685	-1745.40868514	
-5.3164846705	-1745.40830701	
-5.31811999384	-1745.40792986	
-5.31975264727	-1745.40755369	
-5.32138263948	-1745.40717849	
-5.32300997914	-1745.40680426	
-5.32463467487	-1745.406431	
-5.32625673524	-1745.4060587	
-5.32787616879	-1745.40568736	
-5.32949298402	-1745.40531697	
-5.33110718937	-1745.40494754	
-5.33271879327	-1745.40457905	
-5.33432780407	-1745.40421151	
-5.33593423012	-1745.4038449	
-5.3375380797	-1745.40347924	
-5.33913936107	-1745.40311451	
-5.34073808243	-1745.40275071	
-5.34233425196	-1745.40238783	
-5.3439278778	-1745.40202588	
-5.34551896803	-1745.40166484	
-5.34710753072	-1745.40130472	
-5.34869357387	-1745.40094552	
-5.35027710548	-1745.40058722	
-5.35185813348	-1745.40022983	
-5.35343666577	-1745.39987333	
-5.35501271022	-1745.39951774	
-5.35658627467	-1745.39916304	
-5.3581573669	-1745.39880924	
-5.35972599468	-1745.39845632	
-5.36129216571	-1745.39810429	
-5.36285588769	-1745.39775314	
-5.36441716825	-1745.39740286	
-5.36597601502	-1745.39705347	
-5.36753243557	-1745.39670494	
-5.36908643744	-1745.39635728	
-5.37063802813	-1745.39601049	
-5.37218721511	-1745.39566456	
-5.37373400583	-1745.39531949	
-5.37527840768	-1745.39497527	
-5.37682042804	-1745.39463191	
-5.37836007422	-1745.39428939	
-5.37989735354	-1745.39394772	
-5.38143227326	-1745.3936069	
-5.38296484061	-1745.39326691	
-5.38449506279	-1745.39292776	
-5.38602294697	-1745.39258944	
-5.38754850028	-1745.39225196	
-5.38907172982	-1745.3919153	
-5.39059264266	-1745.39157947	
-5.39211124583	-1745.39124446	
-5.39362754635	-1745.39091026	
-5.39514155118	-1745.39057688	
-5.39665326727	-1745.39024432	
-5.39816270152	-1745.38991256	
-5.39966986081	-1745.38958161	
-5.40117475199	-1745.38925146	
-5.40267738187	-1745.38892212	
-5.40417775725	-1745.38859357	
-5.40567588487	-1745.38826582	
-5.40717177146	-1745.38793886	
-5.40866542372	-1745.38761268	
-5.4101568483	-1745.3872873	
-5.41164605186	-1745.3869627	
-5.41313304098	-1745.38663887	
-5.41461782224	-1745.38631583	
-5.4161004022	-1745.38599356	
-5.41758078737	-1745.38567206	
-5.41905898424	-1745.38535134	
-5.42053499927	-1745.38503137	
-5.42200883889	-1745.38471218	
-5.4234805095	-1745.38439374	
-5.42495001748	-1745.38407606	
-5.42641736918	-1745.38375914	
-5.4278825709	-1745.38344297	
-5.42934562895	-1745.38312755	
-5.43080654959	-1745.38281288	
-5.43226533906	-1745.38249896	
-5.43372200355	-1745.38218577	
-5.43517654927	-1745.38187333	
-5.43662898235	-1745.38156162	
-5.43807930892	-1745.38125065	
-5.4395275351	-1745.38094041	
-5.44097366695	-1745.3806309	
-5.44241771052	-1745.38032211	
-5.44385967184	-1745.38001405	
-5.4452995569	-1745.37970671	
-5.44673737167	-1745.37940009	
-5.44817312209	-1745.37909419	
-5.44960681409	-1745.378789	
-5.45103845357	-1745.37848453	
-5.45246804638	-1745.37818076	
-5.45389559837	-1745.3778777	
-5.45532111536	-1745.37757534	
-5.45674460314	-1745.37727368	
-5.45816606749	-1745.37697273	
-5.45958551414	-1745.37667247	
-5.46100294883	-1745.3763729	
-5.46241837723	-1745.37607403	
-5.46383180503	-1745.37577585	
-5.46524323786	-1745.37547835	
-5.46665268137	-1745.37518154	
-5.46806014114	-1745.37488541	
-5.46946562274	-1745.37458996	
-5.47086913175	-1745.37429519	
-5.47227067367	-1745.37400109	
-5.47367025403	-1745.37370767	
-5.47506787829	-1745.37341492	
-5.47646355193	-1745.37312284	
-5.47785728038	-1745.37283142	
-5.47924906905	-1745.37254067	
-5.48063892334	-1745.37225058	
-5.48202684862	-1745.37196114	
-5.48341285022	-1745.37167237	
-5.48479693349	-1745.37138425	
-5.48617910372	-1745.37109678	
-5.48755936619	-1745.37080997	
-5.48893772616	-1745.3705238	
-5.49031418887	-1745.37023828	
-5.49168875953	-1745.3699534	
-5.49306144334	-1745.36966917	
-5.49443224547	-1745.36938557	
-5.49580117108	-1745.36910261	
-5.49716822529	-1745.36882029	
-5.49853341322	-1745.3685386	
-5.49989673995	-1745.36825754	
-5.50125821054	-1745.36797711	
-5.50261783006	-1745.3676973	
-5.50397560352	-1745.36741812	
-5.50533153593	-1745.36713957	
-5.50668563228	-1745.36686163	
-5.50803789753	-1745.36658431	
-5.50938833663	-1745.36630761	
-5.5107369545	-1745.36603153	
-5.51208375605	-1745.36575605	
-5.51342874616	-1745.36548119	
-5.51477192971	-1745.36520693	
-5.51611331154	-1745.36493328	
-5.51745289646	-1745.36466024	
-5.51879068931	-1745.36438779	
-5.52012669485	-1745.36411595	
-5.52146091786	-1745.36384471	
-5.5227933631	-1745.36357406	
-5.52412403528	-1745.363304	
-5.52545293913	-1745.36303454	
-5.52678007934	-1745.36276567	
-5.52810546058	-1745.36249739	
-5.52942908751	-1745.36222969	
-5.53075096477	-1745.36196258	
-5.53207109697	-1745.36169605	
-5.53338948873	-1745.3614301	
-5.53470614461	-1745.36116473	
-5.53602106919	-1745.36089994	
-5.53733426702	-1745.36063572	
-5.53864574262	-1745.36037208	
-5.5399555005	-1745.36010901	
-5.54126354516	-1745.3598465	
-5.54256988107	-1745.35958457	
-5.5438745127	-1745.3593232	
-5.54517744448	-1745.35906239	
-5.54647868084	-1745.35880215	
-5.54777822618	-1745.35854247	
-5.5490760849	-1745.35828334	
-5.55037226136	-1745.35802477	
-5.55166675992	-1745.35776676	
-5.55295958492	-1745.3575093	
-5.55425074069	-1745.35725239	
-5.55554023152	-1745.35699603	
-5.5568280617	-1745.35674022	
-5.55811423551	-1745.35648496	
-5.5593987572	-1745.35623024	
-5.56068163102	-1745.35597606	
-5.56196286117	-1745.35572243	
-5.56324245188	-1745.35546933	
-5.56452040732	-1745.35521677	
-5.56579673168	-1745.35496475	
-5.56707142911	-1745.35471326	
-5.56834450376	-1745.3544623	
-5.56961595975	-1745.35421187	
-5.57088580119	-1745.35396197	
-5.57215403218	-1745.3537126	
-5.57342065679	-1745.35346376	
-5.5746856791	-1745.35321544	
-5.57594910315	-1745.35296764	
-5.57721093297	-1745.35272036	
-5.57847117258	-1745.3524736	
-5.57972982599	-1745.35222736	
-5.58098689718	-1745.35198163	
-5.58224239012	-1745.35173642	
-5.58349630878	-1745.35149172	
-5.5847486571	-1745.35124754	
-5.585999439	-1745.35100386	
-5.5872486584	-1745.35076069	
-5.5884963192	-1745.35051802	
-5.58974242528	-1745.35027586	
-5.59098698051	-1745.3500342	
-5.59222998875	-1745.34979305	
-5.59347145384	-1745.34955239	
-5.5947113796	-1745.34931224	
-5.59594976985	-1745.34907258	
-5.59718662839	-1745.34883341	
-5.598421959	-1745.34859474	
-5.59965576545	-1745.34835656	
-5.60088805149	-1745.34811887	
-5.60211882088	-1745.34788167	
-5.60334807733	-1745.34764496	
-5.60457582457	-1745.34740874	
-5.6058020663	-1745.34717299	
-5.60702680619	-1745.34693774	
-5.60825004793	-1745.34670296	
-5.60947179518	-1745.34646866	
-5.61069205159	-1745.34623485	
-5.61191082078	-1745.34600151	
-5.61312810639	-1745.34576864	
-5.61434391201	-1745.34553625	
-5.61555824124	-1745.34530434	
-5.61677109767	-1745.34507289	
-5.61798248485	-1745.34484192	
-5.61919240636	-1745.34461141	
-5.62040086572	-1745.34438137	
-5.62160786647	-1745.3441518	
-5.62281341212	-1745.34392269	
-5.62401750619	-1745.34369404	
-5.62522015215	-1745.34346586	
-5.6264213535	-1745.34323813	
-5.62762111369	-1745.34301087	
-5.62881943618	-1745.34278406	
-5.63001632442	-1745.34255771	
-5.63121178182	-1745.34233181	
-5.63240581181	-1745.34210636	
-5.6335984178	-1745.34188137	
-5.63478960317	-1745.34165683	
-5.6359793713	-1745.34143274	
-5.63716772557	-1745.34120909	
-5.63835466933	-1745.34098589	
-5.63954020593	-1745.34076314	
-5.64072433869	-1745.34054083	
-5.64190707094	-1745.34031896	
-5.64308840598	-1745.34009754	
-5.64426834712	-1745.33987655	
-5.64544689764	-1745.339656	
-5.64662406082	-1745.33943589	
-5.64779983991	-1745.33921622	
-5.64897423816	-1745.33899698	
-5.65014725882	-1745.33877817	
-5.65131890512	-1745.3385598	
-5.65248918027	-1745.33834185	
-5.65365808747	-1745.33812434	
-5.65482562993	-1745.33790726	
-5.65599181082	-1745.3376906	
-5.65715663332	-1745.33747436	
-5.65832010058	-1745.33725856	
-5.65948221576	-1745.33704317	
-5.660642982	-1745.33682821	
-5.66180240242	-1745.33661367	
-5.66296048014	-1745.33639954	
-5.66411721826	-1745.33618584	
-5.66527261989	-1745.33597255	
-5.66642668811	-1745.33575968	
-5.66757942599	-1745.33554722	
-5.6687308366	-1745.33533518	
-5.66988092298	-1745.33512355	
-5.67102968818	-1745.33491233	
-5.67217713524	-1745.33470152	
-5.67332326717	-1745.33449112	
-5.67446808699	-1745.33428112	
-5.67561159769	-1745.33407154	
-5.67675380227	-1745.33386235	
-5.6778947037	-1745.33365357	
-5.67903430497	-1745.3334452	
-5.68017260902	-1745.33323722	
-5.6813096188	-1745.33302965	
-5.68244533727	-1745.33282247	
-5.68357976734	-1745.3326157	
-5.68471291194	-1745.33240932	
-5.68584477397	-1745.33220333	
-5.68697535634	-1745.33199774	
-5.68810466194	-1745.33179255	
-5.68923269364	-1745.33158775	
-5.69035945432	-1745.33138333	
-5.69148494685	-1745.33117931	
-5.69260917406	-1745.33097568	
-5.6937321388	-1745.33077244	
-5.69485384391	-1745.33056958	
-5.69597429221	-1745.33036711	
-5.69709348651	-1745.33016502	
-5.69821142961	-1745.32996332	
-5.69932812431	-1745.32976199	
-5.70044357339	-1745.32956105	
-5.70155777963	-1745.3293605	
-5.7026707458	-1745.32916031	
-5.70378247466	-1745.32896051	
-5.70489296894	-1745.32876109	
-5.70600223139	-1745.32856204	
-5.70711026475	-1745.32836336	
-5.70821707172	-1745.32816506	
-5.70932265503	-1745.32796714	
-5.71042701737	-1745.32776958	
-5.71153016145	-1745.3275724	
-5.71263208993	-1745.32737558	
-5.71373280551	-1745.32717914	
-5.71483231084	-1745.32698306	
-5.71593060859	-1745.32678734	
-5.71702770141	-1745.326592	
-5.71812359193	-1745.32639702	
-5.71921828279	-1745.3262024	
-5.72031177661	-1745.32600814	
-5.72140407601	-1745.32581425	
-5.72249518359	-1745.32562071	
-5.72358510195	-1745.32542754	
-5.72467383369	-1745.32523472	
-5.72576138137	-1745.32504226	
-5.72684774759	-1745.32485016	
-5.72793293489	-1745.32465842	
-5.72901694583	-1745.32446702	
-5.73009978297	-1745.32427599	
-5.73118144884	-1745.3240853	
-5.73226194598	-1745.32389497	
-5.7333412769	-1745.32370498	
-5.73441944412	-1745.32351535	
-5.73549645015	-1745.32332606	
-5.73657229748	-1745.32313713	
-5.73764698861	-1745.32294853	
-5.73872052602	-1745.32276029	
-5.73979291218	-1745.32257239	
-5.74086414956	-1745.32238483	
-5.74193424062	-1745.32219762	
-5.74300318781	-1745.32201075	
-5.74407099357	-1745.32182422	
-5.74513766034	-1745.32163803	
-5.74620319054	-1745.32145218	
-5.7472675866	-1745.32126667	
-5.74833085092	-1745.32108149	
-5.74939298591	-1745.32089665	
-5.75045399397	-1745.32071215	
-5.75151387748	-1745.32052798	
-5.75257263883	-1745.32034415	
-5.75363028038	-1745.32016065	
-5.75468680452	-1745.31997748	
-5.75574221359	-1745.31979464	
-5.75679650994	-1745.31961213	
-5.75784969593	-1745.31942995	
-5.75890177388	-1745.3192481	
-5.75995274612	-1745.31906658	
-5.76100261499	-1745.31888538	
-5.76205138278	-1745.31870451	
-5.76309905181	-1745.31852396	
-5.76414562438	-1745.31834374	
-5.76519110278	-1745.31816384	
-5.7662354893	-1745.31798426	
-5.76727878622	-1745.31780501	
-5.76832099579	-1745.31762607	
-5.7693621203	-1745.31744746	
-5.770402162	-1745.31726916	
-5.77144112313	-1745.31709118	
-5.77247900594	-1745.31691352	
-5.77351581267	-1745.31673617	
-5.77455154554	-1745.31655914	
-5.77558620679	-1745.31638243	
-5.77661979861	-1745.31620602	
-5.77765232322	-1745.31602994	
-5.77868378283	-1745.31585416	
-5.77971417962	-1745.31567869	
-5.78074351579	-1745.31550354	
-5.78177179352	-1745.31532869	
-5.78279901497	-1745.31515415	
-5.78382518233	-1745.31497992	
-5.78485029774	-1745.314806	
-5.78587436337	-1745.31463239	
-5.78689738137	-1745.31445908	
-5.78791935386	-1745.31428607	
-5.788940283	-1745.31411337	
-5.7899601709	-1745.31394097	
-5.79097901969	-1745.31376887	
-5.79199683148	-1745.31359708	
-5.79301360838	-1745.31342559	
-5.7940293525	-1745.31325439	
-5.79504406593	-1745.3130835	
-5.79605775077	-1745.3129129	
-5.79707040908	-1745.3127426	
-5.79808204295	-1745.3125726	
-5.79909265446	-1745.31240289	
-5.80010224566	-1745.31223348	
-5.80111081862	-1745.31206436	
-5.80211837538	-1745.31189554	
-5.80312491799	-1745.31172701	
-5.80413044849	-1745.31155877	
-5.80513496892	-1745.31139083	
-5.80613848129	-1745.31122317	
-5.80714098764	-1745.3110558	
-5.80814248998	-1745.31088873	
-5.80914299031	-1745.31072194	
