#Site	lnL	
0	-10.5983167441
1	-9.21788838013
2	-1.66733269025
3	-1.9389495771
4	-5.8524997779
5	-1.8796352851
6	-1.9389495771
7	-2.1205550187
8	-1.8796352851
9	-1.95300114858
10	-6.98299823175
11	-5.87630820726
12	-1.97740243815
13	-6.5308111315
14	-1.91425194926
15	-1.95300114858
16	-2.08831748241
17	-1.89332332614
18	-1.7233359504
19	-9.92183967978
20	-5.81957377279
21	-1.97740243815
22	-2.07343492149
23	-1.91425194926
24	-1.9389495771
25	-4.87750329251
26	-1.66733269025
27	-1.9389495771
28	-1.85015632835
29	-6.26777545619
30	-1.97740243815
31	-2.08831748241
32	-1.66733269025
33	-1.9389495771
34	-2.07343492149
35	-1.89332332614
36	-1.7233359504
37	-5.47615976326
38	-11.6574075762
39	-5.65678669468
40	-2.08831748241
41	-11.5511160105
42	-1.9389495771
43	-2.08831748241
44	-1.91425194926
45	-1.95300114858
46	-2.1205550187
47	-12.7280854957
48	-1.95300114858
49	-2.1205550187
50	-5.87630820726
51	-1.7233359504
52	-1.85015632835
53	-1.89332332614
54	-1.95300114858
55	-2.07343492149
56	-8.66234762697
57	-1.97740243815
58	-1.85015632835
59	-6.02560914251
60	-10.6870772536
61	-6.23260634676
62	-1.8796352851
63	-1.9389495771
64	-2.07343492149
65	-1.91425194926
66	-1.95300114858
67	-1.85015632835
68	-5.31466107982
69	-1.7233359504
70	-10.3865686152
71	-8.89562863644
72	-6.58959485845
73	-10.3937887347
74	-6.08086671103
75	-5.33521029092
76	-1.85015632835
77	-1.89332332614
78	-1.97740243815
79	-10.3800857671
80	-1.91425194926
81	-9.11542906476
82	-2.07343492149
83	-5.81873471932
84	-1.9389495771
85	-1.85015632835
86	-1.91425194926
87	-1.9389495771
88	-2.07343492149
89	-6.08086671103
90	-6.07918795554
91	-2.1205550187
92	-7.8438220699
93	-1.9389495771
94	-5.40814298096
95	-5.28834169095
96	-1.9389495771
97	-2.1205550187
98	-1.66733269025
99	-10.6894768659
100	-2.1205550187
101	-1.89332332614
102	-1.97740243815
103	-9.40173802329
104	-1.89332332614
105	-1.97740243815
106	-1.85015632835
107	-6.36512319855
108	-5.33355231363
109	-2.08831748241
110	-1.89332332614
111	-1.7233359504
112	-2.1205550187
113	-1.91425194926
114	-5.47150770817
115	-5.22724818772
116	-1.91425194926
117	-1.95300114858
118	-5.61274946064
119	-1.66733269025
120	-1.97740243815
121	-10.6094335576
122	-1.89332332614
123	-1.95300114858
124	-5.60313559465
125	-1.91425194926
126	-1.9389495771
127	-5.40814298096
128	-6.08222403827
129	-5.12529283711
130	-2.1205550187
131	-1.8796352851
132	-1.97740243815
133	-1.85015632835
134	-1.8796352851
135	-1.9389495771
136	-2.07343492149
137	-1.66733269025
138	-1.9389495771
139	-7.5421028988
140	-1.8796352851
141	-7.75725057228
142	-7.04618025876
143	-6.74200691665
144	-1.7233359504
145	-2.07343492149
146	-1.89332332614
147	-1.95300114858
148	-2.07343492149
149	-1.91425194926
150	-5.86198644437
151	-5.69050567622
152	-11.7145384686
153	-1.7233359504
154	-2.07343492149
155	-1.66733269025
156	-1.7233359504
157	-2.1205550187
158	-1.89332332614
159	-10.0660021508
160	-1.85015632835
161	-1.89332332614
162	-1.95300114858
163	-2.08831748241
164	-1.89332332614
165	-1.7233359504
166	-2.07343492149
167	-5.87630820726
168	-1.7233359504
169	-2.07343492149
170	-6.0135849908
171	-1.97740243815
172	-2.08831748241
173	-6.59798107018
174	-11.4887071782
175	-2.08831748241
176	-5.63295617904
177	-1.97740243815
178	-6.43522754913
179	-1.8796352851
180	-1.7233359504
181	-2.07343492149
182	-1.66733269025
183	-5.4512745388
184	-1.85015632835
185	-5.49490196029
186	-6.20925156005
187	-11.6053292003
188	-8.15090594058
189	-6.44197755031
190	-6.1743150193
191	-6.08086671103
192	-10.1742570377
193	-2.07343492149
194	-11.1062626987
195	-1.7233359504
196	-5.62718326163
197	-1.91425194926
198	-5.4512745388
199	-1.85015632835
200	-1.89332332614
201	-1.95300114858
202	-2.1205550187
203	-1.8796352851
204	-1.95300114858
205	-6.43522754913
206	-7.69200991021
207	-1.9389495771
208	-2.07343492149
209	-1.89332332614
210	-1.9389495771
211	-6.47265528541
212	-1.66733269025
213	-1.7233359504
214	-2.08831748241
215	-1.66733269025
216	-1.9389495771
217	-5.40961097267
218	-7.79172436999
219	-1.9389495771
220	-5.19857742197
221	-6.08086671103
222	-1.97740243815
223	-2.07343492149
224	-9.63791286983
225	-1.95300114858
226	-2.08831748241
227	-8.8697633776
228	-1.95300114858
229	-5.62718326163
230	-6.02576225525
231	-1.97740243815
232	-2.1205550187
233	-1.66733269025
234	-1.95300114858
235	-1.85015632835
236	-1.89332332614
237	-1.9389495771
238	-2.08831748241
239	-1.91425194926
240	-1.7233359504
241	-1.85015632835
242	-15.5896332198
243	-1.7233359504
244	-2.1205550187
245	-5.49490196029
246	-1.9389495771
247	-5.19857742197
248	-8.34259342335
249	-1.95300114858
250	-1.85015632835
251	-1.66733269025
252	-5.86198644437
253	-2.1205550187
254	-12.6663048169
255	-1.97740243815
256	-9.64974890063
257	-1.91425194926
258	-1.97740243815
259	-1.85015632835
260	-6.0135849908
261	-1.9389495771
262	-2.07343492149
263	-6.36512319855
264	-1.97740243815
265	-2.1205550187
266	-1.91425194926
267	-1.9389495771
268	-1.85015632835
269	-5.87630820726
270	-1.97740243815
271	-2.07343492149
272	-1.91425194926
273	-1.97740243815
274	-2.1205550187
275	-10.2093566772
276	-6.68845458027
277	-1.85015632835
278	-5.49356268901
279	-1.7233359504
280	-1.85015632835
281	-5.90300970787
282	-1.97740243815
283	-6.20819974808
284	-1.8796352851
285	-5.92409009575
286	-2.07343492149
287	-1.66733269025
288	-1.95300114858
289	-2.08831748241
290	-1.89332332614
291	-1.95300114858
292	-2.1205550187
293	-5.81873471932
294	-1.7233359504
295	-2.07343492149
296	-5.28834169095
297	-5.33521029092
298	-1.85015632835
299	-5.81957377279
300	-1.7233359504
301	-2.07343492149
302	-1.91425194926
303	-1.7233359504
304	-7.51600267356
305	-1.91425194926
306	-1.95300114858
307	-2.08831748241
308	-1.8796352851
309	-1.97740243815
310	-5.93011554972
311	-1.8796352851
312	-1.9389495771
313	-1.85015632835
314	-12.8121747478
315	-8.44167828884
316	-6.36581209357
317	-1.8796352851
318	-1.7233359504
319	-6.21802603797
320	-1.89332332614
321	-1.7233359504
322	-2.08831748241
323	-1.66733269025
324	-7.77514063059
325	-2.08831748241
326	-5.81873471932
327	-1.97740243815
328	-5.86467704236
329	-7.7059490985
330	-12.0640757006
331	-5.40961097267
332	-1.8796352851
333	-1.97740243815
334	-2.1205550187
335	-1.91425194926
336	-1.7233359504
337	-2.07343492149
338	-12.3977316666
339	-12.327541261
340	-1.85015632835
341	-6.0135849908
342	-1.97740243815
343	-2.07343492149
344	-1.66733269025
345	-1.95300114858
346	-1.85015632835
347	-9.43653757529
348	-1.9389495771
349	-2.08831748241
350	-5.63295617904
351	-1.7233359504
352	-4.87750329251
353	-1.66733269025
354	-1.95300114858
355	-7.05835752322
356	-6.84821845364
357	-1.95300114858
358	-2.08831748241
359	-9.89143795144
360	-1.9389495771
361	-1.85015632835
362	-1.89332332614
363	-1.9389495771
364	-1.85015632835
365	-6.6302651978
366	-1.7233359504
367	-2.1205550187
368	-1.66733269025
369	-1.9389495771
370	-2.08831748241
371	-12.4155041581
372	-1.97740243815
373	-2.1205550187
374	-1.8796352851
375	-5.4512745388
376	-2.07343492149
377	-11.6465665992
378	-1.7233359504
379	-7.51600267356
380	-6.83394793535
381	-1.97740243815
382	-5.40814298096
383	-1.89332332614
384	-5.92409009575
385	-5.9582289361
386	-1.91425194926
387	-1.7233359504
388	-2.1205550187
389	-7.7059490985
390	-5.4512745388
391	-5.59095833019
392	-1.89332332614
393	-5.12529283711
394	-2.1205550187
395	-7.91730288204
396	-6.70443101937
397	-5.09271145472
398	-1.66733269025
399	-1.97740243815
400	-2.1205550187
401	-1.66733269025
402	-1.9389495771
403	-2.08831748241
404	-1.91425194926
405	-1.9389495771
406	-2.1205550187
407	-1.66733269025
408	-1.97740243815
409	-7.50377723379
410	-6.0135849908
411	-5.87572860774
412	-13.0220362677
413	-1.89332332614
414	-6.19575043669
415	-2.08831748241
416	-5.81873471932
417	-1.95300114858
418	-1.85015632835
419	-1.66733269025
420	-5.12529283711
421	-6.46047802095
422	-1.89332332614
423	-1.7233359504
424	-2.1205550187
425	-1.89332332614
426	-1.95300114858
427	-2.08831748241
428	-11.6237313649
429	-1.7233359504
430	-8.50288633528
431	-11.4021660702
432	-1.7233359504
433	-2.1205550187
434	-1.66733269025
435	-8.15317364199
436	-2.1205550187
437	-1.8796352851
438	-6.20925156005
439	-10.5998121499
440	-1.91425194926
441	-6.42194722866
442	-2.08831748241
443	-5.87630820726
444	-1.7233359504
445	-5.09271145472
446	-1.66733269025
447	-1.9389495771
448	-2.1205550187
449	-1.8796352851
450	-1.9389495771
451	-1.85015632835
452	-10.4197481062
453	-1.7233359504
454	-1.85015632835
455	-1.89332332614
456	-1.7233359504
457	-1.85015632835
458	-1.66733269025
459	-1.7233359504
460	-6.20819974808
461	-6.37352543438
462	-1.7233359504
463	-9.40496555023
464	-5.81957377279
465	-1.95300114858
466	-6.53341401579
467	-1.89332332614
468	-1.7233359504
469	-1.85015632835
470	-15.0700048524
