# log_p 	 lnL 	 
0.0	-1804.0076732	
-0.287682072452	-1803.93696672	
-0.510825623766	-1803.89116382	
-0.69314718056	-1803.85470181	
-0.847297860387	-1803.82338123	
-0.980829253012	-1803.79669788	
-1.09861228867	-1803.77464789	
-1.20397280433	-1803.75705574	
-1.29928298413	-1803.74354872	
-1.38629436112	-1803.73363976	
-1.46633706879	-1803.7268022	
-1.54044504095	-1803.72252003	
-1.60943791243	-1803.72031699	
-1.67397643357	-1803.71977081	
-1.73460105539	-1803.72051775	
-1.79175946923	-1803.72225133	
-1.8458266905	-1803.72471777	
-1.89711998489	-1803.72771004	
-1.94591014906	-1803.73106142	
-1.99243016469	-1803.73463924	
-2.03688192726	-1803.7383392	
-2.07944154168	-1803.7420803	
-2.1202635362	-1803.74580054	
-2.15948424935	-1803.7494532	
-2.19722457734	-1803.75300383	
-2.23359222151	-1803.75642771	
-2.26868354132	-1803.75970779	
-2.30258509299	-1803.76283302	
-2.33537491582	-1803.76579704	
-2.36712361413	-1803.76859706	
-2.3978952728	-1803.77123301	
-2.42774823595	-1803.77370691	
-2.45673577282	-1803.77602223	
-2.48490664979	-1803.77818359	
-2.51230562398	-1803.78019631	
-2.53897387106	-1803.78206625	
-2.56494935746	-1803.78379957	
-2.59026716545	-1803.78540255	
-2.61495977804	-1803.78688153	
-2.63905732962	-1803.78824279	
-2.66258782703	-1803.78949251	
-2.68557734525	-1803.79063669	
-2.7080502011	-1803.79168115	
-2.73002910782	-1803.79263148	
-2.75153531304	-1803.79349308	
-2.77258872224	-1803.79427107	
-2.79320800944	-1803.79497037	
-2.81341071676	-1803.79559566	
-2.83321334406	-1803.79615137	
-2.85263142991	-1803.79664174	
-2.87167962488	-1803.79707076	
-2.8903717579	-1803.79744224	
-2.90872089656	-1803.79775977	
-2.92673940207	-1803.79802675	
-2.94443897917	-1803.79824643	
-2.96183072188	-1803.79842184	
-2.97892515524	-1803.79855588	
-2.99573227355	-1803.79865128	
-3.01226157551	-1803.79871062	
-3.02852209638	-1803.79873636	
-3.04452243772	-1803.7987308	
-3.06027079469	-1803.79869614	
-3.07577498123	-1803.79863444	
-3.09104245336	-1803.79854766	
-3.10608033072	-1803.79843765	
-3.12089541651	-1803.79830617	
-3.13549421593	-1803.79815488	
-3.14988295338	-1803.79798533	
-3.16406758837	-1803.79779902	
-3.17805383035	-1803.79759735	
-3.19184715248	-1803.79738164	
-3.20545280454	-1803.79715314	
-3.21887582487	-1803.79691305	
-3.23212105162	-1803.79666249	
-3.24519313319	-1803.79640251	
-3.25809653802	-1803.79613412	
-3.2708355638	-1803.79585826	
-3.28341434601	-1803.79557584	
-3.295836866	-1803.79528769	
-3.3081069586	-1803.79499462	
-3.32022831913	-1803.79469739	
-3.33220451018	-1803.7943967	
-3.34403896782	-1803.79409322	
-3.35573500759	-1803.7937876	
-3.36729582999	-1803.79348043	
-3.37872452581	-1803.79317227	
-3.39002408106	-1803.79286366	
-3.40119738166	-1803.79255509	
-3.41224721785	-1803.79224704	
-3.42317628838	-1803.79193996	
-3.43398720449	-1803.79163426	
-3.4446824936	-1803.79133032	
-3.45526460293	-1803.79102853	
-3.4657359028	-1803.79072922	
-3.47609868984	-1803.79043273	
-3.48635519	-1803.79013934	
-3.49650756147	-1803.78984935	
-3.50655789732	-1803.78956303	
-3.51650822817	-1803.78928061	
-3.52636052462	-1803.78900234	
-3.53611669956	-1803.78872842	
-3.54577861047	-1803.78845907	
-3.55534806149	-1803.78819445	
-3.56482680544	-1803.78793476	
-3.57421654579	-1803.78768013	
-3.58351893846	-1803.78743074	
-3.59273559356	-1803.7871867	
-3.60186807712	-1803.78694815	
-3.61091791264	-1803.7867152	
-3.61988658263	-1803.78648795	
-3.62877553004	-1803.7862665	
-3.63758615973	-1803.78605093	
-3.6463198397	-1803.78584133	
-3.65497790244	-1803.78563776	
-3.66356164613	-1803.78544028	
-3.6720723358	-1803.78524896	
-3.68051120444	-1803.78506383	
-3.68887945411	-1803.78488493	
-3.69717825693	-1803.78471231	
-3.70540875607	-1803.784546	
-3.7135720667	-1803.78438601	
-3.72166927694	-1803.78423236	
-3.72970144863	-1803.78408508	
-3.73766961828	-1803.78394416	
-3.74557479779	-1803.78380962	
-3.75341797525	-1803.78368145	
-3.76120011569	-1803.78355965	
-3.76892216179	-1803.78344422	
-3.77658503453	-1803.78333514	
-3.78418963392	-1803.7832324	
-3.79173683955	-1803.78313598	
-3.79922751128	-1803.78304586	
-3.80666248977	-1803.78296203	
-3.81404259707	-1803.78288445	
-3.82136863716	-1803.7828131	
-3.82864139649	-1803.78274794	
-3.83586164446	-1803.78268895	
-3.84303013394	-1803.7826361	
-3.85014760171	-1803.78258934	
-3.85721476893	-1803.78254864	
-3.86423234159	-1803.78251397	
-3.87120101091	-1803.78248527	
-3.87812145375	-1803.78246251	
-3.88499433304	-1803.78244564	
-3.89182029811	-1803.78243463	
-3.8985999851	-1803.78242942	
-3.90533401728	-1803.78242996	
-3.91202300543	-1803.78243622	
-3.91866754815	-1803.78244814	
-3.92526823218	-1803.78246568	
-3.93182563272	-1803.78248877	
-3.93834031375	-1803.78251738	
-3.94481282825	-1803.78255145	
-3.95124371858	-1803.78259093	
-3.95763351668	-1803.78263577	
-3.96398274436	-1803.78268591	
-3.97029191355	-1803.7827413	
-3.97656152657	-1803.78280189	
-3.98279207632	-1803.78286763	
-3.98898404656	-1803.78293846	
-3.99513791214	-1803.78301433	
-4.00125413916	-1803.78309518	
-4.00733318523	-1803.78318096	
-4.01337549969	-1803.78327162	
-4.01938152375	-1803.78336709	
-4.02535169074	-1803.78346734	
-4.03128642625	-1803.78357229	
-4.03718614838	-1803.78368191	
-4.04305126783	-1803.78379613	
-4.04888218815	-1803.7839149	
-4.05467930583	-1803.78403817	
-4.06044301055	-1803.78416587	
-4.06617368526	-1803.78429797	
-4.07187170637	-1803.78443441	
-4.07753744391	-1803.78457513	
-4.08317126162	-1803.78472007	
-4.08877351717	-1803.7848692	
-4.09434456222	-1803.78502245	
-4.0998847426	-1803.78517977	
-4.10539439841	-1803.78534112	
-4.11087386417	-1803.78550643	
-4.11632346894	-1803.78567567	
-4.12174353641	-1803.78584877	
-4.12713438505	-1803.78602569	
-4.13249632819	-1803.78620637	
-4.13782967416	-1803.78639077	
-4.14313472639	-1803.78657884	
-4.14841178349	-1803.78677053	
-4.15366113938	-1803.78696579	
-4.15888308336	-1803.78716457	
-4.16407790024	-1803.78736682	
-4.1692458704	-1803.7875725	
-4.1743872699	-1803.78778156	
-4.17950237056	-1803.78799395	
-4.18459144007	-1803.78820963	
-4.18965474203	-1803.78842855	
-4.19469253606	-1803.78865066	
-4.19970507788	-1803.78887592	
-4.20469261939	-1803.78910428	
-4.20965540873	-1803.78933571	
-4.21459369037	-1803.78957015	
-4.21950770518	-1803.78980756	
-4.22439769047	-1803.79004791	
-4.22926388012	-1803.79029114	
-4.2341065046	-1803.79053721	
-4.23892579103	-1803.79078609	
-4.2437219633	-1803.79103774	
-4.24849524205	-1803.7912921	
-4.25324584481	-1803.79154914	
-4.257973986	-1803.79180883	
-4.26267987704	-1803.79207111	
-4.26736372635	-1803.79233596	
-4.27202573946	-1803.79260333	
-4.27666611902	-1803.79287319	
-4.28128506487	-1803.79314549	
-4.28588277412	-1803.7934202	
-4.29045944115	-1803.79369728	
-4.29501525768	-1803.7939767	
-4.29955041285	-1803.79425841	
-4.3040650932	-1803.79454239	
-4.30855948279	-1803.7948286	
-4.31303376319	-1803.795117	
-4.31748811354	-1803.79540756	
-4.3219227106	-1803.79570024	
-4.32633772881	-1803.795995	
-4.33073334029	-1803.79629183	
-4.33510971489	-1803.79659068	
-4.33946702026	-1803.79689151	
-4.34380542185	-1803.79719431	
-4.348125083	-1803.79749903	
-4.3524261649	-1803.79780564	
-4.35670882669	-1803.79811412	
-4.36097322548	-1803.79842443	
-4.36521951636	-1803.79873654	
-4.36944785247	-1803.79905042	
-4.373658385	-1803.79936604	
-4.37785126326	-1803.79968337	
-4.38202663467	-1803.80000238	
-4.38618464482	-1803.80032305	
-4.39032543749	-1803.80064535	
-4.39444915467	-1803.80096924	
-4.39855593663	-1803.8012947	
-4.40264592188	-1803.8016217	
-4.40671924726	-1803.80195022	
-4.41077604796	-1803.80228023	
-4.4148164575	-1803.8026117	
-4.4188406078	-1803.80294461	
-4.42284862919	-1803.80327892	
-4.42684065046	-1803.80361462	
-4.43081679884	-1803.80395168	
-4.43477720006	-1803.80429008	
-4.43872197835	-1803.80462978	
-4.44265125649	-1803.80497078	
-4.44656515581	-1803.80531303	
-4.45046379623	-1803.80565653	
-4.45434729625	-1803.80600124	
-4.45821577303	-1803.80634714	
-4.46206934235	-1803.80669421	
-4.46590811865	-1803.80704243	
-4.46973221509	-1803.80739178	
-4.47354174351	-1803.80774223	
-4.47733681448	-1803.80809376	
-4.48111753732	-1803.80844635	
-4.48488402011	-1803.80879998	
-4.48863636973	-1803.80915463	
-4.49237469184	-1803.80951028	
-4.49609909093	-1803.80986691	
-4.49980967033	-1803.81022449	
-4.50350653221	-1803.81058302	
-4.50718977763	-1803.81094246	
-4.51085950652	-1803.8113028	
-4.51451581772	-1803.81166402	
-4.518158809	-1803.81202611	
-4.52178857705	-1803.81238904	
-4.52540521752	-1803.81275279	
-4.52900882502	-1803.81311736	
-4.53259949315	-1803.81348271	
-4.5361773145	-1803.81384883	
-4.53974238067	-1803.81421571	
-4.54329478227	-1803.81458333	
-4.54683460898	-1803.81495166	
-4.55036194949	-1803.8153207	
-4.5538768916	-1803.81569043	
-4.55737952215	-1803.81606083	
-4.56086992709	-1803.81643189	
-4.56434819147	-1803.81680358	
-4.56781439944	-1803.8171759	
-4.57126863431	-1803.81754883	
-4.5747109785	-1803.81792235	
-4.5781415136	-1803.81829645	
-4.58156032035	-1803.81867111	
-4.58496747867	-1803.81904632	
-4.58836306767	-1803.81942207	
-4.59174716566	-1803.81979834	
-4.59511985013	-1803.82017511	
-4.59848119784	-1803.82055238	
-4.60183128472	-1803.82093012	
-4.60517018599	-1803.82130833	
-4.60849797608	-1803.82168699	
-4.61181472871	-1803.82206609	
-4.61512051684	-1803.82244562	
-4.61841541274	-1803.82282556	
-4.62169948794	-1803.8232059	
-4.62497281328	-1803.82358663	
-4.62823545892	-1803.82396773	
-4.63148749431	-1803.8243492	
-4.63472898823	-1803.82473102	
-4.63796000881	-1803.82511318	
-4.64118062351	-1803.82549566	
-4.64439089914	-1803.82587847	
-4.64759090187	-1803.82626158	
-4.65078069724	-1803.82664498	
-4.65396035016	-1803.82702867	
-4.65712992492	-1803.82741263	
-4.66028948521	-1803.82779685	
-4.66343909411	-1803.82818132	
-4.66657881412	-1803.82856603	
-4.66970870713	-1803.82895098	
-4.67282883446	-1803.82933614	
-4.67593925688	-1803.82972151	
-4.67904003455	-1803.83010708	
-4.68213122712	-1803.83049285	
-4.68521289366	-1803.83087879	
-4.6882850927	-1803.83126491	
-4.69134788223	-1803.83165118	
-4.69440131972	-1803.83203761	
-4.6974454621	-1803.83242418	
-4.70048036579	-1803.83281089	
-4.70350608671	-1803.83319772	
-4.70652268025	-1803.83358467	
-4.70953020131	-1803.83397173	
-4.71252870431	-1803.83435888	
-4.71551824316	-1803.83474613	
-4.7184988713	-1803.83513346	
-4.72147064168	-1803.83552087	
-4.72443360681	-1803.83590834	
-4.72738781871	-1803.83629587	
-4.73033332894	-1803.83668345	
-4.73327018862	-1803.83707108	
-4.73619844839	-1803.83745874	
-4.7391181585	-1803.83784642	
-4.74202936871	-1803.83823413	
-4.74493212836	-1803.83862185	
-4.74782648639	-1803.83900958	
-4.75071249128	-1803.83939731	
-4.75359019111	-1803.83978503	
-4.75645963353	-1803.84017273	
-4.75932086582	-1803.84056041	
-4.7621739348	-1803.84094806	
-4.76501888693	-1803.84133568	
-4.76785576827	-1803.84172325	
-4.77068462447	-1803.84211078	
-4.77350550081	-1803.84249825	
-4.77631844218	-1803.84288566	
-4.77912349311	-1803.84327301	
-4.78192069773	-1803.84366028	
-4.78471009982	-1803.84404747	
-4.78749174278	-1803.84443457	
-4.79026566966	-1803.84482159	
-4.79303192316	-1803.84520851	
-4.7957905456	-1803.84559532	
-4.79854157897	-1803.84598203	
-4.80128506491	-1803.84636862	
-4.80402104473	-1803.8467551	
-4.80674955939	-1803.84714145	
-4.8094706495	-1803.84752767	
-4.81218435537	-1803.84791375	
-4.81489071697	-1803.8482997	
-4.81758977394	-1803.8486855	
-4.82028156561	-1803.84907115	
-4.82296613098	-1803.84945664	
-4.82564350875	-1803.84984198	
-4.8283137373	-1803.85022715	
-4.83097685472	-1803.85061215	
-4.83363289878	-1803.85099698	
-4.83628190695	-1803.85138162	
-4.83892391641	-1803.85176609	
-4.84155896405	-1803.85215037	
-4.84418708646	-1803.85253445	
-4.84680831994	-1803.85291834	
-4.84942270051	-1803.85330203	
-4.85203026392	-1803.85368551	
-4.85463104562	-1803.85406879	
-4.8572250808	-1803.85445185	
-4.85981240436	-1803.85483469	
-4.86239305096	-1803.85521731	
-4.86496705495	-1803.85559971	
-4.86753445046	-1803.85598188	
-4.87009527132	-1803.85636382	
-4.87264955112	-1803.85674552	
-4.8751973232	-1803.85712698	
-4.87773862063	-1803.8575082	
-4.88027347623	-1803.85788917	
-4.88280192259	-1803.85826989	
-4.88532399202	-1803.85865036	
-4.88783971662	-1803.85903057	
-4.89034912822	-1803.85941052	
-4.89285225844	-1803.8597902	
-4.89534913864	-1803.86016962	
-4.89783979995	-1803.86054876	
-4.90032427328	-1803.86092764	
-4.90280258929	-1803.86130623	
-4.90527477844	-1803.86168455	
-4.90774087093	-1803.86206259	
-4.91020089677	-1803.86244033	
-4.91265488574	-1803.8628178	
-4.91510286737	-1803.86319496	
-4.91754487103	-1803.86357184	
-4.91998092583	-1803.86394842	
-4.92241106068	-1803.86432469	
-4.92483530429	-1803.86470067	
-4.92725368516	-1803.86507634	
-4.92966623156	-1803.8654517	
-4.93207297159	-1803.86582675	
-4.93447393313	-1803.86620149	
-4.93686914386	-1803.86657592	
-4.93925863125	-1803.86695003	
-4.94164242261	-1803.86732381	
-4.94402054501	-1803.86769728	
-4.94639302537	-1803.86807042	
-4.94875989038	-1803.86844323	
-4.95112116656	-1803.86881571	
-4.95347688026	-1803.86918786	
-4.9558270576	-1803.86955968	
-4.95817172456	-1803.86993117	
-4.96051090691	-1803.87030231	
-4.96284463026	-1803.87067312	
-4.96517292002	-1803.87104358	
-4.96749580144	-1803.8714137	
-4.96981329958	-1803.87178347	
-4.97212543933	-1803.8721529	
-4.97443224543	-1803.87252197	
-4.97673374242	-1803.8728907	
-4.97902995468	-1803.87325907	
-4.98132090643	-1803.87362708	
-4.98360662171	-1803.87399474	
-4.98588712441	-1803.87436204	
-4.98816243824	-1803.87472898	
-4.99043258678	-1803.87509556	
-4.99269759341	-1803.87546177	
-4.99495748138	-1803.87582762	
-4.99721227376	-1803.87619311	
-4.9994619935	-1803.87655822	
-5.00170666335	-1803.87692296	
-5.00394630595	-1803.87728734	
-5.00618094375	-1803.87765133	
-5.00841059907	-1803.87801496	
-5.0106352941	-1803.87837821	
-5.01285505083	-1803.87874108	
-5.01506989116	-1803.87910357	
-5.01727983681	-1803.87946569	
-5.01948490937	-1803.87982742	
-5.02168513028	-1803.88018877	
-5.02388052085	-1803.88054974	
-5.02607110223	-1803.88091032	
-5.02825689545	-1803.88127052	
-5.03043792139	-1803.88163032	
-5.03261420082	-1803.88198974	
-5.03478575433	-1803.88234878	
-5.03695260241	-1803.88270741	
-5.03911476542	-1803.88306566	
-5.04127226356	-1803.88342352	
-5.04342511692	-1803.88378098	
-5.04557334546	-1803.88413805	
-5.047716969	-1803.88449472	
-5.04985600725	-1803.88485099	
-5.05199047978	-1803.88520687	
-5.05412040604	-1803.88556234	
-5.05624580535	-1803.88591742	
-5.05836669692	-1803.8862721	
-5.06048309982	-1803.88662637	
-5.06259503303	-1803.88698024	
-5.06470251537	-1803.88733371	
-5.06680556556	-1803.88768678	
-5.06890420222	-1803.88803944	
-5.07099844382	-1803.8883917	
-5.07308830874	-1803.88874355	
-5.07517381523	-1803.88909499	
-5.07725498144	-1803.88944602	
-5.07933182538	-1803.88979665	
-5.08140436498	-1803.89014687	
-5.08347261805	-1803.89049667	
-5.08553660227	-1803.89084607	
-5.08759633523	-1803.89119506	
-5.08965183441	-1803.89154363	
-5.09170311719	-1803.89189179	
-5.09375020081	-1803.89223954	
-5.09579310244	-1803.89258688	
-5.09783183913	-1803.8929338	
-5.09986642782	-1803.8932803	
-5.10189688537	-1803.8936264	
-5.10392322852	-1803.89397207	
-5.1059454739	-1803.89431733	
-5.10796363806	-1803.89466218	
-5.10997773743	-1803.8950066	
-5.11198778836	-1803.89535061	
-5.11399380708	-1803.8956942	
-5.11599580975	-1803.89603738	
-5.11799381242	-1803.89638013	
-5.11998783102	-1803.89672247	
-5.12197788143	-1803.89706439	
-5.1239639794	-1803.89740588	
-5.12594614061	-1803.89774696	
-5.12792438062	-1803.89808761	
-5.12989871492	-1803.89842785	
-5.13186915891	-1803.89876766	
-5.13383572788	-1803.89910706	
-5.13579843705	-1803.89944603	
-5.13775730154	-1803.89978458	
-5.13971233637	-1803.90012271	
-5.1416635565	-1803.90046041	
-5.14361097679	-1803.90079769	
-5.145554612	-1803.90113455	
-5.14749447681	-1803.90147099	
-5.14943058584	-1803.901807	
-5.15136295359	-1803.90214259	
-5.1532915945	-1803.90247776	
-5.15521652291	-1803.9028125	
-5.15713775309	-1803.90314682	
-5.15905529921	-1803.90348072	
-5.1609691754	-1803.90381419	
-5.16287939565	-1803.90414723	
-5.16478597392	-1803.90447986	
-5.16668892407	-1803.90481205	
-5.16858825987	-1803.90514383	
-5.17048399504	-1803.90547518	
-5.17237614319	-1803.9058061	
-5.17426471788	-1803.9061366	
-5.17614973257	-1803.90646667	
-5.17803120067	-1803.90679632	
-5.1799091355	-1803.90712555	
-5.18178355029	-1803.90745435	
-5.18365445823	-1803.90778272	
-5.1855218724	-1803.90811067	
-5.18738580584	-1803.90843819	
-5.18924627149	-1803.90876529	
-5.19110328224	-1803.90909197	
-5.19295685089	-1803.90941822	
-5.19480699018	-1803.90974405	
-5.19665371277	-1803.91006945	
-5.19849703127	-1803.91039442	
-5.20033695819	-1803.91071897	
-5.202173506	-1803.9110431	
-5.20400668708	-1803.9113668	
-5.20583651375	-1803.91169008	
-5.20766299828	-1803.91201293	
-5.20948615284	-1803.91233536	
-5.21130598956	-1803.91265737	
-5.21312252048	-1803.91297895	
-5.21493575761	-1803.91330011	
-5.21674571285	-1803.91362084	
-5.21855239808	-1803.91394115	
-5.22035582508	-1803.91426104	
-5.22215600558	-1803.9145805	
-5.22395295126	-1803.91489955	
-5.22574667371	-1803.91521816	
-5.22753718449	-1803.91553636	
-5.22932449506	-1803.91585413	
-5.23110861685	-1803.91617148	
-5.23288956123	-1803.91648841	
-5.23466733947	-1803.91680492	
-5.23644196283	-1803.917121	
-5.23821344248	-1803.91743666	
-5.23998178954	-1803.9177519	
-5.24174701506	-1803.91806673	
-5.24350913005	-1803.91838112	
-5.24526814546	-1803.9186951	
-5.24702407216	-1803.91900866	
-5.24877692099	-1803.9193218	
-5.25052670271	-1803.91963452	
-5.25227342805	-1803.91994682	
-5.25401710765	-1803.9202587	
-5.25575775213	-1803.92057016	
-5.25749537203	-1803.9208812	
-5.25922997784	-1803.92119182	
-5.26096158	-1803.92150203	
-5.2626901889	-1803.92181181	
-5.26441581487	-1803.92212118	
-5.26613846818	-1803.92243013	
-5.26785815906	-1803.92273867	
-5.26957489768	-1803.92304679	
-5.27128869416	-1803.92335449	
-5.27299955856	-1803.92366177	
-5.27470750091	-1803.92396864	
-5.27641253116	-1803.92427509	
-5.27811465923	-1803.92458113	
-5.27981389498	-1803.92488676	
-5.28151024823	-1803.92519197	
-5.28320372874	-1803.92549676	
-5.28489434622	-1803.92580114	
-5.28658211033	-1803.92610511	
-5.28826703069	-1803.92640866	
-5.28994911688	-1803.92671181	
-5.2916283784	-1803.92701454	
-5.29330482472	-1803.92731685	
-5.29497846528	-1803.92761876	
-5.29664930945	-1803.92792025	
-5.29831736655	-1803.92822134	
-5.29998264587	-1803.92852201	
-5.30164515664	-1803.92882227	
-5.30330490806	-1803.92912212	
-5.30496190927	-1803.92942157	
-5.30661616936	-1803.9297206	
-5.3082676974	-1803.93001923	
-5.30991650239	-1803.93031745	
-5.3115625933	-1803.93061526	
-5.31320597904	-1803.93091266	
-5.3148466685	-1803.93120966	
-5.3164846705	-1803.93150625	
-5.31811999384	-1803.93180243	
-5.31975264727	-1803.93209821	
-5.32138263948	-1803.93239358	
-5.32300997914	-1803.93268855	
-5.32463467487	-1803.93298311	
-5.32625673524	-1803.93327727	
-5.32787616879	-1803.93357102	
-5.32949298402	-1803.93386438	
-5.33110718937	-1803.93415733	
-5.33271879327	-1803.93444987	
-5.33432780407	-1803.93474202	
-5.33593423012	-1803.93503376	
-5.3375380797	-1803.93532511	
-5.33913936107	-1803.93561605	
-5.34073808243	-1803.93590659	
-5.34233425196	-1803.93619673	
-5.3439278778	-1803.93648648	
-5.34551896803	-1803.93677582	
-5.34710753072	-1803.93706477	
-5.34869357387	-1803.93735332	
-5.35027710548	-1803.93764147	
-5.35185813348	-1803.93792923	
-5.35343666577	-1803.93821659	
-5.35501271022	-1803.93850355	
-5.35658627467	-1803.93879012	
-5.3581573669	-1803.93907629	
-5.35972599468	-1803.93936207	
-5.36129216571	-1803.93964746	
-5.36285588769	-1803.93993245	
-5.36441716825	-1803.94021705	
-5.36597601502	-1803.94050125	
-5.36753243557	-1803.94078507	
-5.36908643744	-1803.94106849	
-5.37063802813	-1803.94135152	
-5.37218721511	-1803.94163417	
-5.37373400583	-1803.94191642	
-5.37527840768	-1803.94219828	
-5.37682042804	-1803.94247975	
-5.37836007422	-1803.94276084	
-5.37989735354	-1803.94304153	
-5.38143227326	-1803.94332184	
-5.38296484061	-1803.94360176	
-5.38449506279	-1803.9438813	
-5.38602294697	-1803.94416045	
-5.38754850028	-1803.94443921	
-5.38907172982	-1803.94471759	
-5.39059264266	-1803.94499559	
-5.39211124583	-1803.9452732	
-5.39362754635	-1803.94555042	
-5.39514155118	-1803.94582727	
-5.39665326727	-1803.94610373	
-5.39816270152	-1803.94637981	
-5.39966986081	-1803.94665551	
-5.40117475199	-1803.94693083	
-5.40267738187	-1803.94720576	
-5.40417775725	-1803.94748032	
-5.40567588487	-1803.9477545	
-5.40717177146	-1803.9480283	
-5.40866542372	-1803.94830172	
-5.4101568483	-1803.94857476	
-5.41164605186	-1803.94884743	
-5.41313304098	-1803.94911972	
-5.41461782224	-1803.94939163	
-5.4161004022	-1803.94966317	
-5.41758078737	-1803.94993433	
-5.41905898424	-1803.95020512	
-5.42053499927	-1803.95047554	
-5.42200883889	-1803.95074558	
-5.4234805095	-1803.95101525	
-5.42495001748	-1803.95128454	
-5.42641736918	-1803.95155346	
-5.4278825709	-1803.95182202	
-5.42934562895	-1803.9520902	
-5.43080654959	-1803.95235801	
-5.43226533906	-1803.95262545	
-5.43372200355	-1803.95289252	
-5.43517654927	-1803.95315923	
-5.43662898235	-1803.95342556	
-5.43807930892	-1803.95369153	
-5.4395275351	-1803.95395713	
-5.44097366695	-1803.95422237	
-5.44241771052	-1803.95448723	
-5.44385967184	-1803.95475174	
-5.4452995569	-1803.95501587	
-5.44673737167	-1803.95527965	
-5.44817312209	-1803.95554306	
-5.44960681409	-1803.9558061	
-5.45103845357	-1803.95606879	
-5.45246804638	-1803.95633111	
-5.45389559837	-1803.95659307	
-5.45532111536	-1803.95685467	
-5.45674460314	-1803.95711591	
-5.45816606749	-1803.95737679	
-5.45958551414	-1803.9576373	
-5.46100294883	-1803.95789746	
-5.46241837723	-1803.95815727	
-5.46383180503	-1803.95841671	
-5.46524323786	-1803.9586758	
-5.46665268137	-1803.95893453	
-5.46806014114	-1803.9591929	
-5.46946562274	-1803.95945092	
-5.47086913175	-1803.95970858	
-5.47227067367	-1803.95996589	
-5.47367025403	-1803.96022284	
-5.47506787829	-1803.96047944	
-5.47646355193	-1803.96073569	
-5.47785728038	-1803.96099159	
-5.47924906905	-1803.96124713	
-5.48063892334	-1803.96150232	
-5.48202684862	-1803.96175716	
-5.48341285022	-1803.96201165	
-5.48479693349	-1803.9622658	
-5.48617910372	-1803.96251959	
-5.48755936619	-1803.96277303	
-5.48893772616	-1803.96302613	
-5.49031418887	-1803.96327888	
-5.49168875953	-1803.96353128	
-5.49306144334	-1803.96378333	
-5.49443224547	-1803.96403504	
-5.49580117108	-1803.96428641	
-5.49716822529	-1803.96453743	
-5.49853341322	-1803.9647881	
-5.49989673995	-1803.96503844	
-5.50125821054	-1803.96528842	
-5.50261783006	-1803.96553807	
-5.50397560352	-1803.96578737	
-5.50533153593	-1803.96603634	
-5.50668563228	-1803.96628496	
-5.50803789753	-1803.96653324	
-5.50938833663	-1803.96678118	
-5.5107369545	-1803.96702878	
-5.51208375605	-1803.96727605	
-5.51342874616	-1803.96752297	
-5.51477192971	-1803.96776956	
-5.51611331154	-1803.96801581	
-5.51745289646	-1803.96826173	
-5.51879068931	-1803.96850731	
-5.52012669485	-1803.96875255	
-5.52146091786	-1803.96899746	
-5.5227933631	-1803.96924203	
-5.52412403528	-1803.96948627	
-5.52545293913	-1803.96973018	
-5.52678007934	-1803.96997375	
-5.52810546058	-1803.97021699	
-5.52942908751	-1803.9704599	
-5.53075096477	-1803.97070248	
-5.53207109697	-1803.97094473	
-5.53338948873	-1803.97118665	
-5.53470614461	-1803.97142824	
-5.53602106919	-1803.9716695	
-5.53733426702	-1803.97191043	
-5.53864574262	-1803.97215103	
-5.5399555005	-1803.97239131	
-5.54126354516	-1803.97263126	
-5.54256988107	-1803.97287088	
-5.5438745127	-1803.97311018	
-5.54517744448	-1803.97334915	
-5.54647868084	-1803.9735878	
-5.54777822618	-1803.97382612	
-5.5490760849	-1803.97406412	
-5.55037226136	-1803.9743018	
-5.55166675992	-1803.97453915	
-5.55295958492	-1803.97477618	
-5.55425074069	-1803.97501289	
-5.55554023152	-1803.97524928	
-5.5568280617	-1803.97548535	
-5.55811423551	-1803.9757211	
-5.5593987572	-1803.97595653	
-5.56068163102	-1803.97619164	
-5.56196286117	-1803.97642644	
-5.56324245188	-1803.97666091	
-5.56452040732	-1803.97689507	
-5.56579673168	-1803.97712891	
-5.56707142911	-1803.97736244	
-5.56834450376	-1803.97759565	
-5.56961595975	-1803.97782854	
-5.57088580119	-1803.97806113	
-5.57215403218	-1803.97829339	
-5.57342065679	-1803.97852535	
-5.5746856791	-1803.97875699	
-5.57594910315	-1803.97898831	
-5.57721093297	-1803.97921933	
-5.57847117258	-1803.97945003	
-5.57972982599	-1803.97968043	
-5.58098689718	-1803.97991051	
-5.58224239012	-1803.98014028	
-5.58349630878	-1803.98036975	
-5.5847486571	-1803.9805989	
-5.585999439	-1803.98082775	
-5.5872486584	-1803.98105629	
-5.5884963192	-1803.98128452	
-5.58974242528	-1803.98151245	
-5.59098698051	-1803.98174007	
-5.59222998875	-1803.98196738	
-5.59347145384	-1803.98219439	
-5.5947113796	-1803.98242109	
-5.59594976985	-1803.98264749	
-5.59718662839	-1803.98287359	
-5.598421959	-1803.98309938	
-5.59965576545	-1803.98332487	
-5.60088805149	-1803.98355006	
-5.60211882088	-1803.98377495	
-5.60334807733	-1803.98399953	
-5.60457582457	-1803.98422382	
-5.6058020663	-1803.9844478	
-5.60702680619	-1803.98467149	
-5.60825004793	-1803.98489488	
-5.60947179518	-1803.98511797	
-5.61069205159	-1803.98534076	
-5.61191082078	-1803.98556325	
-5.61312810639	-1803.98578545	
-5.61434391201	-1803.98600735	
-5.61555824124	-1803.98622895	
-5.61677109767	-1803.98645026	
-5.61798248485	-1803.98667127	
-5.61919240636	-1803.98689199	
-5.62040086572	-1803.98711242	
-5.62160786647	-1803.98733255	
-5.62281341212	-1803.98755239	
-5.62401750619	-1803.98777193	
-5.62522015215	-1803.98799119	
-5.6264213535	-1803.98821015	
-5.62762111369	-1803.98842882	
-5.62881943618	-1803.98864721	
-5.63001632442	-1803.9888653	
-5.63121178182	-1803.9890831	
-5.63240581181	-1803.98930061	
-5.6335984178	-1803.98951784	
-5.63478960317	-1803.98973478	
-5.6359793713	-1803.98995143	
-5.63716772557	-1803.99016779	
-5.63835466933	-1803.99038387	
-5.63954020593	-1803.99059966	
-5.64072433869	-1803.99081516	
-5.64190707094	-1803.99103038	
-5.64308840598	-1803.99124532	
-5.64426834712	-1803.99145997	
-5.64544689764	-1803.99167434	
-5.64662406082	-1803.99188842	
-5.64779983991	-1803.99210222	
-5.64897423816	-1803.99231574	
-5.65014725882	-1803.99252898	
-5.65131890512	-1803.99274194	
-5.65248918027	-1803.99295462	
-5.65365808747	-1803.99316702	
-5.65482562993	-1803.99337913	
-5.65599181082	-1803.99359097	
-5.65715663332	-1803.99380253	
-5.65832010058	-1803.99401381	
-5.65948221576	-1803.99422482	
-5.660642982	-1803.99443554	
-5.66180240242	-1803.99464599	
-5.66296048014	-1803.99485617	
-5.66411721826	-1803.99506607	
-5.66527261989	-1803.99527569	
-5.66642668811	-1803.99548504	
-5.66757942599	-1803.99569411	
-5.6687308366	-1803.99590291	
-5.66988092298	-1803.99611144	
-5.67102968818	-1803.99631969	
-5.67217713524	-1803.99652767	
-5.67332326717	-1803.99673538	
-5.67446808699	-1803.99694282	
-5.67561159769	-1803.99714998	
-5.67675380227	-1803.99735688	
-5.6778947037	-1803.9975635	
-5.67903430497	-1803.99776986	
-5.68017260902	-1803.99797595	
-5.6813096188	-1803.99818176	
-5.68244533727	-1803.99838731	
-5.68357976734	-1803.99859259	
-5.68471291194	-1803.99879761	
-5.68584477397	-1803.99900236	
-5.68697535634	-1803.99920684	
-5.68810466194	-1803.99941105	
-5.68923269364	-1803.999615	
-5.69035945432	-1803.99981869	
-5.69148494685	-1804.00002211	
-5.69260917406	-1804.00022526	
-5.6937321388	-1804.00042816	
-5.69485384391	-1804.00063079	
-5.69597429221	-1804.00083315	
-5.69709348651	-1804.00103526	
-5.69821142961	-1804.0012371	
-5.69932812431	-1804.00143868	
-5.70044357339	-1804.00164	
-5.70155777963	-1804.00184106	
-5.7026707458	-1804.00204186	
-5.70378247466	-1804.0022424	
-5.70489296894	-1804.00244268	
-5.70600223139	-1804.0026427	
-5.70711026475	-1804.00284247	
-5.70821707172	-1804.00304197	
-5.70932265503	-1804.00324122	
-5.71042701737	-1804.00344021	
-5.71153016145	-1804.00363895	
-5.71263208993	-1804.00383743	
-5.71373280551	-1804.00403565	
-5.71483231084	-1804.00423362	
-5.71593060859	-1804.00443134	
-5.71702770141	-1804.0046288	
-5.71812359193	-1804.004826	
-5.71921828279	-1804.00502295	
-5.72031177661	-1804.00521965	
-5.72140407601	-1804.0054161	
-5.72249518359	-1804.0056123	
-5.72358510195	-1804.00580824	
-5.72467383369	-1804.00600393	
-5.72576138137	-1804.00619938	
-5.72684774759	-1804.00639457	
-5.72793293489	-1804.00658951	
-5.72901694583	-1804.0067842	
-5.73009978297	-1804.00697865	
-5.73118144884	-1804.00717284	
-5.73226194598	-1804.00736679	
-5.7333412769	-1804.00756049	
-5.73441944412	-1804.00775394	
-5.73549645015	-1804.00794714	
-5.73657229748	-1804.0081401	
-5.73764698861	-1804.00833281	
-5.73872052602	-1804.00852528	
-5.73979291218	-1804.0087175	
-5.74086414956	-1804.00890948	
-5.74193424062	-1804.00910121	
-5.74300318781	-1804.0092927	
-5.74407099357	-1804.00948394	
-5.74513766034	-1804.00967495	
-5.74620319054	-1804.00986571	
-5.7472675866	-1804.01005622	
-5.74833085092	-1804.0102465	
-5.74939298591	-1804.01043653	
-5.75045399397	-1804.01062633	
-5.75151387748	-1804.01081588	
-5.75257263883	-1804.01100519	
-5.75363028038	-1804.01119427	
-5.75468680452	-1804.0113831	
-5.75574221359	-1804.01157169	
-5.75679650994	-1804.01176005	
-5.75784969593	-1804.01194817	
-5.75890177388	-1804.01213605	
-5.75995274612	-1804.01232369	
-5.76100261499	-1804.0125111	
-5.76205138278	-1804.01269827	
-5.76309905181	-1804.01288521	
-5.76414562438	-1804.0130719	
-5.76519110278	-1804.01325837	
-5.7662354893	-1804.0134446	
-5.76727878622	-1804.01363059	
-5.76832099579	-1804.01381635	
-5.7693621203	-1804.01400188	
-5.770402162	-1804.01418717	
-5.77144112313	-1804.01437223	
-5.77247900594	-1804.01455706	
-5.77351581267	-1804.01474166	
-5.77455154554	-1804.01492602	
-5.77558620679	-1804.01511016	
-5.77661979861	-1804.01529406	
-5.77765232322	-1804.01547773	
-5.77868378283	-1804.01566118	
-5.77971417962	-1804.01584439	
-5.78074351579	-1804.01602737	
-5.78177179352	-1804.01621013	
-5.78279901497	-1804.01639266	
-5.78382518233	-1804.01657495	
-5.78485029774	-1804.01675703	
-5.78587436337	-1804.01693887	
-5.78689738137	-1804.01712049	
-5.78791935386	-1804.01730188	
-5.788940283	-1804.01748304	
-5.7899601709	-1804.01766398	
-5.79097901969	-1804.0178447	
-5.79199683148	-1804.01802518	
-5.79301360838	-1804.01820545	
-5.7940293525	-1804.01838549	
-5.79504406593	-1804.01856531	
-5.79605775077	-1804.0187449	
-5.79707040908	-1804.01892427	
-5.79808204295	-1804.01910342	
-5.79909265446	-1804.01928234	
-5.80010224566	-1804.01946105	
-5.80111081862	-1804.01963953	
-5.80211837538	-1804.01981779	
-5.80312491799	-1804.01999583	
-5.80413044849	-1804.02017365	
-5.80513496892	-1804.02035125	
-5.80613848129	-1804.02052863	
-5.80714098764	-1804.0207058	
-5.80814248998	-1804.02088274	
-5.80914299031	-1804.02105946	
