#Site	lnL	
0	-1.65096288127
1	-1.99207122432
2	-2.37910686715
3	-6.72406840161
4	-1.99207122432
5	-4.32157336058
6	-1.71169318787
7	-6.65394239059
8	-8.26663245065
9	-5.55104790623
10	-1.78099474516
11	-2.33419394481
12	-1.65096288127
13	-9.27441733574
14	-9.77203832663
15	-1.71169318787
16	-1.99207122432
17	-2.58066160981
18	-1.88256096353
19	-1.78099474516
20	-2.58066160981
21	-1.65096288127
22	-1.78099474516
23	-7.72702970952
24	-1.88256096353
25	-8.31805681648
26	-6.63541943683
27	-1.67763270319
28	-7.28433662018
29	-4.32157336058
30	-7.89222199068
31	-1.81671677664
32	-2.37910686715
33	-1.71169318787
34	-6.43105748749
35	-9.11952674181
36	-6.02287817503
37	-1.99207122432
38	-2.58066160981
39	-4.75254831381
40	-1.78099474516
41	-2.27943864132
42	-1.71169318787
43	-6.65394239059
44	-4.79290665014
45	-1.67763270319
46	-5.34264409346
47	-2.37910686715
48	-1.65096288127
49	-1.81671677664
50	-2.33419394481
51	-1.71169318787
52	-9.89266569406
53	-2.33419394481
54	-1.67763270319
55	-1.74982493481
56	-2.33419394481
57	-12.8878127364
58	-7.89034874543
59	-4.9903368784
60	-5.80540266944
61	-1.99207122432
62	-6.02342039914
63	-5.34303813043
64	-1.74982493481
65	-2.33419394481
66	-1.65096288127
67	-1.81671677664
68	-2.33419394481
69	-1.67763270319
70	-1.99207122432
71	-8.84622831772
72	-7.48144693807
73	-1.78099474516
74	-4.79290665014
75	-1.65096288127
76	-6.54747800097
77	-2.33419394481
78	-4.7786496434
79	-1.78099474516
80	-5.33263221966
81	-1.71169318787
82	-5.34264409346
83	-2.58066160981
84	-1.71169318787
85	-1.78099474516
86	-5.5380679259
87	-1.71169318787
88	-6.43105748749
89	-5.33263221966
90	-1.65096288127
91	-4.60974576457
92	-2.33419394481
93	-1.67763270319
94	-1.74982493481
95	-2.27943864132
96	-1.67763270319
97	-6.0641945744
98	-2.58066160981
99	-5.88721731207
100	-1.99207122432
101	-6.13584434692
102	-1.65096288127
103	-6.35004777271
104	-2.27943864132
105	-1.71169318787
106	-8.71309401757
107	-2.33419394481
108	-6.86107758406
109	-1.99207122432
110	-2.33419394481
111	-1.65096288127
112	-7.28433662018
113	-8.6363575377
114	-9.29717906892
115	-1.74982493481
116	-5.53101875122
117	-1.65096288127
118	-1.74982493481
119	-5.8506351292
120	-6.88286901636
121	-1.78099474516
122	-6.9164436979
123	-1.67763270319
124	-1.74982493481
125	-6.1503984931
126	-5.80540266944
127	-1.74982493481
128	-2.33419394481
129	-1.88256096353
130	-1.74982493481
131	-2.27943864132
132	-1.67763270319
133	-1.74982493481
134	-2.27943864132
135	-1.71169318787
136	-8.20911110655
137	-2.37910686715
138	-1.71169318787
139	-1.74982493481
140	-2.37910686715
141	-1.65096288127
142	-1.81671677664
143	-2.33419394481
144	-1.67763270319
145	-1.81671677664
146	-2.27943864132
147	-1.67763270319
148	-5.6417037789
149	-2.27943864132
150	-6.04414147369
151	-1.99207122432
152	-2.37910686715
153	-1.65096288127
154	-1.78099474516
155	-4.13209214934
156	-1.71169318787
157	-1.78099474516
158	-2.37910686715
159	-1.88256096353
160	-1.99207122432
161	-2.37910686715
162	-5.88391089936
163	-1.81671677664
164	-2.33419394481
165	-1.67763270319
166	-1.81671677664
167	-2.33419394481
168	-6.02287817503
169	-1.78099474516
170	-7.50202525441
171	-1.71169318787
172	-8.8463189527
173	-2.58066160981
174	-1.67763270319
175	-1.78099474516
176	-5.47218260333
177	-1.67763270319
178	-1.99207122432
179	-6.04473370432
180	-1.65096288127
181	-1.81671677664
182	-4.14416622473
183	-1.88256096353
184	-5.70206362328
185	-5.53101875122
186	-6.04414147369
187	-1.81671677664
188	-2.37910686715
189	-9.93424338615
190	-5.11244271776
191	-2.27943864132
192	-1.71169318787
193	-4.57563352702
194	-6.2746491388
195	-1.88256096353
196	-5.70206362328
197	-2.37910686715
198	-1.88256096353
199	-5.70206362328
200	-6.04473370432
201	-1.67763270319
202	-1.78099474516
203	-6.35400904094
204	-5.81054745893
205	-5.35742035847
206	-4.14416622473
207	-1.71169318787
208	-5.93746229486
209	-6.07721891054
210	-5.32858987422
211	-1.81671677664
212	-2.58066160981
213	-1.67763270319
214	-10.6903609007
215	-2.37910686715
216	-12.1056478517
217	-1.78099474516
218	-2.58066160981
219	-1.71169318787
220	-8.48625131085
221	-2.37910686715
222	-5.81054745893
223	-1.74982493481
224	-2.33419394481
225	-1.65096288127
226	-1.74982493481
227	-2.37910686715
228	-1.71169318787
229	-1.74982493481
230	-2.27943864132
231	-4.75254831381
232	-5.15999013021
233	-5.66196654616
234	-1.65096288127
235	-1.81671677664
236	-7.11145023661
237	-1.71169318787
238	-6.63582669851
239	-2.27943864132
240	-1.67763270319
241	-1.78099474516
242	-2.58066160981
243	-6.8862281178
244	-1.74982493481
245	-2.33419394481
246	-1.65096288127
247	-1.78099474516
248	-4.32157336058
249	-1.71169318787
250	-1.81671677664
251	-6.2746491388
252	-1.65096288127
253	-1.74982493481
254	-2.58066160981
255	-6.86107758406
256	-6.58592409936
257	-2.33419394481
258	-1.67763270319
259	-6.54747800097
260	-4.79290665014
261	-1.67763270319
262	-1.81671677664
263	-2.37910686715
264	-1.71169318787
265	-1.81671677664
266	-4.13209214934
267	-1.65096288127
268	-1.78099474516
269	-2.27943864132
270	-1.67763270319
271	-1.81671677664
272	-2.58066160981
273	-1.65096288127
274	-1.74982493481
275	-8.28556152959
276	-7.02205374901
277	-1.99207122432
278	-2.27943864132
279	-1.88256096353
280	-1.99207122432
281	-7.17009078397
282	-1.65096288127
283	-4.60974576457
284	-9.69881413039
285	-6.50953282669
286	-6.63990477951
287	-2.27943864132
288	-1.71169318787
289	-1.74982493481
290	-2.27943864132
291	-1.88256096353
292	-12.2581488904
293	-5.75081430925
294	-1.65096288127
295	-1.74982493481
296	-2.27943864132
297	-5.32858987422
298	-1.74982493481
299	-8.72854643146
300	-6.10592759185
301	-1.78099474516
302	-12.0861178832
303	-1.71169318787
304	-1.81671677664
305	-9.37974713768
306	-1.67763270319
307	-4.57563352702
308	-2.27943864132
309	-1.71169318787
310	-4.57563352702
311	-5.99469482044
312	-1.65096288127
313	-1.78099474516
314	-2.37910686715
315	-1.88256096353
316	-5.93746229486
317	-2.33419394481
318	-6.8862281178
319	-1.74982493481
320	-2.58066160981
321	-1.71169318787
322	-4.57563352702
323	-2.27943864132
324	-8.28231264991
325	-1.99207122432
326	-2.37910686715
327	-1.88256096353
328	-1.74982493481
329	-2.37910686715
330	-10.6351326632
331	-6.45381398006
332	-6.10128763086
333	-1.65096288127
334	-1.74982493481
335	-2.37910686715
336	-1.71169318787
337	-6.63990477951
338	-2.58066160981
339	-1.71169318787
340	-5.86681741072
341	-5.33263221966
342	-8.2824756711
343	-1.81671677664
344	-7.25858671974
345	-1.65096288127
346	-6.33244973077
347	-8.36385317428
348	-1.65096288127
349	-8.47879768779
350	-2.37910686715
351	-8.36528650522
352	-1.78099474516
353	-2.58066160981
354	-1.67763270319
355	-6.87562762259
356	-2.27943864132
357	-1.67763270319
358	-9.8988038717
359	-2.33419394481
360	-1.71169318787
361	-1.78099474516
362	-2.58066160981
363	-1.65096288127
364	-1.78099474516
365	-2.33419394481
366	-1.67763270319
367	-1.81671677664
368	-14.8640410845
369	-1.67763270319
370	-8.48924776414
371	-5.8506351292
372	-5.52232232753
373	-8.50740831949
374	-9.11412087161
375	-1.65096288127
376	-1.74982493481
377	-2.58066160981
378	-6.83099118921
379	-1.74982493481
380	-2.58066160981
381	-6.75731655391
382	-1.81671677664
383	-4.24407973946
384	-6.63716558601
385	-1.99207122432
386	-2.37910686715
387	-1.88256096353
388	-1.81671677664
389	-2.37910686715
390	-1.71169318787
391	-1.81671677664
392	-4.75246429763
393	-1.67763270319
394	-1.99207122432
395	-4.99480316057
396	-1.71169318787
397	-1.99207122432
398	-2.58066160981
399	-1.88256096353
400	-5.80525361624
401	-5.43795395671
402	-1.71169318787
403	-1.99207122432
404	-7.24165099584
405	-6.81069836272
406	-1.74982493481
407	-2.37910686715
408	-1.65096288127
409	-1.99207122432
410	-2.58066160981
411	-5.54046835869
412	-1.99207122432
413	-2.37910686715
414	-1.67763270319
415	-5.76202630616
416	-2.33419394481
417	-1.65096288127
418	-9.11536974106
419	-2.27943864132
420	-1.65096288127
421	-1.74982493481
422	-2.27943864132
423	-7.48144693807
424	-1.81671677664
425	-2.37910686715
426	-1.88256096353
427	-1.78099474516
428	-2.58066160981
429	-1.67763270319
430	-1.81671677664
431	-2.33419394481
432	-7.66858160685
433	-1.78099474516
434	-2.37910686715
435	-1.88256096353
436	-1.99207122432
437	-2.58066160981
438	-5.32858987422
439	-1.99207122432
440	-2.33419394481
441	-1.65096288127
442	-1.99207122432
443	-6.47171274316
444	-6.52306914232
445	-9.11995051231
446	-2.33419394481
447	-1.71169318787
448	-1.81671677664
449	-4.72222377371
450	-1.65096288127
451	-4.45082460019
452	-6.07756563009
453	-1.67763270319
454	-1.78099474516
455	-5.5380679259
456	-1.71169318787
457	-5.32357945439
458	-5.33263221966
459	-1.88256096353
460	-1.81671677664
461	-2.37910686715
462	-1.67763270319
463	-9.71766126258
464	-2.33419394481
465	-1.88256096353
466	-6.66404089278
467	-2.33419394481
468	-1.67763270319
469	-1.99207122432
470	-2.27943864132
