#Site	lnL	
0	-9.43417564243
1	-1.86793566771
2	-3.07650816622
3	-6.88972640556
4	-7.13331330491
5	-3.07650816622
6	-1.75525601793
7	-4.49006291602
8	-7.39506179314
9	-1.59179052691
10	-1.74970063197
11	-3.07650816622
12	-1.59179052691
13	-1.92662087982
14	-3.61648325225
15	-1.75525601793
16	-1.74970063197
17	-3.37511364301
18	-1.70071763697
19	-4.49006291602
20	-7.39506179314
21	-1.70071763697
22	-4.98710836465
23	-3.27824452388
24	-6.09754317311
25	-1.74970063197
26	-6.75527624572
27	-6.86453445924
28	-2.07807598727
29	-8.79287489404
30	-1.89720841303
31	-1.92662087982
32	-7.69762667856
33	-1.89720841303
34	-5.58936320893
35	-4.71440323941
36	-1.75525601793
37	-5.03340042091
38	-7.50338647331
39	-1.59179052691
40	-2.07807598727
41	-6.56764611549
42	-7.48143133792
43	-2.07807598727
44	-6.77716769726
45	-8.07866102026
46	-5.8703335145
47	-3.61648325225
48	-1.59179052691
49	-1.86793566771
50	-6.81017523029
51	-1.89720841303
52	-1.92662087982
53	-3.07650816622
54	-6.39109732063
55	-1.92662087982
56	-3.27824452388
57	-6.60476346657
58	-1.92662087982
59	-3.37511364301
60	-1.59179052691
61	-2.07807598727
62	-3.61648325225
63	-1.70071763697
64	-6.3337413022
65	-9.36621470225
66	-1.59179052691
67	-2.07807598727
68	-9.8940124408
69	-1.75525601793
70	-1.92662087982
71	-3.61648325225
72	-1.70071763697
73	-2.07807598727
74	-3.61648325225
75	-1.70071763697
76	-1.92662087982
77	-3.61648325225
78	-1.75525601793
79	-1.74970063197
80	-6.7490118619
81	-1.75525601793
82	-1.74970063197
83	-3.07650816622
84	-5.31181679012
85	-6.35976758512
86	-3.27824452388
87	-1.59179052691
88	-1.92662087982
89	-3.07650816622
90	-1.59179052691
91	-6.96288278958
92	-6.42401230504
93	-1.70071763697
94	-4.49006291602
95	-3.61648325225
96	-6.88972640556
97	-1.86793566771
98	-3.07650816622
99	-4.73417998393
100	-1.92662087982
101	-6.63432532858
102	-1.59179052691
103	-1.86793566771
104	-3.07650816622
105	-1.59179052691
106	-2.07807598727
107	-3.61648325225
108	-6.42035186769
109	-2.07807598727
110	-7.39506179314
111	-1.59179052691
112	-1.92662087982
113	-5.71959036075
114	-1.70071763697
115	-7.17581776957
116	-7.8250243689
117	-1.89720841303
118	-6.41761467875
119	-6.69400717467
120	-1.75525601793
121	-2.07807598727
122	-7.99881694829
123	-1.70071763697
124	-1.92662087982
125	-4.41098143804
126	-1.59179052691
127	-7.7658757103
128	-3.27824452388
129	-1.89720841303
130	-5.0071681159
131	-3.27824452388
132	-1.59179052691
133	-1.74970063197
134	-6.20416939624
135	-1.59179052691
136	-1.86793566771
137	-7.34340396218
138	-1.70071763697
139	-1.74970063197
140	-3.27824452388
141	-1.59179052691
142	-1.74970063197
143	-8.16778696324
144	-1.89720841303
145	-8.07038581555
146	-3.37511364301
147	-8.05101415786
148	-4.49006291602
149	-3.07650816622
150	-7.6360885418
151	-1.74970063197
152	-3.07650816622
153	-9.68570127453
154	-1.92662087982
155	-6.81017523029
156	-1.75525601793
157	-1.92662087982
158	-3.61648325225
159	-1.70071763697
160	-1.86793566771
161	-3.61648325225
162	-5.27898249135
163	-1.92662087982
164	-3.37511364301
165	-1.89720841303
166	-1.74970063197
167	-3.37511364301
168	-1.70071763697
169	-9.29818420009
170	-5.63779478216
171	-1.75525601793
172	-1.74970063197
173	-8.00572701361
174	-1.59179052691
175	-1.92662087982
176	-6.66942342205
177	-1.89720841303
178	-1.86793566771
179	-3.37511364301
180	-1.75525601793
181	-2.07807598727
182	-3.27824452388
183	-1.59179052691
184	-1.86793566771
185	-3.27824452388
186	-5.55842755626
187	-5.80571623929
188	-8.93461629558
189	-1.70071763697
190	-6.38003335846
191	-5.83928101833
192	-1.89720841303
193	-1.86793566771
194	-3.61648325225
195	-1.59179052691
196	-1.86793566771
197	-5.79159182906
198	-9.51563863908
199	-1.86793566771
200	-3.27824452388
201	-1.89720841303
202	-1.74970063197
203	-6.20416939624
204	-1.89720841303
205	-6.48865442125
206	-3.07650816622
207	-1.89720841303
208	-2.07807598727
209	-5.71959036075
210	-1.59179052691
211	-1.92662087982
212	-3.27824452388
213	-6.63369846395
214	-4.98710836465
215	-4.41098143804
216	-1.70071763697
217	-9.90883271134
218	-3.37511364301
219	-1.70071763697
220	-4.49006291602
221	-8.08479536157
222	-1.70071763697
223	-1.86793566771
224	-3.61648325225
225	-1.89720841303
226	-2.07807598727
227	-6.79984477262
228	-5.60471961252
229	-5.80571623929
230	-3.61648325225
231	-1.89720841303
232	-1.74970063197
233	-3.61648325225
234	-1.59179052691
235	-5.03340042091
236	-3.61648325225
237	-1.89720841303
238	-1.86793566771
239	-3.07650816622
240	-4.75274893653
241	-2.07807598727
242	-3.61648325225
243	-1.89720841303
244	-1.74970063197
245	-3.37511364301
246	-7.2195013932
247	-1.92662087982
248	-3.27824452388
249	-1.89720841303
250	-1.86793566771
251	-8.47288176221
252	-6.86453445924
253	-1.74970063197
254	-4.41098143804
255	-1.70071763697
256	-1.92662087982
257	-12.8744732748
258	-1.70071763697
259	-1.74970063197
260	-3.07650816622
261	-7.41801476182
262	-1.74970063197
263	-3.37511364301
264	-1.89720841303
265	-6.70376960731
266	-3.27824452388
267	-6.6755947807
268	-9.86067263239
269	-4.37534764106
270	-1.75525601793
271	-4.47844046071
272	-9.60676284924
273	-1.70071763697
274	-5.60081266221
275	-4.41098143804
276	-1.75525601793
277	-1.92662087982
278	-3.07650816622
279	-1.89720841303
280	-1.74970063197
281	-7.26950629709
282	-1.89720841303
283	-9.90883271134
284	-7.68906522221
285	-7.04798194513
286	-10.188541107
287	-3.61648325225
288	-4.74053606083
289	-1.74970063197
290	-7.44183641477
291	-7.41801476182
292	-1.74970063197
293	-3.07650816622
294	-1.59179052691
295	-6.70376960731
296	-3.61648325225
297	-1.75525601793
298	-5.29636929753
299	-3.37511364301
300	-1.89720841303
301	-1.86793566771
302	-3.37511364301
303	-4.74053606083
304	-1.74970063197
305	-3.37511364301
306	-1.75525601793
307	-1.86793566771
308	-6.7490118619
309	-1.70071763697
310	-6.35976758512
311	-6.72547611482
312	-1.75525601793
313	-1.74970063197
314	-3.61648325225
315	-1.89720841303
316	-12.8084636526
317	-3.27824452388
318	-4.78793547919
319	-1.92662087982
320	-3.07650816622
321	-6.03921100576
322	-9.74166681284
323	-6.97370305991
324	-1.89720841303
325	-5.59643657477
326	-3.61648325225
327	-1.59179052691
328	-1.86793566771
329	-3.27824452388
330	-1.75525601793
331	-1.86793566771
332	-3.07650816622
333	-1.70071763697
334	-1.92662087982
335	-3.61648325225
336	-1.89720841303
337	-8.38631567582
338	-3.07650816622
339	-6.63369846395
340	-2.07807598727
341	-3.37511364301
342	-1.75525601793
343	-1.92662087982
344	-3.37511364301
345	-9.40461895762
346	-1.74970063197
347	-3.37511364301
348	-1.70071763697
349	-1.92662087982
350	-6.04014682505
351	-1.59179052691
352	-1.74970063197
353	-5.98381208175
354	-1.89720841303
355	-6.11980234158
356	-3.07650816622
357	-1.75525601793
358	-1.86793566771
359	-3.61648325225
360	-1.70071763697
361	-1.74970063197
362	-3.07650816622
363	-1.70071763697
364	-2.07807598727
365	-6.56764611549
366	-1.59179052691
367	-4.48789254764
368	-3.07650816622
369	-1.75525601793
370	-1.74970063197
371	-6.60769706014
372	-6.58740640769
373	-7.45581388441
374	-3.37511364301
375	-5.31181679012
376	-1.74970063197
377	-3.27824452388
378	-1.75525601793
379	-1.86793566771
380	-3.07650816622
381	-1.75525601793
382	-14.161547012
383	-9.91797567039
384	-1.89720841303
385	-6.20298582579
386	-9.69574687842
387	-6.99197962644
388	-1.92662087982
389	-6.40137071609
390	-1.59179052691
391	-12.6318941974
392	-3.61648325225
393	-6.38642557741
394	-12.2971830717
395	-3.61648325225
396	-7.23874625097
397	-1.86793566771
398	-6.56764611549
399	-1.75525601793
400	-8.03489201689
401	-3.27824452388
402	-4.78793547919
403	-4.98710836465
404	-4.82556867743
405	-1.59179052691
406	-8.10079260372
407	-3.61648325225
408	-6.95303425879
409	-1.74970063197
410	-3.37511364301
411	-13.566498561
412	-8.37151186942
413	-3.07650816622
414	-1.70071763697
415	-1.92662087982
416	-6.60769706014
417	-1.70071763697
418	-1.74970063197
419	-3.27824452388
420	-1.70071763697
421	-5.80571623929
422	-11.9782771579
423	-1.59179052691
424	-1.86793566771
425	-4.37534764106
426	-5.59103078555
427	-6.46275681846
428	-6.73940433016
429	-1.59179052691
430	-5.03340042091
431	-3.61648325225
432	-1.70071763697
433	-5.0071681159
434	-6.52427808519
435	-6.04697510048
436	-1.74970063197
437	-3.61648325225
438	-6.04697510048
439	-12.6563882054
440	-3.37511364301
441	-1.59179052691
442	-1.86793566771
443	-3.61648325225
444	-7.43496326324
445	-2.07807598727
446	-6.47396832059
447	-10.7325358969
448	-7.45077657871
449	-3.27824452388
450	-6.04697510048
451	-4.54239278062
452	-3.37511364301
453	-1.75525601793
454	-5.7991316008
455	-3.27824452388
456	-1.59179052691
457	-1.74970063197
458	-3.27824452388
459	-1.59179052691
460	-1.86793566771
461	-3.37511364301
462	-1.89720841303
463	-6.20298582579
464	-3.37511364301
465	-7.76008174819
466	-10.6932160068
467	-3.61648325225
468	-1.70071763697
469	-7.44364620805
470	-3.61648325225
