# log_p 	 lnL 	 
0.0	-1694.35313278	
-0.287682072452	-1694.34649157	
-0.510825623766	-1694.30214394	
-0.69314718056	-1694.23232788	
-0.847297860387	-1694.1482499	
-0.980829253012	-1694.05633277	
-1.09861228867	-1693.96018012	
-1.20397280433	-1693.86184662	
-1.29928298413	-1693.76253541	
-1.38629436112	-1693.66298507	
-1.46633706879	-1693.56368522	
-1.54044504095	-1693.4649943	
-1.60943791243	-1693.36720109	
-1.67397643357	-1693.27055427	
-1.73460105539	-1693.17527447	
-1.79175946923	-1693.0815577	
-1.8458266905	-1692.989575	
-1.89711998489	-1692.89947119	
-1.94591014906	-1692.81136405	
-1.99243016469	-1692.72534441	
-2.03688192726	-1692.64147716	
-2.07944154168	-1692.5598031	
-2.1202635362	-1692.48034132	
-2.15948424935	-1692.40309179	
-2.19722457734	-1692.32803818	
-2.23359222151	-1692.2551505	
-2.26868354132	-1692.18438763	
-2.30258509299	-1692.11569966	
-2.33537491582	-1692.04902993	
-2.36712361413	-1691.98431682	
-2.3978952728	-1691.92149528	
-2.42774823595	-1691.86049816	
-2.45673577282	-1691.80125731	
-2.48490664979	-1691.7437044	
-2.51230562398	-1691.68777175	
-2.53897387106	-1691.63339281	
-2.56494935746	-1691.58050267	
-2.59026716545	-1691.52903838	
-2.61495977804	-1691.47893917	
-2.63905732962	-1691.4301467	
-2.66258782703	-1691.38260509	
-2.68557734525	-1691.33626101	
-2.7080502011	-1691.2910637	
-2.73002910782	-1691.24696495	
-2.75153531304	-1691.20391906	
-2.77258872224	-1691.16188276	
-2.79320800944	-1691.12081513	
-2.81341071676	-1691.08067754	
-2.83321334406	-1691.0414335	
-2.85263142991	-1691.0030486	
-2.87167962488	-1690.96549038	
-2.8903717579	-1690.92872822	
-2.90872089656	-1690.89273325	
-2.92673940207	-1690.85747825	
-2.94443897917	-1690.8229375	
-2.96183072188	-1690.78908674	
-2.97892515524	-1690.75590305	
-2.99573227355	-1690.72336476	
-3.01226157551	-1690.69145137	
-3.02852209638	-1690.66014348	
-3.04452243772	-1690.62942269	
-3.06027079469	-1690.59927156	
-3.07577498123	-1690.56967351	
-3.09104245336	-1690.5406128	
-3.10608033072	-1690.51207443	
-3.12089541651	-1690.48404414	
-3.13549421593	-1690.45650829	
-3.14988295338	-1690.4294539	
-3.16406758837	-1690.40286853	
-3.17805383035	-1690.37674028	
-3.19184715248	-1690.35105778	
-3.20545280454	-1690.32581009	
-3.21887582487	-1690.30098673	
-3.23212105162	-1690.27657761	
-3.24519313319	-1690.25257306	
-3.25809653802	-1690.22896374	
-3.2708355638	-1690.20574065	
-3.28341434601	-1690.18289512	
-3.295836866	-1690.16041879	
-3.3081069586	-1690.13830356	
-3.32022831913	-1690.11654162	
-3.33220451018	-1690.0951254	
-3.34403896782	-1690.07404758	
-3.35573500759	-1690.05330106	
-3.36729582999	-1690.03287896	
-3.37872452581	-1690.01277461	
-3.39002408106	-1689.99298153	
-3.40119738166	-1689.97349344	
-3.41224721785	-1689.95430422	
-3.42317628838	-1689.93540794	
-3.43398720449	-1689.91679882	
-3.4446824936	-1689.89847124	
-3.45526460293	-1689.88041974	
-3.4657359028	-1689.862639	
-3.47609868984	-1689.84512381	
-3.48635519	-1689.82786914	
-3.49650756147	-1689.81087007	
-3.50655789732	-1689.79412178	
-3.51650822817	-1689.7776196	
-3.52636052462	-1689.76135897	
-3.53611669956	-1689.74533543	
-3.54577861047	-1689.72954462	
-3.55534806149	-1689.71398232	
-3.56482680544	-1689.69864437	
-3.57421654579	-1689.68352672	
-3.58351893846	-1689.66862543	
-3.59273559356	-1689.65393664	
-3.60186807712	-1689.63945656	
-3.61091791264	-1689.6251815	
-3.61988658263	-1689.61110788	
-3.62877553004	-1689.59723215	
-3.63758615973	-1689.58355088	
-3.6463198397	-1689.57006069	
-3.65497790244	-1689.55675829	
-3.66356164613	-1689.54364046	
-3.6720723358	-1689.53070402	
-3.68051120444	-1689.51794591	
-3.68887945411	-1689.5053631	
-3.69717825693	-1689.49295263	
-3.70540875607	-1689.4807116	
-3.7135720667	-1689.46863719	
-3.72166927694	-1689.45672662	
-3.72970144863	-1689.44497716	
-3.73766961828	-1689.43338617	
-3.74557479779	-1689.42195104	
-3.75341797525	-1689.41066921	
-3.76120011569	-1689.39953818	
-3.76892216179	-1689.38855551	
-3.77658503453	-1689.37771878	
-3.78418963392	-1689.36702566	
-3.79173683955	-1689.35647384	
-3.79922751128	-1689.34606105	
-3.80666248977	-1689.33578509	
-3.81404259707	-1689.32564378	
-3.82136863716	-1689.315635	
-3.82864139649	-1689.30575666	
-3.83586164446	-1689.29600671	
-3.84303013394	-1689.28638315	
-3.85014760171	-1689.27688401	
-3.85721476893	-1689.26750736	
-3.86423234159	-1689.25825131	
-3.87120101091	-1689.24911401	
-3.87812145375	-1689.24009363	
-3.88499433304	-1689.2311884	
-3.89182029811	-1689.22239654	
-3.8985999851	-1689.21371635	
-3.90533401728	-1689.20514614	
-3.91202300543	-1689.19668426	
-3.91866754815	-1689.18832907	
-3.92526823218	-1689.18007899	
-3.93182563272	-1689.17193244	
-3.93834031375	-1689.16388789	
-3.94481282825	-1689.15594384	
-3.95124371858	-1689.14809879	
-3.95763351668	-1689.14035131	
-3.96398274436	-1689.13269995	
-3.97029191355	-1689.12514332	
-3.97656152657	-1689.11768003	
-3.98279207632	-1689.11030875	
-3.98898404656	-1689.10302813	
-3.99513791214	-1689.09583688	
-4.00125413916	-1689.08873371	
-4.00733318523	-1689.08171736	
-4.01337549969	-1689.07478661	
-4.01938152375	-1689.06794022	
-4.02535169074	-1689.06117701	
-4.03128642625	-1689.05449581	
-4.03718614838	-1689.04789546	
-4.04305126783	-1689.04137484	
-4.04888218815	-1689.03493281	
-4.05467930583	-1689.02856831	
-4.06044301055	-1689.02228023	
-4.06617368526	-1689.01606754	
-4.07187170637	-1689.00992919	
-4.07753744391	-1689.00386416	
-4.08317126162	-1688.99787145	
-4.08877351717	-1688.99195006	
-4.09434456222	-1688.98609903	
-4.0998847426	-1688.98031741	
-4.10539439841	-1688.97460425	
-4.11087386417	-1688.96895863	
-4.11632346894	-1688.96337964	
-4.12174353641	-1688.9578664	
-4.12713438505	-1688.95241801	
-4.13249632819	-1688.94703363	
-4.13782967416	-1688.9417124	
-4.14313472639	-1688.93645348	
-4.14841178349	-1688.93125605	
-4.15366113938	-1688.9261193	
-4.15888308336	-1688.92104244	
-4.16407790024	-1688.91602469	
-4.1692458704	-1688.91106526	
-4.1743872699	-1688.90616342	
-4.17950237056	-1688.9013184	
-4.18459144007	-1688.89652948	
-4.18965474203	-1688.89179593	
-4.19469253606	-1688.88711704	
-4.19970507788	-1688.88249212	
-4.20469261939	-1688.87792046	
-4.20965540873	-1688.8734014	
-4.21459369037	-1688.86893427	
-4.21950770518	-1688.86451841	
-4.22439769047	-1688.86015317	
-4.22926388012	-1688.85583791	
-4.2341065046	-1688.85157202	
-4.23892579103	-1688.84735486	
-4.2437219633	-1688.84318584	
-4.24849524205	-1688.83906435	
-4.25324584481	-1688.8349898	
-4.257973986	-1688.83096162	
-4.26267987704	-1688.82697923	
-4.26736372635	-1688.82304207	
-4.27202573946	-1688.81914958	
-4.27666611902	-1688.81530122	
-4.28128506487	-1688.81149644	
-4.28588277412	-1688.80773472	
-4.29045944115	-1688.80401554	
-4.29501525768	-1688.80033838	
-4.29955041285	-1688.79670274	
-4.3040650932	-1688.7931081	
-4.30855948279	-1688.78955399	
-4.31303376319	-1688.78603992	
-4.31748811354	-1688.7825654	
-4.3219227106	-1688.77912998	
-4.32633772881	-1688.77573317	
-4.33073334029	-1688.77237454	
-4.33510971489	-1688.76905362	
-4.33946702026	-1688.76576997	
-4.34380542185	-1688.76252315	
-4.348125083	-1688.75931274	
-4.3524261649	-1688.7561383	
-4.35670882669	-1688.75299942	
-4.36097322548	-1688.74989568	
-4.36521951636	-1688.74682668	
-4.36944785247	-1688.74379201	
-4.373658385	-1688.74079128	
-4.37785126326	-1688.7378241	
-4.38202663467	-1688.73489008	
-4.38618464482	-1688.73198885	
-4.39032543749	-1688.72912002	
-4.39444915467	-1688.72628323	
-4.39855593663	-1688.72347812	
-4.40264592188	-1688.72070432	
-4.40671924726	-1688.71796149	
-4.41077604796	-1688.71524927	
-4.4148164575	-1688.71256731	
-4.4188406078	-1688.70991529	
-4.42284862919	-1688.70729286	
-4.42684065046	-1688.70469969	
-4.43081679884	-1688.70213546	
-4.43477720006	-1688.69959984	
-4.43872197835	-1688.69709253	
-4.44265125649	-1688.69461319	
-4.44656515581	-1688.69216154	
-4.45046379623	-1688.68973726	
-4.45434729625	-1688.68734004	
-4.45821577303	-1688.68496961	
-4.46206934235	-1688.68262565	
-4.46590811865	-1688.68030789	
-4.46973221509	-1688.67801604	
-4.47354174351	-1688.67574981	
-4.47733681448	-1688.67350893	
-4.48111753732	-1688.67129313	
-4.48488402011	-1688.66910214	
-4.48863636973	-1688.66693568	
-4.49237469184	-1688.66479351	
-4.49609909093	-1688.66267534	
-4.49980967033	-1688.66058094	
-4.50350653221	-1688.65851004	
-4.50718977763	-1688.6564624	
-4.51085950652	-1688.65443777	
-4.51451581772	-1688.65243591	
-4.518158809	-1688.65045658	
-4.52178857705	-1688.64849953	
-4.52540521752	-1688.64656453	
-4.52900882502	-1688.64465137	
-4.53259949315	-1688.64275979	
-4.5361773145	-1688.64088959	
-4.53974238067	-1688.63904053	
-4.54329478227	-1688.6372124	
-4.54683460898	-1688.63540498	
-4.55036194949	-1688.63361806	
-4.5538768916	-1688.63185142	
-4.55737952215	-1688.63010485	
-4.56086992709	-1688.62837815	
-4.56434819147	-1688.62667112	
-4.56781439944	-1688.62498356	
-4.57126863431	-1688.62331525	
-4.5747109785	-1688.62166602	
-4.5781415136	-1688.62003566	
-4.58156032035	-1688.61842398	
-4.58496747867	-1688.61683079	
-4.58836306767	-1688.61525592	
-4.59174716566	-1688.61369916	
-4.59511985013	-1688.61216034	
-4.59848119784	-1688.61063928	
-4.60183128472	-1688.60913581	
-4.60517018599	-1688.60764973	
-4.60849797608	-1688.60618089	
-4.61181472871	-1688.60472911	
-4.61512051684	-1688.60329422	
-4.61841541274	-1688.60187605	
-4.62169948794	-1688.60047444	
-4.62497281328	-1688.59908922	
-4.62823545892	-1688.59772023	
-4.63148749431	-1688.59636731	
-4.63472898823	-1688.5950303	
-4.63796000881	-1688.59370906	
-4.64118062351	-1688.59240341	
-4.64439089914	-1688.59111322	
-4.64759090187	-1688.58983833	
-4.65078069724	-1688.58857859	
-4.65396035016	-1688.58733385	
-4.65712992492	-1688.58610397	
-4.66028948521	-1688.5848888	
-4.66343909411	-1688.58368821	
-4.66657881412	-1688.58250205	
-4.66970870713	-1688.58133019	
-4.67282883446	-1688.58017248	
-4.67593925688	-1688.57902879	
-4.67904003455	-1688.57789899	
-4.68213122712	-1688.57678294	
-4.68521289366	-1688.57568051	
-4.6882850927	-1688.57459158	
-4.69134788223	-1688.57351601	
-4.69440131972	-1688.57245369	
-4.6974454621	-1688.57140447	
-4.70048036579	-1688.57036824	
-4.70350608671	-1688.56934489	
-4.70652268025	-1688.56833427	
-4.70953020131	-1688.56733629	
-4.71252870431	-1688.56635081	
-4.71551824316	-1688.56537772	
-4.7184988713	-1688.56441691	
-4.72147064168	-1688.56346826	
-4.72443360681	-1688.56253165	
-4.72738781871	-1688.56160699	
-4.73033332894	-1688.56069414	
-4.73327018862	-1688.55979302	
-4.73619844839	-1688.5589035	
-4.7391181585	-1688.55802547	
-4.74202936871	-1688.55715885	
-4.74493212836	-1688.55630351	
-4.74782648639	-1688.55545936	
-4.75071249128	-1688.55462629	
-4.75359019111	-1688.55380421	
-4.75645963353	-1688.552993	
-4.75932086582	-1688.55219258	
-4.7621739348	-1688.55140285	
-4.76501888693	-1688.5506237	
-4.76785576827	-1688.54985504	
-4.77068462447	-1688.54909678	
-4.77350550081	-1688.54834882	
-4.77631844218	-1688.54761107	
-4.77912349311	-1688.54688343	
-4.78192069773	-1688.54616583	
-4.78471009982	-1688.54545815	
-4.78749174278	-1688.54476033	
-4.79026566966	-1688.54407227	
-4.79303192316	-1688.54339387	
-4.7957905456	-1688.54272507	
-4.79854157897	-1688.54206576	
-4.80128506491	-1688.54141587	
-4.80402104473	-1688.54077531	
-4.80674955939	-1688.540144	
-4.8094706495	-1688.53952185	
-4.81218435537	-1688.53890879	
-4.81489071697	-1688.53830474	
-4.81758977394	-1688.53770962	
-4.82028156561	-1688.53712334	
-4.82296613098	-1688.53654584	
-4.82564350875	-1688.53597702	
-4.8283137373	-1688.53541683	
-4.83097685472	-1688.53486518	
-4.83363289878	-1688.53432199	
-4.83628190695	-1688.5337872	
-4.83892391641	-1688.53326073	
-4.84155896405	-1688.5327425	
-4.84418708646	-1688.53223246	
-4.84680831994	-1688.53173051	
-4.84942270051	-1688.53123661	
-4.85203026392	-1688.53075067	
-4.85463104562	-1688.53027263	
-4.8572250808	-1688.52980241	
-4.85981240436	-1688.52933996	
-4.86239305096	-1688.52888521	
-4.86496705495	-1688.52843808	
-4.86753445046	-1688.52799852	
-4.87009527132	-1688.52756646	
-4.87264955112	-1688.52714183	
-4.8751973232	-1688.52672457	
-4.87773862063	-1688.52631462	
-4.88027347623	-1688.52591192	
-4.88280192259	-1688.52551641	
-4.88532399202	-1688.52512801	
-4.88783971662	-1688.52474669	
-4.89034912822	-1688.52437236	
-4.89285225844	-1688.52400498	
-4.89534913864	-1688.52364449	
-4.89783979995	-1688.52329082	
-4.90032427328	-1688.52294393	
-4.90280258929	-1688.52260375	
-4.90527477844	-1688.52227023	
-4.90774087093	-1688.52194331	
-4.91020089677	-1688.52162293	
-4.91265488574	-1688.52130905	
-4.91510286737	-1688.5210016	
-4.91754487103	-1688.52070054	
-4.91998092583	-1688.52040581	
-4.92241106068	-1688.52011736	
-4.92483530429	-1688.51983513	
-4.92725368516	-1688.51955908	
-4.92966623156	-1688.51928915	
-4.93207297159	-1688.51902529	
-4.93447393313	-1688.51876745	
-4.93686914386	-1688.51851559	
-4.93925863125	-1688.51826965	
-4.94164242261	-1688.51802959	
-4.94402054501	-1688.51779535	
-4.94639302537	-1688.51756689	
-4.94875989038	-1688.51734416	
-4.95112116656	-1688.51712711	
-4.95347688026	-1688.5169157	
-4.9558270576	-1688.51670988	
-4.95817172456	-1688.51650961	
-4.96051090691	-1688.51631484	
-4.96284463026	-1688.51612553	
-4.96517292002	-1688.51594162	
-4.96749580144	-1688.51576308	
-4.96981329958	-1688.51558987	
-4.97212543933	-1688.51542194	
-4.97443224543	-1688.51525924	
-4.97673374242	-1688.51510174	
-4.97902995468	-1688.5149494	
-4.98132090643	-1688.51480216	
-4.98360662171	-1688.51466	
-4.98588712441	-1688.51452286	
-4.98816243824	-1688.51439072	
-4.99043258678	-1688.51426352	
-4.99269759341	-1688.51414124	
-4.99495748138	-1688.51402382	
-4.99721227376	-1688.51391123	
-4.9994619935	-1688.51380344	
-5.00170666335	-1688.5137004	
-5.00394630595	-1688.51360208	
-5.00618094375	-1688.51350844	
-5.00841059907	-1688.51341943	
-5.0106352941	-1688.51333504	
-5.01285505083	-1688.5132552	
-5.01506989116	-1688.51317991	
-5.01727983681	-1688.5131091	
-5.01948490937	-1688.51304276	
-5.02168513028	-1688.51298084	
-5.02388052085	-1688.51292331	
-5.02607110223	-1688.51287013	
-5.02825689545	-1688.51282128	
-5.03043792139	-1688.51277671	
-5.03261420082	-1688.5127364	
-5.03478575433	-1688.5127003	
-5.03695260241	-1688.51266839	
-5.03911476542	-1688.51264063	
-5.04127226356	-1688.512617	
-5.04342511692	-1688.51259745	
-5.04557334546	-1688.51258196	
-5.047716969	-1688.51257049	
-5.04985600725	-1688.51256301	
-5.05199047978	-1688.5125595	
-5.05412040604	-1688.51255992	
-5.05624580535	-1688.51256423	
-5.05836669692	-1688.51257242	
-5.06048309982	-1688.51258445	
-5.06259503303	-1688.51260028	
-5.06470251537	-1688.5126199	
-5.06680556556	-1688.51264327	
-5.06890420222	-1688.51267036	
-5.07099844382	-1688.51270114	
-5.07308830874	-1688.51273559	
-5.07517381523	-1688.51277367	
-5.07725498144	-1688.51281536	
-5.07933182538	-1688.51286063	
-5.08140436498	-1688.51290946	
-5.08347261805	-1688.5129618	
-5.08553660227	-1688.51301765	
-5.08759633523	-1688.51307697	
-5.08965183441	-1688.51313973	
-5.09170311719	-1688.5132059	
-5.09375020081	-1688.51327547	
-5.09579310244	-1688.51334841	
-5.09783183913	-1688.51342468	
-5.09986642782	-1688.51350427	
-5.10189688537	-1688.51358715	
-5.10392322852	-1688.51367329	
-5.1059454739	-1688.51376267	
-5.10796363806	-1688.51385527	
-5.10997773743	-1688.51395105	
-5.11198778836	-1688.51405	
-5.11399380708	-1688.51415208	
-5.11599580975	-1688.51425729	
-5.11799381242	-1688.51436559	
-5.11998783102	-1688.51447696	
-5.12197788143	-1688.51459137	
-5.1239639794	-1688.51470881	
-5.12594614061	-1688.51482925	
-5.12792438062	-1688.51495266	
-5.12989871492	-1688.51507903	
-5.13186915891	-1688.51520834	
-5.13383572788	-1688.51534055	
-5.13579843705	-1688.51547565	
-5.13775730154	-1688.51561362	
-5.13971233637	-1688.51575444	
-5.1416635565	-1688.51589807	
-5.14361097679	-1688.51604451	
-5.145554612	-1688.51619373	
-5.14749447681	-1688.51634571	
-5.14943058584	-1688.51650043	
-5.15136295359	-1688.51665787	
-5.1532915945	-1688.516818	
-5.15521652291	-1688.51698082	
-5.15713775309	-1688.51714629	
-5.15905529921	-1688.5173144	
-5.1609691754	-1688.51748513	
-5.16287939565	-1688.51765845	
-5.16478597392	-1688.51783436	
-5.16668892407	-1688.51801282	
-5.16858825987	-1688.51819383	
-5.17048399504	-1688.51837735	
-5.17237614319	-1688.51856338	
-5.17426471788	-1688.5187519	
-5.17614973257	-1688.51894287	
-5.17803120067	-1688.5191363	
-5.1799091355	-1688.51933215	
-5.18178355029	-1688.51953042	
-5.18365445823	-1688.51973107	
-5.1855218724	-1688.51993411	
-5.18738580584	-1688.52013949	
-5.18924627149	-1688.52034722	
-5.19110328224	-1688.52055727	
-5.19295685089	-1688.52076963	
-5.19480699018	-1688.52098427	
-5.19665371277	-1688.52120118	
-5.19849703127	-1688.52142035	
-5.20033695819	-1688.52164176	
-5.202173506	-1688.52186538	
-5.20400668708	-1688.52209121	
-5.20583651375	-1688.52231923	
-5.20766299828	-1688.52254942	
-5.20948615284	-1688.52278176	
-5.21130598956	-1688.52301624	
-5.21312252048	-1688.52325285	
-5.21493575761	-1688.52349156	
-5.21674571285	-1688.52373237	
-5.21855239808	-1688.52397525	
-5.22035582508	-1688.5242202	
-5.22215600558	-1688.52446719	
-5.22395295126	-1688.52471621	
-5.22574667371	-1688.52496725	
-5.22753718449	-1688.52522029	
-5.22932449506	-1688.52547531	
-5.23110861685	-1688.52573231	
-5.23288956123	-1688.52599127	
-5.23466733947	-1688.52625216	
-5.23644196283	-1688.52651499	
-5.23821344248	-1688.52677973	
-5.23998178954	-1688.52704637	
-5.24174701506	-1688.5273149	
-5.24350913005	-1688.5275853	
-5.24526814546	-1688.52785756	
-5.24702407216	-1688.52813166	
-5.24877692099	-1688.52840759	
-5.25052670271	-1688.52868534	
-5.25227342805	-1688.5289649	
-5.25401710765	-1688.52924625	
-5.25575775213	-1688.52952937	
-5.25749537203	-1688.52981426	
-5.25922997784	-1688.5301009	
-5.26096158	-1688.53038929	
-5.2626901889	-1688.53067939	
-5.26441581487	-1688.53097121	
-5.26613846818	-1688.53126474	
-5.26785815906	-1688.53155995	
-5.26957489768	-1688.53185683	
-5.27128869416	-1688.53215538	
-5.27299955856	-1688.53245559	
-5.27470750091	-1688.53275743	
-5.27641253116	-1688.5330609	
-5.27811465923	-1688.53336598	
-5.27981389498	-1688.53367267	
-5.28151024823	-1688.53398095	
-5.28320372874	-1688.53429081	
-5.28489434622	-1688.53460224	
-5.28658211033	-1688.53491523	
-5.28826703069	-1688.53522976	
-5.28994911688	-1688.53554583	
-5.2916283784	-1688.53586342	
-5.29330482472	-1688.53618252	
-5.29497846528	-1688.53650313	
-5.29664930945	-1688.53682522	
-5.29831736655	-1688.53714879	
-5.29998264587	-1688.53747384	
-5.30164515664	-1688.53780033	
-5.30330490806	-1688.53812828	
-5.30496190927	-1688.53845766	
-5.30661616936	-1688.53878847	
-5.3082676974	-1688.53912069	
-5.30991650239	-1688.53945431	
-5.3115625933	-1688.53978934	
-5.31320597904	-1688.54012574	
-5.3148466685	-1688.54046352	
-5.3164846705	-1688.54080267	
-5.31811999384	-1688.54114316	
-5.31975264727	-1688.54148501	
-5.32138263948	-1688.54182818	
-5.32300997914	-1688.54217268	
-5.32463467487	-1688.5425185	
-5.32625673524	-1688.54286562	
-5.32787616879	-1688.54321403	
-5.32949298402	-1688.54356374	
-5.33110718937	-1688.54391472	
-5.33271879327	-1688.54426696	
-5.33432780407	-1688.54462047	
-5.33593423012	-1688.54497522	
-5.3375380797	-1688.54533121	
-5.33913936107	-1688.54568843	
-5.34073808243	-1688.54604688	
-5.34233425196	-1688.54640653	
-5.3439278778	-1688.54676739	
-5.34551896803	-1688.54712945	
-5.34710753072	-1688.54749269	
-5.34869357387	-1688.54785711	
-5.35027710548	-1688.54822269	
-5.35185813348	-1688.54858944	
-5.35343666577	-1688.54895734	
-5.35501271022	-1688.54932638	
-5.35658627467	-1688.54969655	
-5.3581573669	-1688.55006785	
-5.35972599468	-1688.55044027	
-5.36129216571	-1688.5508138	
-5.36285588769	-1688.55118843	
-5.36441716825	-1688.55156415	
-5.36597601502	-1688.55194096	
-5.36753243557	-1688.55231885	
-5.36908643744	-1688.5526978	
-5.37063802813	-1688.55307782	
-5.37218721511	-1688.55345889	
-5.37373400583	-1688.553841	
-5.37527840768	-1688.55422415	
-5.37682042804	-1688.55460834	
-5.37836007422	-1688.55499354	
-5.37989735354	-1688.55537976	
-5.38143227326	-1688.55576699	
-5.38296484061	-1688.55615522	
-5.38449506279	-1688.55654444	
-5.38602294697	-1688.55693465	
-5.38754850028	-1688.55732583	
-5.38907172982	-1688.55771799	
-5.39059264266	-1688.55811111	
-5.39211124583	-1688.55850518	
-5.39362754635	-1688.55890021	
-5.39514155118	-1688.55929618	
-5.39665326727	-1688.55969308	
-5.39816270152	-1688.56009091	
-5.39966986081	-1688.56048966	
-5.40117475199	-1688.56088933	
-5.40267738187	-1688.5612899	
-5.40417775725	-1688.56169137	
-5.40567588487	-1688.56209374	
-5.40717177146	-1688.562497	
-5.40866542372	-1688.56290113	
-5.4101568483	-1688.56330615	
-5.41164605186	-1688.56371202	
-5.41313304098	-1688.56411876	
-5.41461782224	-1688.56452636	
-5.4161004022	-1688.5649348	
-5.41758078737	-1688.56534408	
-5.41905898424	-1688.5657542	
-5.42053499927	-1688.56616515	
-5.42200883889	-1688.56657693	
-5.4234805095	-1688.56698951	
-5.42495001748	-1688.56740291	
-5.42641736918	-1688.56781712	
-5.4278825709	-1688.56823212	
-5.42934562895	-1688.56864792	
-5.43080654959	-1688.5690645	
-5.43226533906	-1688.56948186	
-5.43372200355	-1688.5699	
-5.43517654927	-1688.5703189	
-5.43662898235	-1688.57073857	
-5.43807930892	-1688.571159	
-5.4395275351	-1688.57158017	
-5.44097366695	-1688.5720021	
-5.44241771052	-1688.57242476	
-5.44385967184	-1688.57284816	
-5.4452995569	-1688.57327228	
-5.44673737167	-1688.57369713	
-5.44817312209	-1688.5741227	
-5.44960681409	-1688.57454897	
-5.45103845357	-1688.57497596	
-5.45246804638	-1688.57540365	
-5.45389559837	-1688.57583203	
-5.45532111536	-1688.5762611	
-5.45674460314	-1688.57669086	
-5.45816606749	-1688.5771213	
-5.45958551414	-1688.57755241	
-5.46100294883	-1688.57798419	
-5.46241837723	-1688.57841664	
-5.46383180503	-1688.57884974	
-5.46524323786	-1688.5792835	
-5.46665268137	-1688.57971791	
-5.46806014114	-1688.58015296	
-5.46946562274	-1688.58058866	
-5.47086913175	-1688.58102498	
-5.47227067367	-1688.58146194	
-5.47367025403	-1688.58189952	
-5.47506787829	-1688.58233771	
-5.47646355193	-1688.58277653	
-5.47785728038	-1688.58321595	
-5.47924906905	-1688.58365598	
-5.48063892334	-1688.58409661	
-5.48202684862	-1688.58453783	
-5.48341285022	-1688.58497964	
-5.48479693349	-1688.58542204	
-5.48617910372	-1688.58586502	
-5.48755936619	-1688.58630858	
-5.48893772616	-1688.58675271	
-5.49031418887	-1688.58719741	
-5.49168875953	-1688.58764267	
-5.49306144334	-1688.5880885	
-5.49443224547	-1688.58853487	
-5.49580117108	-1688.5889818	
-5.49716822529	-1688.58942927	
-5.49853341322	-1688.58987728	
-5.49989673995	-1688.59032583	
-5.50125821054	-1688.59077491	
-5.50261783006	-1688.59122452	
-5.50397560352	-1688.59167466	
-5.50533153593	-1688.59212531	
-5.50668563228	-1688.59257648	
-5.50803789753	-1688.59302816	
-5.50938833663	-1688.59348035	
-5.5107369545	-1688.59393304	
-5.51208375605	-1688.59438623	
-5.51342874616	-1688.59483992	
-5.51477192971	-1688.5952941	
-5.51611331154	-1688.59574876	
-5.51745289646	-1688.59620391	
-5.51879068931	-1688.59665954	
-5.52012669485	-1688.59711564	
-5.52146091786	-1688.59757222	
-5.5227933631	-1688.59802926	
-5.52412403528	-1688.59848676	
-5.52545293913	-1688.59894473	
-5.52678007934	-1688.59940315	
-5.52810546058	-1688.59986202	
-5.52942908751	-1688.60032134	
-5.53075096477	-1688.60078111	
-5.53207109697	-1688.60124132	
-5.53338948873	-1688.60170196	
-5.53470614461	-1688.60216304	
-5.53602106919	-1688.60262455	
-5.53733426702	-1688.60308649	
-5.53864574262	-1688.60354885	
-5.5399555005	-1688.60401162	
-5.54126354516	-1688.60447482	
-5.54256988107	-1688.60493842	
-5.5438745127	-1688.60540244	
-5.54517744448	-1688.60586686	
-5.54647868084	-1688.60633168	
-5.54777822618	-1688.6067969	
-5.5490760849	-1688.60726251	
-5.55037226136	-1688.60772852	
-5.55166675992	-1688.60819492	
-5.55295958492	-1688.6086617	
-5.55425074069	-1688.60912886	
-5.55554023152	-1688.6095964	
-5.5568280617	-1688.61006431	
-5.55811423551	-1688.6105326	
-5.5593987572	-1688.61100125	
-5.56068163102	-1688.61147027	
-5.56196286117	-1688.61193966	
-5.56324245188	-1688.6124094	
-5.56452040732	-1688.61287949	
-5.56579673168	-1688.61334994	
-5.56707142911	-1688.61382074	
-5.56834450376	-1688.61429189	
-5.56961595975	-1688.61476338	
-5.57088580119	-1688.6152352	
-5.57215403218	-1688.61570737	
-5.57342065679	-1688.61617987	
-5.5746856791	-1688.6166527	
-5.57594910315	-1688.61712586	
-5.57721093297	-1688.61759935	
-5.57847117258	-1688.61807315	
-5.57972982599	-1688.61854728	
-5.58098689718	-1688.61902172	
-5.58224239012	-1688.61949648	
-5.58349630878	-1688.61997154	
-5.5847486571	-1688.62044692	
-5.585999439	-1688.6209226	
-5.5872486584	-1688.62139858	
-5.5884963192	-1688.62187486	
-5.58974242528	-1688.62235144	
-5.59098698051	-1688.62282831	
-5.59222998875	-1688.62330547	
-5.59347145384	-1688.62378292	
-5.5947113796	-1688.62426065	
-5.59594976985	-1688.62473867	
-5.59718662839	-1688.62521697	
-5.598421959	-1688.62569555	
-5.59965576545	-1688.6261744	
-5.60088805149	-1688.62665352	
-5.60211882088	-1688.62713291	
-5.60334807733	-1688.62761257	
-5.60457582457	-1688.6280925	
-5.6058020663	-1688.62857268	
-5.60702680619	-1688.62905313	
-5.60825004793	-1688.62953383	
-5.60947179518	-1688.63001478	
-5.61069205159	-1688.63049599	
-5.61191082078	-1688.63097745	
-5.61312810639	-1688.63145915	
-5.61434391201	-1688.6319411	
-5.61555824124	-1688.63242329	
-5.61677109767	-1688.63290572	
-5.61798248485	-1688.63338838	
-5.61919240636	-1688.63387128	
-5.62040086572	-1688.63435441	
-5.62160786647	-1688.63483777	
-5.62281341212	-1688.63532136	
-5.62401750619	-1688.63580518	
-5.62522015215	-1688.63628922	
-5.6264213535	-1688.63677347	
-5.62762111369	-1688.63725795	
-5.62881943618	-1688.63774264	
-5.63001632442	-1688.63822754	
-5.63121178182	-1688.63871266	
-5.63240581181	-1688.63919799	
-5.6335984178	-1688.63968352	
-5.63478960317	-1688.64016925	
-5.6359793713	-1688.64065519	
-5.63716772557	-1688.64114133	
-5.63835466933	-1688.64162767	
-5.63954020593	-1688.6421142	
-5.64072433869	-1688.64260093	
-5.64190707094	-1688.64308785	
-5.64308840598	-1688.64357496	
-5.64426834712	-1688.64406225	
-5.64544689764	-1688.64454973	
-5.64662406082	-1688.6450374	
-5.64779983991	-1688.64552524	
-5.64897423816	-1688.64601326	
-5.65014725882	-1688.64650146	
-5.65131890512	-1688.64698984	
-5.65248918027	-1688.64747839	
-5.65365808747	-1688.64796711	
-5.65482562993	-1688.648456	
-5.65599181082	-1688.64894505	
-5.65715663332	-1688.64943427	
-5.65832010058	-1688.64992365	
-5.65948221576	-1688.6504132	
-5.660642982	-1688.6509029	
-5.66180240242	-1688.65139276	
-5.66296048014	-1688.65188278	
-5.66411721826	-1688.65237295	
-5.66527261989	-1688.65286327	
-5.66642668811	-1688.65335373	
-5.66757942599	-1688.65384435	
-5.6687308366	-1688.65433512	
-5.66988092298	-1688.65482602	
-5.67102968818	-1688.65531707	
-5.67217713524	-1688.65580826	
-5.67332326717	-1688.65629959	
-5.67446808699	-1688.65679105	
-5.67561159769	-1688.65728265	
-5.67675380227	-1688.65777439	
-5.6778947037	-1688.65826625	
-5.67903430497	-1688.65875824	
-5.68017260902	-1688.65925036	
-5.6813096188	-1688.65974261	
-5.68244533727	-1688.66023498	
-5.68357976734	-1688.66072748	
-5.68471291194	-1688.66122009	
-5.68584477397	-1688.66171283	
-5.68697535634	-1688.66220568	
-5.68810466194	-1688.66269865	
-5.68923269364	-1688.66319173	
-5.69035945432	-1688.66368493	
-5.69148494685	-1688.66417823	
-5.69260917406	-1688.66467165	
-5.6937321388	-1688.66516517	
-5.69485384391	-1688.6656588	
-5.69597429221	-1688.66615253	
-5.69709348651	-1688.66664637	
-5.69821142961	-1688.6671403	
-5.69932812431	-1688.66763434	
-5.70044357339	-1688.66812847	
-5.70155777963	-1688.6686227	
-5.7026707458	-1688.66911703	
-5.70378247466	-1688.66961145	
-5.70489296894	-1688.67010596	
-5.70600223139	-1688.67060056	
-5.70711026475	-1688.67109525	
-5.70821707172	-1688.67159003	
-5.70932265503	-1688.67208489	
-5.71042701737	-1688.67257984	
-5.71153016145	-1688.67307487	
-5.71263208993	-1688.67356998	
-5.71373280551	-1688.67406518	
-5.71483231084	-1688.67456045	
-5.71593060859	-1688.67505579	
-5.71702770141	-1688.67555122	
-5.71812359193	-1688.67604671	
-5.71921828279	-1688.67654228	
-5.72031177661	-1688.67703793	
-5.72140407601	-1688.67753364	
-5.72249518359	-1688.67802942	
-5.72358510195	-1688.67852526	
-5.72467383369	-1688.67902118	
-5.72576138137	-1688.67951715	
-5.72684774759	-1688.68001319	
-5.72793293489	-1688.68050929	
-5.72901694583	-1688.68100546	
-5.73009978297	-1688.68150168	
-5.73118144884	-1688.68199796	
-5.73226194598	-1688.68249429	
-5.7333412769	-1688.68299068	
-5.73441944412	-1688.68348713	
-5.73549645015	-1688.68398362	
-5.73657229748	-1688.68448017	
-5.73764698861	-1688.68497677	
-5.73872052602	-1688.68547341	
-5.73979291218	-1688.68597011	
-5.74086414956	-1688.68646685	
-5.74193424062	-1688.68696363	
-5.74300318781	-1688.68746046	
-5.74407099357	-1688.68795733	
-5.74513766034	-1688.68845424	
-5.74620319054	-1688.68895119	
-5.7472675866	-1688.68944818	
-5.74833085092	-1688.68994521	
-5.74939298591	-1688.69044227	
-5.75045399397	-1688.69093937	
-5.75151387748	-1688.6914365	
-5.75257263883	-1688.69193367	
-5.75363028038	-1688.69243087	
-5.75468680452	-1688.69292809	
-5.75574221359	-1688.69342535	
-5.75679650994	-1688.69392263	
-5.75784969593	-1688.69441995	
-5.75890177388	-1688.69491728	
-5.75995274612	-1688.69541465	
-5.76100261499	-1688.69591203	
-5.76205138278	-1688.69640944	
-5.76309905181	-1688.69690687	
-5.76414562438	-1688.69740432	
-5.76519110278	-1688.69790179	
-5.7662354893	-1688.69839927	
-5.76727878622	-1688.69889678	
-5.76832099579	-1688.69939429	
-5.7693621203	-1688.69989183	
-5.770402162	-1688.70038938	
-5.77144112313	-1688.70088694	
-5.77247900594	-1688.70138451	
-5.77351581267	-1688.70188209	
-5.77455154554	-1688.70237968	
-5.77558620679	-1688.70287728	
-5.77661979861	-1688.70337489	
-5.77765232322	-1688.7038725	
-5.77868378283	-1688.70437012	
-5.77971417962	-1688.70486775	
-5.78074351579	-1688.70536538	
-5.78177179352	-1688.705863	
-5.78279901497	-1688.70636064	
-5.78382518233	-1688.70685827	
-5.78485029774	-1688.7073559	
-5.78587436337	-1688.70785353	
-5.78689738137	-1688.70835115	
-5.78791935386	-1688.70884878	
-5.788940283	-1688.7093464	
-5.7899601709	-1688.70984401	
-5.79097901969	-1688.71034162	
-5.79199683148	-1688.71083922	
-5.79301360838	-1688.71133681	
-5.7940293525	-1688.71183439	
-5.79504406593	-1688.71233196	
-5.79605775077	-1688.71282953	
-5.79707040908	-1688.71332708	
-5.79808204295	-1688.71382461	
-5.79909265446	-1688.71432214	
-5.80010224566	-1688.71481964	
-5.80111081862	-1688.71531714	
-5.80211837538	-1688.71581461	
-5.80312491799	-1688.71631207	
-5.80413044849	-1688.71680951	
-5.80513496892	-1688.71730694	
-5.80613848129	-1688.71780434	
-5.80714098764	-1688.71830172	
-5.80814248998	-1688.71879908	
-5.80914299031	-1688.71929642	
