# log_p 	 lnL 	 
0.0	-1610.96496896	
-0.287682072452	-1610.96487805	
-0.510825623766	-1610.96470335	
-0.69314718056	-1610.96457564	
-0.847297860387	-1610.96450301	
-0.980829253012	-1610.96447444	
-1.09861228867	-1610.96447778	
-1.20397280433	-1610.96450294	
-1.29928298413	-1610.96454227	
-1.38629436112	-1610.96459015	
-1.46633706879	-1610.96464263	
-1.54044504095	-1610.96469693	
-1.60943791243	-1610.96475119	
-1.67397643357	-1610.96480416	
-1.73460105539	-1610.96485505	
-1.79175946923	-1610.96490338	
-1.8458266905	-1610.96494889	
-1.89711998489	-1610.96499146	
-1.94591014906	-1610.9650311	
-1.99243016469	-1610.96506786	
-2.03688192726	-1610.96510183	
-2.07944154168	-1610.96513316	
-2.1202635362	-1610.96516199	
-2.15948424935	-1610.96518846	
-2.19722457734	-1610.96521274	
-2.23359222151	-1610.96523496	
-2.26868354132	-1610.96525528	
-2.30258509299	-1610.96527383	
-2.33537491582	-1610.96529074	
-2.36712361413	-1610.96530614	
-2.3978952728	-1610.96532014	
-2.42774823595	-1610.96533284	
-2.45673577282	-1610.96534435	
-2.48490664979	-1610.96535475	
-2.51230562398	-1610.96536413	
-2.53897387106	-1610.96537257	
-2.56494935746	-1610.96538014	
-2.59026716545	-1610.96538691	
-2.61495977804	-1610.96539295	
-2.63905732962	-1610.96539829	
-2.66258782703	-1610.96540301	
-2.68557734525	-1610.96540714	
-2.7080502011	-1610.96541073	
-2.73002910782	-1610.96541382	
-2.75153531304	-1610.96541645	
-2.77258872224	-1610.96541866	
-2.79320800944	-1610.96542047	
-2.81341071676	-1610.96542192	
-2.83321334406	-1610.96542304	
-2.85263142991	-1610.96542384	
-2.87167962488	-1610.96542435	
-2.8903717579	-1610.9654246	
-2.90872089656	-1610.9654246	
-2.92673940207	-1610.96542438	
-2.94443897917	-1610.96542395	
-2.96183072188	-1610.96542332	
-2.97892515524	-1610.96542251	
-2.99573227355	-1610.96542153	
-3.01226157551	-1610.96542041	
-3.02852209638	-1610.96541914	
-3.04452243772	-1610.96541774	
-3.06027079469	-1610.96541622	
-3.07577498123	-1610.96541459	
-3.09104245336	-1610.96541286	
-3.10608033072	-1610.96541104	
-3.12089541651	-1610.96540913	
-3.13549421593	-1610.96540714	
-3.14988295338	-1610.96540508	
-3.16406758837	-1610.96540295	
-3.17805383035	-1610.96540076	
-3.19184715248	-1610.96539852	
-3.20545280454	-1610.96539623	
-3.21887582487	-1610.96539389	
-3.23212105162	-1610.96539151	
-3.24519313319	-1610.96538909	
-3.25809653802	-1610.96538664	
-3.2708355638	-1610.96538415	
-3.28341434601	-1610.96538165	
-3.295836866	-1610.96537911	
-3.3081069586	-1610.96537656	
-3.32022831913	-1610.96537399	
-3.33220451018	-1610.9653714	
-3.34403896782	-1610.9653688	
-3.35573500759	-1610.96536619	
-3.36729582999	-1610.96536357	
-3.37872452581	-1610.96536094	
-3.39002408106	-1610.9653583	
-3.40119738166	-1610.96535566	
-3.41224721785	-1610.96535302	
-3.42317628838	-1610.96535038	
-3.43398720449	-1610.96534773	
-3.4446824936	-1610.96534509	
-3.45526460293	-1610.96534245	
-3.4657359028	-1610.96533981	
-3.47609868984	-1610.96533718	
-3.48635519	-1610.96533455	
-3.49650756147	-1610.96533193	
-3.50655789732	-1610.96532932	
-3.51650822817	-1610.96532671	
-3.52636052462	-1610.96532412	
-3.53611669956	-1610.96532153	
-3.54577861047	-1610.96531895	
-3.55534806149	-1610.96531638	
-3.56482680544	-1610.96531382	
-3.57421654579	-1610.96531127	
-3.58351893846	-1610.96530874	
-3.59273559356	-1610.96530621	
-3.60186807712	-1610.9653037	
-3.61091791264	-1610.9653012	
-3.61988658263	-1610.96529872	
-3.62877553004	-1610.96529624	
-3.63758615973	-1610.96529379	
-3.6463198397	-1610.96529134	
-3.65497790244	-1610.96528891	
-3.66356164613	-1610.96528649	
-3.6720723358	-1610.96528408	
-3.68051120444	-1610.96528169	
-3.68887945411	-1610.96527932	
-3.69717825693	-1610.96527696	
-3.70540875607	-1610.96527461	
-3.7135720667	-1610.96527228	
-3.72166927694	-1610.96526996	
-3.72970144863	-1610.96526766	
-3.73766961828	-1610.96526537	
-3.74557479779	-1610.9652631	
-3.75341797525	-1610.96526085	
-3.76120011569	-1610.9652586	
-3.76892216179	-1610.96525638	
-3.77658503453	-1610.96525416	
-3.78418963392	-1610.96525197	
-3.79173683955	-1610.96524978	
-3.79922751128	-1610.96524762	
-3.80666248977	-1610.96524546	
-3.81404259707	-1610.96524333	
-3.82136863716	-1610.9652412	
-3.82864139649	-1610.96523909	
-3.83586164446	-1610.965237	
-3.84303013394	-1610.96523492	
-3.85014760171	-1610.96523286	
-3.85721476893	-1610.96523081	
-3.86423234159	-1610.96522877	
-3.87120101091	-1610.96522675	
-3.87812145375	-1610.96522475	
-3.88499433304	-1610.96522275	
-3.89182029811	-1610.96522078	
-3.8985999851	-1610.96521881	
-3.90533401728	-1610.96521686	
-3.91202300543	-1610.96521493	
-3.91866754815	-1610.965213	
-3.92526823218	-1610.9652111	
-3.93182563272	-1610.9652092	
-3.93834031375	-1610.96520732	
-3.94481282825	-1610.96520545	
-3.95124371858	-1610.9652036	
-3.95763351668	-1610.96520176	
-3.96398274436	-1610.96519993	
-3.97029191355	-1610.96519811	
-3.97656152657	-1610.96519631	
-3.98279207632	-1610.96519452	
-3.98898404656	-1610.96519275	
-3.99513791214	-1610.96519098	
-4.00125413916	-1610.96518923	
-4.00733318523	-1610.9651875	
-4.01337549969	-1610.96518577	
-4.01938152375	-1610.96518406	
-4.02535169074	-1610.96518236	
-4.03128642625	-1610.96518067	
-4.03718614838	-1610.96517899	
-4.04305126783	-1610.96517732	
-4.04888218815	-1610.96517567	
-4.05467930583	-1610.96517403	
-4.06044301055	-1610.9651724	
-4.06617368526	-1610.96517078	
-4.07187170637	-1610.96516917	
-4.07753744391	-1610.96516758	
-4.08317126162	-1610.96516599	
-4.08877351717	-1610.96516442	
-4.09434456222	-1610.96516286	
-4.0998847426	-1610.96516131	
-4.10539439841	-1610.96515977	
-4.11087386417	-1610.96515824	
-4.11632346894	-1610.96515672	
-4.12174353641	-1610.96515521	
-4.12713438505	-1610.96515371	
-4.13249632819	-1610.96515223	
-4.13782967416	-1610.96515075	
-4.14313472639	-1610.96514928	
-4.14841178349	-1610.96514782	
-4.15366113938	-1610.96514638	
-4.15888308336	-1610.96514494	
-4.16407790024	-1610.96514351	
-4.1692458704	-1610.9651421	
-4.1743872699	-1610.96514069	
-4.17950237056	-1610.96513929	
-4.18459144007	-1610.9651379	
-4.18965474203	-1610.96513652	
-4.19469253606	-1610.96513515	
-4.19970507788	-1610.96513379	
-4.20469261939	-1610.96513244	
-4.20965540873	-1610.9651311	
-4.21459369037	-1610.96512977	
-4.21950770518	-1610.96512844	
-4.22439769047	-1610.96512713	
-4.22926388012	-1610.96512582	
-4.2341065046	-1610.96512452	
-4.23892579103	-1610.96512323	
-4.2437219633	-1610.96512195	
-4.24849524205	-1610.96512068	
-4.25324584481	-1610.96511942	
-4.257973986	-1610.96511816	
-4.26267987704	-1610.96511692	
-4.26736372635	-1610.96511568	
-4.27202573946	-1610.96511445	
-4.27666611902	-1610.96511322	
-4.28128506487	-1610.96511201	
-4.28588277412	-1610.9651108	
-4.29045944115	-1610.9651096	
-4.29501525768	-1610.96510841	
-4.29955041285	-1610.96510723	
-4.3040650932	-1610.96510605	
-4.30855948279	-1610.96510488	
-4.31303376319	-1610.96510372	
-4.31748811354	-1610.96510257	
-4.3219227106	-1610.96510142	
-4.32633772881	-1610.96510028	
-4.33073334029	-1610.96509915	
-4.33510971489	-1610.96509802	
-4.33946702026	-1610.96509691	
-4.34380542185	-1610.9650958	
-4.348125083	-1610.96509469	
-4.3524261649	-1610.9650936	
-4.35670882669	-1610.96509251	
-4.36097322548	-1610.96509142	
-4.36521951636	-1610.96509035	
-4.36944785247	-1610.96508928	
-4.373658385	-1610.96508821	
-4.37785126326	-1610.96508716	
-4.38202663467	-1610.96508611	
-4.38618464482	-1610.96508506	
-4.39032543749	-1610.96508403	
-4.39444915467	-1610.96508299	
-4.39855593663	-1610.96508197	
-4.40264592188	-1610.96508095	
-4.40671924726	-1610.96507994	
-4.41077604796	-1610.96507893	
-4.4148164575	-1610.96507793	
-4.4188406078	-1610.96507694	
-4.42284862919	-1610.96507595	
-4.42684065046	-1610.96507497	
-4.43081679884	-1610.96507399	
-4.43477720006	-1610.96507302	
-4.43872197835	-1610.96507206	
-4.44265125649	-1610.9650711	
-4.44656515581	-1610.96507014	
-4.45046379623	-1610.9650692	
-4.45434729625	-1610.96506825	
-4.45821577303	-1610.96506732	
-4.46206934235	-1610.96506639	
-4.46590811865	-1610.96506546	
-4.46973221509	-1610.96506454	
-4.47354174351	-1610.96506363	
-4.47733681448	-1610.96506272	
-4.48111753732	-1610.96506181	
-4.48488402011	-1610.96506091	
-4.48863636973	-1610.96506002	
-4.49237469184	-1610.96505913	
-4.49609909093	-1610.96505825	
-4.49980967033	-1610.96505737	
-4.50350653221	-1610.96505649	
-4.50718977763	-1610.96505562	
-4.51085950652	-1610.96505476	
-4.51451581772	-1610.9650539	
-4.518158809	-1610.96505305	
-4.52178857705	-1610.9650522	
-4.52540521752	-1610.96505135	
-4.52900882502	-1610.96505051	
-4.53259949315	-1610.96504968	
-4.5361773145	-1610.96504885	
-4.53974238067	-1610.96504802	
-4.54329478227	-1610.9650472	
-4.54683460898	-1610.96504638	
-4.55036194949	-1610.96504557	
-4.5538768916	-1610.96504476	
-4.55737952215	-1610.96504396	
-4.56086992709	-1610.96504316	
-4.56434819147	-1610.96504237	
-4.56781439944	-1610.96504158	
-4.57126863431	-1610.96504079	
-4.5747109785	-1610.96504001	
-4.5781415136	-1610.96503923	
-4.58156032035	-1610.96503846	
-4.58496747867	-1610.96503769	
-4.58836306767	-1610.96503692	
-4.59174716566	-1610.96503616	
-4.59511985013	-1610.96503541	
-4.59848119784	-1610.96503465	
-4.60183128472	-1610.9650339	
-4.60517018599	-1610.96503316	
-4.60849797608	-1610.96503242	
-4.61181472871	-1610.96503168	
-4.61512051684	-1610.96503095	
-4.61841541274	-1610.96503022	
-4.62169948794	-1610.96502949	
-4.62497281328	-1610.96502877	
-4.62823545892	-1610.96502805	
-4.63148749431	-1610.96502734	
-4.63472898823	-1610.96502663	
-4.63796000881	-1610.96502592	
-4.64118062351	-1610.96502522	
-4.64439089914	-1610.96502452	
-4.64759090187	-1610.96502383	
-4.65078069724	-1610.96502313	
-4.65396035016	-1610.96502244	
-4.65712992492	-1610.96502176	
-4.66028948521	-1610.96502108	
-4.66343909411	-1610.9650204	
-4.66657881412	-1610.96501972	
-4.66970870713	-1610.96501905	
-4.67282883446	-1610.96501838	
-4.67593925688	-1610.96501772	
-4.67904003455	-1610.96501706	
-4.68213122712	-1610.9650164	
-4.68521289366	-1610.96501575	
-4.6882850927	-1610.96501509	
-4.69134788223	-1610.96501445	
-4.69440131972	-1610.9650138	
-4.6974454621	-1610.96501316	
-4.70048036579	-1610.96501252	
-4.70350608671	-1610.96501189	
-4.70652268025	-1610.96501125	
-4.70953020131	-1610.96501062	
-4.71252870431	-1610.96501	
-4.71551824316	-1610.96500938	
-4.7184988713	-1610.96500876	
-4.72147064168	-1610.96500814	
-4.72443360681	-1610.96500752	
-4.72738781871	-1610.96500691	
-4.73033332894	-1610.9650063	
-4.73327018862	-1610.9650057	
-4.73619844839	-1610.9650051	
-4.7391181585	-1610.9650045	
-4.74202936871	-1610.9650039	
-4.74493212836	-1610.96500331	
-4.74782648639	-1610.96500272	
-4.75071249128	-1610.96500213	
-4.75359019111	-1610.96500154	
-4.75645963353	-1610.96500096	
-4.75932086582	-1610.96500038	
-4.7621739348	-1610.96499981	
-4.76501888693	-1610.96499923	
-4.76785576827	-1610.96499866	
-4.77068462447	-1610.96499809	
-4.77350550081	-1610.96499752	
-4.77631844218	-1610.96499696	
-4.77912349311	-1610.9649964	
-4.78192069773	-1610.96499584	
-4.78471009982	-1610.96499529	
-4.78749174278	-1610.96499473	
-4.79026566966	-1610.96499418	
-4.79303192316	-1610.96499363	
-4.7957905456	-1610.96499309	
-4.79854157897	-1610.96499255	
-4.80128506491	-1610.96499201	
-4.80402104473	-1610.96499147	
-4.80674955939	-1610.96499093	
-4.8094706495	-1610.9649904	
-4.81218435537	-1610.96498987	
-4.81489071697	-1610.96498934	
-4.81758977394	-1610.96498881	
-4.82028156561	-1610.96498829	
-4.82296613098	-1610.96498777	
-4.82564350875	-1610.96498725	
-4.8283137373	-1610.96498673	
-4.83097685472	-1610.96498622	
-4.83363289878	-1610.96498571	
-4.83628190695	-1610.9649852	
-4.83892391641	-1610.96498469	
-4.84155896405	-1610.96498418	
-4.84418708646	-1610.96498368	
-4.84680831994	-1610.96498318	
-4.84942270051	-1610.96498268	
-4.85203026392	-1610.96498219	
-4.85463104562	-1610.96498169	
-4.8572250808	-1610.9649812	
-4.85981240436	-1610.96498071	
-4.86239305096	-1610.96498022	
-4.86496705495	-1610.96497974	
-4.86753445046	-1610.96497925	
-4.87009527132	-1610.96497877	
-4.87264955112	-1610.96497829	
-4.8751973232	-1610.96497781	
-4.87773862063	-1610.96497734	
-4.88027347623	-1610.96497687	
-4.88280192259	-1610.9649764	
-4.88532399202	-1610.96497593	
-4.88783971662	-1610.96497546	
-4.89034912822	-1610.96497499	
-4.89285225844	-1610.96497453	
-4.89534913864	-1610.96497407	
-4.89783979995	-1610.96497361	
-4.90032427328	-1610.96497315	
-4.90280258929	-1610.9649727	
-4.90527477844	-1610.96497224	
-4.90774087093	-1610.96497179	
-4.91020089677	-1610.96497134	
-4.91265488574	-1610.9649709	
-4.91510286737	-1610.96497045	
-4.91754487103	-1610.96497001	
-4.91998092583	-1610.96496956	
-4.92241106068	-1610.96496912	
-4.92483530429	-1610.96496868	
-4.92725368516	-1610.96496825	
-4.92966623156	-1610.96496781	
-4.93207297159	-1610.96496738	
-4.93447393313	-1610.96496695	
-4.93686914386	-1610.96496652	
-4.93925863125	-1610.96496609	
-4.94164242261	-1610.96496566	
-4.94402054501	-1610.96496524	
-4.94639302537	-1610.96496482	
-4.94875989038	-1610.9649644	
-4.95112116656	-1610.96496398	
-4.95347688026	-1610.96496356	
-4.9558270576	-1610.96496314	
-4.95817172456	-1610.96496273	
-4.96051090691	-1610.96496232	
-4.96284463026	-1610.96496191	
-4.96517292002	-1610.9649615	
-4.96749580144	-1610.96496109	
-4.96981329958	-1610.96496068	
-4.97212543933	-1610.96496028	
-4.97443224543	-1610.96495988	
-4.97673374242	-1610.96495948	
-4.97902995468	-1610.96495908	
-4.98132090643	-1610.96495868	
-4.98360662171	-1610.96495828	
-4.98588712441	-1610.96495789	
-4.98816243824	-1610.96495749	
-4.99043258678	-1610.9649571	
-4.99269759341	-1610.96495671	
-4.99495748138	-1610.96495632	
-4.99721227376	-1610.96495594	
-4.9994619935	-1610.96495555	
-5.00170666335	-1610.96495517	
-5.00394630595	-1610.96495478	
-5.00618094375	-1610.9649544	
-5.00841059907	-1610.96495402	
-5.0106352941	-1610.96495365	
-5.01285505083	-1610.96495327	
-5.01506989116	-1610.96495289	
-5.01727983681	-1610.96495252	
-5.01948490937	-1610.96495215	
-5.02168513028	-1610.96495178	
-5.02388052085	-1610.96495141	
-5.02607110223	-1610.96495104	
-5.02825689545	-1610.96495067	
-5.03043792139	-1610.96495031	
-5.03261420082	-1610.96494994	
-5.03478575433	-1610.96494958	
-5.03695260241	-1610.96494922	
-5.03911476542	-1610.96494886	
-5.04127226356	-1610.9649485	
-5.04342511692	-1610.96494814	
-5.04557334546	-1610.96494779	
-5.047716969	-1610.96494743	
-5.04985600725	-1610.96494708	
-5.05199047978	-1610.96494673	
-5.05412040604	-1610.96494638	
-5.05624580535	-1610.96494603	
-5.05836669692	-1610.96494568	
-5.06048309982	-1610.96494533	
-5.06259503303	-1610.96494499	
-5.06470251537	-1610.96494464	
-5.06680556556	-1610.9649443	
-5.06890420222	-1610.96494396	
-5.07099844382	-1610.96494362	
-5.07308830874	-1610.96494328	
-5.07517381523	-1610.96494294	
-5.07725498144	-1610.9649426	
-5.07933182538	-1610.96494227	
-5.08140436498	-1610.96494193	
-5.08347261805	-1610.9649416	
-5.08553660227	-1610.96494127	
-5.08759633523	-1610.96494094	
-5.08965183441	-1610.96494061	
-5.09170311719	-1610.96494028	
-5.09375020081	-1610.96493995	
-5.09579310244	-1610.96493963	
-5.09783183913	-1610.9649393	
-5.09986642782	-1610.96493898	
-5.10189688537	-1610.96493866	
-5.10392322852	-1610.96493834	
-5.1059454739	-1610.96493802	
-5.10796363806	-1610.9649377	
-5.10997773743	-1610.96493738	
-5.11198778836	-1610.96493706	
-5.11399380708	-1610.96493675	
-5.11599580975	-1610.96493643	
-5.11799381242	-1610.96493612	
-5.11998783102	-1610.96493581	
-5.12197788143	-1610.9649355	
-5.1239639794	-1610.96493519	
-5.12594614061	-1610.96493488	
-5.12792438062	-1610.96493457	
-5.12989871492	-1610.96493426	
-5.13186915891	-1610.96493396	
-5.13383572788	-1610.96493365	
-5.13579843705	-1610.96493335	
-5.13775730154	-1610.96493305	
-5.13971233637	-1610.96493274	
-5.1416635565	-1610.96493244	
-5.14361097679	-1610.96493214	
-5.145554612	-1610.96493185	
-5.14749447681	-1610.96493155	
-5.14943058584	-1610.96493125	
-5.15136295359	-1610.96493096	
-5.1532915945	-1610.96493066	
-5.15521652291	-1610.96493037	
-5.15713775309	-1610.96493008	
-5.15905529921	-1610.96492979	
-5.1609691754	-1610.9649295	
-5.16287939565	-1610.96492921	
-5.16478597392	-1610.96492892	
-5.16668892407	-1610.96492863	
-5.16858825987	-1610.96492834	
-5.17048399504	-1610.96492806	
-5.17237614319	-1610.96492777	
-5.17426471788	-1610.96492749	
-5.17614973257	-1610.96492721	
-5.17803120067	-1610.96492693	
-5.1799091355	-1610.96492664	
-5.18178355029	-1610.96492636	
-5.18365445823	-1610.96492609	
-5.1855218724	-1610.96492581	
-5.18738580584	-1610.96492553	
-5.18924627149	-1610.96492525	
-5.19110328224	-1610.96492498	
-5.19295685089	-1610.96492471	
-5.19480699018	-1610.96492443	
-5.19665371277	-1610.96492416	
-5.19849703127	-1610.96492389	
-5.20033695819	-1610.96492362	
-5.202173506	-1610.96492335	
-5.20400668708	-1610.96492308	
-5.20583651375	-1610.96492281	
-5.20766299828	-1610.96492254	
-5.20948615284	-1610.96492228	
-5.21130598956	-1610.96492201	
-5.21312252048	-1610.96492175	
-5.21493575761	-1610.96492148	
-5.21674571285	-1610.96492122	
-5.21855239808	-1610.96492096	
-5.22035582508	-1610.9649207	
-5.22215600558	-1610.96492044	
-5.22395295126	-1610.96492018	
-5.22574667371	-1610.96491992	
-5.22753718449	-1610.96491966	
-5.22932449506	-1610.9649194	
-5.23110861685	-1610.96491915	
-5.23288956123	-1610.96491889	
-5.23466733947	-1610.96491864	
-5.23644196283	-1610.96491838	
-5.23821344248	-1610.96491813	
-5.23998178954	-1610.96491788	
-5.24174701506	-1610.96491763	
-5.24350913005	-1610.96491738	
-5.24526814546	-1610.96491713	
-5.24702407216	-1610.96491688	
-5.24877692099	-1610.96491663	
-5.25052670271	-1610.96491638	
-5.25227342805	-1610.96491613	
-5.25401710765	-1610.96491589	
-5.25575775213	-1610.96491564	
-5.25749537203	-1610.9649154	
-5.25922997784	-1610.96491516	
-5.26096158	-1610.96491491	
-5.2626901889	-1610.96491467	
-5.26441581487	-1610.96491443	
-5.26613846818	-1610.96491419	
-5.26785815906	-1610.96491395	
-5.26957489768	-1610.96491371	
-5.27128869416	-1610.96491347	
-5.27299955856	-1610.96491323	
-5.27470750091	-1610.964913	
-5.27641253116	-1610.96491276	
-5.27811465923	-1610.96491252	
-5.27981389498	-1610.96491229	
-5.28151024823	-1610.96491206	
-5.28320372874	-1610.96491182	
-5.28489434622	-1610.96491159	
-5.28658211033	-1610.96491136	
-5.28826703069	-1610.96491113	
-5.28994911688	-1610.9649109	
-5.2916283784	-1610.96491067	
-5.29330482472	-1610.96491044	
-5.29497846528	-1610.96491021	
-5.29664930945	-1610.96490998	
-5.29831736655	-1610.96490975	
-5.29998264587	-1610.96490953	
-5.30164515664	-1610.9649093	
-5.30330490806	-1610.96490908	
-5.30496190927	-1610.96490885	
-5.30661616936	-1610.96490863	
-5.3082676974	-1610.96490841	
-5.30991650239	-1610.96490818	
-5.3115625933	-1610.96490796	
-5.31320597904	-1610.96490774	
-5.3148466685	-1610.96490752	
-5.3164846705	-1610.9649073	
-5.31811999384	-1610.96490708	
-5.31975264727	-1610.96490686	
-5.32138263948	-1610.96490665	
-5.32300997914	-1610.96490643	
-5.32463467487	-1610.96490621	
-5.32625673524	-1610.964906	
-5.32787616879	-1610.96490578	
-5.32949298402	-1610.96490557	
-5.33110718937	-1610.96490535	
-5.33271879327	-1610.96490514	
-5.33432780407	-1610.96490493	
-5.33593423012	-1610.96490471	
-5.3375380797	-1610.9649045	
-5.33913936107	-1610.96490429	
-5.34073808243	-1610.96490408	
-5.34233425196	-1610.96490387	
-5.3439278778	-1610.96490366	
-5.34551896803	-1610.96490345	
-5.34710753072	-1610.96490325	
-5.34869357387	-1610.96490304	
-5.35027710548	-1610.96490283	
-5.35185813348	-1610.96490263	
-5.35343666577	-1610.96490242	
-5.35501271022	-1610.96490222	
-5.35658627467	-1610.96490201	
-5.3581573669	-1610.96490181	
-5.35972599468	-1610.9649016	
-5.36129216571	-1610.9649014	
-5.36285588769	-1610.9649012	
-5.36441716825	-1610.964901	
-5.36597601502	-1610.9649008	
-5.36753243557	-1610.9649006	
-5.36908643744	-1610.9649004	
-5.37063802813	-1610.9649002	
-5.37218721511	-1610.9649	
-5.37373400583	-1610.9648998	
-5.37527840768	-1610.9648996	
-5.37682042804	-1610.96489941	
-5.37836007422	-1610.96489921	
-5.37989735354	-1610.96489901	
-5.38143227326	-1610.96489882	
-5.38296484061	-1610.96489862	
-5.38449506279	-1610.96489843	
-5.38602294697	-1610.96489824	
-5.38754850028	-1610.96489804	
-5.38907172982	-1610.96489785	
-5.39059264266	-1610.96489766	
-5.39211124583	-1610.96489747	
-5.39362754635	-1610.96489728	
-5.39514155118	-1610.96489709	
-5.39665326727	-1610.9648969	
-5.39816270152	-1610.96489671	
-5.39966986081	-1610.96489652	
-5.40117475199	-1610.96489633	
-5.40267738187	-1610.96489614	
-5.40417775725	-1610.96489595	
-5.40567588487	-1610.96489577	
-5.40717177146	-1610.96489558	
-5.40866542372	-1610.9648954	
-5.4101568483	-1610.96489521	
-5.41164605186	-1610.96489503	
-5.41313304098	-1610.96489484	
-5.41461782224	-1610.96489466	
-5.4161004022	-1610.96489447	
-5.41758078737	-1610.96489429	
-5.41905898424	-1610.96489411	
-5.42053499927	-1610.96489393	
-5.42200883889	-1610.96489375	
-5.4234805095	-1610.96489356	
-5.42495001748	-1610.96489338	
-5.42641736918	-1610.9648932	
-5.4278825709	-1610.96489303	
-5.42934562895	-1610.96489285	
-5.43080654959	-1610.96489267	
-5.43226533906	-1610.96489249	
-5.43372200355	-1610.96489231	
-5.43517654927	-1610.96489214	
-5.43662898235	-1610.96489196	
-5.43807930892	-1610.96489178	
-5.4395275351	-1610.96489161	
-5.44097366695	-1610.96489143	
-5.44241771052	-1610.96489126	
-5.44385967184	-1610.96489108	
-5.4452995569	-1610.96489091	
-5.44673737167	-1610.96489074	
-5.44817312209	-1610.96489056	
-5.44960681409	-1610.96489039	
-5.45103845357	-1610.96489022	
-5.45246804638	-1610.96489005	
-5.45389559837	-1610.96488988	
-5.45532111536	-1610.96488971	
-5.45674460314	-1610.96488954	
-5.45816606749	-1610.96488937	
-5.45958551414	-1610.9648892	
-5.46100294883	-1610.96488903	
-5.46241837723	-1610.96488886	
-5.46383180503	-1610.96488869	
-5.46524323786	-1610.96488852	
-5.46665268137	-1610.96488836	
-5.46806014114	-1610.96488819	
-5.46946562274	-1610.96488802	
-5.47086913175	-1610.96488786	
-5.47227067367	-1610.96488769	
-5.47367025403	-1610.96488753	
-5.47506787829	-1610.96488736	
-5.47646355193	-1610.9648872	
-5.47785728038	-1610.96488704	
-5.47924906905	-1610.96488687	
-5.48063892334	-1610.96488671	
-5.48202684862	-1610.96488655	
-5.48341285022	-1610.96488638	
-5.48479693349	-1610.96488622	
-5.48617910372	-1610.96488606	
-5.48755936619	-1610.9648859	
-5.48893772616	-1610.96488574	
-5.49031418887	-1610.96488558	
-5.49168875953	-1610.96488542	
-5.49306144334	-1610.96488526	
-5.49443224547	-1610.9648851	
-5.49580117108	-1610.96488494	
-5.49716822529	-1610.96488479	
-5.49853341322	-1610.96488463	
-5.49989673995	-1610.96488447	
-5.50125821054	-1610.96488432	
-5.50261783006	-1610.96488416	
-5.50397560352	-1610.964884	
-5.50533153593	-1610.96488385	
-5.50668563228	-1610.96488369	
-5.50803789753	-1610.96488354	
-5.50938833663	-1610.96488338	
-5.5107369545	-1610.96488323	
-5.51208375605	-1610.96488307	
-5.51342874616	-1610.96488292	
-5.51477192971	-1610.96488277	
-5.51611331154	-1610.96488262	
-5.51745289646	-1610.96488246	
-5.51879068931	-1610.96488231	
-5.52012669485	-1610.96488216	
-5.52146091786	-1610.96488201	
-5.5227933631	-1610.96488186	
-5.52412403528	-1610.96488171	
-5.52545293913	-1610.96488156	
-5.52678007934	-1610.96488141	
-5.52810546058	-1610.96488126	
-5.52942908751	-1610.96488111	
-5.53075096477	-1610.96488096	
-5.53207109697	-1610.96488081	
-5.53338948873	-1610.96488067	
-5.53470614461	-1610.96488052	
-5.53602106919	-1610.96488037	
-5.53733426702	-1610.96488023	
-5.53864574262	-1610.96488008	
-5.5399555005	-1610.96487993	
-5.54126354516	-1610.96487979	
-5.54256988107	-1610.96487964	
-5.5438745127	-1610.9648795	
-5.54517744448	-1610.96487935	
-5.54647868084	-1610.96487921	
-5.54777822618	-1610.96487906	
-5.5490760849	-1610.96487892	
-5.55037226136	-1610.96487878	
-5.55166675992	-1610.96487864	
-5.55295958492	-1610.96487849	
-5.55425074069	-1610.96487835	
-5.55554023152	-1610.96487821	
-5.5568280617	-1610.96487807	
-5.55811423551	-1610.96487793	
-5.5593987572	-1610.96487779	
-5.56068163102	-1610.96487764	
-5.56196286117	-1610.9648775	
-5.56324245188	-1610.96487736	
-5.56452040732	-1610.96487723	
-5.56579673168	-1610.96487709	
-5.56707142911	-1610.96487695	
-5.56834450376	-1610.96487681	
-5.56961595975	-1610.96487667	
-5.57088580119	-1610.96487653	
-5.57215403218	-1610.9648764	
-5.57342065679	-1610.96487626	
-5.5746856791	-1610.96487612	
-5.57594910315	-1610.96487598	
-5.57721093297	-1610.96487585	
-5.57847117258	-1610.96487571	
-5.57972982599	-1610.96487558	
-5.58098689718	-1610.96487544	
-5.58224239012	-1610.96487531	
-5.58349630878	-1610.96487517	
-5.5847486571	-1610.96487504	
-5.585999439	-1610.9648749	
-5.5872486584	-1610.96487477	
-5.5884963192	-1610.96487464	
-5.58974242528	-1610.9648745	
-5.59098698051	-1610.96487437	
-5.59222998875	-1610.96487424	
-5.59347145384	-1610.96487411	
-5.5947113796	-1610.96487397	
-5.59594976985	-1610.96487384	
-5.59718662839	-1610.96487371	
-5.598421959	-1610.96487358	
-5.59965576545	-1610.96487345	
-5.60088805149	-1610.96487332	
-5.60211882088	-1610.96487319	
-5.60334807733	-1610.96487306	
-5.60457582457	-1610.96487293	
-5.6058020663	-1610.9648728	
-5.60702680619	-1610.96487267	
-5.60825004793	-1610.96487254	
-5.60947179518	-1610.96487241	
-5.61069205159	-1610.96487229	
-5.61191082078	-1610.96487216	
-5.61312810639	-1610.96487203	
-5.61434391201	-1610.9648719	
-5.61555824124	-1610.96487178	
-5.61677109767	-1610.96487165	
-5.61798248485	-1610.96487152	
-5.61919240636	-1610.9648714	
-5.62040086572	-1610.96487127	
-5.62160786647	-1610.96487115	
-5.62281341212	-1610.96487102	
-5.62401750619	-1610.9648709	
-5.62522015215	-1610.96487077	
-5.6264213535	-1610.96487065	
-5.62762111369	-1610.96487052	
-5.62881943618	-1610.9648704	
-5.63001632442	-1610.96487028	
-5.63121178182	-1610.96487015	
-5.63240581181	-1610.96487003	
-5.6335984178	-1610.96486991	
-5.63478960317	-1610.96486979	
-5.6359793713	-1610.96486966	
-5.63716772557	-1610.96486954	
-5.63835466933	-1610.96486942	
-5.63954020593	-1610.9648693	
-5.64072433869	-1610.96486918	
-5.64190707094	-1610.96486906	
-5.64308840598	-1610.96486894	
-5.64426834712	-1610.96486882	
-5.64544689764	-1610.9648687	
-5.64662406082	-1610.96486858	
-5.64779983991	-1610.96486846	
-5.64897423816	-1610.96486834	
-5.65014725882	-1610.96486822	
-5.65131890512	-1610.9648681	
-5.65248918027	-1610.96486798	
-5.65365808747	-1610.96486786	
-5.65482562993	-1610.96486774	
-5.65599181082	-1610.96486763	
-5.65715663332	-1610.96486751	
-5.65832010058	-1610.96486739	
-5.65948221576	-1610.96486728	
-5.660642982	-1610.96486716	
-5.66180240242	-1610.96486704	
-5.66296048014	-1610.96486693	
-5.66411721826	-1610.96486681	
-5.66527261989	-1610.96486669	
-5.66642668811	-1610.96486658	
-5.66757942599	-1610.96486646	
-5.6687308366	-1610.96486635	
-5.66988092298	-1610.96486623	
-5.67102968818	-1610.96486612	
-5.67217713524	-1610.96486601	
-5.67332326717	-1610.96486589	
-5.67446808699	-1610.96486578	
-5.67561159769	-1610.96486566	
-5.67675380227	-1610.96486555	
-5.6778947037	-1610.96486544	
-5.67903430497	-1610.96486533	
-5.68017260902	-1610.96486521	
-5.6813096188	-1610.9648651	
-5.68244533727	-1610.96486499	
-5.68357976734	-1610.96486488	
-5.68471291194	-1610.96486477	
-5.68584477397	-1610.96486465	
-5.68697535634	-1610.96486454	
-5.68810466194	-1610.96486443	
-5.68923269364	-1610.96486432	
-5.69035945432	-1610.96486421	
-5.69148494685	-1610.9648641	
-5.69260917406	-1610.96486399	
-5.6937321388	-1610.96486388	
-5.69485384391	-1610.96486377	
-5.69597429221	-1610.96486366	
-5.69709348651	-1610.96486355	
-5.69821142961	-1610.96486345	
-5.69932812431	-1610.96486334	
-5.70044357339	-1610.96486323	
-5.70155777963	-1610.96486312	
-5.7026707458	-1610.96486301	
-5.70378247466	-1610.96486291	
-5.70489296894	-1610.9648628	
-5.70600223139	-1610.96486269	
-5.70711026475	-1610.96486258	
-5.70821707172	-1610.96486248	
-5.70932265503	-1610.96486237	
-5.71042701737	-1610.96486226	
-5.71153016145	-1610.96486216	
-5.71263208993	-1610.96486205	
-5.71373280551	-1610.96486195	
-5.71483231084	-1610.96486184	
-5.71593060859	-1610.96486174	
-5.71702770141	-1610.96486163	
-5.71812359193	-1610.96486153	
-5.71921828279	-1610.96486142	
-5.72031177661	-1610.96486132	
-5.72140407601	-1610.96486121	
-5.72249518359	-1610.96486111	
-5.72358510195	-1610.96486101	
-5.72467383369	-1610.9648609	
-5.72576138137	-1610.9648608	
-5.72684774759	-1610.9648607	
-5.72793293489	-1610.96486059	
-5.72901694583	-1610.96486049	
-5.73009978297	-1610.96486039	
-5.73118144884	-1610.96486029	
-5.73226194598	-1610.96486018	
-5.7333412769	-1610.96486008	
-5.73441944412	-1610.96485998	
-5.73549645015	-1610.96485988	
-5.73657229748	-1610.96485978	
-5.73764698861	-1610.96485968	
-5.73872052602	-1610.96485958	
-5.73979291218	-1610.96485948	
-5.74086414956	-1610.96485937	
-5.74193424062	-1610.96485927	
-5.74300318781	-1610.96485917	
-5.74407099357	-1610.96485907	
-5.74513766034	-1610.96485898	
-5.74620319054	-1610.96485888	
-5.7472675866	-1610.96485878	
-5.74833085092	-1610.96485868	
-5.74939298591	-1610.96485858	
-5.75045399397	-1610.96485848	
-5.75151387748	-1610.96485838	
-5.75257263883	-1610.96485828	
-5.75363028038	-1610.96485819	
-5.75468680452	-1610.96485809	
-5.75574221359	-1610.96485799	
-5.75679650994	-1610.96485789	
-5.75784969593	-1610.9648578	
-5.75890177388	-1610.9648577	
-5.75995274612	-1610.9648576	
-5.76100261499	-1610.9648575	
-5.76205138278	-1610.96485741	
-5.76309905181	-1610.96485731	
-5.76414562438	-1610.96485722	
-5.76519110278	-1610.96485712	
-5.7662354893	-1610.96485702	
-5.76727878622	-1610.96485693	
-5.76832099579	-1610.96485683	
-5.7693621203	-1610.96485674	
-5.770402162	-1610.96485664	
-5.77144112313	-1610.96485655	
-5.77247900594	-1610.96485645	
-5.77351581267	-1610.96485636	
-5.77455154554	-1610.96485627	
-5.77558620679	-1610.96485617	
-5.77661979861	-1610.96485608	
-5.77765232322	-1610.96485598	
-5.77868378283	-1610.96485589	
-5.77971417962	-1610.9648558	
-5.78074351579	-1610.9648557	
-5.78177179352	-1610.96485561	
-5.78279901497	-1610.96485552	
-5.78382518233	-1610.96485543	
-5.78485029774	-1610.96485533	
-5.78587436337	-1610.96485524	
-5.78689738137	-1610.96485515	
-5.78791935386	-1610.96485506	
-5.788940283	-1610.96485496	
-5.7899601709	-1610.96485487	
-5.79097901969	-1610.96485478	
-5.79199683148	-1610.96485469	
-5.79301360838	-1610.9648546	
-5.7940293525	-1610.96485451	
-5.79504406593	-1610.96485442	
-5.79605775077	-1610.96485433	
-5.79707040908	-1610.96485424	
-5.79808204295	-1610.96485415	
-5.79909265446	-1610.96485406	
-5.80010224566	-1610.96485397	
-5.80111081862	-1610.96485388	
-5.80211837538	-1610.96485379	
-5.80312491799	-1610.9648537	
-5.80413044849	-1610.96485361	
-5.80513496892	-1610.96485352	
-5.80613848129	-1610.96485343	
-5.80714098764	-1610.96485334	
-5.80814248998	-1610.96485326	
-5.80914299031	-1610.96485317	
