#Site	lnL	
0	-1.91305145651
1	-2.02821834102
2	-6.42364761061
3	-2.10863652235
4	-2.02821834102
5	-17.2615786197
6	-1.7972464969
7	-5.545139481
8	-7.62538364035
9	-1.7972464969
10	-2.17211299073
11	-5.58552534383
12	-5.90307976974
13	-2.02821834102
14	-10.1475807296
15	-6.22404870989
16	-5.78497383404
17	-6.20082903852
18	-1.75463061574
19	-2.3747441987
20	-4.85286497846
21	-1.91305145651
22	-8.29182820121
23	-1.85154356196
24	-5.0847865104
25	-7.30389618852
26	-6.78785923037
27	-2.10863652235
28	-2.3747441987
29	-5.09992859576
30	-1.91305145651
31	-2.02821834102
32	-2.21627772103
33	-1.7972464969
34	-1.99387816484
35	-9.07917427464
36	-1.91305145651
37	-7.51058266277
38	-2.21627772103
39	-1.91305145651
40	-2.17211299073
41	-1.85154356196
42	-1.91305145651
43	-4.83472817265
44	-2.01793550668
45	-5.76390524709
46	-1.99387816484
47	-1.85154356196
48	-1.7972464969
49	-1.99387816484
50	-5.09992859576
51	-1.91305145651
52	-6.36391250558
53	-5.09992859576
54	-1.91305145651
55	-6.20701174654
56	-1.85154356196
57	-1.7972464969
58	-5.97228018525
59	-6.83996956133
60	-1.91305145651
61	-7.64862983619
62	-2.21627772103
63	-1.7972464969
64	-8.679279538
65	-5.95086365874
66	-1.7972464969
67	-2.17211299073
68	-12.1275813094
69	-6.07248189484
70	-2.02821834102
71	-7.79088177802
72	-5.31831671592
73	-2.02821834102
74	-1.85154356196
75	-1.91305145651
76	-7.16635078417
77	-6.42364761061
78	-6.04725342039
79	-5.32779343618
80	-1.85154356196
81	-1.75463061574
82	-2.02821834102
83	-2.01793550668
84	-1.7972464969
85	-6.60769423232
86	-6.42364761061
87	-1.7972464969
88	-2.3747441987
89	-1.85154356196
90	-1.75463061574
91	-1.99387816484
92	-1.89075705456
93	-1.7972464969
94	-1.99387816484
95	-1.85154356196
96	-7.92539976716
97	-2.17211299073
98	-1.89075705456
99	-15.9800518799
100	-5.585098998
101	-2.01793550668
102	-1.7972464969
103	-6.57298873655
104	-1.85154356196
105	-1.7972464969
106	-13.6238555487
107	-7.11726294186
108	-1.75463061574
109	-2.17211299073
110	-2.01793550668
111	-5.84572302692
112	-2.02821834102
113	-5.78399212034
114	-1.91305145651
115	-1.99387816484
116	-2.01793550668
117	-1.75463061574
118	-2.17211299073
119	-1.89075705456
120	-6.98548821082
121	-1.99387816484
122	-1.85154356196
123	-2.10863652235
124	-2.3747441987
125	-2.01793550668
126	-1.75463061574
127	-2.17211299073
128	-5.49825076767
129	-1.91305145651
130	-6.56247030718
131	-1.89075705456
132	-5.0847865104
133	-2.17211299073
134	-9.26709418399
135	-1.7972464969
136	-2.02821834102
137	-7.3345292116
138	-2.10863652235
139	-1.99387816484
140	-1.89075705456
141	-5.92356687518
142	-7.0972387189
143	-1.89075705456
144	-1.75463061574
145	-2.3747441987
146	-7.3345292116
147	-1.75463061574
148	-2.17211299073
149	-7.71693327731
150	-1.7972464969
151	-2.17211299073
152	-9.35576929307
153	-1.91305145651
154	-2.02821834102
155	-6.67515624371
156	-1.7972464969
157	-2.3747441987
158	-16.5715562742
159	-1.7972464969
160	-1.99387816484
161	-1.85154356196
162	-1.75463061574
163	-2.02821834102
164	-1.89075705456
165	-1.7972464969
166	-2.02821834102
167	-2.01793550668
168	-2.10863652235
169	-4.8883415969
170	-2.21627772103
171	-2.10863652235
172	-5.39514100047
173	-10.4869707856
174	-2.10863652235
175	-8.32703170461
176	-1.85154356196
177	-1.75463061574
178	-4.63825934804
179	-1.89075705456
180	-1.75463061574
181	-2.3747441987
182	-1.89075705456
183	-1.7972464969
184	-5.60691044968
185	-2.21627772103
186	-8.04112533256
187	-2.3747441987
188	-2.21627772103
189	-2.10863652235
190	-2.02821834102
191	-1.89075705456
192	-2.10863652235
193	-1.99387816484
194	-1.85154356196
195	-1.91305145651
196	-7.37140814012
197	-2.21627772103
198	-2.10863652235
199	-9.50653798077
200	-1.85154356196
201	-5.83376010599
202	-2.17211299073
203	-1.85154356196
204	-6.99069351992
205	-5.56510697416
206	-8.91338719216
207	-1.75463061574
208	-4.63825934804
209	-7.85507540295
210	-7.60191960438
211	-7.3935072839
212	-2.01793550668
213	-6.54352671261
214	-8.32402138429
215	-1.85154356196
216	-1.75463061574
217	-1.99387816484
218	-11.1832706128
219	-1.91305145651
220	-2.17211299073
221	-2.01793550668
222	-1.7972464969
223	-11.0729837142
224	-2.21627772103
225	-1.7972464969
226	-5.71355643493
227	-1.85154356196
228	-1.91305145651
229	-2.17211299073
230	-1.85154356196
231	-1.91305145651
232	-6.4338142139
233	-2.01793550668
234	-2.10863652235
235	-6.7763684049
236	-10.2786856707
237	-1.7972464969
238	-6.62457786163
239	-1.85154356196
240	-2.10863652235
241	-2.02821834102
242	-1.85154356196
243	-6.69969567455
244	-7.32021231228
245	-2.01793550668
246	-1.75463061574
247	-2.02821834102
248	-2.01793550668
249	-7.08325773717
250	-1.99387816484
251	-1.89075705456
252	-1.91305145651
253	-2.17211299073
254	-2.21627772103
255	-1.75463061574
256	-2.3747441987
257	-1.85154356196
258	-6.06676864694
259	-2.17211299073
260	-1.89075705456
261	-6.22404870989
262	-2.17211299073
263	-1.85154356196
264	-1.91305145651
265	-2.3747441987
266	-1.89075705456
267	-9.52082921438
268	-5.35114389152
269	-5.80696754829
270	-1.91305145651
271	-2.02821834102
272	-1.89075705456
273	-1.91305145651
274	-2.02821834102
275	-2.01793550668
276	-1.7972464969
277	-2.02821834102
278	-1.85154356196
279	-1.75463061574
280	-5.35114389152
281	-9.19000033976
282	-1.75463061574
283	-1.99387816484
284	-2.01793550668
285	-1.75463061574
286	-2.02821834102
287	-2.01793550668
288	-2.10863652235
289	-2.17211299073
290	-1.85154356196
291	-1.75463061574
292	-2.17211299073
293	-2.21627772103
294	-1.7972464969
295	-4.63825934804
296	-2.21627772103
297	-2.10863652235
298	-12.0519662166
299	-1.89075705456
300	-2.10863652235
301	-1.99387816484
302	-6.8578576086
303	-1.91305145651
304	-4.8883415969
305	-5.9976214333
306	-2.10863652235
307	-1.99387816484
308	-1.85154356196
309	-1.75463061574
310	-8.33262808279
311	-1.85154356196
312	-1.75463061574
313	-5.25596647782
314	-1.85154356196
315	-7.75969479042
316	-2.17211299073
317	-1.89075705456
318	-5.34486645335
319	-1.99387816484
320	-1.89075705456
321	-2.10863652235
322	-6.36391250558
323	-1.89075705456
324	-1.91305145651
325	-6.90196454522
326	-2.01793550668
327	-1.75463061574
328	-2.02821834102
329	-2.21627772103
330	-2.10863652235
331	-4.63825934804
332	-9.715575135
333	-6.04725342039
334	-2.17211299073
335	-6.84607176361
336	-1.7972464969
337	-11.3499855299
338	-1.89075705456
339	-1.91305145651
340	-5.71355643493
341	-6.4406514175
342	-1.75463061574
343	-2.3747441987
344	-2.01793550668
345	-7.31613646717
346	-2.02821834102
347	-1.89075705456
348	-1.7972464969
349	-1.99387816484
350	-1.85154356196
351	-1.7972464969
352	-1.99387816484
353	-1.85154356196
354	-1.75463061574
355	-2.17211299073
356	-6.78785923037
357	-6.54352671261
358	-5.35114389152
359	-1.89075705456
360	-1.91305145651
361	-2.17211299073
362	-2.01793550668
363	-1.7972464969
364	-2.3747441987
365	-1.85154356196
366	-1.7972464969
367	-8.06969949085
368	-10.8067633405
369	-1.75463061574
370	-5.56510697416
371	-2.21627772103
372	-1.75463061574
373	-5.26784610047
374	-6.42364761061
375	-1.7972464969
376	-6.04013749111
377	-2.01793550668
378	-1.75463061574
379	-2.3747441987
380	-1.85154356196
381	-1.91305145651
382	-5.78497383404
383	-10.2204279569
384	-1.75463061574
385	-1.99387816484
386	-1.85154356196
387	-1.7972464969
388	-1.99387816484
389	-1.85154356196
390	-1.75463061574
391	-2.02821834102
392	-1.89075705456
393	-1.75463061574
394	-2.3747441987
395	-2.01793550668
396	-11.0126471663
397	-6.33775872575
398	-1.85154356196
399	-1.75463061574
400	-12.143020801
401	-2.01793550668
402	-1.75463061574
403	-2.3747441987
404	-9.26709418399
405	-1.7972464969
406	-2.3747441987
407	-5.56887155312
408	-2.10863652235
409	-2.3747441987
410	-1.89075705456
411	-5.0847865104
412	-2.17211299073
413	-2.21627772103
414	-7.08325773717
415	-1.99387816484
416	-5.8116891361
417	-1.75463061574
418	-1.99387816484
419	-1.85154356196
420	-1.91305145651
421	-2.02821834102
422	-1.89075705456
423	-5.09976733188
424	-2.17211299073
425	-1.89075705456
426	-1.91305145651
427	-5.97228018525
428	-6.8578576086
429	-2.10863652235
430	-2.02821834102
431	-1.85154356196
432	-1.91305145651
433	-7.77478151018
434	-2.21627772103
435	-2.10863652235
436	-2.3747441987
437	-1.89075705456
438	-2.10863652235
439	-5.4362630544
440	-1.85154356196
441	-1.7972464969
442	-2.02821834102
443	-6.78785923037
444	-1.75463061574
445	-6.40521229529
446	-6.59156787085
447	-1.7972464969
448	-9.13939873587
449	-2.21627772103
450	-1.91305145651
451	-5.97228018525
452	-2.01793550668
453	-2.10863652235
454	-2.02821834102
455	-1.89075705456
456	-6.45691341589
457	-5.35114389152
458	-6.4406514175
459	-1.7972464969
460	-2.3747441987
461	-4.83172971426
462	-1.75463061574
463	-1.99387816484
464	-1.89075705456
465	-1.7972464969
466	-1.99387816484
467	-1.89075705456
468	-5.76996003986
469	-4.60803307397
470	-1.89075705456
