#Site	lnL	
0	-1.56057446632
1	-1.84117070916
2	-2.77480054318
3	-1.56057446632
4	-1.699280932
5	-2.95431561698
6	-1.97083694245
7	-1.699280932
8	-2.95431561698
9	-6.06467401999
10	-1.84117070916
11	-3.37759131871
12	-1.69937582468
13	-2.1283489946
14	-7.53471291769
15	-5.2076939717
16	-2.1283489946
17	-2.77480054318
18	-1.56057446632
19	-4.61317800788
20	-2.95431561698
21	-4.86541734744
22	-6.22706914449
23	-6.32922967118
24	-1.8206154937
25	-8.71421197691
26	-3.196130695
27	-1.69937582468
28	-1.84117070916
29	-4.33520222586
30	-7.78321631463
31	-8.25161168668
32	-2.77480054318
33	-1.56057446632
34	-6.52353159288
35	-4.17722065775
36	-1.56057446632
37	-1.699280932
38	-6.62277934543
39	-1.56057446632
40	-1.699280932
41	-6.49912568611
42	-1.56057446632
43	-1.699280932
44	-2.95431561698
45	-1.56057446632
46	-4.99476570043
47	-3.196130695
48	-1.56057446632
49	-1.84117070916
50	-4.04233962748
51	-1.8206154937
52	-1.84117070916
53	-2.95431561698
54	-1.56057446632
55	-7.53307737149
56	-2.77480054318
57	-1.97083694245
58	-1.97620668506
59	-3.37759131871
60	-4.5823709227
61	-1.699280932
62	-3.37759131871
63	-1.56057446632
64	-2.1283489946
65	-2.95431561698
66	-6.51220899816
67	-6.30401045063
68	-3.196130695
69	-1.69937582468
70	-1.97620668506
71	-2.77480054318
72	-1.69937582468
73	-1.699280932
74	-2.77480054318
75	-8.20134684371
76	-11.5790662448
77	-2.77480054318
78	-6.19285471846
79	-4.32554000608
80	-8.55133098401
81	-1.56057446632
82	-2.1283489946
83	-3.196130695
84	-1.69937582468
85	-1.97620668506
86	-3.37759131871
87	-1.56057446632
88	-1.699280932
89	-4.94513890109
90	-1.56057446632
91	-6.1447475575
92	-7.86337346023
93	-1.97083694245
94	-2.1283489946
95	-2.95431561698
96	-1.56057446632
97	-1.84117070916
98	-3.37759131871
99	-1.8206154937
100	-1.97620668506
101	-2.95431561698
102	-7.02782424334
103	-1.97620668506
104	-3.37759131871
105	-1.8206154937
106	-10.1868751069
107	-3.196130695
108	-1.56057446632
109	-6.80734889008
110	-2.95431561698
111	-8.88117296798
112	-5.53611951538
113	-5.31798054154
114	-6.45658998599
115	-1.84117070916
116	-3.196130695
117	-4.5823709227
118	-6.19487876748
119	-4.58839458672
120	-1.69937582468
121	-7.60952939066
122	-3.196130695
123	-1.69937582468
124	-1.97620668506
125	-2.95431561698
126	-10.5765050949
127	-5.85676178015
128	-6.01970822339
129	-4.55187569988
130	-1.699280932
131	-3.37759131871
132	-1.8206154937
133	-1.699280932
134	-7.79321550965
135	-6.98795948788
136	-9.68405231601
137	-3.196130695
138	-8.20134684371
139	-1.97620668506
140	-5.64938693807
141	-1.69937582468
142	-1.84117070916
143	-2.95431561698
144	-7.35108047661
145	-5.53611951538
146	-2.77480054318
147	-1.69937582468
148	-5.57393847326
149	-3.196130695
150	-1.97083694245
151	-1.699280932
152	-2.77480054318
153	-1.97083694245
154	-1.84117070916
155	-6.09042374608
156	-1.56057446632
157	-1.84117070916
158	-4.35173002247
159	-1.8206154937
160	-1.84117070916
161	-2.77480054318
162	-4.5823709227
163	-1.84117070916
164	-5.64938693807
165	-6.68387093159
166	-5.82936018048
167	-4.36887344447
168	-11.0799867931
169	-1.84117070916
170	-3.196130695
171	-1.69937582468
172	-1.84117070916
173	-3.196130695
174	-6.18605327725
175	-6.30401045063
176	-4.56904976856
177	-1.97083694245
178	-4.36811211547
179	-2.95431561698
180	-1.97083694245
181	-2.1283489946
182	-2.77480054318
183	-1.56057446632
184	-1.97620668506
185	-3.196130695
186	-7.31372821735
187	-6.47896203317
188	-3.37759131871
189	-1.56057446632
190	-1.84117070916
191	-2.95431561698
192	-1.8206154937
193	-4.7351635761
194	-5.7601275969
195	-6.43764323343
196	-1.84117070916
197	-3.37759131871
198	-1.8206154937
199	-2.1283489946
200	-2.95431561698
201	-1.69937582468
202	-2.1283489946
203	-4.36887344447
204	-1.8206154937
205	-2.1283489946
206	-2.95431561698
207	-1.69937582468
208	-1.97620668506
209	-5.67932317091
210	-5.2076939717
211	-1.699280932
212	-3.37759131871
213	-1.69937582468
214	-9.65096008706
215	-2.77480054318
216	-10.5193502958
217	-7.49787816047
218	-2.77480054318
219	-1.56057446632
220	-1.699280932
221	-2.95431561698
222	-1.56057446632
223	-2.1283489946
224	-2.77480054318
225	-10.6199551623
226	-8.48324901135
227	-3.37759131871
228	-1.97083694245
229	-7.95311249555
230	-8.32039762948
231	-8.1950783644
232	-6.56830272792
233	-3.37759131871
234	-1.97083694245
235	-5.91071678726
236	-5.86911200342
237	-8.44180409023
238	-2.1283489946
239	-6.18132116334
240	-5.19939128996
241	-1.699280932
242	-4.47860829265
243	-1.97083694245
244	-4.32554000608
245	-3.196130695
246	-1.8206154937
247	-1.97620668506
248	-2.95431561698
249	-1.8206154937
250	-8.46603976841
251	-10.2337525055
252	-1.56057446632
253	-7.96380565016
254	-2.95431561698
255	-6.34978176461
256	-4.32554000608
257	-6.18132116334
258	-1.69937582468
259	-7.96380565016
260	-7.80198913429
261	-1.97083694245
262	-2.1283489946
263	-8.45186503957
264	-6.10275220413
265	-2.1283489946
266	-2.77480054318
267	-10.6696694791
268	-1.699280932
269	-3.196130695
270	-1.8206154937
271	-1.97620668506
272	-7.38362866577
273	-1.69937582468
274	-9.66739581185
275	-2.77480054318
276	-10.5397356201
277	-7.804764795
278	-2.77480054318
279	-1.56057446632
280	-11.6365915293
281	-2.95431561698
282	-1.69937582468
283	-1.699280932
284	-4.47860829265
285	-4.5823709227
286	-1.84117070916
287	-6.35541350712
288	-1.8206154937
289	-13.6229956208
290	-3.37759131871
291	-1.8206154937
292	-6.50196394485
293	-3.37759131871
294	-1.8206154937
295	-2.1283489946
296	-4.33520222586
297	-1.8206154937
298	-2.1283489946
299	-3.37759131871
300	-1.69937582468
301	-1.84117070916
302	-9.68196757321
303	-8.0455624235
304	-1.84117070916
305	-3.196130695
306	-1.97083694245
307	-1.97620668506
308	-2.95431561698
309	-1.8206154937
310	-1.97620668506
311	-3.196130695
312	-1.56057446632
313	-4.7351635761
314	-2.95431561698
315	-1.97083694245
316	-1.699280932
317	-2.95431561698
318	-1.69937582468
319	-1.699280932
320	-2.77480054318
321	-1.8206154937
322	-4.7351635761
323	-2.95431561698
324	-4.55187569988
325	-8.19077805429
326	-2.95431561698
327	-1.56057446632
328	-7.84046175127
329	-11.1322295468
330	-1.8206154937
331	-6.30401045063
332	-3.196130695
333	-1.69937582468
334	-6.58782774783
335	-4.17722065775
336	-1.97083694245
337	-1.84117070916
338	-8.86344742297
339	-1.8206154937
340	-1.699280932
341	-2.77480054318
342	-1.97083694245
343	-1.97620668506
344	-12.3927734527
345	-1.56057446632
346	-2.1283489946
347	-3.196130695
348	-1.8206154937
349	-7.56151173122
350	-7.71774604296
351	-1.97083694245
352	-1.84117070916
353	-2.77480054318
354	-1.69937582468
355	-1.97620668506
356	-3.196130695
357	-1.8206154937
358	-5.01498348198
359	-2.77480054318
360	-4.55187569988
361	-5.23450462423
362	-4.72561775884
363	-1.97083694245
364	-1.97620668506
365	-3.196130695
366	-1.97083694245
367	-1.699280932
368	-2.77480054318
369	-1.8206154937
370	-7.56151173122
371	-3.37759131871
372	-1.56057446632
373	-7.95888904534
374	-6.49912568611
375	-5.75202556405
376	-4.32554000608
377	-7.06530007624
378	-1.56057446632
379	-1.84117070916
380	-3.196130695
381	-1.56057446632
382	-8.007089475
383	-2.95431561698
384	-1.97083694245
385	-1.97620668506
386	-6.83637076943
387	-1.56057446632
388	-1.699280932
389	-7.04398218119
390	-1.56057446632
391	-9.87502144661
392	-9.22581451216
393	-8.70476247163
394	-1.699280932
395	-3.196130695
396	-7.47560733351
397	-1.97620668506
398	-2.77480054318
399	-4.97987014771
400	-1.699280932
401	-3.37759131871
402	-1.56057446632
403	-1.97620668506
404	-2.95431561698
405	-8.71311477425
406	-1.699280932
407	-10.9737382025
408	-1.56057446632
409	-4.65283143115
410	-7.01450264108
411	-4.83705329594
412	-8.52128465339
413	-7.71774604296
414	-1.69937582468
415	-8.92502903812
416	-6.92987618772
417	-4.83705329594
418	-1.84117070916
419	-2.77480054318
420	-7.71929667775
421	-2.1283489946
422	-6.28945365607
423	-1.69937582468
424	-1.97620668506
425	-6.35541350712
426	-6.04107790514
427	-1.699280932
428	-3.196130695
429	-1.69937582468
430	-1.699280932
431	-6.07108124024
432	-1.97083694245
433	-6.52884927285
434	-3.37759131871
435	-8.74780322063
436	-2.1283489946
437	-5.31798054154
438	-1.69937582468
439	-7.67970293798
440	-3.37759131871
441	-1.56057446632
442	-5.97232045036
443	-2.77480054318
444	-1.56057446632
445	-7.56151173122
446	-4.68567893128
447	-1.69937582468
448	-6.56830272792
449	-2.95431561698
450	-1.97083694245
451	-1.84117070916
452	-3.196130695
453	-1.8206154937
454	-1.97620668506
455	-3.196130695
456	-1.56057446632
457	-6.52353159288
458	-2.77480054318
459	-1.56057446632
460	-2.1283489946
461	-4.35173002247
462	-1.69937582468
463	-4.32554000608
464	-3.37759131871
465	-1.56057446632
466	-2.1283489946
467	-2.77480054318
468	-1.69937582468
469	-5.57393847326
470	-2.95431561698
