#Site	lnL	
0	-1.61320098863
1	-4.69748691928
2	-7.47697685756
3	-7.89297151212
4	-1.578979568
5	-1.36274247238
6	-1.61320098863
7	-6.83568521223
8	-1.84919553111
9	-6.06091866832
10	-4.69748691928
11	-1.43691736117
12	-1.46261019594
13	-1.83632222451
14	-6.8948711146
15	-6.30515687715
16	-1.74655382612
17	-6.86855347748
18	-1.69749909983
19	-5.5543986702
20	-1.36274247238
21	-7.79748155744
22	-1.83632222451
23	-1.36274247238
24	-6.91435939386
25	-5.82764669986
26	-1.84919553111
27	-1.61320098863
28	-1.578979568
29	-1.43691736117
30	-1.61320098863
31	-2.29609265257
32	-1.36274247238
33	-1.69749909983
34	-1.83632222451
35	-7.70928566396
36	-1.69749909983
37	-2.29609265257
38	-1.43691736117
39	-1.46261019594
40	-1.74655382612
41	-1.43691736117
42	-1.46261019594
43	-1.83632222451
44	-15.9423110975
45	-1.46261019594
46	-2.29609265257
47	-7.71656160637
48	-1.61320098863
49	-1.83632222451
50	-1.24402498739
51	-1.61320098863
52	-1.74655382612
53	-8.38455802142
54	-1.46261019594
55	-6.363276143
56	-1.84919553111
57	-6.36566603268
58	-6.60030130569
59	-1.43691736117
60	-1.61320098863
61	-4.68216016846
62	-6.94868136004
63	-1.69749909983
64	-1.74655382612
65	-1.43691736117
66	-1.46261019594
67	-1.578979568
68	-1.84919553111
69	-1.61320098863
70	-1.578979568
71	-8.01446221178
72	-6.12817657837
73	-6.363276143
74	-8.94726546727
75	-1.69749909983
76	-1.578979568
77	-8.34004105805
78	-1.69749909983
79	-6.08014164504
80	-9.19451191384
81	-2.14043822714
82	-1.74655382612
83	-6.57861357924
84	-5.17484046089
85	-1.578979568
86	-7.54936147811
87	-5.17484046089
88	-6.2210862019
89	-6.29134809046
90	-1.61320098863
91	-1.74655382612
92	-1.24402498739
93	-1.69749909983
94	-4.92828534311
95	-8.67818591224
96	-2.14043822714
97	-1.74655382612
98	-1.84919553111
99	-1.61320098863
100	-1.578979568
101	-12.1267676001
102	-1.69749909983
103	-5.32470829606
104	-7.13311379097
105	-1.46261019594
106	-1.74655382612
107	-1.24402498739
108	-1.46261019594
109	-1.83632222451
110	-1.36274247238
111	-6.04086750935
112	-5.5718228904
113	-1.36274247238
114	-6.97514025838
115	-6.363276143
116	-1.36274247238
117	-1.46261019594
118	-1.578979568
119	-7.78095022384
120	-5.7846281972
121	-1.74655382612
122	-1.24402498739
123	-6.90110821117
124	-5.25433135271
125	-6.86855347748
126	-6.92860688659
127	-1.74655382612
128	-1.24402498739
129	-1.46261019594
130	-1.578979568
131	-1.84919553111
132	-1.46261019594
133	-1.83632222451
134	-7.54210022216
135	-5.25185631204
136	-1.578979568
137	-6.86855347748
138	-1.46261019594
139	-1.578979568
140	-7.4799929823
141	-2.14043822714
142	-5.8837097167
143	-1.84919553111
144	-1.46261019594
145	-5.8837097167
146	-1.24402498739
147	-1.69749909983
148	-5.89881481384
149	-1.43691736117
150	-1.46261019594
151	-10.8031889726
152	-1.43691736117
153	-1.69749909983
154	-1.578979568
155	-7.47697685756
156	-2.14043822714
157	-1.578979568
158	-8.076852549
159	-5.50341082292
160	-5.91202032144
161	-1.36274247238
162	-1.69749909983
163	-1.83632222451
164	-1.24402498739
165	-2.14043822714
166	-4.92828534311
167	-7.79051866623
168	-1.61320098863
169	-1.74655382612
170	-1.36274247238
171	-5.8200086861
172	-5.8837097167
173	-7.47697685756
174	-1.46261019594
175	-1.74655382612
176	-1.84919553111
177	-2.14043822714
178	-6.1325004008
179	-1.84919553111
180	-1.46261019594
181	-2.29609265257
182	-1.24402498739
183	-4.9251985897
184	-1.83632222451
185	-1.43691736117
186	-1.61320098863
187	-1.83632222451
188	-1.24402498739
189	-1.46261019594
190	-1.74655382612
191	-1.84919553111
192	-1.69749909983
193	-1.578979568
194	-1.24402498739
195	-1.61320098863
196	-2.29609265257
197	-1.43691736117
198	-1.46261019594
199	-11.0369651838
200	-1.43691736117
201	-2.14043822714
202	-1.83632222451
203	-7.15685776509
204	-5.44837855724
205	-6.83568521223
206	-6.89358009736
207	-1.61320098863
208	-9.85229136698
209	-1.36274247238
210	-10.5129161839
211	-1.578979568
212	-1.24402498739
213	-2.14043822714
214	-6.363276143
215	-19.0233039763
216	-1.61320098863
217	-1.74655382612
218	-6.57861357924
219	-1.61320098863
220	-1.74655382612
221	-1.24402498739
222	-1.69749909983
223	-1.74655382612
224	-1.24402498739
225	-1.61320098863
226	-5.89881481384
227	-1.84919553111
228	-5.17484046089
229	-1.74655382612
230	-6.59398445467
231	-1.69749909983
232	-1.578979568
233	-1.36274247238
234	-1.46261019594
235	-1.83632222451
236	-1.24402498739
237	-1.61320098863
238	-1.74655382612
239	-1.24402498739
240	-1.46261019594
241	-4.69748691928
242	-1.43691736117
243	-1.61320098863
244	-2.29609265257
245	-1.36274247238
246	-1.69749909983
247	-1.578979568
248	-1.43691736117
249	-1.61320098863
250	-1.578979568
251	-1.24402498739
252	-1.46261019594
253	-1.83632222451
254	-9.16679296557
255	-4.91447287947
256	-5.91186950738
257	-1.24402498739
258	-1.69749909983
259	-1.83632222451
260	-7.15927122099
261	-1.69749909983
262	-7.21012250494
263	-1.84919553111
264	-1.69749909983
265	-7.21012250494
266	-1.24402498739
267	-1.69749909983
268	-1.83632222451
269	-8.87307930003
270	-1.69749909983
271	-2.29609265257
272	-1.36274247238
273	-1.46261019594
274	-2.29609265257
275	-1.36274247238
276	-2.14043822714
277	-6.19808034024
278	-1.24402498739
279	-1.69749909983
280	-13.047641968
281	-1.24402498739
282	-1.61320098863
283	-1.578979568
284	-1.36274247238
285	-2.14043822714
286	-1.578979568
287	-1.43691736117
288	-1.69749909983
289	-5.5377231469
290	-7.15685776509
291	-1.46261019594
292	-2.29609265257
293	-1.24402498739
294	-6.97514025838
295	-7.8871497637
296	-1.36274247238
297	-1.69749909983
298	-1.578979568
299	-1.36274247238
300	-1.61320098863
301	-1.83632222451
302	-1.24402498739
303	-1.46261019594
304	-1.578979568
305	-7.15685776509
306	-9.26789779335
307	-6.363276143
308	-1.24402498739
309	-1.46261019594
310	-1.578979568
311	-7.44332397985
312	-1.61320098863
313	-1.83632222451
314	-1.84919553111
315	-1.69749909983
316	-10.7252347254
317	-1.43691736117
318	-5.77457188271
319	-1.83632222451
320	-1.36274247238
321	-2.14043822714
322	-6.78524155156
323	-8.14923722778
324	-5.77620206861
325	-1.578979568
326	-6.94021803736
327	-1.69749909983
328	-6.05813223976
329	-1.43691736117
330	-2.14043822714
331	-1.578979568
332	-7.1308043808
333	-1.61320098863
334	-1.74655382612
335	-1.84919553111
336	-1.46261019594
337	-7.28224362949
338	-12.9096600574
339	-4.9251985897
340	-1.578979568
341	-7.81744430288
342	-4.91447287947
343	-6.86043030308
344	-15.3607712296
345	-1.61320098863
346	-1.578979568
347	-1.24402498739
348	-2.14043822714
349	-1.578979568
350	-1.24402498739
351	-5.76457037915
352	-2.29609265257
353	-8.1457564842
354	-1.46261019594
355	-1.83632222451
356	-1.36274247238
357	-8.69610814711
358	-5.58946972829
359	-1.24402498739
360	-1.61320098863
361	-1.83632222451
362	-12.8554615955
363	-1.69749909983
364	-6.12979679963
365	-1.24402498739
366	-2.14043822714
367	-4.68216016846
368	-1.84919553111
369	-1.61320098863
370	-1.578979568
371	-1.36274247238
372	-2.14043822714
373	-1.74655382612
374	-1.84919553111
375	-5.77457188271
376	-1.578979568
377	-1.84919553111
378	-1.46261019594
379	-1.578979568
380	-7.81744430288
381	-1.46261019594
382	-10.5831679574
383	-1.43691736117
384	-1.61320098863
385	-4.69748691928
386	-9.90791248258
387	-6.07566104222
388	-1.83632222451
389	-6.87496490512
390	-1.61320098863
391	-1.83632222451
392	-1.43691736117
393	-1.46261019594
394	-2.29609265257
395	-7.78095022384
396	-10.2118589667
397	-5.26446016411
398	-1.36274247238
399	-1.69749909983
400	-1.83632222451
401	-1.24402498739
402	-5.76457037915
403	-5.82764669986
404	-1.84919553111
405	-2.14043822714
406	-5.79451230138
407	-1.84919553111
408	-6.76933968702
409	-1.578979568
410	-8.56977374494
411	-1.61320098863
412	-1.74655382612
413	-7.18415278634
414	-1.61320098863
415	-1.83632222451
416	-1.24402498739
417	-1.46261019594
418	-5.55437167003
419	-1.24402498739
420	-6.78724952252
421	-1.74655382612
422	-1.24402498739
423	-1.61320098863
424	-6.1325004008
425	-12.1113523164
426	-2.14043822714
427	-1.74655382612
428	-1.36274247238
429	-10.6700369209
430	-11.6700322343
431	-6.59398445467
432	-2.14043822714
433	-1.74655382612
434	-1.43691736117
435	-1.46261019594
436	-13.1939101955
437	-6.29134809046
438	-1.46261019594
439	-1.83632222451
440	-1.24402498739
441	-1.61320098863
442	-1.74655382612
443	-1.43691736117
444	-1.46261019594
445	-1.578979568
446	-1.43691736117
447	-5.77620206861
448	-1.83632222451
449	-1.24402498739
450	-7.80937100603
451	-4.92828534311
452	-1.36274247238
453	-6.91435939386
454	-1.74655382612
455	-6.29134809046
456	-1.69749909983
457	-6.86043030308
458	-8.37767987754
459	-11.8284874651
460	-1.74655382612
461	-7.18415278634
462	-6.94406404629
463	-1.74655382612
464	-7.80773225318
465	-1.61320098863
466	-5.58946972829
467	-1.84919553111
468	-1.69749909983
469	-6.1325004008
470	-1.36274247238
