#Site	lnL	
0	-1.98558516413
1	-8.96129340193
2	-9.33990327963
3	-8.43007257126
4	-6.89539758052
5	-1.38188665046
6	-1.61983089568
7	-1.82837833871
8	-1.38188665046
9	-1.61983089568
10	-5.01233002443
11	-15.4172140696
12	-1.98558516413
13	-2.09469153577
14	-1.38188665046
15	-1.61983089568
16	-1.90737973468
17	-1.44565876773
18	-1.98558516413
19	-1.71271737756
20	-7.23797506362
21	-1.61983089568
22	-5.44803485933
23	-6.75938674384
24	-1.98558516413
25	-1.71271737756
26	-8.17264074267
27	-1.72913868343
28	-2.09469153577
29	-9.27391781787
30	-1.98558516413
31	-2.09469153577
32	-12.5640468769
33	-1.80469968261
34	-2.09469153577
35	-1.38188665046
36	-1.61983089568
37	-1.71271737756
38	-1.29457839563
39	-7.09873084865
40	-1.82837833871
41	-8.23291766231
42	-4.79846244814
43	-7.56392953358
44	-1.60476537656
45	-1.61983089568
46	-5.44803485933
47	-15.3106944329
48	-1.72913868343
49	-2.09469153577
50	-7.7819491933
51	-5.14974160129
52	-7.71137097763
53	-1.60476537656
54	-1.61983089568
55	-1.71271737756
56	-1.44565876773
57	-7.05815386222
58	-4.56894786845
59	-1.29457839563
60	-1.98558516413
61	-1.71271737756
62	-1.29457839563
63	-5.32744324182
64	-1.82837833871
65	-1.38188665046
66	-1.72913868343
67	-1.71271737756
68	-7.60431478793
69	-1.61983089568
70	-1.82837833871
71	-1.38188665046
72	-1.61983089568
73	-1.71271737756
74	-1.44565876773
75	-1.98558516413
76	-1.71271737756
77	-1.44565876773
78	-1.80469968261
79	-1.71271737756
80	-7.63054367385
81	-1.72913868343
82	-1.82837833871
83	-7.29830273979
84	-1.61983089568
85	-1.82837833871
86	-1.29457839563
87	-1.61983089568
88	-2.09469153577
89	-1.29457839563
90	-5.58350080964
91	-1.82837833871
92	-1.44565876773
93	-6.09842673684
94	-6.12740633731
95	-1.60476537656
96	-5.14974160129
97	-8.24724592872
98	-1.60476537656
99	-11.2609330172
100	-1.82837833871
101	-1.44565876773
102	-1.72913868343
103	-6.39697991963
104	-1.29457839563
105	-1.72913868343
106	-1.82837833871
107	-1.60476537656
108	-1.61983089568
109	-6.3539855712
110	-9.37481132055
111	-1.61983089568
112	-6.12740633731
113	-15.2978366185
114	-5.58350080964
115	-5.01233002443
116	-1.44565876773
117	-1.61983089568
118	-1.71271737756
119	-7.84538423593
120	-5.15763289941
121	-11.5042947543
122	-1.29457839563
123	-5.59562023365
124	-1.82837833871
125	-6.68549781824
126	-1.80469968261
127	-10.6565515331
128	-1.29457839563
129	-1.61983089568
130	-1.82837833871
131	-15.635664
132	-1.80469968261
133	-1.71271737756
134	-7.29830273979
135	-1.98558516413
136	-1.90737973468
137	-7.29830273979
138	-7.5181660294
139	-1.82837833871
140	-1.38188665046
141	-1.98558516413
142	-2.09469153577
143	-13.626088301
144	-1.61983089568
145	-2.09469153577
146	-12.1331046903
147	-4.70622102744
148	-5.10388047022
149	-8.35175940543
150	-1.72913868343
151	-6.43150618103
152	-1.38188665046
153	-1.98558516413
154	-1.71271737756
155	-1.44565876773
156	-1.98558516413
157	-1.82837833871
158	-9.02007142084
159	-6.18879478349
160	-2.09469153577
161	-1.60476537656
162	-1.72913868343
163	-1.90737973468
164	-1.60476537656
165	-1.80469968261
166	-1.82837833871
167	-9.02997185154
168	-1.72913868343
169	-2.09469153577
170	-6.68440195929
171	-1.72913868343
172	-1.71271737756
173	-1.44565876773
174	-1.80469968261
175	-2.09469153577
176	-1.44565876773
177	-6.3979159213
178	-1.71271737756
179	-1.29457839563
180	-7.07288231506
181	-1.82837833871
182	-1.44565876773
183	-5.20797032605
184	-1.82837833871
185	-7.23797506362
186	-5.14974160129
187	-5.1742920035
188	-1.38188665046
189	-1.98558516413
190	-7.16649281088
191	-1.38188665046
192	-1.80469968261
193	-5.66178165766
194	-20.0220943675
195	-1.61983089568
196	-1.71271737756
197	-1.29457839563
198	-9.85155080801
199	-2.09469153577
200	-9.83346060443
201	-1.98558516413
202	-1.71271737756
203	-7.29830273979
204	-1.72913868343
205	-5.01233002443
206	-1.29457839563
207	-1.80469968261
208	-7.60840667094
209	-7.84353746384
210	-1.98558516413
211	-11.1862455476
212	-6.68549781824
213	-1.72913868343
214	-2.09469153577
215	-17.6310711957
216	-5.245231753
217	-2.09469153577
218	-1.44565876773
219	-5.74900970233
220	-1.71271737756
221	-1.44565876773
222	-9.73959001589
223	-2.09469153577
224	-1.44565876773
225	-1.61983089568
226	-7.27419194815
227	-1.29457839563
228	-1.72913868343
229	-5.2114756818
230	-1.44565876773
231	-1.80469968261
232	-4.666506518
233	-1.29457839563
234	-1.98558516413
235	-1.71271737756
236	-1.44565876773
237	-1.61983089568
238	-1.82837833871
239	-1.44565876773
240	-5.76066676909
241	-9.46282250684
242	-14.0940040276
243	-1.80469968261
244	-2.09469153577
245	-8.23629579811
246	-1.72913868343
247	-4.56894786845
248	-1.38188665046
249	-1.98558516413
250	-2.09469153577
251	-8.23629579811
252	-5.14974160129
253	-9.21685402705
254	-6.75938674384
255	-1.61983089568
256	-6.43150618103
257	-1.44565876773
258	-6.09842673684
259	-6.08446598082
260	-1.38188665046
261	-6.0786875848
262	-6.25128679786
263	-1.29457839563
264	-1.80469968261
265	-5.9318249792
266	-1.60476537656
267	-1.72913868343
268	-5.43998263211
269	-1.44565876773
270	-1.98558516413
271	-6.02298761757
272	-7.60431478793
273	-1.72913868343
274	-1.90737973468
275	-14.4895849918
276	-7.09873084865
277	-1.90737973468
278	-7.23797506362
279	-8.34399420994
280	-1.82837833871
281	-1.29457839563
282	-1.72913868343
283	-7.3943949021
284	-1.60476537656
285	-5.245231753
286	-6.12740633731
287	-1.60476537656
288	-1.80469968261
289	-6.9251676018
290	-1.44565876773
291	-1.80469968261
292	-1.82837833871
293	-1.38188665046
294	-8.12474708955
295	-2.09469153577
296	-7.30021494421
297	-1.80469968261
298	-1.90737973468
299	-8.54039564183
300	-1.72913868343
301	-9.81789449618
302	-1.38188665046
303	-1.72913868343
304	-1.82837833871
305	-1.44565876773
306	-6.2291329055
307	-1.90737973468
308	-6.68440195929
309	-1.61983089568
310	-1.71271737756
311	-6.75422205583
312	-1.61983089568
313	-2.09469153577
314	-1.60476537656
315	-1.72913868343
316	-5.05748172443
317	-8.15213613571
318	-5.20797032605
319	-6.3539855712
320	-1.29457839563
321	-1.80469968261
322	-6.00641050801
323	-8.23291766231
324	-1.61983089568
325	-1.71271737756
326	-7.36372465338
327	-1.61983089568
328	-1.71271737756
329	-7.16450527141
330	-1.61983089568
331	-2.09469153577
332	-14.7089424821
333	-1.61983089568
334	-1.71271737756
335	-7.23797506362
336	-1.61983089568
337	-6.3539855712
338	-1.38188665046
339	-1.72913868343
340	-7.60840667094
341	-9.01883374144
342	-1.61983089568
343	-2.09469153577
344	-15.3969603784
345	-1.61983089568
346	-1.71271737756
347	-1.29457839563
348	-1.61983089568
349	-5.61016012725
350	-1.44565876773
351	-12.8158445906
352	-1.71271737756
353	-1.60476537656
354	-1.80469968261
355	-5.49141062973
356	-1.29457839563
357	-1.80469968261
358	-5.61016012725
359	-7.62491321933
360	-7.07288231506
361	-13.5708346678
362	-6.68549781824
363	-1.61983089568
364	-1.90737973468
365	-7.16450527141
366	-1.98558516413
367	-1.82837833871
368	-1.44565876773
369	-1.61983089568
370	-4.666506518
371	-1.38188665046
372	-1.80469968261
373	-1.82837833871
374	-1.38188665046
375	-1.80469968261
376	-1.71271737756
377	-1.44565876773
378	-1.61983089568
379	-10.3159983605
380	-14.9054042685
381	-1.98558516413
382	-1.90737973468
383	-7.55649050155
384	-1.98558516413
385	-5.10388047022
386	-10.2024177217
387	-11.1332993896
388	-1.71271737756
389	-1.38188665046
390	-1.80469968261
391	-2.09469153577
392	-1.29457839563
393	-1.98558516413
394	-1.71271737756
395	-7.23797506362
396	-1.80469968261
397	-1.71271737756
398	-1.38188665046
399	-8.1794210692
400	-2.09469153577
401	-1.29457839563
402	-10.8815807013
403	-1.71271737756
404	-6.68549781824
405	-1.98558516413
406	-6.02298761757
407	-13.5772239698
408	-4.74685880688
409	-1.90737973468
410	-1.29457839563
411	-9.80721753954
412	-4.56894786845
413	-1.60476537656
414	-5.14974160129
415	-5.44803485933
416	-1.38188665046
417	-11.9177614441
418	-1.90737973468
419	-1.38188665046
420	-1.98558516413
421	-1.71271737756
422	-9.27391781787
423	-1.72913868343
424	-1.71271737756
425	-7.16450527141
426	-1.80469968261
427	-2.09469153577
428	-1.38188665046
429	-8.13640448563
430	-2.09469153577
431	-1.60476537656
432	-1.80469968261
433	-5.01233002443
434	-1.38188665046
435	-1.80469968261
436	-2.09469153577
437	-1.44565876773
438	-1.61983089568
439	-5.44803485933
440	-1.38188665046
441	-5.74900970233
442	-1.71271737756
443	-1.29457839563
444	-1.80469968261
445	-2.09469153577
446	-6.75422205583
447	-5.245231753
448	-1.71271737756
449	-1.29457839563
450	-1.80469968261
451	-5.61016012725
452	-1.38188665046
453	-1.72913868343
454	-1.71271737756
455	-7.62491321933
456	-1.72913868343
457	-1.71271737756
458	-1.38188665046
459	-5.61805653398
460	-6.12740633731
461	-1.38188665046
462	-1.80469968261
463	-6.25128679786
464	-1.29457839563
465	-4.70622102744
466	-1.90737973468
467	-7.78076432372
468	-1.80469968261
469	-5.56358992731
470	-1.29457839563
