# log_p 	 lnL 	 
0.0	-1672.8541617	
-0.287682072452	-1671.92302241	
-0.510825623766	-1671.16714741	
-0.69314718056	-1670.54718416	
-0.847297860387	-1670.02621602	
-0.980829253012	-1669.576878	
-1.09861228867	-1669.18011269	
-1.20397280433	-1668.82285472	
-1.29928298413	-1668.49614561	
-1.38629436112	-1668.19380189	
-1.46633706879	-1667.91151132	
-1.54044504095	-1667.64622638	
-1.60943791243	-1667.39575763	
-1.67397643357	-1667.15850012	
-1.73460105539	-1666.93324843	
-1.79175946923	-1666.71907109	
-1.8458266905	-1666.51522504	
-1.89711998489	-1666.32109738	
-1.94591014906	-1666.13616559	
-1.99243016469	-1665.95997058	
-2.03688192726	-1665.79209847	
-2.07944154168	-1665.63216832	
-2.1202635362	-1665.47982402	
-2.15948424935	-1665.33472891	
-2.19722457734	-1665.19656235	
-2.23359222151	-1665.06501743	
-2.26868354132	-1664.9397996	
-2.30258509299	-1664.82062581	
-2.33537491582	-1664.7072239	
-2.36712361413	-1664.59933226	
-2.3978952728	-1664.49669959	
-2.42774823595	-1664.3990847	
-2.45673577282	-1664.30625627	
-2.48490664979	-1664.21799273	
-2.51230562398	-1664.13408202	
-2.53897387106	-1664.05432135	
-2.56494935746	-1663.97851701	
-2.59026716545	-1663.90648405	
-2.61495977804	-1663.83804604	
-2.63905732962	-1663.77303478	
-2.66258782703	-1663.71128998	
-2.68557734525	-1663.65265898	
-2.7080502011	-1663.59699644	
-2.73002910782	-1663.54416403	
-2.75153531304	-1663.49403012	
-2.77258872224	-1663.44646949	
-2.79320800944	-1663.40136305	
-2.81341071676	-1663.35859754	
-2.83321334406	-1663.31806523	
-2.85263142991	-1663.27966372	
-2.87167962488	-1663.24329561	
-2.8903717579	-1663.20886829	
-2.90872089656	-1663.17629369	
-2.92673940207	-1663.14548805	
-2.94443897917	-1663.11637172	
-2.96183072188	-1663.08886892	
-2.97892515524	-1663.06290758	
-2.99573227355	-1663.03841912	
-3.01226157551	-1663.01533827	
-3.02852209638	-1662.99360293	
-3.04452243772	-1662.97315398	
-3.06027079469	-1662.95393512	
-3.07577498123	-1662.93589277	
-3.09104245336	-1662.91897587	
-3.10608033072	-1662.9031358	
-3.12089541651	-1662.88832622	
-3.13549421593	-1662.87450297	
-3.14988295338	-1662.86162397	
-3.16406758837	-1662.8496491	
-3.17805383035	-1662.83854007	
-3.19184715248	-1662.8282604	
-3.20545280454	-1662.81877525	
-3.21887582487	-1662.81005141	
-3.23212105162	-1662.80205715	
-3.24519313319	-1662.79476221	
-3.25809653802	-1662.78813766	
-3.2708355638	-1662.78215589	
-3.28341434601	-1662.77679052	
-3.295836866	-1662.77201635	
-3.3081069586	-1662.76780927	
-3.32022831913	-1662.76414628	
-3.33220451018	-1662.76100533	
-3.34403896782	-1662.75836537	
-3.35573500759	-1662.75620625	
-3.36729582999	-1662.75450869	
-3.37872452581	-1662.75325425	
-3.39002408106	-1662.75242527	
-3.40119738166	-1662.75200483	
-3.41224721785	-1662.75197675	
-3.42317628838	-1662.75232552	
-3.43398720449	-1662.75303627	
-3.4446824936	-1662.75409477	
-3.45526460293	-1662.75548737	
-3.4657359028	-1662.75720099	
-3.47609868984	-1662.75922308	
-3.48635519	-1662.76154161	
-3.49650756147	-1662.76414503	
-3.50655789732	-1662.76702229	
-3.51650822817	-1662.77016274	
-3.52636052462	-1662.77355619	
-3.53611669956	-1662.77719285	
-3.54577861047	-1662.78106332	
-3.55534806149	-1662.78515856	
-3.56482680544	-1662.7894699	
-3.57421654579	-1662.79398901	
-3.58351893846	-1662.79870788	
-3.59273559356	-1662.80361881	
-3.60186807712	-1662.80871441	
-3.61091791264	-1662.81398756	
-3.61988658263	-1662.81943142	
-3.62877553004	-1662.82503941	
-3.63758615973	-1662.8308052	
-3.6463198397	-1662.83672269	
-3.65497790244	-1662.84278604	
-3.66356164613	-1662.84898959	
-3.6720723358	-1662.85532792	
-3.68051120444	-1662.8617958	
-3.68887945411	-1662.86838819	
-3.69717825693	-1662.87510025	
-3.70540875607	-1662.8819273	
-3.7135720667	-1662.88886483	
-3.72166927694	-1662.89590853	
-3.72970144863	-1662.9030542	
-3.73766961828	-1662.91029781	
-3.74557479779	-1662.91763549	
-3.75341797525	-1662.92506349	
-3.76120011569	-1662.93257819	
-3.76892216179	-1662.94017612	
-3.77658503453	-1662.9478539	
-3.78418963392	-1662.95560831	
-3.79173683955	-1662.96343622	
-3.79922751128	-1662.97133459	
-3.80666248977	-1662.97930054	
-3.81404259707	-1662.98733123	
-3.82136863716	-1662.99542396	
-3.82864139649	-1663.0035761	
-3.83586164446	-1663.01178513	
-3.84303013394	-1663.02004859	
-3.85014760171	-1663.02836414	
-3.85721476893	-1663.03672948	
-3.86423234159	-1663.04514241	
-3.87120101091	-1663.05360081	
-3.87812145375	-1663.06210261	
-3.88499433304	-1663.07064583	
-3.89182029811	-1663.07922854	
-3.8985999851	-1663.08784889	
-3.90533401728	-1663.09650508	
-3.91202300543	-1663.10519538	
-3.91866754815	-1663.11391809	
-3.92526823218	-1663.12267161	
-3.93182563272	-1663.13145435	
-3.93834031375	-1663.14026479	
-3.94481282825	-1663.14910148	
-3.95124371858	-1663.15796298	
-3.95763351668	-1663.16684792	
-3.96398274436	-1663.17575497	
-3.97029191355	-1663.18468283	
-3.97656152657	-1663.19363027	
-3.98279207632	-1663.20259607	
-3.98898404656	-1663.21157906	
-3.99513791214	-1663.22057812	
-4.00125413916	-1663.22959216	
-4.00733318523	-1663.2386201	
-4.01337549969	-1663.24766093	
-4.01938152375	-1663.25671365	
-4.02535169074	-1663.26577729	
-4.03128642625	-1663.27485093	
-4.03718614838	-1663.28393367	
-4.04305126783	-1663.29302463	
-4.04888218815	-1663.30212296	
-4.05467930583	-1663.31122785	
-4.06044301055	-1663.3203385	
-4.06617368526	-1663.32945413	
-4.07187170637	-1663.33857402	
-4.07753744391	-1663.34769742	
-4.08317126162	-1663.35682365	
-4.08877351717	-1663.36595203	
-4.09434456222	-1663.3750819	
-4.0998847426	-1663.38421262	
-4.10539439841	-1663.39334358	
-4.11087386417	-1663.40247419	
-4.11632346894	-1663.41160385	
-4.12174353641	-1663.42073202	
-4.12713438505	-1663.42985815	
-4.13249632819	-1663.43898171	
-4.13782967416	-1663.44810219	
-4.14313472639	-1663.4572191	
-4.14841178349	-1663.46633197	
-4.15366113938	-1663.47544032	
-4.15888308336	-1663.48454371	
-4.16407790024	-1663.4936417	
-4.1692458704	-1663.50273387	
-4.1743872699	-1663.51181981	
-4.17950237056	-1663.52089913	
-4.18459144007	-1663.52997144	
-4.18965474203	-1663.53903637	
-4.19469253606	-1663.54809356	
-4.19970507788	-1663.55714266	
-4.20469261939	-1663.56618334	
-4.20965540873	-1663.57521526	
-4.21459369037	-1663.58423812	
-4.21950770518	-1663.59325159	
-4.22439769047	-1663.60225539	
-4.22926388012	-1663.61124924	
-4.2341065046	-1663.62023284	
-4.23892579103	-1663.62920593	
-4.2437219633	-1663.63816825	
-4.24849524205	-1663.64711955	
-4.25324584481	-1663.65605958	
-4.257973986	-1663.6649881	
-4.26267987704	-1663.67390489	
-4.26736372635	-1663.68280973	
-4.27202573946	-1663.69170239	
-4.27666611902	-1663.70058268	
-4.28128506487	-1663.7094504	
-4.28588277412	-1663.71830534	
-4.29045944115	-1663.72714732	
-4.29501525768	-1663.73597616	
-4.29955041285	-1663.74479169	
-4.3040650932	-1663.75359374	
-4.30855948279	-1663.76238214	
-4.31303376319	-1663.77115673	
-4.31748811354	-1663.77991737	
-4.3219227106	-1663.7886639	
-4.32633772881	-1663.79739618	
-4.33073334029	-1663.80611409	
-4.33510971489	-1663.81481748	
-4.33946702026	-1663.82350622	
-4.34380542185	-1663.8321802	
-4.348125083	-1663.8408393	
-4.3524261649	-1663.8494834	
-4.35670882669	-1663.8581124	
-4.36097322548	-1663.86672618	
-4.36521951636	-1663.87532465	
-4.36944785247	-1663.8839077	
-4.373658385	-1663.89247525	
-4.37785126326	-1663.90102721	
-4.38202663467	-1663.90956348	
-4.38618464482	-1663.91808398	
-4.39032543749	-1663.92658864	
-4.39444915467	-1663.93507738	
-4.39855593663	-1663.94355012	
-4.40264592188	-1663.95200679	
-4.40671924726	-1663.96044734	
-4.41077604796	-1663.96887168	
-4.4148164575	-1663.97727977	
-4.4188406078	-1663.98567154	
-4.42284862919	-1663.99404694	
-4.42684065046	-1664.00240591	
-4.43081679884	-1664.01074841	
-4.43477720006	-1664.01907438	
-4.43872197835	-1664.02738378	
-4.44265125649	-1664.03567656	
-4.44656515581	-1664.0439527	
-4.45046379623	-1664.05221214	
-4.45434729625	-1664.06045485	
-4.45821577303	-1664.0686808	
-4.46206934235	-1664.07688995	
-4.46590811865	-1664.08508227	
-4.46973221509	-1664.09325774	
-4.47354174351	-1664.10141633	
-4.47733681448	-1664.10955802	
-4.48111753732	-1664.11768278	
-4.48488402011	-1664.12579058	
-4.48863636973	-1664.13388142	
-4.49237469184	-1664.14195528	
-4.49609909093	-1664.15001213	
-4.49980967033	-1664.15805197	
-4.50350653221	-1664.16607478	
-4.50718977763	-1664.17408055	
-4.51085950652	-1664.18206928	
-4.51451581772	-1664.19004094	
-4.518158809	-1664.19799554	
-4.52178857705	-1664.20593307	
-4.52540521752	-1664.21385353	
-4.52900882502	-1664.22175691	
-4.53259949315	-1664.22964321	
-4.5361773145	-1664.23751243	
-4.53974238067	-1664.24536457	
-4.54329478227	-1664.25319964	
-4.54683460898	-1664.26101763	
-4.55036194949	-1664.26881855	
-4.5538768916	-1664.27660241	
-4.55737952215	-1664.28436921	
-4.56086992709	-1664.29211895	
-4.56434819147	-1664.29985166	
-4.56781439944	-1664.30756732	
-4.57126863431	-1664.31526597	
-4.5747109785	-1664.3229476	
-4.5781415136	-1664.33061223	
-4.58156032035	-1664.33825987	
-4.58496747867	-1664.34589053	
-4.58836306767	-1664.35350424	
-4.59174716566	-1664.36110099	
-4.59511985013	-1664.36868082	
-4.59848119784	-1664.37624373	
-4.60183128472	-1664.38378975	
-4.60517018599	-1664.39131888	
-4.60849797608	-1664.39883116	
-4.61181472871	-1664.40632659	
-4.61512051684	-1664.41380521	
-4.61841541274	-1664.42126702	
-4.62169948794	-1664.42871205	
-4.62497281328	-1664.43614033	
-4.62823545892	-1664.44355187	
-4.63148749431	-1664.4509467	
-4.63472898823	-1664.45832483	
-4.63796000881	-1664.46568631	
-4.64118062351	-1664.47303114	
-4.64439089914	-1664.48035936	
-4.64759090187	-1664.48767098	
-4.65078069724	-1664.49496605	
-4.65396035016	-1664.50224457	
-4.65712992492	-1664.50950658	
-4.66028948521	-1664.51675211	
-4.66343909411	-1664.52398119	
-4.66657881412	-1664.53119383	
-4.66970870713	-1664.53839007	
-4.67282883446	-1664.54556995	
-4.67593925688	-1664.55273348	
-4.67904003455	-1664.5598807	
-4.68213122712	-1664.56701163	
-4.68521289366	-1664.57412632	
-4.6882850927	-1664.58122478	
-4.69134788223	-1664.58830705	
-4.69440131972	-1664.59537316	
-4.6974454621	-1664.60242314	
-4.70048036579	-1664.60945702	
-4.70350608671	-1664.61647484	
-4.70652268025	-1664.62347663	
-4.70953020131	-1664.63046242	
-4.71252870431	-1664.63743224	
-4.71551824316	-1664.64438612	
-4.7184988713	-1664.65132411	
-4.72147064168	-1664.65824622	
-4.72443360681	-1664.6651525	
-4.72738781871	-1664.67204299	
-4.73033332894	-1664.6789177	
-4.73327018862	-1664.68577668	
-4.73619844839	-1664.69261997	
-4.7391181585	-1664.69944759	
-4.74202936871	-1664.70625958	
-4.74493212836	-1664.71305598	
-4.74782648639	-1664.71983682	
-4.75071249128	-1664.72660214	
-4.75359019111	-1664.73335197	
-4.75645963353	-1664.74008635	
-4.75932086582	-1664.74680531	
-4.7621739348	-1664.75350889	
-4.76501888693	-1664.76019712	
-4.76785576827	-1664.76687005	
-4.77068462447	-1664.7735277	
-4.77350550081	-1664.78017012	
-4.77631844218	-1664.78679733	
-4.77912349311	-1664.79340939	
-4.78192069773	-1664.80000631	
-4.78471009982	-1664.80658814	
-4.78749174278	-1664.81315492	
-4.79026566966	-1664.81970668	
-4.79303192316	-1664.82624346	
-4.7957905456	-1664.83276529	
-4.79854157897	-1664.83927222	
-4.80128506491	-1664.84576428	
-4.80402104473	-1664.8522415	
-4.80674955939	-1664.85870393	
-4.8094706495	-1664.8651516	
-4.81218435537	-1664.87158455	
-4.81489071697	-1664.87800281	
-4.81758977394	-1664.88440643	
-4.82028156561	-1664.89079544	
-4.82296613098	-1664.89716987	
-4.82564350875	-1664.90352977	
-4.8283137373	-1664.90987517	
-4.83097685472	-1664.91620611	
-4.83363289878	-1664.92252262	
-4.83628190695	-1664.92882475	
-4.83892391641	-1664.93511253	
-4.84155896405	-1664.941386	
-4.84418708646	-1664.9476452	
-4.84680831994	-1664.95389016	
-4.84942270051	-1664.96012092	
-4.85203026392	-1664.96633752	
-4.85463104562	-1664.97254	
-4.8572250808	-1664.97872838	
-4.85981240436	-1664.98490272	
-4.86239305096	-1664.99106305	
-4.86496705495	-1664.9972094	
-4.86753445046	-1665.00334182	
-4.87009527132	-1665.00946033	
-4.87264955112	-1665.01556499	
-4.8751973232	-1665.02165581	
-4.87773862063	-1665.02773285	
-4.88027347623	-1665.03379614	
-4.88280192259	-1665.03984571	
-4.88532399202	-1665.04588161	
-4.88783971662	-1665.05190387	
-4.89034912822	-1665.05791252	
-4.89285225844	-1665.06390761	
-4.89534913864	-1665.06988917	
-4.89783979995	-1665.07585724	
-4.90032427328	-1665.08181185	
-4.90280258929	-1665.08775305	
-4.90527477844	-1665.09368087	
-4.90774087093	-1665.09959534	
-4.91020089677	-1665.1054965	
-4.91265488574	-1665.11138439	
-4.91510286737	-1665.11725905	
-4.91754487103	-1665.12312051	
-4.91998092583	-1665.12896881	
-4.92241106068	-1665.13480398	
-4.92483530429	-1665.14062607	
-4.92725368516	-1665.1464351	
-4.92966623156	-1665.15223112	
-4.93207297159	-1665.15801415	
-4.93447393313	-1665.16378425	
-4.93686914386	-1665.16954144	
-4.93925863125	-1665.17528575	
-4.94164242261	-1665.18101723	
-4.94402054501	-1665.18673591	
-4.94639302537	-1665.19244183	
-4.94875989038	-1665.19813502	
-4.95112116656	-1665.20381551	
-4.95347688026	-1665.20948335	
-4.9558270576	-1665.21513857	
-4.95817172456	-1665.2207812	
-4.96051090691	-1665.22641129	
-4.96284463026	-1665.23202885	
-4.96517292002	-1665.23763394	
-4.96749580144	-1665.24322659	
-4.96981329958	-1665.24880682	
-4.97212543933	-1665.25437468	
-4.97443224543	-1665.2599302	
-4.97673374242	-1665.26547342	
-4.97902995468	-1665.27100436	
-4.98132090643	-1665.27652308	
-4.98360662171	-1665.28202959	
-4.98588712441	-1665.28752393	
-4.98816243824	-1665.29300615	
-4.99043258678	-1665.29847626	
-4.99269759341	-1665.30393432	
-4.99495748138	-1665.30938035	
-4.99721227376	-1665.31481438	
-4.9994619935	-1665.32023645	
-5.00170666335	-1665.3256466	
-5.00394630595	-1665.33104486	
-5.00618094375	-1665.33643125	
-5.00841059907	-1665.34180583	
-5.0106352941	-1665.34716861	
-5.01285505083	-1665.35251963	
-5.01506989116	-1665.35785893	
-5.01727983681	-1665.36318654	
-5.01948490937	-1665.3685025	
-5.02168513028	-1665.37380683	
-5.02388052085	-1665.37909957	
-5.02607110223	-1665.38438075	
-5.02825689545	-1665.38965041	
-5.03043792139	-1665.39490858	
-5.03261420082	-1665.40015528	
-5.03478575433	-1665.40539057	
-5.03695260241	-1665.41061445	
-5.03911476542	-1665.41582698	
-5.04127226356	-1665.42102818	
-5.04342511692	-1665.42621809	
-5.04557334546	-1665.43139673	
-5.047716969	-1665.43656414	
-5.04985600725	-1665.44172034	
-5.05199047978	-1665.44686539	
-5.05412040604	-1665.45199929	
-5.05624580535	-1665.4571221	
-5.05836669692	-1665.46223383	
-5.06048309982	-1665.46733452	
-5.06259503303	-1665.4724242	
-5.06470251537	-1665.47750291	
-5.06680556556	-1665.48257067	
-5.06890420222	-1665.48762752	
-5.07099844382	-1665.49267348	
-5.07308830874	-1665.49770859	
-5.07517381523	-1665.50273289	
-5.07725498144	-1665.50774639	
-5.07933182538	-1665.51274913	
-5.08140436498	-1665.51774114	
-5.08347261805	-1665.52272246	
-5.08553660227	-1665.52769311	
-5.08759633523	-1665.53265312	
-5.08965183441	-1665.53760253	
-5.09170311719	-1665.54254136	
-5.09375020081	-1665.54746965	
-5.09579310244	-1665.55238742	
-5.09783183913	-1665.55729471	
-5.09986642782	-1665.56219154	
-5.10189688537	-1665.56707795	
-5.10392322852	-1665.57195396	
-5.1059454739	-1665.5768196	
-5.10796363806	-1665.58167491	
-5.10997773743	-1665.58651992	
-5.11198778836	-1665.59135464	
-5.11399380708	-1665.59617912	
-5.11599580975	-1665.60099338	
-5.11799381242	-1665.60579745	
-5.11998783102	-1665.61059136	
-5.12197788143	-1665.61537514	
-5.1239639794	-1665.62014882	
-5.12594614061	-1665.62491242	
-5.12792438062	-1665.62966598	
-5.12989871492	-1665.63440952	
-5.13186915891	-1665.63914308	
-5.13383572788	-1665.64386667	
-5.13579843705	-1665.64858034	
-5.13775730154	-1665.6532841	
-5.13971233637	-1665.65797799	
-5.1416635565	-1665.66266204	
-5.14361097679	-1665.66733626	
-5.145554612	-1665.6720007	
-5.14749447681	-1665.67665537	
-5.14943058584	-1665.68130031	
-5.15136295359	-1665.68593555	
-5.1532915945	-1665.6905611	
-5.15521652291	-1665.695177	
-5.15713775309	-1665.69978328	
-5.15905529921	-1665.70437997	
-5.1609691754	-1665.70896708	
-5.16287939565	-1665.71354465	
-5.16478597392	-1665.7181127	
-5.16668892407	-1665.72267127	
-5.16858825987	-1665.72722038	
-5.17048399504	-1665.73176005	
-5.17237614319	-1665.73629032	
-5.17426471788	-1665.7408112	
-5.17614973257	-1665.74532273	
-5.17803120067	-1665.74982493	
-5.1799091355	-1665.75431783	
-5.18178355029	-1665.75880146	
-5.18365445823	-1665.76327583	
-5.1855218724	-1665.76774099	
-5.18738580584	-1665.77219694	
-5.18924627149	-1665.77664373	
-5.19110328224	-1665.78108137	
-5.19295685089	-1665.7855099	
-5.19480699018	-1665.78992933	
-5.19665371277	-1665.79433969	
-5.19849703127	-1665.79874101	
-5.20033695819	-1665.80313332	
-5.202173506	-1665.80751663	
-5.20400668708	-1665.81189098	
-5.20583651375	-1665.81625639	
-5.20766299828	-1665.82061289	
-5.20948615284	-1665.82496049	
-5.21130598956	-1665.82929923	
-5.21312252048	-1665.83362913	
-5.21493575761	-1665.83795021	
-5.21674571285	-1665.84226251	
-5.21855239808	-1665.84656604	
-5.22035582508	-1665.85086083	
-5.22215600558	-1665.8551469	
-5.22395295126	-1665.85942428	
-5.22574667371	-1665.86369299	
-5.22753718449	-1665.86795306	
-5.22932449506	-1665.87220451	
-5.23110861685	-1665.87644736	
-5.23288956123	-1665.88068165	
-5.23466733947	-1665.88490738	
-5.23644196283	-1665.8891246	
-5.23821344248	-1665.89333331	
-5.23998178954	-1665.89753355	
-5.24174701506	-1665.90172534	
-5.24350913005	-1665.9059087	
-5.24526814546	-1665.91008366	
-5.24702407216	-1665.91425024	
-5.24877692099	-1665.91840845	
-5.25052670271	-1665.92255834	
-5.25227342805	-1665.92669991	
-5.25401710765	-1665.9308332	
-5.25575775213	-1665.93495822	
-5.25749537203	-1665.93907499	
-5.25922997784	-1665.94318355	
-5.26096158	-1665.94728392	
-5.2626901889	-1665.95137611	
-5.26441581487	-1665.95546015	
-5.26613846818	-1665.95953606	
-5.26785815906	-1665.96360387	
-5.26957489768	-1665.96766359	
-5.27128869416	-1665.97171525	
-5.27299955856	-1665.97575888	
-5.27470750091	-1665.97979449	
-5.27641253116	-1665.98382211	
-5.27811465923	-1665.98784175	
-5.27981389498	-1665.99185345	
-5.28151024823	-1665.99585722	
-5.28320372874	-1665.99985308	
-5.28489434622	-1666.00384106	
-5.28658211033	-1666.00782117	
-5.28826703069	-1666.01179345	
-5.28994911688	-1666.01575791	
-5.2916283784	-1666.01971457	
-5.29330482472	-1666.02366346	
-5.29497846528	-1666.02760459	
-5.29664930945	-1666.03153799	
-5.29831736655	-1666.03546368	
-5.29998264587	-1666.03938168	
-5.30164515664	-1666.04329201	
-5.30330490806	-1666.04719469	
-5.30496190927	-1666.05108974	
-5.30661616936	-1666.05497719	
-5.3082676974	-1666.05885705	
-5.30991650239	-1666.06272935	
-5.3115625933	-1666.0665941	
-5.31320597904	-1666.07045133	
-5.3148466685	-1666.07430106	
-5.3164846705	-1666.07814331	
-5.31811999384	-1666.0819781	
-5.31975264727	-1666.08580544	
-5.32138263948	-1666.08962537	
-5.32300997914	-1666.09343789	
-5.32463467487	-1666.09724303	
-5.32625673524	-1666.10104082	
-5.32787616879	-1666.10483126	
-5.32949298402	-1666.10861438	
-5.33110718937	-1666.11239021	
-5.33271879327	-1666.11615875	
-5.33432780407	-1666.11992004	
-5.33593423012	-1666.12367408	
-5.3375380797	-1666.1274209	
-5.33913936107	-1666.13116052	
-5.34073808243	-1666.13489296	
-5.34233425196	-1666.13861824	
-5.3439278778	-1666.14233637	
-5.34551896803	-1666.14604738	
-5.34710753072	-1666.14975128	
-5.34869357387	-1666.15344811	
-5.35027710548	-1666.15713786	
-5.35185813348	-1666.16082057	
-5.35343666577	-1666.16449625	
-5.35501271022	-1666.16816492	
-5.35658627467	-1666.17182661	
-5.3581573669	-1666.17548132	
-5.35972599468	-1666.17912908	
-5.36129216571	-1666.18276991	
-5.36285588769	-1666.18640382	
-5.36441716825	-1666.19003084	
-5.36597601502	-1666.19365097	
-5.36753243557	-1666.19726426	
-5.36908643744	-1666.2008707	
-5.37063802813	-1666.20447031	
-5.37218721511	-1666.20806313	
-5.37373400583	-1666.21164916	
-5.37527840768	-1666.21522842	
-5.37682042804	-1666.21880093	
-5.37836007422	-1666.22236671	
-5.37989735354	-1666.22592578	
-5.38143227326	-1666.22947816	
-5.38296484061	-1666.23302385	
-5.38449506279	-1666.23656289	
-5.38602294697	-1666.24009529	
-5.38754850028	-1666.24362106	
-5.38907172982	-1666.24714023	
-5.39059264266	-1666.25065281	
-5.39211124583	-1666.25415882	
-5.39362754635	-1666.25765827	
-5.39514155118	-1666.26115119	
-5.39665326727	-1666.26463759	
-5.39816270152	-1666.26811749	
-5.39966986081	-1666.27159091	
-5.40117475199	-1666.27505786	
-5.40267738187	-1666.27851836	
-5.40417775725	-1666.28197243	
-5.40567588487	-1666.28542008	
-5.40717177146	-1666.28886134	
-5.40866542372	-1666.29229621	
-5.4101568483	-1666.29572472	
-5.41164605186	-1666.29914689	
-5.41313304098	-1666.30256272	
-5.41461782224	-1666.30597224	
-5.4161004022	-1666.30937546	
-5.41758078737	-1666.3127724	
-5.41905898424	-1666.31616308	
-5.42053499927	-1666.31954751	
-5.42200883889	-1666.32292571	
-5.4234805095	-1666.3262977	
-5.42495001748	-1666.32966348	
-5.42641736918	-1666.33302309	
-5.4278825709	-1666.33637653	
-5.42934562895	-1666.33972382	
-5.43080654959	-1666.34306498	
-5.43226533906	-1666.34640002	
-5.43372200355	-1666.34972896	
-5.43517654927	-1666.35305182	
-5.43662898235	-1666.3563686	
-5.43807930892	-1666.35967934	
-5.4395275351	-1666.36298403	
-5.44097366695	-1666.36628271	
-5.44241771052	-1666.36957538	
-5.44385967184	-1666.37286206	
-5.4452995569	-1666.37614277	
-5.44673737167	-1666.37941752	
-5.44817312209	-1666.38268632	
-5.44960681409	-1666.3859492	
-5.45103845357	-1666.38920616	
-5.45246804638	-1666.39245723	
-5.45389559837	-1666.39570242	
-5.45532111536	-1666.39894174	
-5.45674460314	-1666.40217522	
-5.45816606749	-1666.40540285	
-5.45958551414	-1666.40862467	
-5.46100294883	-1666.41184068	
-5.46241837723	-1666.4150509	
-5.46383180503	-1666.41825535	
-5.46524323786	-1666.42145403	
-5.46665268137	-1666.42464697	
-5.46806014114	-1666.42783418	
-5.46946562274	-1666.43101568	
-5.47086913175	-1666.43419148	
-5.47227067367	-1666.43736159	
-5.47367025403	-1666.44052602	
-5.47506787829	-1666.44368481	
-5.47646355193	-1666.44683795	
-5.47785728038	-1666.44998546	
-5.47924906905	-1666.45312736	
-5.48063892334	-1666.45626366	
-5.48202684862	-1666.45939438	
-5.48341285022	-1666.46251953	
-5.48479693349	-1666.46563912	
-5.48617910372	-1666.46875318	
-5.48755936619	-1666.4718617	
-5.48893772616	-1666.47496472	
-5.49031418887	-1666.47806223	
-5.49168875953	-1666.48115426	
-5.49306144334	-1666.48424083	
-5.49443224547	-1666.48732193	
-5.49580117108	-1666.4903976	
-5.49716822529	-1666.49346783	
-5.49853341322	-1666.49653265	
-5.49989673995	-1666.49959207	
-5.50125821054	-1666.50264611	
-5.50261783006	-1666.50569477	
-5.50397560352	-1666.50873807	
-5.50533153593	-1666.51177603	
-5.50668563228	-1666.51480866	
-5.50803789753	-1666.51783597	
-5.50938833663	-1666.52085797	
-5.5107369545	-1666.52387468	
-5.51208375605	-1666.52688611	
-5.51342874616	-1666.52989228	
-5.51477192971	-1666.5328932	
-5.51611331154	-1666.53588889	
-5.51745289646	-1666.53887934	
-5.51879068931	-1666.54186459	
-5.52012669485	-1666.54484464	
-5.52146091786	-1666.5478195	
-5.5227933631	-1666.5507892	
-5.52412403528	-1666.55375373	
-5.52545293913	-1666.55671312	
-5.52678007934	-1666.55966738	
-5.52810546058	-1666.56261652	
-5.52942908751	-1666.56556055	
-5.53075096477	-1666.56849949	
-5.53207109697	-1666.57143335	
-5.53338948873	-1666.57436214	
-5.53470614461	-1666.57728587	
-5.53602106919	-1666.58020456	
-5.53733426702	-1666.58311823	
-5.53864574262	-1666.58602687	
-5.5399555005	-1666.58893052	
-5.54126354516	-1666.59182917	
-5.54256988107	-1666.59472284	
-5.5438745127	-1666.59761154	
-5.54517744448	-1666.60049529	
-5.54647868084	-1666.6033741	
-5.54777822618	-1666.60624798	
-5.5490760849	-1666.60911694	
-5.55037226136	-1666.611981	
-5.55166675992	-1666.61484017	
-5.55295958492	-1666.61769445	
-5.55425074069	-1666.62054387	
-5.55554023152	-1666.62338843	
-5.5568280617	-1666.62622815	
-5.55811423551	-1666.62906303	
-5.5593987572	-1666.6318931	
-5.56068163102	-1666.63471836	
-5.56196286117	-1666.63753882	
-5.56324245188	-1666.6403545	
-5.56452040732	-1666.64316541	
-5.56579673168	-1666.64597155	
-5.56707142911	-1666.64877295	
-5.56834450376	-1666.65156962	
-5.56961595975	-1666.65436155	
-5.57088580119	-1666.65714878	
-5.57215403218	-1666.6599313	
-5.57342065679	-1666.66270914	
-5.5746856791	-1666.6654823	
-5.57594910315	-1666.66825079	
-5.57721093297	-1666.67101462	
-5.57847117258	-1666.67377382	
-5.57972982599	-1666.67652838	
-5.58098689718	-1666.67927832	
-5.58224239012	-1666.68202365	
-5.58349630878	-1666.68476438	
-5.5847486571	-1666.68750053	
-5.585999439	-1666.69023211	
-5.5872486584	-1666.69295911	
-5.5884963192	-1666.69568157	
-5.58974242528	-1666.69839949	
-5.59098698051	-1666.70111287	
-5.59222998875	-1666.70382174	
-5.59347145384	-1666.7065261	
-5.5947113796	-1666.70922596	
-5.59594976985	-1666.71192134	
-5.59718662839	-1666.71461224	
-5.598421959	-1666.71729868	
-5.59965576545	-1666.71998066	
-5.60088805149	-1666.72265821	
-5.60211882088	-1666.72533132	
-5.60334807733	-1666.72800001	
-5.60457582457	-1666.73066429	
-5.6058020663	-1666.73332418	
-5.60702680619	-1666.73597967	
-5.60825004793	-1666.73863079	
-5.60947179518	-1666.74127755	
-5.61069205159	-1666.74391994	
-5.61191082078	-1666.74655799	
-5.61312810639	-1666.74919171	
-5.61434391201	-1666.7518211	
-5.61555824124	-1666.75444618	
-5.61677109767	-1666.75706696	
-5.61798248485	-1666.75968344	
-5.61919240636	-1666.76229564	
-5.62040086572	-1666.76490357	
-5.62160786647	-1666.76750723	
-5.62281341212	-1666.77010665	
-5.62401750619	-1666.77270182	
-5.62522015215	-1666.77529277	
-5.6264213535	-1666.77787949	
-5.62762111369	-1666.780462	
-5.62881943618	-1666.78304032	
-5.63001632442	-1666.78561444	
-5.63121178182	-1666.78818438	
-5.63240581181	-1666.79075016	
-5.6335984178	-1666.79331177	
-5.63478960317	-1666.79586923	
-5.6359793713	-1666.79842256	
-5.63716772557	-1666.80097175	
-5.63835466933	-1666.80351683	
-5.63954020593	-1666.80605779	
-5.64072433869	-1666.80859466	
-5.64190707094	-1666.81112743	
-5.64308840598	-1666.81365612	
-5.64426834712	-1666.81618075	
-5.64544689764	-1666.81870131	
-5.64662406082	-1666.82121782	
-5.64779983991	-1666.82373029	
-5.64897423816	-1666.82623873	
-5.65014725882	-1666.82874315	
-5.65131890512	-1666.83124355	
-5.65248918027	-1666.83373995	
-5.65365808747	-1666.83623236	
-5.65482562993	-1666.83872078	
-5.65599181082	-1666.84120523	
-5.65715663332	-1666.84368572	
-5.65832010058	-1666.84616225	
-5.65948221576	-1666.84863483	
-5.660642982	-1666.85110348	
-5.66180240242	-1666.8535682	
-5.66296048014	-1666.856029	
-5.66411721826	-1666.85848589	
-5.66527261989	-1666.86093889	
-5.66642668811	-1666.86338799	
-5.66757942599	-1666.86583322	
-5.6687308366	-1666.86827457	
-5.66988092298	-1666.87071206	
-5.67102968818	-1666.87314569	
-5.67217713524	-1666.87557548	
-5.67332326717	-1666.87800144	
-5.67446808699	-1666.88042357	
-5.67561159769	-1666.88284189	
-5.67675380227	-1666.88525639	
-5.6778947037	-1666.8876671	
-5.67903430497	-1666.89007401	
-5.68017260902	-1666.89247715	
-5.6813096188	-1666.89487651	
-5.68244533727	-1666.89727211	
-5.68357976734	-1666.89966396	
-5.68471291194	-1666.90205206	
-5.68584477397	-1666.90443642	
-5.68697535634	-1666.90681706	
-5.68810466194	-1666.90919397	
-5.68923269364	-1666.91156718	
-5.69035945432	-1666.91393668	
-5.69148494685	-1666.91630249	
-5.69260917406	-1666.91866462	
-5.6937321388	-1666.92102307	
-5.69485384391	-1666.92337785	
-5.69597429221	-1666.92572898	
-5.69709348651	-1666.92807645	
-5.69821142961	-1666.93042028	
-5.69932812431	-1666.93276048	
-5.70044357339	-1666.93509705	
-5.70155777963	-1666.93743001	
-5.7026707458	-1666.93975936	
-5.70378247466	-1666.94208511	
-5.70489296894	-1666.94440727	
-5.70600223139	-1666.94672585	
-5.70711026475	-1666.94904085	
-5.70821707172	-1666.95135229	
-5.70932265503	-1666.95366017	
-5.71042701737	-1666.9559645	
-5.71153016145	-1666.95826529	
-5.71263208993	-1666.96056255	
-5.71373280551	-1666.96285628	
-5.71483231084	-1666.96514649	
-5.71593060859	-1666.9674332	
-5.71702770141	-1666.9697164	
-5.71812359193	-1666.97199611	
-5.71921828279	-1666.97427234	
-5.72031177661	-1666.9765451	
-5.72140407601	-1666.97881438	
-5.72249518359	-1666.98108021	
-5.72358510195	-1666.98334258	
-5.72467383369	-1666.98560151	
-5.72576138137	-1666.987857	
-5.72684774759	-1666.99010906	
-5.72793293489	-1666.9923577	
-5.72901694583	-1666.99460293	
-5.73009978297	-1666.99684476	
-5.73118144884	-1666.99908319	
-5.73226194598	-1667.00131823	
-5.7333412769	-1667.00354989	
-5.73441944412	-1667.00577817	
-5.73549645015	-1667.00800309	
-5.73657229748	-1667.01022465	
-5.73764698861	-1667.01244286	
-5.73872052602	-1667.01465773	
-5.73979291218	-1667.01686926	
-5.74086414956	-1667.01907747	
-5.74193424062	-1667.02128235	
-5.74300318781	-1667.02348392	
-5.74407099357	-1667.02568219	
-5.74513766034	-1667.02787716	
-5.74620319054	-1667.03006884	
-5.7472675866	-1667.03225724	
-5.74833085092	-1667.03444236	
-5.74939298591	-1667.03662422	
-5.75045399397	-1667.03880282	
-5.75151387748	-1667.04097816	
-5.75257263883	-1667.04315026	
-5.75363028038	-1667.04531912	
-5.75468680452	-1667.04748475	
-5.75574221359	-1667.04964716	
-5.75679650994	-1667.05180635	
-5.75784969593	-1667.05396233	
-5.75890177388	-1667.05611512	
-5.75995274612	-1667.05826471	
-5.76100261499	-1667.06041111	
-5.76205138278	-1667.06255433	
-5.76309905181	-1667.06469438	
-5.76414562438	-1667.06683126	
-5.76519110278	-1667.06896499	
-5.7662354893	-1667.07109557	
-5.76727878622	-1667.073223	
-5.76832099579	-1667.0753473	
-5.7693621203	-1667.07746846	
-5.770402162	-1667.0795865	
-5.77144112313	-1667.08170143	
-5.77247900594	-1667.08381325	
-5.77351581267	-1667.08592197	
-5.77455154554	-1667.08802759	
-5.77558620679	-1667.09013013	
-5.77661979861	-1667.09222958	
-5.77765232322	-1667.09432596	
-5.77868378283	-1667.09641928	
-5.77971417962	-1667.09850953	
-5.78074351579	-1667.10059673	
-5.78177179352	-1667.10268089	
-5.78279901497	-1667.104762	
-5.78382518233	-1667.10684008	
-5.78485029774	-1667.10891514	
-5.78587436337	-1667.11098717	
-5.78689738137	-1667.1130562	
-5.78791935386	-1667.11512222	
-5.788940283	-1667.11718524	
-5.7899601709	-1667.11924526	
-5.79097901969	-1667.1213023	
-5.79199683148	-1667.12335636	
-5.79301360838	-1667.12540745	
-5.7940293525	-1667.12745558	
-5.79504406593	-1667.12950074	
-5.79605775077	-1667.13154295	
-5.79707040908	-1667.13358222	
-5.79808204295	-1667.13561854	
-5.79909265446	-1667.13765194	
-5.80010224566	-1667.1396824	
-5.80111081862	-1667.14170995	
-5.80211837538	-1667.14373458	
-5.80312491799	-1667.1457563	
-5.80413044849	-1667.14777513	
-5.80513496892	-1667.14979106	
-5.80613848129	-1667.1518041	
-5.80714098764	-1667.15381426	
-5.80814248998	-1667.15582154	
-5.80914299031	-1667.15782596	
