# log_p 	 lnL 	 
0.0	-1710.33218433	
-0.287682072452	-1709.99291443	
-0.510825623766	-1709.77662823	
-0.69314718056	-1709.62667995	
-0.847297860387	-1709.53272831	
-0.980829253012	-1709.48475919	
-1.09861228867	-1709.47250518	
-1.20397280433	-1709.48709592	
-1.29928298413	-1709.52152714	
-1.38629436112	-1709.5704997	
-1.46633706879	-1709.63007922	
-1.54044504095	-1709.69736176	
-1.60943791243	-1709.77020037	
-1.67397643357	-1709.8469979	
-1.73460105539	-1709.92655561	
-1.79175946923	-1710.00796448	
-1.8458266905	-1710.09052766	
-1.89711998489	-1710.17370534	
-1.94591014906	-1710.25707522	
-1.99243016469	-1710.34030414	
-2.03688192726	-1710.42312742	
-2.07944154168	-1710.50533372	
-2.1202635362	-1710.58675378	
-2.15948424935	-1710.66725198	
-2.19722457734	-1710.74671979	
-2.23359222151	-1710.82507087	
-2.26868354132	-1710.9022371	
-2.30258509299	-1710.97816548	
-2.33537491582	-1711.05281563	
-2.36712361413	-1711.12615779	
-2.3978952728	-1711.19817111	
-2.42774823595	-1711.2688423	
-2.45673577282	-1711.33816446	
-2.48490664979	-1711.4061361	
-2.51230562398	-1711.47276035	
-2.53897387106	-1711.53804419	
-2.56494935746	-1711.60199793	
-2.59026716545	-1711.66463463	
-2.61495977804	-1711.72596967	
-2.63905732962	-1711.78602036	
-2.66258782703	-1711.84480562	
-2.68557734525	-1711.90234568	
-2.7080502011	-1711.95866182	
-2.73002910782	-1712.01377615	
-2.75153531304	-1712.06771145	
-2.77258872224	-1712.12049095	
-2.79320800944	-1712.17213823	
-2.81341071676	-1712.22267708	
-2.83321334406	-1712.27213138	
-2.85263142991	-1712.32052505	
-2.87167962488	-1712.36788189	
-2.8903717579	-1712.41422561	
-2.90872089656	-1712.45957968	
-2.92673940207	-1712.50396735	
-2.94443897917	-1712.54741156	
-2.96183072188	-1712.58993493	
-2.97892515524	-1712.63155971	
-2.99573227355	-1712.67230778	
-3.01226157551	-1712.71220062	
-3.02852209638	-1712.75125929	
-3.04452243772	-1712.78950442	
-3.06027079469	-1712.8269562	
-3.07577498123	-1712.86363438	
-3.09104245336	-1712.89955825	
-3.10608033072	-1712.93474666	
-3.12089541651	-1712.96921802	
-3.13549421593	-1713.00299028	
-3.14988295338	-1713.03608093	
-3.16406758837	-1713.06850705	
-3.17805383035	-1713.10028526	
-3.19184715248	-1713.13143176	
-3.20545280454	-1713.16196232	
-3.21887582487	-1713.1918923	
-3.23212105162	-1713.22123664	
-3.24519313319	-1713.25000989	
-3.25809653802	-1713.2782262	
-3.2708355638	-1713.30589934	
-3.28341434601	-1713.3330427	
-3.295836866	-1713.3596693	
-3.3081069586	-1713.38579182	
-3.32022831913	-1713.41142255	
-3.33220451018	-1713.43657349	
-3.34403896782	-1713.46125627	
-3.35573500759	-1713.48548221	
-3.36729582999	-1713.50926232	
-3.37872452581	-1713.5326073	
-3.39002408106	-1713.55552755	
-3.40119738166	-1713.57803318	
-3.41224721785	-1713.60013403	
-3.42317628838	-1713.62183965	
-3.43398720449	-1713.64315934	
-3.4446824936	-1713.66410213	
-3.45526460293	-1713.68467682	
-3.4657359028	-1713.70489193	
-3.47609868984	-1713.72475579	
-3.48635519	-1713.74427646	
-3.49650756147	-1713.76346181	
-3.50655789732	-1713.78231948	
-3.51650822817	-1713.8008569	
-3.52636052462	-1713.81908131	
-3.53611669956	-1713.83699972	
-3.54577861047	-1713.854619	
-3.55534806149	-1713.8719458	
-3.56482680544	-1713.88898659	
-3.57421654579	-1713.90574769	
-3.58351893846	-1713.92223522	
-3.59273559356	-1713.93845517	
-3.60186807712	-1713.95441334	
-3.61091791264	-1713.97011539	
-3.61988658263	-1713.98556684	
-3.62877553004	-1714.00077305	
-3.63758615973	-1714.01573924	
-3.6463198397	-1714.03047051	
-3.65497790244	-1714.04497181	
-3.66356164613	-1714.05924797	
-3.6720723358	-1714.07330369	
-3.68051120444	-1714.08714355	
-3.68887945411	-1714.10077202	
-3.69717825693	-1714.11419346	
-3.70540875607	-1714.12741209	
-3.7135720667	-1714.14043206	
-3.72166927694	-1714.15325739	
-3.72970144863	-1714.16589202	
-3.73766961828	-1714.17833977	
-3.74557479779	-1714.19060439	
-3.75341797525	-1714.2026895	
-3.76120011569	-1714.21459867	
-3.76892216179	-1714.22633536	
-3.77658503453	-1714.23790295	
-3.78418963392	-1714.24930474	
-3.79173683955	-1714.26054395	
-3.79922751128	-1714.27162371	
-3.80666248977	-1714.28254711	
-3.81404259707	-1714.29331712	
-3.82136863716	-1714.30393667	
-3.82864139649	-1714.31440861	
-3.83586164446	-1714.32473573	
-3.84303013394	-1714.33492073	
-3.85014760171	-1714.34496629	
-3.85721476893	-1714.35487499	
-3.86423234159	-1714.36464936	
-3.87120101091	-1714.37429189	
-3.87812145375	-1714.38380498	
-3.88499433304	-1714.393191	
-3.89182029811	-1714.40245225	
-3.8985999851	-1714.41159101	
-3.90533401728	-1714.42060945	
-3.91202300543	-1714.42950976	
-3.91866754815	-1714.43829402	
-3.92526823218	-1714.44696431	
-3.93182563272	-1714.45552262	
-3.93834031375	-1714.46397095	
-3.94481282825	-1714.4723112	
-3.95124371858	-1714.48054527	
-3.95763351668	-1714.48867499	
-3.96398274436	-1714.49670218	
-3.97029191355	-1714.50462858	
-3.97656152657	-1714.51245594	
-3.98279207632	-1714.52018593	
-3.98898404656	-1714.52782022	
-3.99513791214	-1714.53536041	
-4.00125413916	-1714.54280809	
-4.00733318523	-1714.55016481	
-4.01337549969	-1714.55743208	
-4.01938152375	-1714.5646114	
-4.02535169074	-1714.57170421	
-4.03128642625	-1714.57871194	
-4.03718614838	-1714.58563599	
-4.04305126783	-1714.59247771	
-4.04888218815	-1714.59923845	
-4.05467930583	-1714.60591952	
-4.06044301055	-1714.6125222	
-4.06617368526	-1714.61904775	
-4.07187170637	-1714.6254974	
-4.07753744391	-1714.63187236	
-4.08317126162	-1714.63817381	
-4.08877351717	-1714.64440292	
-4.09434456222	-1714.65056081	
-4.0998847426	-1714.65664861	
-4.10539439841	-1714.6626674	
-4.11087386417	-1714.66861826	
-4.11632346894	-1714.67450224	
-4.12174353641	-1714.68032036	
-4.12713438505	-1714.68607364	
-4.13249632819	-1714.69176306	
-4.13782967416	-1714.69738961	
-4.14313472639	-1714.70295422	
-4.14841178349	-1714.70845783	
-4.15366113938	-1714.71390137	
-4.15888308336	-1714.71928573	
-4.16407790024	-1714.72461179	
-4.1692458704	-1714.72988041	
-4.1743872699	-1714.73509246	
-4.17950237056	-1714.74024875	
-4.18459144007	-1714.74535012	
-4.18965474203	-1714.75039735	
-4.19469253606	-1714.75539125	
-4.19970507788	-1714.76033258	
-4.20469261939	-1714.7652221	
-4.20965540873	-1714.77006056	
-4.21459369037	-1714.7748487	
-4.21950770518	-1714.77958722	
-4.22439769047	-1714.78427684	
-4.22926388012	-1714.78891825	
-4.2341065046	-1714.79351213	
-4.23892579103	-1714.79805915	
-4.2437219633	-1714.80255997	
-4.24849524205	-1714.80701523	
-4.25324584481	-1714.81142556	
-4.257973986	-1714.81579159	
-4.26267987704	-1714.82011393	
-4.26736372635	-1714.82439318	
-4.27202573946	-1714.82862994	
-4.27666611902	-1714.83282477	
-4.28128506487	-1714.83697826	
-4.28588277412	-1714.84109097	
-4.29045944115	-1714.84516343	
-4.29501525768	-1714.84919621	
-4.29955041285	-1714.85318982	
-4.3040650932	-1714.8571448	
-4.30855948279	-1714.86106165	
-4.31303376319	-1714.86494088	
-4.31748811354	-1714.868783	
-4.3219227106	-1714.87258848	
-4.32633772881	-1714.87635781	
-4.33073334029	-1714.88009147	
-4.33510971489	-1714.88378992	
-4.33946702026	-1714.88745361	
-4.34380542185	-1714.891083	
-4.348125083	-1714.89467853	
-4.3524261649	-1714.89824063	
-4.35670882669	-1714.90176973	
-4.36097322548	-1714.90526626	
-4.36521951636	-1714.90873063	
-4.36944785247	-1714.91216324	
-4.373658385	-1714.9155645	
-4.37785126326	-1714.9189348	
-4.38202663467	-1714.92227453	
-4.38618464482	-1714.92558408	
-4.39032543749	-1714.92886382	
-4.39444915467	-1714.93211411	
-4.39855593663	-1714.93533534	
-4.40264592188	-1714.93852784	
-4.40671924726	-1714.94169199	
-4.41077604796	-1714.94482812	
-4.4148164575	-1714.94793658	
-4.4188406078	-1714.9510177	
-4.42284862919	-1714.95407182	
-4.42684065046	-1714.95709926	
-4.43081679884	-1714.96010035	
-4.43477720006	-1714.9630754	
-4.43872197835	-1714.96602472	
-4.44265125649	-1714.96894863	
-4.44656515581	-1714.97184742	
-4.45046379623	-1714.97472139	
-4.45434729625	-1714.97757084	
-4.45821577303	-1714.98039605	
-4.46206934235	-1714.98319731	
-4.46590811865	-1714.98597491	
-4.46973221509	-1714.98872911	
-4.47354174351	-1714.99146019	
-4.47733681448	-1714.99416842	
-4.48111753732	-1714.99685406	
-4.48488402011	-1714.99951737	
-4.48863636973	-1715.00215862	
-4.49237469184	-1715.00477804	
-4.49609909093	-1715.0073759	
-4.49980967033	-1715.00995244	
-4.50350653221	-1715.01250789	
-4.50718977763	-1715.01504251	
-4.51085950652	-1715.01755651	
-4.51451581772	-1715.02005015	
-4.518158809	-1715.02252363	
-4.52178857705	-1715.0249772	
-4.52540521752	-1715.02741107	
-4.52900882502	-1715.02982546	
-4.53259949315	-1715.03222058	
-4.5361773145	-1715.03459666	
-4.53974238067	-1715.03695389	
-4.54329478227	-1715.03929249	
-4.54683460898	-1715.04161266	
-4.55036194949	-1715.0439146	
-4.5538768916	-1715.04619851	
-4.55737952215	-1715.04846458	
-4.56086992709	-1715.05071302	
-4.56434819147	-1715.052944	
-4.56781439944	-1715.05515772	
-4.57126863431	-1715.05735436	
-4.5747109785	-1715.0595341	
-4.5781415136	-1715.06169713	
-4.58156032035	-1715.06384362	
-4.58496747867	-1715.06597374	
-4.58836306767	-1715.06808768	
-4.59174716566	-1715.0701856	
-4.59511985013	-1715.07226766	
-4.59848119784	-1715.07433405	
-4.60183128472	-1715.07638491	
-4.60517018599	-1715.07842041	
-4.60849797608	-1715.08044071	
-4.61181472871	-1715.08244597	
-4.61512051684	-1715.08443634	
-4.61841541274	-1715.08641198	
-4.62169948794	-1715.08837304	
-4.62497281328	-1715.09031966	
-4.62823545892	-1715.092252	
-4.63148749431	-1715.0941702	
-4.63472898823	-1715.09607441	
-4.63796000881	-1715.09796475	
-4.64118062351	-1715.09984139	
-4.64439089914	-1715.10170445	
-4.64759090187	-1715.10355406	
-4.65078069724	-1715.10539038	
-4.65396035016	-1715.10721352	
-4.65712992492	-1715.10902361	
-4.66028948521	-1715.1108208	
-4.66343909411	-1715.1126052	
-4.66657881412	-1715.11437695	
-4.66970870713	-1715.11613616	
-4.67282883446	-1715.11788296	
-4.67593925688	-1715.11961748	
-4.67904003455	-1715.12133983	
-4.68213122712	-1715.12305012	
-4.68521289366	-1715.12474849	
-4.6882850927	-1715.12643504	
-4.69134788223	-1715.12810988	
-4.69440131972	-1715.12977314	
-4.6974454621	-1715.13142492	
-4.70048036579	-1715.13306533	
-4.70350608671	-1715.13469449	
-4.70652268025	-1715.13631249	
-4.70953020131	-1715.13791944	
-4.71252870431	-1715.13951546	
-4.71551824316	-1715.14110063	
-4.7184988713	-1715.14267508	
-4.72147064168	-1715.14423889	
-4.72443360681	-1715.14579216	
-4.72738781871	-1715.147335	
-4.73033332894	-1715.14886751	
-4.73327018862	-1715.15038977	
-4.73619844839	-1715.15190188	
-4.7391181585	-1715.15340395	
-4.74202936871	-1715.15489605	
-4.74493212836	-1715.15637829	
-4.74782648639	-1715.15785075	
-4.75071249128	-1715.15931352	
-4.75359019111	-1715.1607667	
-4.75645963353	-1715.16221037	
-4.75932086582	-1715.16364461	
-4.7621739348	-1715.16506951	
-4.76501888693	-1715.16648516	
-4.76785576827	-1715.16789164	
-4.77068462447	-1715.16928904	
-4.77350550081	-1715.17067743	
-4.77631844218	-1715.17205689	
-4.77912349311	-1715.17342751	
-4.78192069773	-1715.17478936	
-4.78471009982	-1715.17614253	
-4.78749174278	-1715.17748709	
-4.79026566966	-1715.17882311	
-4.79303192316	-1715.18015067	
-4.7957905456	-1715.18146985	
-4.79854157897	-1715.18278072	
-4.80128506491	-1715.18408335	
-4.80402104473	-1715.18537781	
-4.80674955939	-1715.18666418	
-4.8094706495	-1715.18794253	
-4.81218435537	-1715.18921292	
-4.81489071697	-1715.19047543	
-4.81758977394	-1715.19173012	
-4.82028156561	-1715.19297706	
-4.82296613098	-1715.19421632	
-4.82564350875	-1715.19544797	
-4.8283137373	-1715.19667206	
-4.83097685472	-1715.19788866	
-4.83363289878	-1715.19909784	
-4.83628190695	-1715.20029966	
-4.83892391641	-1715.20149419	
-4.84155896405	-1715.20268148	
-4.84418708646	-1715.20386159	
-4.84680831994	-1715.20503459	
-4.84942270051	-1715.20620053	
-4.85203026392	-1715.20735948	
-4.85463104562	-1715.2085115	
-4.8572250808	-1715.20965663	
-4.85981240436	-1715.21079494	
-4.86239305096	-1715.21192649	
-4.86496705495	-1715.21305133	
-4.86753445046	-1715.21416951	
-4.87009527132	-1715.2152811	
-4.87264955112	-1715.21638614	
-4.8751973232	-1715.21748469	
-4.87773862063	-1715.21857681	
-4.88027347623	-1715.21966254	
-4.88280192259	-1715.22074193	
-4.88532399202	-1715.22181505	
-4.88783971662	-1715.22288194	
-4.89034912822	-1715.22394264	
-4.89285225844	-1715.22499722	
-4.89534913864	-1715.22604572	
-4.89783979995	-1715.22708818	
-4.90032427328	-1715.22812466	
-4.90280258929	-1715.22915521	
-4.90527477844	-1715.23017987	
-4.90774087093	-1715.23119869	
-4.91020089677	-1715.23221171	
-4.91265488574	-1715.23321899	
-4.91510286737	-1715.23422056	
-4.91754487103	-1715.23521648	
-4.91998092583	-1715.23620678	
-4.92241106068	-1715.23719151	
-4.92483530429	-1715.23817072	
-4.92725368516	-1715.23914445	
-4.92966623156	-1715.24011274	
-4.93207297159	-1715.24107563	
-4.93447393313	-1715.24203316	
-4.93686914386	-1715.24298539	
-4.93925863125	-1715.24393234	
-4.94164242261	-1715.24487406	
-4.94402054501	-1715.24581059	
-4.94639302537	-1715.24674197	
-4.94875989038	-1715.24766823	
-4.95112116656	-1715.24858943	
-4.95347688026	-1715.24950559	
-4.9558270576	-1715.25041676	
-4.95817172456	-1715.25132297	
-4.96051090691	-1715.25222426	
-4.96284463026	-1715.25312067	
-4.96517292002	-1715.25401223	
-4.96749580144	-1715.25489898	
-4.96981329958	-1715.25578097	
-4.97212543933	-1715.25665821	
-4.97443224543	-1715.25753076	
-4.97673374242	-1715.25839864	
-4.97902995468	-1715.25926189	
-4.98132090643	-1715.26012054	
-4.98360662171	-1715.26097464	
-4.98588712441	-1715.2618242	
-4.98816243824	-1715.26266927	
-4.99043258678	-1715.26350987	
-4.99269759341	-1715.26434605	
-4.99495748138	-1715.26517784	
-4.99721227376	-1715.26600526	
-4.9994619935	-1715.26682834	
-5.00170666335	-1715.26764713	
-5.00394630595	-1715.26846165	
-5.00618094375	-1715.26927193	
-5.00841059907	-1715.27007801	
-5.0106352941	-1715.27087991	
-5.01285505083	-1715.27167766	
-5.01506989116	-1715.2724713	
-5.01727983681	-1715.27326085	
-5.01948490937	-1715.27404634	
-5.02168513028	-1715.27482781	
-5.02388052085	-1715.27560528	
-5.02607110223	-1715.27637878	
-5.02825689545	-1715.27714833	
-5.03043792139	-1715.27791398	
-5.03261420082	-1715.27867573	
-5.03478575433	-1715.27943363	
-5.03695260241	-1715.2801877	
-5.03911476542	-1715.28093796	
-5.04127226356	-1715.28168445	
-5.04342511692	-1715.28242718	
-5.04557334546	-1715.2831662	
-5.047716969	-1715.28390151	
-5.04985600725	-1715.28463315	
-5.05199047978	-1715.28536115	
-5.05412040604	-1715.28608552	
-5.05624580535	-1715.2868063	
-5.05836669692	-1715.28752351	
-5.06048309982	-1715.28823717	
-5.06259503303	-1715.28894731	
-5.06470251537	-1715.28965395	
-5.06680556556	-1715.29035712	
-5.06890420222	-1715.29105684	
-5.07099844382	-1715.29175313	
-5.07308830874	-1715.29244602	
-5.07517381523	-1715.29313553	
-5.07725498144	-1715.29382169	
-5.07933182538	-1715.29450452	
-5.08140436498	-1715.29518403	
-5.08347261805	-1715.29586025	
-5.08553660227	-1715.29653321	
-5.08759633523	-1715.29720293	
-5.08965183441	-1715.29786942	
-5.09170311719	-1715.29853272	
-5.09375020081	-1715.29919283	
-5.09579310244	-1715.29984979	
-5.09783183913	-1715.30050361	
-5.09986642782	-1715.30115432	
-5.10189688537	-1715.30180194	
-5.10392322852	-1715.30244647	
-5.1059454739	-1715.30308796	
-5.10796363806	-1715.30372641	
-5.10997773743	-1715.30436185	
-5.11198778836	-1715.3049943	
-5.11399380708	-1715.30562377	
-5.11599580975	-1715.30625029	
-5.11799381242	-1715.30687388	
-5.11998783102	-1715.30749455	
-5.12197788143	-1715.30811232	
-5.1239639794	-1715.30872722	
-5.12594614061	-1715.30933925	
-5.12792438062	-1715.30994845	
-5.12989871492	-1715.31055483	
-5.13186915891	-1715.3111584	
-5.13383572788	-1715.31175919	
-5.13579843705	-1715.31235721	
-5.13775730154	-1715.31295249	
-5.13971233637	-1715.31354503	
-5.1416635565	-1715.31413485	
-5.14361097679	-1715.31472199	
-5.145554612	-1715.31530644	
-5.14749447681	-1715.31588823	
-5.14943058584	-1715.31646737	
-5.15136295359	-1715.31704389	
-5.1532915945	-1715.31761779	
-5.15521652291	-1715.3181891	
-5.15713775309	-1715.31875783	
-5.15905529921	-1715.319324	
-5.1609691754	-1715.31988763	
-5.16287939565	-1715.32044872	
-5.16478597392	-1715.3210073	
-5.16668892407	-1715.32156338	
-5.16858825987	-1715.32211698	
-5.17048399504	-1715.32266811	
-5.17237614319	-1715.32321679	
-5.17426471788	-1715.32376303	
-5.17614973257	-1715.32430685	
-5.17803120067	-1715.32484827	
-5.1799091355	-1715.32538729	
-5.18178355029	-1715.32592394	
-5.18365445823	-1715.32645822	
-5.1855218724	-1715.32699016	
-5.18738580584	-1715.32751977	
-5.18924627149	-1715.32804705	
-5.19110328224	-1715.32857204	
-5.19295685089	-1715.32909473	
-5.19480699018	-1715.32961514	
-5.19665371277	-1715.3301333	
-5.19849703127	-1715.3306492	
-5.20033695819	-1715.33116287	
-5.202173506	-1715.33167432	
-5.20400668708	-1715.33218356	
-5.20583651375	-1715.33269061	
-5.20766299828	-1715.33319548	
-5.20948615284	-1715.33369817	
-5.21130598956	-1715.33419872	
-5.21312252048	-1715.33469712	
-5.21493575761	-1715.33519339	
-5.21674571285	-1715.33568754	
-5.21855239808	-1715.33617959	
-5.22035582508	-1715.33666955	
-5.22215600558	-1715.33715744	
-5.22395295126	-1715.33764325	
-5.22574667371	-1715.33812701	
-5.22753718449	-1715.33860873	
-5.22932449506	-1715.33908842	
-5.23110861685	-1715.33956609	
-5.23288956123	-1715.34004175	
-5.23466733947	-1715.34051542	
-5.23644196283	-1715.34098711	
-5.23821344248	-1715.34145683	
-5.23998178954	-1715.34192459	
-5.24174701506	-1715.3423904	
-5.24350913005	-1715.34285427	
-5.24526814546	-1715.34331622	
-5.24702407216	-1715.34377625	
-5.24877692099	-1715.34423439	
-5.25052670271	-1715.34469063	
-5.25227342805	-1715.34514499	
-5.25401710765	-1715.34559748	
-5.25575775213	-1715.34604811	
-5.25749537203	-1715.34649689	
-5.25922997784	-1715.34694383	
-5.26096158	-1715.34738895	
-5.2626901889	-1715.34783225	
-5.26441581487	-1715.34827374	
-5.26613846818	-1715.34871344	
-5.26785815906	-1715.34915135	
-5.26957489768	-1715.34958749	
-5.27128869416	-1715.35002186	
-5.27299955856	-1715.35045447	
-5.27470750091	-1715.35088534	
-5.27641253116	-1715.35131447	
-5.27811465923	-1715.35174188	
-5.27981389498	-1715.35216757	
-5.28151024823	-1715.35259156	
-5.28320372874	-1715.35301385	
-5.28489434622	-1715.35343445	
-5.28658211033	-1715.35385337	
-5.28826703069	-1715.35427063	
-5.28994911688	-1715.35468622	
-5.2916283784	-1715.35510017	
-5.29330482472	-1715.35551247	
-5.29497846528	-1715.35592314	
-5.29664930945	-1715.3563322	
-5.29831736655	-1715.35673963	
-5.29998264587	-1715.35714547	
-5.30164515664	-1715.3575497	
-5.30330490806	-1715.35795235	
-5.30496190927	-1715.35835342	
-5.30661616936	-1715.35875293	
-5.3082676974	-1715.35915087	
-5.30991650239	-1715.35954726	
-5.3115625933	-1715.3599421	
-5.31320597904	-1715.36033541	
-5.3148466685	-1715.3607272	
-5.3164846705	-1715.36111746	
-5.31811999384	-1715.36150621	
-5.31975264727	-1715.36189347	
-5.32138263948	-1715.36227922	
-5.32300997914	-1715.36266349	
-5.32463467487	-1715.36304629	
-5.32625673524	-1715.36342761	
-5.32787616879	-1715.36380747	
-5.32949298402	-1715.36418588	
-5.33110718937	-1715.36456284	
-5.33271879327	-1715.36493836	
-5.33432780407	-1715.36531246	
-5.33593423012	-1715.36568513	
-5.3375380797	-1715.36605638	
-5.33913936107	-1715.36642622	
-5.34073808243	-1715.36679467	
-5.34233425196	-1715.36716172	
-5.3439278778	-1715.36752738	
-5.34551896803	-1715.36789167	
-5.34710753072	-1715.36825459	
-5.34869357387	-1715.36861614	
-5.35027710548	-1715.36897633	
-5.35185813348	-1715.36933518	
-5.35343666577	-1715.36969268	
-5.35501271022	-1715.37004885	
-5.35658627467	-1715.37040369	
-5.3581573669	-1715.37075721	
-5.35972599468	-1715.37110941	
-5.36129216571	-1715.37146031	
-5.36285588769	-1715.37180991	
-5.36441716825	-1715.37215821	
-5.36597601502	-1715.37250522	
-5.36753243557	-1715.37285096	
-5.36908643744	-1715.37319542	
-5.37063802813	-1715.37353861	
-5.37218721511	-1715.37388054	
-5.37373400583	-1715.37422122	
-5.37527840768	-1715.37456065	
-5.37682042804	-1715.37489884	
-5.37836007422	-1715.37523579	
-5.37989735354	-1715.37557151	
-5.38143227326	-1715.37590602	
-5.38296484061	-1715.3762393	
-5.38449506279	-1715.37657138	
-5.38602294697	-1715.37690225	
-5.38754850028	-1715.37723192	
-5.38907172982	-1715.37756041	
-5.39059264266	-1715.37788771	
-5.39211124583	-1715.37821382	
-5.39362754635	-1715.37853877	
-5.39514155118	-1715.37886254	
-5.39665326727	-1715.37918516	
-5.39816270152	-1715.37950662	
-5.39966986081	-1715.37982693	
-5.40117475199	-1715.38014609	
-5.40267738187	-1715.38046412	
-5.40417775725	-1715.38078101	
-5.40567588487	-1715.38109678	
-5.40717177146	-1715.38141143	
-5.40866542372	-1715.38172496	
-5.4101568483	-1715.38203737	
-5.41164605186	-1715.38234869	
-5.41313304098	-1715.3826589	
-5.41461782224	-1715.38296803	
-5.4161004022	-1715.38327606	
-5.41758078737	-1715.38358301	
-5.41905898424	-1715.38388888	
-5.42053499927	-1715.38419368	
-5.42200883889	-1715.38449741	
-5.4234805095	-1715.38480008	
-5.42495001748	-1715.3851017	
-5.42641736918	-1715.38540226	
-5.4278825709	-1715.38570178	
-5.42934562895	-1715.38600025	
-5.43080654959	-1715.38629769	
-5.43226533906	-1715.3865941	
-5.43372200355	-1715.38688948	
-5.43517654927	-1715.38718384	
-5.43662898235	-1715.38747719	
-5.43807930892	-1715.38776952	
-5.4395275351	-1715.38806085	
-5.44097366695	-1715.38835118	
-5.44241771052	-1715.38864051	
-5.44385967184	-1715.38892885	
-5.4452995569	-1715.3892162	
-5.44673737167	-1715.38950257	
-5.44817312209	-1715.38978796	
-5.44960681409	-1715.39007238	
-5.45103845357	-1715.39035583	
-5.45246804638	-1715.39063832	
-5.45389559837	-1715.39091985	
-5.45532111536	-1715.39120043	
-5.45674460314	-1715.39148005	
-5.45816606749	-1715.39175873	
-5.45958551414	-1715.39203647	
-5.46100294883	-1715.39231327	
-5.46241837723	-1715.39258914	
-5.46383180503	-1715.39286409	
-5.46524323786	-1715.39313811	
-5.46665268137	-1715.39341121	
-5.46806014114	-1715.3936834	
-5.46946562274	-1715.39395468	
-5.47086913175	-1715.39422505	
-5.47227067367	-1715.39449452	
-5.47367025403	-1715.3947631	
-5.47506787829	-1715.39503078	
-5.47646355193	-1715.39529757	
-5.47785728038	-1715.39556348	
-5.47924906905	-1715.3958285	
-5.48063892334	-1715.39609265	
-5.48202684862	-1715.39635593	
-5.48341285022	-1715.39661834	
-5.48479693349	-1715.39687989	
-5.48617910372	-1715.39714057	
-5.48755936619	-1715.3974004	
-5.48893772616	-1715.39765938	
-5.49031418887	-1715.3979175	
-5.49168875953	-1715.39817479	
-5.49306144334	-1715.39843123	
-5.49443224547	-1715.39868684	
-5.49580117108	-1715.39894161	
-5.49716822529	-1715.39919555	
-5.49853341322	-1715.39944867	
-5.49989673995	-1715.39970097	
-5.50125821054	-1715.39995245	
-5.50261783006	-1715.40020312	
-5.50397560352	-1715.40045297	
-5.50533153593	-1715.40070202	
-5.50668563228	-1715.40095027	
-5.50803789753	-1715.40119771	
-5.50938833663	-1715.40144436	
-5.5107369545	-1715.40169022	
-5.51208375605	-1715.40193529	
-5.51342874616	-1715.40217958	
-5.51477192971	-1715.40242308	
-5.51611331154	-1715.4026658	
-5.51745289646	-1715.40290776	
-5.51879068931	-1715.40314894	
-5.52012669485	-1715.40338935	
-5.52146091786	-1715.403629	
-5.5227933631	-1715.40386789	
-5.52412403528	-1715.40410602	
-5.52545293913	-1715.40434339	
-5.52678007934	-1715.40458002	
-5.52810546058	-1715.4048159	
-5.52942908751	-1715.40505104	
-5.53075096477	-1715.40528543	
-5.53207109697	-1715.40551909	
-5.53338948873	-1715.40575201	
-5.53470614461	-1715.40598421	
-5.53602106919	-1715.40621567	
-5.53733426702	-1715.40644642	
-5.53864574262	-1715.40667644	
-5.5399555005	-1715.40690574	
-5.54126354516	-1715.40713433	
-5.54256988107	-1715.4073622	
-5.5438745127	-1715.40758937	
-5.54517744448	-1715.40781583	
-5.54647868084	-1715.40804159	
-5.54777822618	-1715.40826665	
-5.5490760849	-1715.40849102	
-5.55037226136	-1715.40871469	
-5.55166675992	-1715.40893767	
-5.55295958492	-1715.40915997	
-5.55425074069	-1715.40938158	
-5.55554023152	-1715.40960251	
-5.5568280617	-1715.40982276	
-5.55811423551	-1715.41004233	
-5.5593987572	-1715.41026124	
-5.56068163102	-1715.41047947	
-5.56196286117	-1715.41069704	
-5.56324245188	-1715.41091394	
-5.56452040732	-1715.41113018	
-5.56579673168	-1715.41134577	
-5.56707142911	-1715.4115607	
-5.56834450376	-1715.41177497	
-5.56961595975	-1715.4119886	
-5.57088580119	-1715.41220158	
-5.57215403218	-1715.41241392	
-5.57342065679	-1715.41262561	
-5.5746856791	-1715.41283667	
-5.57594910315	-1715.41304709	
-5.57721093297	-1715.41325687	
-5.57847117258	-1715.41346603	
-5.57972982599	-1715.41367456	
-5.58098689718	-1715.41388246	
-5.58224239012	-1715.41408974	
-5.58349630878	-1715.4142964	
-5.5847486571	-1715.41450245	
-5.585999439	-1715.41470788	
-5.5872486584	-1715.41491269	
-5.5884963192	-1715.4151169	
-5.58974242528	-1715.4153205	
-5.59098698051	-1715.4155235	
-5.59222998875	-1715.41572589	
-5.59347145384	-1715.41592769	
-5.5947113796	-1715.41612888	
-5.59594976985	-1715.41632949	
-5.59718662839	-1715.4165295	
-5.598421959	-1715.41672892	
-5.59965576545	-1715.41692776	
-5.60088805149	-1715.41712601	
-5.60211882088	-1715.41732367	
-5.60334807733	-1715.41752076	
-5.60457582457	-1715.41771727	
-5.6058020663	-1715.41791321	
-5.60702680619	-1715.41810857	
-5.60825004793	-1715.41830337	
-5.60947179518	-1715.41849759	
-5.61069205159	-1715.41869125	
-5.61191082078	-1715.41888435	
-5.61312810639	-1715.41907688	
-5.61434391201	-1715.41926886	
-5.61555824124	-1715.41946028	
-5.61677109767	-1715.41965115	
-5.61798248485	-1715.41984146	
-5.61919240636	-1715.42003123	
-5.62040086572	-1715.42022045	
-5.62160786647	-1715.42040912	
-5.62281341212	-1715.42059725	
-5.62401750619	-1715.42078484	
-5.62522015215	-1715.42097189	
-5.6264213535	-1715.4211584	
-5.62762111369	-1715.42134438	
-5.62881943618	-1715.42152983	
-5.63001632442	-1715.42171475	
-5.63121178182	-1715.42189914	
-5.63240581181	-1715.42208301	
-5.6335984178	-1715.42226635	
-5.63478960317	-1715.42244917	
-5.6359793713	-1715.42263147	
-5.63716772557	-1715.42281325	
-5.63835466933	-1715.42299452	
-5.63954020593	-1715.42317528	
-5.64072433869	-1715.42335552	
-5.64190707094	-1715.42353526	
-5.64308840598	-1715.42371449	
-5.64426834712	-1715.42389321	
-5.64544689764	-1715.42407143	
-5.64662406082	-1715.42424915	
-5.64779983991	-1715.42442637	
-5.64897423816	-1715.4246031	
-5.65014725882	-1715.42477933	
-5.65131890512	-1715.42495506	
-5.65248918027	-1715.42513031	
-5.65365808747	-1715.42530506	
-5.65482562993	-1715.42547933	
-5.65599181082	-1715.42565312	
-5.65715663332	-1715.42582642	
-5.65832010058	-1715.42599923	
-5.65948221576	-1715.42617157	
-5.660642982	-1715.42634343	
-5.66180240242	-1715.42651482	
-5.66296048014	-1715.42668573	
-5.66411721826	-1715.42685617	
-5.66527261989	-1715.42702614	
-5.66642668811	-1715.42719564	
-5.66757942599	-1715.42736467	
-5.6687308366	-1715.42753324	
-5.66988092298	-1715.42770135	
-5.67102968818	-1715.42786899	
-5.67217713524	-1715.42803618	
-5.67332326717	-1715.4282029	
-5.67446808699	-1715.42836918	
-5.67561159769	-1715.42853499	
-5.67675380227	-1715.42870036	
-5.6778947037	-1715.42886527	
-5.67903430497	-1715.42902974	
-5.68017260902	-1715.42919376	
-5.6813096188	-1715.42935733	
-5.68244533727	-1715.42952046	
-5.68357976734	-1715.42968314	
-5.68471291194	-1715.42984539	
-5.68584477397	-1715.4300072	
-5.68697535634	-1715.43016857	
-5.68810466194	-1715.4303295	
-5.68923269364	-1715.43049001	
-5.69035945432	-1715.43065007	
-5.69148494685	-1715.43080971	
-5.69260917406	-1715.43096892	
-5.6937321388	-1715.43112771	
-5.69485384391	-1715.43128607	
-5.69597429221	-1715.431444	
-5.69709348651	-1715.43160151	
-5.69821142961	-1715.4317586	
-5.69932812431	-1715.43191527	
-5.70044357339	-1715.43207153	
-5.70155777963	-1715.43222737	
-5.7026707458	-1715.43238279	
-5.70378247466	-1715.4325378	
-5.70489296894	-1715.4326924	
-5.70600223139	-1715.43284659	
-5.70711026475	-1715.43300037	
-5.70821707172	-1715.43315375	
-5.70932265503	-1715.43330671	
-5.71042701737	-1715.43345928	
-5.71153016145	-1715.43361144	
-5.71263208993	-1715.43376321	
-5.71373280551	-1715.43391457	
-5.71483231084	-1715.43406554	
-5.71593060859	-1715.43421611	
-5.71702770141	-1715.43436628	
-5.71812359193	-1715.43451606	
-5.71921828279	-1715.43466545	
-5.72031177661	-1715.43481445	
-5.72140407601	-1715.43496307	
-5.72249518359	-1715.43511129	
-5.72358510195	-1715.43525913	
-5.72467383369	-1715.43540658	
-5.72576138137	-1715.43555365	
-5.72684774759	-1715.43570033	
-5.72793293489	-1715.43584664	
-5.72901694583	-1715.43599257	
-5.73009978297	-1715.43613812	
-5.73118144884	-1715.43628329	
-5.73226194598	-1715.43642809	
-5.7333412769	-1715.43657252	
-5.73441944412	-1715.43671657	
-5.73549645015	-1715.43686025	
-5.73657229748	-1715.43700357	
-5.73764698861	-1715.43714651	
-5.73872052602	-1715.43728909	
-5.73979291218	-1715.4374313	
-5.74086414956	-1715.43757315	
-5.74193424062	-1715.43771464	
-5.74300318781	-1715.43785576	
-5.74407099357	-1715.43799653	
-5.74513766034	-1715.43813693	
-5.74620319054	-1715.43827698	
-5.7472675866	-1715.43841667	
-5.74833085092	-1715.43855601	
-5.74939298591	-1715.43869499	
-5.75045399397	-1715.43883362	
-5.75151387748	-1715.4389719	
-5.75257263883	-1715.43910983	
-5.75363028038	-1715.43924741	
-5.75468680452	-1715.43938464	
-5.75574221359	-1715.43952152	
-5.75679650994	-1715.43965807	
-5.75784969593	-1715.43979426	
-5.75890177388	-1715.43993012	
-5.75995274612	-1715.44006563	
-5.76100261499	-1715.44020081	
-5.76205138278	-1715.44033564	
-5.76309905181	-1715.44047014	
-5.76414562438	-1715.4406043	
-5.76519110278	-1715.44073812	
-5.7662354893	-1715.44087161	
-5.76727878622	-1715.44100477	
-5.76832099579	-1715.4411376	
-5.7693621203	-1715.4412701	
-5.770402162	-1715.44140226	
-5.77144112313	-1715.4415341	
-5.77247900594	-1715.44166561	
-5.77351581267	-1715.4417968	
-5.77455154554	-1715.44192766	
-5.77558620679	-1715.44205819	
-5.77661979861	-1715.44218841	
-5.77765232322	-1715.4423183	
-5.77868378283	-1715.44244787	
-5.77971417962	-1715.44257712	
-5.78074351579	-1715.44270606	
-5.78177179352	-1715.44283468	
-5.78279901497	-1715.44296298	
-5.78382518233	-1715.44309097	
-5.78485029774	-1715.44321864	
-5.78587436337	-1715.443346	
-5.78689738137	-1715.44347305	
-5.78791935386	-1715.44359979	
-5.788940283	-1715.44372622	
-5.7899601709	-1715.44385234	
-5.79097901969	-1715.44397815	
-5.79199683148	-1715.44410366	
-5.79301360838	-1715.44422886	
-5.7940293525	-1715.44435376	
-5.79504406593	-1715.44447836	
-5.79605775077	-1715.44460265	
-5.79707040908	-1715.44472664	
-5.79808204295	-1715.44485034	
-5.79909265446	-1715.44497373	
-5.80010224566	-1715.44509683	
-5.80111081862	-1715.44521963	
-5.80211837538	-1715.44534213	
-5.80312491799	-1715.44546434	
-5.80413044849	-1715.44558625	
-5.80513496892	-1715.44570787	
-5.80613848129	-1715.4458292	
-5.80714098764	-1715.44595024	
-5.80814248998	-1715.44607099	
-5.80914299031	-1715.44619145	
