#Site	lnL	
0	-1.96592257884
1	-4.66787336603
2	-2.50972293959
3	-6.56317614732
4	-1.71873187846
5	-2.11470086614
6	-1.58578230307
7	-5.19910191378
8	-2.11470086614
9	-1.58578230307
10	-1.96308016685
11	-5.12087866511
12	-1.96592257884
13	-2.12427737258
14	-5.61773563936
15	-1.58578230307
16	-6.573958202
17	-2.33207356092
18	-1.96592257884
19	-5.28406793506
20	-5.2889255054
21	-1.58578230307
22	-1.77597921397
23	-4.46865971179
24	-1.96592257884
25	-1.71873187846
26	-6.96535279897
27	-1.63620929872
28	-10.0446733183
29	-2.11470086614
30	-1.96592257884
31	-2.12427737258
32	-7.57534863184
33	-1.81113030339
34	-2.12427737258
35	-8.59247074269
36	-1.58578230307
37	-1.71873187846
38	-2.04100037844
39	-1.81113030339
40	-5.19910191378
41	-6.87235417732
42	-4.87369572453
43	-1.71873187846
44	-5.2889255054
45	-5.50095352218
46	-5.36416491356
47	-8.88199006733
48	-1.63620929872
49	-2.12427737258
50	-2.11470086614
51	-5.58803196473
52	-8.18478114975
53	-2.50972293959
54	-1.58578230307
55	-1.71873187846
56	-2.33207356092
57	-1.81113030339
58	-8.11495135877
59	-9.67048057543
60	-1.96592257884
61	-7.25428710212
62	-2.04100037844
63	-5.51317775025
64	-1.77597921397
65	-2.11470086614
66	-8.17873562487
67	-1.71873187846
68	-5.19709353956
69	-6.87993296038
70	-1.77597921397
71	-2.11470086614
72	-14.8260083871
73	-1.71873187846
74	-2.33207356092
75	-1.96592257884
76	-1.71873187846
77	-2.33207356092
78	-1.81113030339
79	-7.73006463211
80	-2.50972293959
81	-1.63620929872
82	-9.35098045799
83	-4.84777919338
84	-1.58578230307
85	-11.0516501227
86	-11.4835676898
87	-1.58578230307
88	-6.37014290608
89	-10.6386785549
90	-1.63620929872
91	-1.77597921397
92	-2.33207356092
93	-1.96592257884
94	-1.96308016685
95	-2.50972293959
96	-1.63620929872
97	-5.36416491356
98	-2.50972293959
99	-10.2762790113
100	-1.77597921397
101	-5.15874240304
102	-1.63620929872
103	-2.12427737258
104	-2.04100037844
105	-1.63620929872
106	-7.04854472906
107	-2.50972293959
108	-1.58578230307
109	-7.04854472906
110	-6.11911993774
111	-1.58578230307
112	-1.96308016685
113	-2.04100037844
114	-5.58803196473
115	-1.96308016685
116	-5.82691596855
117	-1.58578230307
118	-1.71873187846
119	-5.82691596855
120	-1.81113030339
121	-5.1464600622
122	-2.04100037844
123	-5.60452880671
124	-1.77597921397
125	-5.12087866511
126	-1.81113030339
127	-9.69105099657
128	-6.05522456747
129	-1.58578230307
130	-1.77597921397
131	-6.76103784797
132	-1.81113030339
133	-1.71873187846
134	-4.84777919338
135	-1.96592257884
136	-1.96308016685
137	-10.1845582607
138	-1.96592257884
139	-1.77597921397
140	-2.11470086614
141	-8.36532644036
142	-2.12427737258
143	-4.84777919338
144	-7.38197778127
145	-2.12427737258
146	-6.0576675482
147	-4.75470247636
148	-11.0153780284
149	-2.11470086614
150	-12.9304751751
151	-1.96308016685
152	-2.11470086614
153	-1.96592257884
154	-5.1464600622
155	-7.18762945342
156	-1.96592257884
157	-1.77597921397
158	-2.33207356092
159	-1.63620929872
160	-2.12427737258
161	-2.50972293959
162	-1.63620929872
163	-5.23617442225
164	-2.50972293959
165	-1.81113030339
166	-1.77597921397
167	-2.04100037844
168	-1.63620929872
169	-6.3973781201
170	-4.27287923741
171	-1.63620929872
172	-1.71873187846
173	-2.33207356092
174	-5.43593897217
175	-2.12427737258
176	-2.33207356092
177	-1.81113030339
178	-1.71873187846
179	-2.04100037844
180	-1.81113030339
181	-1.77597921397
182	-2.33207356092
183	-1.58578230307
184	-1.77597921397
185	-5.2889255054
186	-1.63620929872
187	-8.1047340832
188	-2.11470086614
189	-5.55541104976
190	-1.77597921397
191	-2.11470086614
192	-1.81113030339
193	-6.17174066639
194	-10.4653201664
195	-1.58578230307
196	-1.71873187846
197	-2.04100037844
198	-6.76481578926
199	-2.12427737258
200	-5.61773563936
201	-1.96592257884
202	-1.71873187846
203	-4.84777919338
204	-1.63620929872
205	-5.38711123483
206	-5.72858831284
207	-1.81113030339
208	-6.03216938782
209	-2.04100037844
210	-1.96592257884
211	-5.1464600622
212	-5.12087866511
213	-1.63620929872
214	-2.12427737258
215	-5.05046343576
216	-1.96592257884
217	-2.12427737258
218	-2.33207356092
219	-1.58578230307
220	-1.71873187846
221	-6.98008423643
222	-6.42680521615
223	-2.12427737258
224	-6.60569296995
225	-8.19636190649
226	-2.12427737258
227	-5.58271825555
228	-1.63620929872
229	-5.32451451512
230	-2.33207356092
231	-6.75671944547
232	-4.66787336603
233	-2.04100037844
234	-1.96592257884
235	-1.71873187846
236	-2.33207356092
237	-1.58578230307
238	-1.77597921397
239	-5.05046343576
240	-6.25514421618
241	-5.27465705535
242	-6.18023160303
243	-1.81113030339
244	-2.12427737258
245	-2.33207356092
246	-1.63620929872
247	-4.54355392654
248	-2.11470086614
249	-5.72068930928
250	-2.12427737258
251	-2.33207356092
252	-1.63620929872
253	-5.23617442225
254	-11.0575676695
255	-1.58578230307
256	-6.573958202
257	-2.33207356092
258	-14.4024111085
259	-6.28625049184
260	-2.11470086614
261	-1.63620929872
262	-5.19910191378
263	-2.04100037844
264	-1.81113030339
265	-8.20543351241
266	-2.50972293959
267	-1.63620929872
268	-5.46603052847
269	-5.15874240304
270	-1.96592257884
271	-5.36137385052
272	-5.19709353956
273	-1.63620929872
274	-1.96308016685
275	-4.34702005949
276	-6.75671944547
277	-1.96308016685
278	-2.50972293959
279	-4.75470247636
280	-5.36416491356
281	-2.04100037844
282	-1.63620929872
283	-6.37014290608
284	-2.50972293959
285	-6.95661222044
286	-1.96308016685
287	-2.50972293959
288	-5.43593897217
289	-5.23617442225
290	-6.86805898715
291	-1.81113030339
292	-1.77597921397
293	-2.11470086614
294	-6.56317614732
295	-2.12427737258
296	-4.87752307329
297	-7.57961361471
298	-1.96308016685
299	-2.33207356092
300	-1.63620929872
301	-2.12427737258
302	-2.11470086614
303	-1.63620929872
304	-1.77597921397
305	-2.33207356092
306	-9.74603783689
307	-1.96308016685
308	-7.75050881545
309	-1.58578230307
310	-1.71873187846
311	-4.34702005949
312	-7.50757315211
313	-2.12427737258
314	-2.50972293959
315	-8.27789816357
316	-5.45932983201
317	-6.3371069439
318	-1.58578230307
319	-6.202792735
320	-2.04100037844
321	-1.81113030339
322	-1.96308016685
323	-2.04100037844
324	-1.58578230307
325	-1.71873187846
326	-5.07873689177
327	-1.58578230307
328	-10.3035587207
329	-2.33207356092
330	-1.58578230307
331	-2.12427737258
332	-12.1023755005
333	-1.58578230307
334	-5.9750388611
335	-7.84778088446
336	-8.27539904731
337	-1.77597921397
338	-2.11470086614
339	-6.06830473541
340	-12.5437708213
341	-9.17508006787
342	-1.58578230307
343	-2.12427737258
344	-8.82329030758
345	-1.58578230307
346	-1.71873187846
347	-2.04100037844
348	-7.21612015616
349	-1.77597921397
350	-2.33207356092
351	-1.63620929872
352	-1.71873187846
353	-5.2889255054
354	-1.81113030339
355	-1.71873187846
356	-2.04100037844
357	-6.44238470589
358	-6.02520425773
359	-5.20946017116
360	-1.81113030339
361	-4.59645901031
362	-5.12087866511
363	-1.58578230307
364	-9.42013966428
365	-7.74381785996
366	-1.96592257884
367	-1.77597921397
368	-2.33207356092
369	-1.58578230307
370	-1.71873187846
371	-2.11470086614
372	-1.81113030339
373	-7.74045370027
374	-2.11470086614
375	-5.43593897217
376	-1.71873187846
377	-7.18522610041
378	-1.58578230307
379	-8.89507042379
380	-12.1960182408
381	-1.96592257884
382	-1.96308016685
383	-5.15874240304
384	-1.96592257884
385	-5.507346207
386	-6.14648643482
387	-6.25514421618
388	-1.71873187846
389	-2.11470086614
390	-1.81113030339
391	-6.71427071251
392	-2.04100037844
393	-1.96592257884
394	-6.99635560899
395	-8.2491094113
396	-1.81113030339
397	-1.71873187846
398	-2.11470086614
399	-5.72068930928
400	-6.22483241903
401	-5.05629941132
402	-4.87369572453
403	-1.71873187846
404	-4.33111116391
405	-1.96592257884
406	-2.12427737258
407	-4.46865971179
408	-4.82300346777
409	-1.96308016685
410	-2.04100037844
411	-1.58578230307
412	-4.54355392654
413	-2.50972293959
414	-1.63620929872
415	-1.77597921397
416	-2.11470086614
417	-4.75470247636
418	-7.37808846804
419	-2.11470086614
420	-1.96592257884
421	-1.71873187846
422	-9.52863832675
423	-1.63620929872
424	-1.71873187846
425	-2.33207356092
426	-1.81113030339
427	-9.7353849255
428	-2.11470086614
429	-1.96592257884
430	-8.11421166742
431	-2.50972293959
432	-1.81113030339
433	-1.96308016685
434	-2.11470086614
435	-1.81113030339
436	-2.12427737258
437	-2.33207356092
438	-1.58578230307
439	-6.52301185899
440	-2.11470086614
441	-1.58578230307
442	-1.71873187846
443	-2.04100037844
444	-1.81113030339
445	-2.12427737258
446	-9.05645318664
447	-1.96592257884
448	-1.71873187846
449	-2.04100037844
450	-1.81113030339
451	-6.02520425773
452	-2.11470086614
453	-1.63620929872
454	-1.71873187846
455	-2.04100037844
456	-1.63620929872
457	-1.71873187846
458	-2.11470086614
459	-10.2710894761
460	-1.96308016685
461	-6.80554294771
462	-1.81113030339
463	-5.19910191378
464	-2.04100037844
465	-4.75470247636
466	-1.96308016685
467	-2.04100037844
468	-1.81113030339
469	-7.22246968791
470	-2.04100037844
