# log_p 	 lnL 	 
0.0	-1672.32154033	
-0.287682072452	-1671.78121756	
-0.510825623766	-1671.26629525	
-0.69314718056	-1670.77459431	
-0.847297860387	-1670.30832522	
-0.980829253012	-1669.87101758	
-1.09861228867	-1669.46586226	
-1.20397280433	-1669.09446418	
-1.29928298413	-1668.75676161	
-1.38629436112	-1668.45142246	
-1.46633706879	-1668.17630205	
-1.54044504095	-1667.92882784	
-1.60943791243	-1667.70628296	
-1.67397643357	-1667.50599524	
-1.73460105539	-1667.32545029	
-1.79175946923	-1667.16234956	
-1.8458266905	-1667.01463188	
-1.89711998489	-1666.88047237	
-1.94591014906	-1666.75826881	
-1.99243016469	-1666.64662181	
-2.03688192726	-1666.54431288	
-2.07944154168	-1666.45028251	
-2.1202635362	-1666.3636098	
-2.15948424935	-1666.28349389	
-2.19722457734	-1666.20923754	
-2.23359222151	-1666.14023286	
-2.26868354132	-1666.07594887	
-2.30258509299	-1666.01592082	
-2.33537491582	-1665.95974106	
-2.36712361413	-1665.90705121	
-2.3978952728	-1665.85753544	
-2.42774823595	-1665.81091478	
-2.45673577282	-1665.76694218	
-2.48490664979	-1665.72539831	
-2.51230562398	-1665.68608801	
-2.53897387106	-1665.64883715	
-2.56494935746	-1665.61348999	
-2.59026716545	-1665.57990689	
-2.61495977804	-1665.54796232	
-2.63905732962	-1665.51754318	
-2.66258782703	-1665.48854727	
-2.68557734525	-1665.46088205	
-2.7080502011	-1665.43446353	
-2.73002910782	-1665.40921525	
-2.75153531304	-1665.38506746	
-2.77258872224	-1665.3619564	
-2.79320800944	-1665.33982362	
-2.81341071676	-1665.31861542	
-2.83321334406	-1665.29828236	
-2.85263142991	-1665.27877884	
-2.87167962488	-1665.26006266	
-2.8903717579	-1665.24209474	
-2.90872089656	-1665.22483875	
-2.92673940207	-1665.20826094	
-2.94443897917	-1665.1923298	
-2.96183072188	-1665.17701593	
-2.97892515524	-1665.16229179	
-2.99573227355	-1665.14813161	
-3.01226157551	-1665.13451115	
-3.02852209638	-1665.12140764	
-3.04452243772	-1665.10879963	
-3.06027079469	-1665.09666689	
-3.07577498123	-1665.08499031	
-3.09104245336	-1665.0737518	
-3.10608033072	-1665.06293425	
-3.12089541651	-1665.05252143	
-3.13549421593	-1665.04249793	
-3.14988295338	-1665.0328491	
-3.16406758837	-1665.02356102	
-3.17805383035	-1665.01462041	
-3.19184715248	-1665.00601464	
-3.20545280454	-1664.99773164	
-3.21887582487	-1664.98975988	
-3.23212105162	-1664.98208837	
-3.24519313319	-1664.97470657	
-3.25809653802	-1664.9676044	
-3.2708355638	-1664.96077223	
-3.28341434601	-1664.95420079	
-3.295836866	-1664.94788124	
-3.3081069586	-1664.94180505	
-3.32022831913	-1664.93596406	
-3.33220451018	-1664.93035042	
-3.34403896782	-1664.92495661	
-3.35573500759	-1664.91977537	
-3.36729582999	-1664.91479973	
-3.37872452581	-1664.91002298	
-3.39002408106	-1664.90543866	
-3.40119738166	-1664.90104057	
-3.41224721785	-1664.8968227	
-3.42317628838	-1664.89277929	
-3.43398720449	-1664.88890476	
-3.4446824936	-1664.88519376	
-3.45526460293	-1664.8816411	
-3.4657359028	-1664.8782418	
-3.47609868984	-1664.87499103	
-3.48635519	-1664.87188413	
-3.49650756147	-1664.86891661	
-3.50655789732	-1664.86608414	
-3.51650822817	-1664.86338251	
-3.52636052462	-1664.86080768	
-3.53611669956	-1664.85835573	
-3.54577861047	-1664.85602287	
-3.55534806149	-1664.85380544	
-3.56482680544	-1664.85169991	
-3.57421654579	-1664.84970285	
-3.58351893846	-1664.84781094	
-3.59273559356	-1664.84602098	
-3.60186807712	-1664.84432988	
-3.61091791264	-1664.84273462	
-3.61988658263	-1664.8412323	
-3.62877553004	-1664.83982011	
-3.63758615973	-1664.83849532	
-3.6463198397	-1664.8372553	
-3.65497790244	-1664.83609749	
-3.66356164613	-1664.83501942	
-3.6720723358	-1664.83401868	
-3.68051120444	-1664.83309296	
-3.68887945411	-1664.83224001	
-3.69717825693	-1664.83145763	
-3.70540875607	-1664.83074373	
-3.7135720667	-1664.83009624	
-3.72166927694	-1664.82951318	
-3.72970144863	-1664.82899263	
-3.73766961828	-1664.82853271	
-3.74557479779	-1664.82813163	
-3.75341797525	-1664.82778761	
-3.76120011569	-1664.82749896	
-3.76892216179	-1664.82726402	
-3.77658503453	-1664.8270812	
-3.78418963392	-1664.82694893	
-3.79173683955	-1664.82686571	
-3.79922751128	-1664.82683008	
-3.80666248977	-1664.82684061	
-3.81404259707	-1664.82689593	
-3.82136863716	-1664.8269947	
-3.82864139649	-1664.82713562	
-3.83586164446	-1664.82731744	
-3.84303013394	-1664.82753892	
-3.85014760171	-1664.82779889	
-3.85721476893	-1664.82809619	
-3.86423234159	-1664.8284297	
-3.87120101091	-1664.82879834	
-3.87812145375	-1664.82920105	
-3.88499433304	-1664.82963681	
-3.89182029811	-1664.83010462	
-3.8985999851	-1664.83060352	
-3.90533401728	-1664.83113258	
-3.91202300543	-1664.83169087	
-3.91866754815	-1664.83227751	
-3.92526823218	-1664.83289166	
-3.93182563272	-1664.83353247	
-3.93834031375	-1664.83419913	
-3.94481282825	-1664.83489085	
-3.95124371858	-1664.83560687	
-3.95763351668	-1664.83634645	
-3.96398274436	-1664.83710887	
-3.97029191355	-1664.83789342	
-3.97656152657	-1664.83869942	
-3.98279207632	-1664.83952621	
-3.98898404656	-1664.84037314	
-3.99513791214	-1664.8412396	
-4.00125413916	-1664.84212497	
-4.00733318523	-1664.84302867	
-4.01337549969	-1664.84395011	
-4.01938152375	-1664.84488875	
-4.02535169074	-1664.84584403	
-4.03128642625	-1664.84681544	
-4.03718614838	-1664.84780246	
-4.04305126783	-1664.8488046	
-4.04888218815	-1664.84982136	
-4.05467930583	-1664.85085229	
-4.06044301055	-1664.85189692	
-4.06617368526	-1664.85295481	
-4.07187170637	-1664.85402553	
-4.07753744391	-1664.85510865	
-4.08317126162	-1664.85620378	
-4.08877351717	-1664.85731051	
-4.09434456222	-1664.85842846	
-4.0998847426	-1664.85955725	
-4.10539439841	-1664.86069652	
-4.11087386417	-1664.86184592	
-4.11632346894	-1664.8630051	
-4.12174353641	-1664.86417372	
-4.12713438505	-1664.86535147	
-4.13249632819	-1664.86653802	
-4.13782967416	-1664.86773307	
-4.14313472639	-1664.86893632	
-4.14841178349	-1664.87014747	
-4.15366113938	-1664.87136625	
-4.15888308336	-1664.87259238	
-4.16407790024	-1664.87382559	
-4.1692458704	-1664.87506563	
-4.1743872699	-1664.87631223	
-4.17950237056	-1664.87756517	
-4.18459144007	-1664.87882418	
-4.18965474203	-1664.88008906	
-4.19469253606	-1664.88135956	
-4.19970507788	-1664.88263547	
-4.20469261939	-1664.88391658	
-4.20965540873	-1664.88520267	
-4.21459369037	-1664.88649356	
-4.21950770518	-1664.88778903	
-4.22439769047	-1664.88908891	
-4.22926388012	-1664.890393	
-4.2341065046	-1664.89170113	
-4.23892579103	-1664.89301312	
-4.2437219633	-1664.8943288	
-4.24849524205	-1664.89564801	
-4.25324584481	-1664.89697058	
-4.257973986	-1664.89829636	
-4.26267987704	-1664.89962519	
-4.26736372635	-1664.90095693	
-4.27202573946	-1664.90229144	
-4.27666611902	-1664.90362858	
-4.28128506487	-1664.9049682	
-4.28588277412	-1664.90631018	
-4.29045944115	-1664.9076544	
-4.29501525768	-1664.90900071	
-4.29955041285	-1664.91034902	
-4.3040650932	-1664.91169919	
-4.30855948279	-1664.91305111	
-4.31303376319	-1664.91440467	
-4.31748811354	-1664.91575977	
-4.3219227106	-1664.9171163	
-4.32633772881	-1664.91847416	
-4.33073334029	-1664.91983324	
-4.33510971489	-1664.92119346	
-4.33946702026	-1664.92255471	
-4.34380542185	-1664.92391692	
-4.348125083	-1664.92527998	
-4.3524261649	-1664.92664382	
-4.35670882669	-1664.92800835	
-4.36097322548	-1664.92937349	
-4.36521951636	-1664.93073916	
-4.36944785247	-1664.93210529	
-4.373658385	-1664.93347181	
-4.37785126326	-1664.93483863	
-4.38202663467	-1664.93620569	
-4.38618464482	-1664.93757293	
-4.39032543749	-1664.93894028	
-4.39444915467	-1664.94030767	
-4.39855593663	-1664.94167504	
-4.40264592188	-1664.94304233	
-4.40671924726	-1664.94440949	
-4.41077604796	-1664.94577645	
-4.4148164575	-1664.94714317	
-4.4188406078	-1664.94850959	
-4.42284862919	-1664.94987565	
-4.42684065046	-1664.95124131	
-4.43081679884	-1664.95260653	
-4.43477720006	-1664.95397124	
-4.43872197835	-1664.95533541	
-4.44265125649	-1664.95669899	
-4.44656515581	-1664.95806195	
-4.45046379623	-1664.95942423	
-4.45434729625	-1664.9607858	
-4.45821577303	-1664.96214661	
-4.46206934235	-1664.96350664	
-4.46590811865	-1664.96486585	
-4.46973221509	-1664.96622419	
-4.47354174351	-1664.96758163	
-4.47733681448	-1664.96893815	
-4.48111753732	-1664.97029371	
-4.48488402011	-1664.97164827	
-4.48863636973	-1664.97300182	
-4.49237469184	-1664.97435431	
-4.49609909093	-1664.97570572	
-4.49980967033	-1664.97705603	
-4.50350653221	-1664.9784052	
-4.50718977763	-1664.97975322	
-4.51085950652	-1664.98110005	
-4.51451581772	-1664.98244568	
-4.518158809	-1664.98379007	
-4.52178857705	-1664.98513322	
-4.52540521752	-1664.98647509	
-4.52900882502	-1664.98781567	
-4.53259949315	-1664.98915493	
-4.5361773145	-1664.99049286	
-4.53974238067	-1664.99182944	
-4.54329478227	-1664.99316465	
-4.54683460898	-1664.99449848	
-4.55036194949	-1664.9958309	
-4.5538768916	-1664.9971619	
-4.55737952215	-1664.99849147	
-4.56086992709	-1664.99981958	
-4.56434819147	-1665.00114624	
-4.56781439944	-1665.00247142	
-4.57126863431	-1665.0037951	
-4.5747109785	-1665.00511729	
-4.5781415136	-1665.00643796	
-4.58156032035	-1665.00775711	
-4.58496747867	-1665.00907471	
-4.58836306767	-1665.01039077	
-4.59174716566	-1665.01170528	
-4.59511985013	-1665.01301821	
-4.59848119784	-1665.01432957	
-4.60183128472	-1665.01563934	
-4.60517018599	-1665.01694752	
-4.60849797608	-1665.01825409	
-4.61181472871	-1665.01955906	
-4.61512051684	-1665.0208624	
-4.61841541274	-1665.02216413	
-4.62169948794	-1665.02346422	
-4.62497281328	-1665.02476268	
-4.62823545892	-1665.02605949	
-4.63148749431	-1665.02735465	
-4.63472898823	-1665.02864817	
-4.63796000881	-1665.02994002	
-4.64118062351	-1665.03123021	
-4.64439089914	-1665.03251873	
-4.64759090187	-1665.03380558	
-4.65078069724	-1665.03509076	
-4.65396035016	-1665.03637425	
-4.65712992492	-1665.03765607	
-4.66028948521	-1665.0389362	
-4.66343909411	-1665.04021464	
-4.66657881412	-1665.04149139	
-4.66970870713	-1665.04276645	
-4.67282883446	-1665.04403981	
-4.67593925688	-1665.04531148	
-4.67904003455	-1665.04658145	
-4.68213122712	-1665.04784972	
-4.68521289366	-1665.04911629	
-4.6882850927	-1665.05038116	
-4.69134788223	-1665.05164432	
-4.69440131972	-1665.05290578	
-4.6974454621	-1665.05416554	
-4.70048036579	-1665.05542359	
-4.70350608671	-1665.05667994	
-4.70652268025	-1665.05793459	
-4.70953020131	-1665.05918753	
-4.71252870431	-1665.06043877	
-4.71551824316	-1665.0616883	
-4.7184988713	-1665.06293613	
-4.72147064168	-1665.06418226	
-4.72443360681	-1665.06542669	
-4.72738781871	-1665.06666942	
-4.73033332894	-1665.06791045	
-4.73327018862	-1665.06914978	
-4.73619844839	-1665.07038742	
-4.7391181585	-1665.07162336	
-4.74202936871	-1665.07285761	
-4.74493212836	-1665.07409016	
-4.74782648639	-1665.07532103	
-4.75071249128	-1665.07655021	
-4.75359019111	-1665.0777777	
-4.75645963353	-1665.07900351	
-4.75932086582	-1665.08022764	
-4.7621739348	-1665.08145009	
-4.76501888693	-1665.08267087	
-4.76785576827	-1665.08388997	
-4.77068462447	-1665.0851074	
-4.77350550081	-1665.08632316	
-4.77631844218	-1665.08753725	
-4.77912349311	-1665.08874968	
-4.78192069773	-1665.08996045	
-4.78471009982	-1665.09116956	
-4.78749174278	-1665.09237701	
-4.79026566966	-1665.09358282	
-4.79303192316	-1665.09478697	
-4.7957905456	-1665.09598948	
-4.79854157897	-1665.09719035	
-4.80128506491	-1665.09838958	
-4.80402104473	-1665.09958717	
-4.80674955939	-1665.10078313	
-4.8094706495	-1665.10197746	
-4.81218435537	-1665.10317016	
-4.81489071697	-1665.10436125	
-4.81758977394	-1665.10555071	
-4.82028156561	-1665.10673856	
-4.82296613098	-1665.1079248	
-4.82564350875	-1665.10910943	
-4.8283137373	-1665.11029245	
-4.83097685472	-1665.11147388	
-4.83363289878	-1665.1126537	
-4.83628190695	-1665.11383194	
-4.83892391641	-1665.11500858	
-4.84155896405	-1665.11618364	
-4.84418708646	-1665.11735712	
-4.84680831994	-1665.11852902	
-4.84942270051	-1665.11969935	
-4.85203026392	-1665.12086811	
-4.85463104562	-1665.1220353	
-4.8572250808	-1665.12320093	
-4.85981240436	-1665.124365	
-4.86239305096	-1665.12552752	
-4.86496705495	-1665.12668848	
-4.86753445046	-1665.12784791	
-4.87009527132	-1665.12900579	
-4.87264955112	-1665.13016213	
-4.8751973232	-1665.13131694	
-4.87773862063	-1665.13247021	
-4.88027347623	-1665.13362197	
-4.88280192259	-1665.1347722	
-4.88532399202	-1665.13592091	
-4.88783971662	-1665.13706811	
-4.89034912822	-1665.13821381	
-4.89285225844	-1665.13935799	
-4.89534913864	-1665.14050068	
-4.89783979995	-1665.14164187	
-4.90032427328	-1665.14278157	
-4.90280258929	-1665.14391977	
-4.90527477844	-1665.1450565	
-4.90774087093	-1665.14619174	
-4.91020089677	-1665.14732551	
-4.91265488574	-1665.14845781	
-4.91510286737	-1665.14958864	
-4.91754487103	-1665.15071801	
-4.91998092583	-1665.15184591	
-4.92241106068	-1665.15297237	
-4.92483530429	-1665.15409737	
-4.92725368516	-1665.15522092	
-4.92966623156	-1665.15634303	
-4.93207297159	-1665.15746371	
-4.93447393313	-1665.15858295	
-4.93686914386	-1665.15970076	
-4.93925863125	-1665.16081714	
-4.94164242261	-1665.1619321	
-4.94402054501	-1665.16304565	
-4.94639302537	-1665.16415778	
-4.94875989038	-1665.1652685	
-4.95112116656	-1665.16637782	
-4.95347688026	-1665.16748574	
-4.9558270576	-1665.16859225	
-4.95817172456	-1665.16969738	
-4.96051090691	-1665.17080112	
-4.96284463026	-1665.17190347	
-4.96517292002	-1665.17300444	
-4.96749580144	-1665.17410404	
-4.96981329958	-1665.17520226	
-4.97212543933	-1665.17629911	
-4.97443224543	-1665.1773946	
-4.97673374242	-1665.17848873	
-4.97902995468	-1665.17958151	
-4.98132090643	-1665.18067293	
-4.98360662171	-1665.181763	
-4.98588712441	-1665.18285173	
-4.98816243824	-1665.18393912	
-4.99043258678	-1665.18502517	
-4.99269759341	-1665.18610989	
-4.99495748138	-1665.18719328	
-4.99721227376	-1665.18827534	
-4.9994619935	-1665.18935609	
-5.00170666335	-1665.19043552	
-5.00394630595	-1665.19151363	
-5.00618094375	-1665.19259044	
-5.00841059907	-1665.19366594	
-5.0106352941	-1665.19474014	
-5.01285505083	-1665.19581305	
-5.01506989116	-1665.19688466	
-5.01727983681	-1665.19795498	
-5.01948490937	-1665.19902401	
-5.02168513028	-1665.20009176	
-5.02388052085	-1665.20115824	
-5.02607110223	-1665.20222344	
-5.02825689545	-1665.20328737	
-5.03043792139	-1665.20435003	
-5.03261420082	-1665.20541143	
-5.03478575433	-1665.20647156	
-5.03695260241	-1665.20753045	
-5.03911476542	-1665.20858808	
-5.04127226356	-1665.20964446	
-5.04342511692	-1665.2106996	
-5.04557334546	-1665.2117535	
-5.047716969	-1665.21280616	
-5.04985600725	-1665.21385758	
-5.05199047978	-1665.21490778	
-5.05412040604	-1665.21595675	
-5.05624580535	-1665.21700449	
-5.05836669692	-1665.21805102	
-5.06048309982	-1665.21909633	
-5.06259503303	-1665.22014042	
-5.06470251537	-1665.22118331	
-5.06680556556	-1665.222225	
-5.06890420222	-1665.22326548	
-5.07099844382	-1665.22430476	
-5.07308830874	-1665.22534285	
-5.07517381523	-1665.22637975	
-5.07725498144	-1665.22741546	
-5.07933182538	-1665.22844998	
-5.08140436498	-1665.22948332	
-5.08347261805	-1665.23051549	
-5.08553660227	-1665.23154648	
-5.08759633523	-1665.2325763	
-5.08965183441	-1665.23360495	
-5.09170311719	-1665.23463244	
-5.09375020081	-1665.23565877	
-5.09579310244	-1665.23668394	
-5.09783183913	-1665.23770795	
-5.09986642782	-1665.23873082	
-5.10189688537	-1665.23975253	
-5.10392322852	-1665.2407731	
-5.1059454739	-1665.24179253	
-5.10796363806	-1665.24281083	
-5.10997773743	-1665.24382798	
-5.11198778836	-1665.24484401	
-5.11399380708	-1665.24585891	
-5.11599580975	-1665.24687268	
-5.11799381242	-1665.24788533	
-5.11998783102	-1665.24889686	
-5.12197788143	-1665.24990727	
-5.1239639794	-1665.25091658	
-5.12594614061	-1665.25192477	
-5.12792438062	-1665.25293186	
-5.12989871492	-1665.25393784	
-5.13186915891	-1665.25494272	
-5.13383572788	-1665.2559465	
-5.13579843705	-1665.25694919	
-5.13775730154	-1665.25795079	
-5.13971233637	-1665.2589513	
-5.1416635565	-1665.25995073	
-5.14361097679	-1665.26094907	
-5.145554612	-1665.26194634	
-5.14749447681	-1665.26294252	
-5.14943058584	-1665.26393764	
-5.15136295359	-1665.26493168	
-5.1532915945	-1665.26592466	
-5.15521652291	-1665.26691657	
-5.15713775309	-1665.26790742	
-5.15905529921	-1665.26889721	
-5.1609691754	-1665.26988594	
-5.16287939565	-1665.27087362	
-5.16478597392	-1665.27186025	
-5.16668892407	-1665.27284584	
-5.16858825987	-1665.27383038	
-5.17048399504	-1665.27481387	
-5.17237614319	-1665.27579633	
-5.17426471788	-1665.27677775	
-5.17614973257	-1665.27775814	
-5.17803120067	-1665.27873749	
-5.1799091355	-1665.27971582	
-5.18178355029	-1665.28069312	
-5.18365445823	-1665.2816694	
-5.1855218724	-1665.28264466	
-5.18738580584	-1665.28361891	
-5.18924627149	-1665.28459213	
-5.19110328224	-1665.28556435	
-5.19295685089	-1665.28653555	
-5.19480699018	-1665.28750575	
-5.19665371277	-1665.28847495	
-5.19849703127	-1665.28944314	
-5.20033695819	-1665.29041034	
-5.202173506	-1665.29137654	
-5.20400668708	-1665.29234174	
-5.20583651375	-1665.29330596	
-5.20766299828	-1665.29426918	
-5.20948615284	-1665.29523142	
-5.21130598956	-1665.29619268	
-5.21312252048	-1665.29715295	
-5.21493575761	-1665.29811225	
-5.21674571285	-1665.29907057	
-5.21855239808	-1665.30002791	
-5.22035582508	-1665.30098429	
-5.22215600558	-1665.3019397	
-5.22395295126	-1665.30289414	
-5.22574667371	-1665.30384761	
-5.22753718449	-1665.30480013	
-5.22932449506	-1665.30575169	
-5.23110861685	-1665.30670229	
-5.23288956123	-1665.30765193	
-5.23466733947	-1665.30860063	
-5.23644196283	-1665.30954837	
-5.23821344248	-1665.31049517	
-5.23998178954	-1665.31144102	
-5.24174701506	-1665.31238594	
-5.24350913005	-1665.31332991	
-5.24526814546	-1665.31427294	
-5.24702407216	-1665.31521504	
-5.24877692099	-1665.31615621	
-5.25052670271	-1665.31709644	
-5.25227342805	-1665.31803575	
-5.25401710765	-1665.31897413	
-5.25575775213	-1665.31991159	
-5.25749537203	-1665.32084812	
-5.25922997784	-1665.32178374	
-5.26096158	-1665.32271843	
-5.2626901889	-1665.32365222	
-5.26441581487	-1665.32458509	
-5.26613846818	-1665.32551705	
-5.26785815906	-1665.3264481	
-5.26957489768	-1665.32737825	
-5.27128869416	-1665.32830749	
-5.27299955856	-1665.32923583	
-5.27470750091	-1665.33016327	
-5.27641253116	-1665.33108981	
-5.27811465923	-1665.33201546	
-5.27981389498	-1665.33294021	
-5.28151024823	-1665.33386408	
-5.28320372874	-1665.33478705	
-5.28489434622	-1665.33570914	
-5.28658211033	-1665.33663034	
-5.28826703069	-1665.33755066	
-5.28994911688	-1665.3384701	
-5.2916283784	-1665.33938866	
-5.29330482472	-1665.34030634	
-5.29497846528	-1665.34122315	
-5.29664930945	-1665.34213908	
-5.29831736655	-1665.34305415	
-5.29998264587	-1665.34396835	
-5.30164515664	-1665.34488168	
-5.30330490806	-1665.34579414	
-5.30496190927	-1665.34670575	
-5.30661616936	-1665.34761649	
-5.3082676974	-1665.34852637	
-5.30991650239	-1665.3494354	
-5.3115625933	-1665.35034357	
-5.31320597904	-1665.35125089	
-5.3148466685	-1665.35215736	
-5.3164846705	-1665.35306298	
-5.31811999384	-1665.35396776	
-5.31975264727	-1665.35487169	
-5.32138263948	-1665.35577477	
-5.32300997914	-1665.35667702	
-5.32463467487	-1665.35757842	
-5.32625673524	-1665.35847899	
-5.32787616879	-1665.35937872	
-5.32949298402	-1665.36027762	
-5.33110718937	-1665.36117569	
-5.33271879327	-1665.36207292	
-5.33432780407	-1665.36296933	
-5.33593423012	-1665.36386491	
-5.3375380797	-1665.36475967	
-5.33913936107	-1665.36565361	
-5.34073808243	-1665.36654672	
-5.34233425196	-1665.36743902	
-5.3439278778	-1665.36833049	
-5.34551896803	-1665.36922115	
-5.34710753072	-1665.370111	
-5.34869357387	-1665.37100004	
-5.35027710548	-1665.37188827	
-5.35185813348	-1665.37277568	
-5.35343666577	-1665.3736623	
-5.35501271022	-1665.3745481	
-5.35658627467	-1665.37543311	
-5.3581573669	-1665.37631731	
-5.35972599468	-1665.37720071	
-5.36129216571	-1665.37808331	
-5.36285588769	-1665.37896512	
-5.36441716825	-1665.37984613	
-5.36597601502	-1665.38072635	
-5.36753243557	-1665.38160578	
-5.36908643744	-1665.38248442	
-5.37063802813	-1665.38336228	
-5.37218721511	-1665.38423934	
-5.37373400583	-1665.38511562	
-5.37527840768	-1665.38599112	
-5.37682042804	-1665.38686584	
-5.37836007422	-1665.38773977	
-5.37989735354	-1665.38861293	
-5.38143227326	-1665.38948532	
-5.38296484061	-1665.39035693	
-5.38449506279	-1665.39122776	
-5.38602294697	-1665.39209782	
-5.38754850028	-1665.39296712	
-5.38907172982	-1665.39383564	
-5.39059264266	-1665.3947034	
-5.39211124583	-1665.3955704	
-5.39362754635	-1665.39643663	
-5.39514155118	-1665.3973021	
-5.39665326727	-1665.3981668	
-5.39816270152	-1665.39903075	
-5.39966986081	-1665.39989394	
-5.40117475199	-1665.40075638	
-5.40267738187	-1665.40161806	
-5.40417775725	-1665.40247899	
-5.40567588487	-1665.40333917	
-5.40717177146	-1665.4041986	
-5.40866542372	-1665.40505728	
-5.4101568483	-1665.40591521	
-5.41164605186	-1665.4067724	
-5.41313304098	-1665.40762885	
-5.41461782224	-1665.40848455	
-5.4161004022	-1665.40933951	
-5.41758078737	-1665.41019374	
-5.41905898424	-1665.41104722	
-5.42053499927	-1665.41189997	
-5.42200883889	-1665.41275199	
-5.4234805095	-1665.41360327	
-5.42495001748	-1665.41445382	
-5.42641736918	-1665.41530364	
-5.4278825709	-1665.41615273	
-5.42934562895	-1665.41700109	
-5.43080654959	-1665.41784873	
-5.43226533906	-1665.41869564	
-5.43372200355	-1665.41954183	
-5.43517654927	-1665.4203873	
-5.43662898235	-1665.42123205	
-5.43807930892	-1665.42207608	
-5.4395275351	-1665.42291939	
-5.44097366695	-1665.42376198	
-5.44241771052	-1665.42460386	
-5.44385967184	-1665.42544503	
-5.4452995569	-1665.42628549	
-5.44673737167	-1665.42712523	
-5.44817312209	-1665.42796426	
-5.44960681409	-1665.42880259	
-5.45103845357	-1665.42964021	
-5.45246804638	-1665.43047713	
-5.45389559837	-1665.43131334	
-5.45532111536	-1665.43214885	
-5.45674460314	-1665.43298366	
-5.45816606749	-1665.43381777	
-5.45958551414	-1665.43465118	
-5.46100294883	-1665.43548389	
-5.46241837723	-1665.43631591	
-5.46383180503	-1665.43714723	
-5.46524323786	-1665.43797786	
-5.46665268137	-1665.43880779	
-5.46806014114	-1665.43963704	
-5.46946562274	-1665.4404656	
-5.47086913175	-1665.44129347	
-5.47227067367	-1665.44212065	
-5.47367025403	-1665.44294715	
-5.47506787829	-1665.44377296	
-5.47646355193	-1665.44459809	
-5.47785728038	-1665.44542254	
-5.47924906905	-1665.44624631	
-5.48063892334	-1665.4470694	
-5.48202684862	-1665.44789181	
-5.48341285022	-1665.44871355	
-5.48479693349	-1665.44953461	
-5.48617910372	-1665.45035499	
-5.48755936619	-1665.45117471	
-5.48893772616	-1665.45199375	
-5.49031418887	-1665.45281212	
-5.49168875953	-1665.45362982	
-5.49306144334	-1665.45444686	
-5.49443224547	-1665.45526323	
-5.49580117108	-1665.45607893	
-5.49716822529	-1665.45689397	
-5.49853341322	-1665.45770834	
-5.49989673995	-1665.45852205	
-5.50125821054	-1665.45933511	
-5.50261783006	-1665.4601475	
-5.50397560352	-1665.46095924	
-5.50533153593	-1665.46177031	
-5.50668563228	-1665.46258074	
-5.50803789753	-1665.4633905	
-5.50938833663	-1665.46419962	
-5.5107369545	-1665.46500808	
-5.51208375605	-1665.46581589	
-5.51342874616	-1665.46662305	
-5.51477192971	-1665.46742956	
-5.51611331154	-1665.46823542	
-5.51745289646	-1665.46904064	
-5.51879068931	-1665.46984521	
-5.52012669485	-1665.47064914	
-5.52146091786	-1665.47145242	
-5.5227933631	-1665.47225507	
-5.52412403528	-1665.47305707	
-5.52545293913	-1665.47385843	
-5.52678007934	-1665.47465915	
-5.52810546058	-1665.47545924	
-5.52942908751	-1665.47625869	
-5.53075096477	-1665.4770575	
-5.53207109697	-1665.47785568	
-5.53338948873	-1665.47865323	
-5.53470614461	-1665.47945014	
-5.53602106919	-1665.48024643	
-5.53733426702	-1665.48104208	
-5.53864574262	-1665.48183711	
-5.5399555005	-1665.48263151	
-5.54126354516	-1665.48342528	
-5.54256988107	-1665.48421842	
-5.5438745127	-1665.48501095	
-5.54517744448	-1665.48580284	
-5.54647868084	-1665.48659412	
-5.54777822618	-1665.48738478	
-5.5490760849	-1665.48817481	
-5.55037226136	-1665.48896423	
-5.55166675992	-1665.48975303	
-5.55295958492	-1665.49054121	
-5.55425074069	-1665.49132878	
-5.55554023152	-1665.49211573	
-5.5568280617	-1665.49290206	
-5.55811423551	-1665.49368779	
-5.5593987572	-1665.4944729	
-5.56068163102	-1665.4952574	
-5.56196286117	-1665.4960413	
-5.56324245188	-1665.49682458	
-5.56452040732	-1665.49760726	
-5.56579673168	-1665.49838933	
-5.56707142911	-1665.49917079	
-5.56834450376	-1665.49995166	
-5.56961595975	-1665.50073191	
-5.57088580119	-1665.50151157	
-5.57215403218	-1665.50229062	
-5.57342065679	-1665.50306907	
-5.5746856791	-1665.50384693	
-5.57594910315	-1665.50462418	
-5.57721093297	-1665.50540084	
-5.57847117258	-1665.5061769	
-5.57972982599	-1665.50695237	
-5.58098689718	-1665.50772724	
-5.58224239012	-1665.50850152	
-5.58349630878	-1665.5092752	
-5.5847486571	-1665.5100483	
-5.585999439	-1665.5108208	
-5.5872486584	-1665.51159271	
-5.5884963192	-1665.51236404	
-5.58974242528	-1665.51313478	
-5.59098698051	-1665.51390493	
-5.59222998875	-1665.51467449	
-5.59347145384	-1665.51544347	
-5.5947113796	-1665.51621187	
-5.59594976985	-1665.51697968	
-5.59718662839	-1665.51774692	
-5.598421959	-1665.51851357	
-5.59965576545	-1665.51927964	
-5.60088805149	-1665.52004513	
-5.60211882088	-1665.52081004	
-5.60334807733	-1665.52157438	
-5.60457582457	-1665.52233814	
-5.6058020663	-1665.52310132	
-5.60702680619	-1665.52386393	
-5.60825004793	-1665.52462597	
-5.60947179518	-1665.52538744	
-5.61069205159	-1665.52614833	
-5.61191082078	-1665.52690865	
-5.61312810639	-1665.5276684	
-5.61434391201	-1665.52842759	
-5.61555824124	-1665.5291862	
-5.61677109767	-1665.52994425	
-5.61798248485	-1665.53070173	
-5.61919240636	-1665.53145865	
-5.62040086572	-1665.532215	
-5.62160786647	-1665.53297079	
-5.62281341212	-1665.53372602	
-5.62401750619	-1665.53448068	
-5.62522015215	-1665.53523478	
-5.6264213535	-1665.53598833	
-5.62762111369	-1665.53674131	
-5.62881943618	-1665.53749374	
-5.63001632442	-1665.53824561	
-5.63121178182	-1665.53899692	
-5.63240581181	-1665.53974768	
-5.6335984178	-1665.54049788	
-5.63478960317	-1665.54124753	
-5.6359793713	-1665.54199663	
-5.63716772557	-1665.54274517	
-5.63835466933	-1665.54349316	
-5.63954020593	-1665.5442406	
-5.64072433869	-1665.5449875	
-5.64190707094	-1665.54573384	
-5.64308840598	-1665.54647964	
-5.64426834712	-1665.54722488	
-5.64544689764	-1665.54796959	
-5.64662406082	-1665.54871375	
-5.64779983991	-1665.54945736	
-5.64897423816	-1665.55020043	
-5.65014725882	-1665.55094296	
-5.65131890512	-1665.55168494	
-5.65248918027	-1665.55242638	
-5.65365808747	-1665.55316729	
-5.65482562993	-1665.55390765	
-5.65599181082	-1665.55464748	
-5.65715663332	-1665.55538677	
-5.65832010058	-1665.55612552	
-5.65948221576	-1665.55686373	
-5.660642982	-1665.55760141	
-5.66180240242	-1665.55833856	
-5.66296048014	-1665.55907517	
-5.66411721826	-1665.55981125	
-5.66527261989	-1665.56054679	
-5.66642668811	-1665.56128181	
-5.66757942599	-1665.56201629	
-5.6687308366	-1665.56275025	
-5.66988092298	-1665.56348367	
-5.67102968818	-1665.56421657	
-5.67217713524	-1665.56494894	
-5.67332326717	-1665.56568079	
-5.67446808699	-1665.5664121	
-5.67561159769	-1665.5671429	
-5.67675380227	-1665.56787317	
-5.6778947037	-1665.56860291	
-5.67903430497	-1665.56933214	
-5.68017260902	-1665.57006084	
-5.6813096188	-1665.57078902	
-5.68244533727	-1665.57151668	
-5.68357976734	-1665.57224382	
-5.68471291194	-1665.57297045	
-5.68584477397	-1665.57369655	
-5.68697535634	-1665.57442214	
-5.68810466194	-1665.57514721	
-5.68923269364	-1665.57587177	
-5.69035945432	-1665.57659581	
-5.69148494685	-1665.57731933	
-5.69260917406	-1665.57804235	
-5.6937321388	-1665.57876485	
-5.69485384391	-1665.57948684	
-5.69597429221	-1665.58020832	
-5.69709348651	-1665.58092929	
-5.69821142961	-1665.58164974	
-5.69932812431	-1665.58236969	
-5.70044357339	-1665.58308914	
-5.70155777963	-1665.58380807	
-5.7026707458	-1665.5845265	
-5.70378247466	-1665.58524442	
-5.70489296894	-1665.58596184	
-5.70600223139	-1665.58667875	
-5.70711026475	-1665.58739516	
-5.70821707172	-1665.58811107	
-5.70932265503	-1665.58882647	
-5.71042701737	-1665.58954137	
-5.71153016145	-1665.59025578	
-5.71263208993	-1665.59096968	
-5.71373280551	-1665.59168308	
-5.71483231084	-1665.59239599	
-5.71593060859	-1665.59310839	
-5.71702770141	-1665.5938203	
-5.71812359193	-1665.59453172	
-5.71921828279	-1665.59524264	
-5.72031177661	-1665.59595306	
-5.72140407601	-1665.59666299	
-5.72249518359	-1665.59737242	
-5.72358510195	-1665.59808136	
-5.72467383369	-1665.59878982	
-5.72576138137	-1665.59949777	
-5.72684774759	-1665.60020524	
-5.72793293489	-1665.60091222	
-5.72901694583	-1665.60161871	
-5.73009978297	-1665.60232471	
-5.73118144884	-1665.60303022	
-5.73226194598	-1665.60373525	
-5.7333412769	-1665.60443979	
-5.73441944412	-1665.60514384	
-5.73549645015	-1665.60584741	
-5.73657229748	-1665.60655049	
-5.73764698861	-1665.60725309	
-5.73872052602	-1665.60795521	
-5.73979291218	-1665.60865685	
-5.74086414956	-1665.609358	
-5.74193424062	-1665.61005867	
-5.74300318781	-1665.61075886	
-5.74407099357	-1665.61145858	
-5.74513766034	-1665.61215781	
-5.74620319054	-1665.61285656	
-5.7472675866	-1665.61355484	
-5.74833085092	-1665.61425264	
-5.74939298591	-1665.61494996	
-5.75045399397	-1665.61564681	
-5.75151387748	-1665.61634319	
-5.75257263883	-1665.61703909	
-5.75363028038	-1665.61773451	
-5.75468680452	-1665.61842946	
-5.75574221359	-1665.61912394	
-5.75679650994	-1665.61981795	
-5.75784969593	-1665.62051149	
-5.75890177388	-1665.62120456	
-5.75995274612	-1665.62189715	
-5.76100261499	-1665.62258928	
-5.76205138278	-1665.62328094	
-5.76309905181	-1665.62397214	
-5.76414562438	-1665.62466286	
-5.76519110278	-1665.62535312	
-5.7662354893	-1665.62604291	
-5.76727878622	-1665.62673224	
-5.76832099579	-1665.6274211	
-5.7693621203	-1665.6281095	
-5.770402162	-1665.62879744	
-5.77144112313	-1665.62948491	
-5.77247900594	-1665.63017193	
-5.77351581267	-1665.63085848	
-5.77455154554	-1665.63154457	
-5.77558620679	-1665.6322302	
-5.77661979861	-1665.63291537	
-5.77765232322	-1665.63360008	
-5.77868378283	-1665.63428433	
-5.77971417962	-1665.63496813	
-5.78074351579	-1665.63565147	
-5.78177179352	-1665.63633435	
-5.78279901497	-1665.63701678	
-5.78382518233	-1665.63769875	
-5.78485029774	-1665.63838026	
-5.78587436337	-1665.63906133	
-5.78689738137	-1665.63974194	
-5.78791935386	-1665.6404221	
-5.788940283	-1665.6411018	
-5.7899601709	-1665.64178105	
-5.79097901969	-1665.64245986	
-5.79199683148	-1665.64313821	
-5.79301360838	-1665.64381612	
-5.7940293525	-1665.64449357	
-5.79504406593	-1665.64517058	
-5.79605775077	-1665.64584714	
-5.79707040908	-1665.64652325	
-5.79808204295	-1665.64719891	
-5.79909265446	-1665.64787413	
-5.80010224566	-1665.6485489	
-5.80111081862	-1665.64922323	
-5.80211837538	-1665.64989712	
-5.80312491799	-1665.65057056	
-5.80413044849	-1665.65124356	
-5.80513496892	-1665.65191611	
-5.80613848129	-1665.65258823	
-5.80714098764	-1665.6532599	
-5.80814248998	-1665.65393113	
-5.80914299031	-1665.65460193	
