#Site	lnL	
0	-1.7023693221
1	-1.92791461387
2	-2.50945616116
3	-1.57967065925
4	-1.92791461387
5	-2.50945616116
6	-1.57967065925
7	-2.0498348602
8	-2.50945616116
9	-1.7023693221
10	-2.0498348602
11	-2.49941474305
12	-1.7023693221
13	-6.02281839546
14	-2.85025377165
15	-1.57013592409
16	-1.78175498441
17	-2.7064046398
18	-13.6717980319
19	-1.78175498441
20	-2.7064046398
21	-1.57013592409
22	-2.0498348602
23	-2.49941474305
24	-1.57013592409
25	-1.78175498441
26	-2.50945616116
27	-1.57013592409
28	-1.92791461387
29	-2.49941474305
30	-5.89632020403
31	-5.36067612054
32	-9.52692395244
33	-5.05288298578
34	-1.78175498441
35	-6.01257464568
36	-1.57013592409
37	-2.0498348602
38	-5.09969324578
39	-1.57013592409
40	-1.92791461387
41	-2.7064046398
42	-1.57013592409
43	-1.78643985423
44	-2.50945616116
45	-1.7023693221
46	-7.59397712836
47	-2.85025377165
48	-1.81914973583
49	-1.78643985423
50	-2.7064046398
51	-7.81271104619
52	-7.72658774102
53	-8.34638948358
54	-1.81914973583
55	-7.0632084941
56	-2.85025377165
57	-1.57013592409
58	-11.0413259158
59	-6.13167037982
60	-1.81914973583
61	-1.78175498441
62	-6.28840412739
63	-1.57013592409
64	-1.78643985423
65	-2.49941474305
66	-1.7023693221
67	-1.92791461387
68	-2.50945616116
69	-1.57967065925
70	-9.6052669004
71	-2.7064046398
72	-1.7023693221
73	-1.78643985423
74	-4.25561931862
75	-1.81914973583
76	-1.78643985423
77	-2.7064046398
78	-8.16653694624
79	-1.92791461387
80	-2.85025377165
81	-1.81914973583
82	-1.92791461387
83	-2.49941474305
84	-1.57013592409
85	-1.78175498441
86	-2.50945616116
87	-11.5460116123
88	-2.0498348602
89	-2.49941474305
90	-1.7023693221
91	-6.95887518116
92	-6.13926133416
93	-1.81914973583
94	-6.80000494925
95	-2.50945616116
96	-1.81914973583
97	-7.86692195418
98	-6.48316447454
99	-6.80836710418
100	-1.92791461387
101	-2.85025377165
102	-1.7023693221
103	-1.92791461387
104	-2.49941474305
105	-6.97746096954
106	-2.0498348602
107	-5.88803826
108	-1.7023693221
109	-1.92791461387
110	-2.7064046398
111	-1.57013592409
112	-1.78643985423
113	-8.59394780533
114	-1.57013592409
115	-1.78175498441
116	-6.84064423758
117	-1.57967065925
118	-1.78643985423
119	-6.01322836746
120	-1.57013592409
121	-6.51238559159
122	-2.85025377165
123	-1.57013592409
124	-1.78175498441
125	-6.10132458783
126	-1.7023693221
127	-9.01814111313
128	-2.50945616116
129	-7.13015897766
130	-1.92791461387
131	-6.84064423758
132	-1.57013592409
133	-4.78269202502
134	-5.23997244347
135	-1.57013592409
136	-7.48587276971
137	-2.50945616116
138	-1.57967065925
139	-1.78175498441
140	-2.50945616116
141	-1.7023693221
142	-7.4352578966
143	-6.15350182836
144	-1.7023693221
145	-11.7936591156
146	-2.49941474305
147	-7.10173244096
148	-1.78643985423
149	-2.7064046398
150	-1.7023693221
151	-9.44959005006
152	-2.50945616116
153	-5.91572112673
154	-6.22621400974
155	-5.33013968861
156	-1.57013592409
157	-9.60605159467
158	-5.12495095822
159	-1.57967065925
160	-4.78269202502
161	-2.49941474305
162	-7.10173244096
163	-1.92791461387
164	-5.33013968861
165	-8.63655621725
166	-1.92791461387
167	-2.50945616116
168	-1.57013592409
169	-6.9768540118
170	-6.01257464568
171	-1.57967065925
172	-8.13659993366
173	-5.21103619754
174	-6.02501597066
175	-6.80000494925
176	-2.49941474305
177	-5.186508481
178	-1.92791461387
179	-2.7064046398
180	-1.81914973583
181	-1.92791461387
182	-5.17374542372
183	-1.81914973583
184	-12.8932352395
185	-4.32127485307
186	-1.7023693221
187	-1.78643985423
188	-2.85025377165
189	-1.57967065925
190	-2.0498348602
191	-2.50945616116
192	-6.47907762997
193	-2.0498348602
194	-5.17374542372
195	-1.7023693221
196	-2.0498348602
197	-5.06176685081
198	-1.57967065925
199	-1.78643985423
200	-2.50945616116
201	-1.7023693221
202	-1.78175498441
203	-2.49941474305
204	-6.7154592315
205	-8.00239344997
206	-5.792080319
207	-1.57967065925
208	-2.0498348602
209	-2.85025377165
210	-8.30062300218
211	-1.92791461387
212	-2.49941474305
213	-1.7023693221
214	-1.78643985423
215	-2.49941474305
216	-1.57967065925
217	-1.78175498441
218	-10.3028556775
219	-1.7023693221
220	-1.78643985423
221	-2.50945616116
222	-1.81914973583
223	-1.78175498441
224	-2.7064046398
225	-1.57013592409
226	-6.12124631187
227	-5.03493098112
228	-5.15979975172
229	-1.78175498441
230	-5.09969324578
231	-1.81914973583
232	-9.27766284288
233	-2.49941474305
234	-5.89632020403
235	-4.61651956787
236	-2.49941474305
237	-1.57967065925
238	-1.78175498441
239	-5.12495095822
240	-1.57013592409
241	-2.0498348602
242	-2.50945616116
243	-6.36974629954
244	-2.0498348602
245	-2.85025377165
246	-1.81914973583
247	-1.78643985423
248	-2.85025377165
249	-1.57967065925
250	-1.78643985423
251	-4.80971168096
252	-1.57967065925
253	-11.4223309371
254	-7.10087401254
255	-1.57967065925
256	-1.78643985423
257	-2.85025377165
258	-5.67702714192
259	-6.0417509891
260	-2.50945616116
261	-5.05288298578
262	-1.92791461387
263	-2.49941474305
264	-1.7023693221
265	-4.61651956787
266	-5.020835106
267	-1.7023693221
268	-5.40229047957
269	-2.50945616116
270	-1.7023693221
271	-1.78175498441
272	-2.50945616116
273	-1.81914973583
274	-1.78175498441
275	-2.50945616116
276	-1.57013592409
277	-1.78643985423
278	-2.85025377165
279	-1.57967065925
280	-2.0498348602
281	-5.56977041036
282	-1.57967065925
283	-1.78175498441
284	-2.7064046398
285	-1.57013592409
286	-1.78175498441
287	-5.74834575638
288	-1.57013592409
289	-8.23047398265
290	-7.54848521042
291	-6.36974629954
292	-4.64384549925
293	-2.7064046398
294	-1.57013592409
295	-1.92791461387
296	-6.69672124214
297	-1.57013592409
298	-8.20696452334
299	-2.49941474305
300	-1.57967065925
301	-1.78175498441
302	-5.87694143348
303	-1.57967065925
304	-6.12644354474
305	-5.20275044885
306	-1.57013592409
307	-5.24565463529
308	-5.06176685081
309	-1.7023693221
310	-1.78643985423
311	-5.792080319
312	-5.68229880914
313	-5.40229047957
314	-2.49941474305
315	-1.81914973583
316	-5.45751439506
317	-2.49941474305
318	-1.57967065925
319	-1.78175498441
320	-2.7064046398
321	-1.57013592409
322	-6.33119115517
323	-2.85025377165
324	-1.57013592409
325	-8.59514065766
326	-2.85025377165
327	-1.81914973583
328	-6.14836149877
329	-2.49941474305
330	-1.57967065925
331	-7.20974371196
332	-6.28354461097
333	-1.7023693221
334	-1.92791461387
335	-2.49941474305
336	-1.81914973583
337	-2.0498348602
338	-2.49941474305
339	-5.79182521836
340	-1.92791461387
341	-2.85025377165
342	-1.57013592409
343	-4.73567182168
344	-2.7064046398
345	-5.73760532536
346	-1.78643985423
347	-5.88803826
348	-1.7023693221
349	-7.9822869329
350	-5.020835106
351	-6.43639279688
352	-1.92791461387
353	-2.50945616116
354	-1.7023693221
355	-1.78643985423
356	-5.21092309057
357	-5.186508481
358	-5.61255716723
359	-6.99961040447
360	-6.5256422105
361	-5.43126092994
362	-11.8999143302
363	-1.7023693221
364	-1.78175498441
365	-2.85025377165
366	-1.57013592409
367	-6.12644354474
368	-2.7064046398
369	-7.34491375139
370	-2.0498348602
371	-2.50945616116
372	-1.57013592409
373	-2.0498348602
374	-6.05120352951
375	-1.57967065925
376	-1.92791461387
377	-2.85025377165
378	-1.7023693221
379	-1.92791461387
380	-4.92473316621
381	-5.79182521836
382	-1.78175498441
383	-2.49941474305
384	-5.81507112736
385	-6.42036038702
386	-5.56977041036
387	-5.66753863568
388	-1.78643985423
389	-2.49941474305
390	-1.57967065925
391	-7.10396338767
392	-2.7064046398
393	-1.57967065925
394	-1.78643985423
395	-5.020835106
396	-6.65267335078
397	-8.74581764738
398	-2.50945616116
399	-1.81914973583
400	-8.0069092245
401	-10.4077825135
402	-1.57013592409
403	-1.92791461387
404	-2.7064046398
405	-1.57013592409
406	-1.92791461387
407	-5.21092309057
408	-1.57967065925
409	-6.08343314308
410	-2.50945616116
411	-1.81914973583
412	-1.78643985423
413	-2.7064046398
414	-1.57967065925
415	-2.0498348602
416	-2.50945616116
417	-6.65629595865
418	-9.65469048341
419	-2.85025377165
420	-1.81914973583
421	-5.36920143144
422	-2.49941474305
423	-1.7023693221
424	-5.24565463529
425	-2.49941474305
426	-1.7023693221
427	-2.0498348602
428	-2.49941474305
429	-1.57967065925
430	-1.78643985423
431	-2.7064046398
432	-5.79182521836
433	-1.78643985423
434	-2.49941474305
435	-6.68765683361
436	-7.19986181231
437	-6.7332566476
438	-5.80814054206
439	-2.0498348602
440	-8.10486797074
441	-1.57967065925
442	-6.94818700885
443	-2.49941474305
444	-1.57967065925
445	-1.92791461387
446	-5.17374542372
447	-1.57013592409
448	-1.92791461387
449	-6.13167037982
450	-1.57967065925
451	-2.0498348602
452	-2.49941474305
453	-1.7023693221
454	-1.78175498441
455	-2.7064046398
456	-1.57013592409
457	-7.84231854292
458	-2.50945616116
459	-1.7023693221
460	-2.0498348602
461	-2.7064046398
462	-1.57967065925
463	-1.78643985423
464	-2.85025377165
465	-1.81914973583
466	-1.78175498441
467	-2.85025377165
468	-1.81914973583
469	-1.78175498441
470	-2.50945616116
