#Site	lnL	
0	-3.04492726747
1	-3.29620013178
2	-3.95885659004
3	-2.91953668384
4	-3.29620013178
5	-3.95885659004
6	-2.91953668384
7	-3.419463389
8	-3.95885659004
9	-3.04492726747
10	-3.419463389
11	-3.94586886131
12	-3.04492726747
13	-6.44734010562
14	-4.315021218
15	-2.91072665233
16	-3.14637912184
17	-4.16644159472
18	-14.9918554206
19	-3.14637912184
20	-4.16644159472
21	-2.91072665233
22	-3.419463389
23	-3.94586886131
24	-2.91072665233
25	-3.14637912184
26	-3.95885659004
27	-2.91072665233
28	-3.29620013178
29	-3.94586886131
30	-7.77049107837
31	-7.2488914434
32	-11.0378139906
33	-6.89208773133
34	-3.14637912184
35	-7.66388697516
36	-2.91072665233
37	-3.419463389
38	-6.37785680415
39	-2.91072665233
40	-3.29620013178
41	-4.16644159472
42	-2.91072665233
43	-3.149782488
44	-3.95885659004
45	-3.04492726747
46	-10.5698547369
47	-4.315021218
48	-3.16239159862
49	-3.149782488
50	-4.16644159472
51	-11.3304492257
52	-10.8051285449
53	-10.1364384797
54	-3.16239159862
55	-8.38587013083
56	-4.315021218
57	-2.91072665233
58	-14.0322681829
59	-7.55792832701
60	-3.16239159862
61	-3.14637912184
62	-7.99934022566
63	-2.91072665233
64	-3.149782488
65	-3.94586886131
66	-3.04492726747
67	-3.29620013178
68	-3.95885659004
69	-2.91953668384
70	-12.4462695212
71	-4.16644159472
72	-3.04492726747
73	-3.149782488
74	-6.03534194779
75	-3.16239159862
76	-3.149782488
77	-4.16644159472
78	-11.8964655202
79	-3.29620013178
80	-4.315021218
81	-3.16239159862
82	-3.29620013178
83	-3.94586886131
84	-2.91072665233
85	-3.14637912184
86	-3.95885659004
87	-12.7299242248
88	-3.419463389
89	-3.94586886131
90	-3.04492726747
91	-8.28289682352
92	-7.84186431148
93	-3.16239159862
94	-9.33234775344
95	-3.95885659004
96	-3.16239159862
97	-9.32067188201
98	-9.010706354
99	-8.10744860559
100	-3.29620013178
101	-4.315021218
102	-3.04492726747
103	-3.29620013178
104	-3.94586886131
105	-9.35467363148
106	-3.419463389
107	-7.17082932939
108	-3.04492726747
109	-3.29620013178
110	-4.16644159472
111	-2.91072665233
112	-3.149782488
113	-11.4707079254
114	-2.91072665233
115	-3.14637912184
116	-9.01513216713
117	-2.91953668384
118	-3.149782488
119	-7.2999252902
120	-2.91072665233
121	-8.61914367776
122	-4.315021218
123	-2.91072665233
124	-3.14637912184
125	-7.81418974973
126	-3.04492726747
127	-10.3896166406
128	-3.95885659004
129	-10.066428086
130	-3.29620013178
131	-9.01513216713
132	-2.91072665233
133	-6.62887218187
134	-7.21424708872
135	-2.91072665233
136	-10.5630318204
137	-3.95885659004
138	-2.91953668384
139	-3.14637912184
140	-3.95885659004
141	-3.04492726747
142	-9.91189518874
143	-7.56655424969
144	-3.04492726747
145	-14.7813177512
146	-3.94586886131
147	-9.48593644991
148	-3.149782488
149	-4.16644159472
150	-3.04492726747
151	-10.8566512109
152	-3.95885659004
153	-7.80339279116
154	-7.43008460628
155	-6.62058575954
156	-2.91072665233
157	-12.0157956673
158	-7.09922560347
159	-2.91953668384
160	-6.62887218187
161	-3.94586886131
162	-9.48593644991
163	-3.29620013178
164	-6.62058575954
165	-9.98155091773
166	-3.29620013178
167	-3.95885659004
168	-2.91072665233
169	-10.00293116
170	-7.66388697516
171	-2.91953668384
172	-9.50702413661
173	-7.15908511485
174	-7.90768188606
175	-9.33234775344
176	-3.94586886131
177	-7.0334842872
178	-3.29620013178
179	-4.16644159472
180	-3.16239159862
181	-3.29620013178
182	-6.46052019263
183	-3.16239159862
184	-15.015051231
185	-6.13678141184
186	-3.04492726747
187	-3.149782488
188	-4.315021218
189	-2.91953668384
190	-3.419463389
191	-3.95885659004
192	-7.65715116182
193	-3.419463389
194	-6.46052019263
195	-3.04492726747
196	-3.419463389
197	-5.56135684924
198	-2.91953668384
199	-3.149782488
200	-3.95885659004
201	-3.04492726747
202	-3.14637912184
203	-3.94586886131
204	-7.89630347028
205	-8.46152426738
206	-7.06353829362
207	-2.91953668384
208	-3.419463389
209	-4.315021218
210	-10.9247430583
211	-3.29620013178
212	-3.94586886131
213	-3.04492726747
214	-3.149782488
215	-3.94586886131
216	-2.91953668384
217	-3.14637912184
218	-11.5452733187
219	-3.04492726747
220	-3.149782488
221	-3.95885659004
222	-3.16239159862
223	-3.14637912184
224	-4.16644159472
225	-2.91072665233
226	-7.32405202511
227	-6.94790545285
228	-6.98749193665
229	-3.14637912184
230	-6.37785680415
231	-3.16239159862
232	-11.2481604136
233	-3.94586886131
234	-7.77049107837
235	-6.43108363938
236	-3.94586886131
237	-2.91953668384
238	-3.14637912184
239	-7.09922560347
240	-2.91072665233
241	-3.419463389
242	-3.95885659004
243	-7.54844017202
244	-3.419463389
245	-4.315021218
246	-3.16239159862
247	-3.149782488
248	-4.315021218
249	-2.91953668384
250	-3.149782488
251	-6.72193811086
252	-2.91953668384
253	-13.3093713972
254	-8.52508939815
255	-2.91953668384
256	-3.149782488
257	-4.315021218
258	-6.10242592517
259	-6.46588622048
260	-3.95885659004
261	-6.89208773133
262	-3.29620013178
263	-3.94586886131
264	-3.04492726747
265	-6.43108363938
266	-5.52236557809
267	-3.04492726747
268	-5.84339361769
269	-3.95885659004
270	-3.04492726747
271	-3.14637912184
272	-3.95885659004
273	-3.16239159862
274	-3.14637912184
275	-3.95885659004
276	-2.91072665233
277	-3.149782488
278	-4.315021218
279	-2.91953668384
280	-3.419463389
281	-6.02677017793
282	-2.91953668384
283	-3.14637912184
284	-4.16644159472
285	-2.91072665233
286	-3.14637912184
287	-6.20394625133
288	-2.91072665233
289	-8.68899042399
290	-9.12675685866
291	-7.54844017202
292	-6.4768034556
293	-4.16644159472
294	-2.91072665233
295	-3.29620013178
296	-8.11069770607
297	-2.91072665233
298	-9.9673539992
299	-3.94586886131
300	-2.91953668384
301	-3.14637912184
302	-6.33086083743
303	-2.91953668384
304	-6.55089772853
305	-6.47836869985
306	-2.91072665233
307	-7.13386995815
308	-5.56135684924
309	-3.04492726747
310	-3.149782488
311	-7.06353829362
312	-7.55532331869
313	-5.84339361769
314	-3.94586886131
315	-3.16239159862
316	-6.65786654688
317	-3.94586886131
318	-2.91953668384
319	-3.14637912184
320	-4.16644159472
321	-2.91072665233
322	-7.53399686841
323	-4.315021218
324	-2.91072665233
325	-10.4002574322
326	-4.315021218
327	-3.16239159862
328	-6.57186786659
329	-3.94586886131
330	-2.91953668384
331	-8.53830181739
332	-8.05628395783
333	-3.04492726747
334	-3.29620013178
335	-3.94586886131
336	-3.16239159862
337	-3.419463389
338	-3.94586886131
339	-6.21731435332
340	-3.29620013178
341	-4.315021218
342	-2.91072665233
343	-6.54976785348
344	-4.16644159472
345	-6.91880615249
346	-3.149782488
347	-7.17082932939
348	-3.04492726747
349	-9.43603845541
350	-5.52236557809
351	-6.85244917901
352	-3.29620013178
353	-3.95885659004
354	-3.04492726747
355	-3.149782488
356	-5.70664274863
357	-7.0334842872
358	-7.52695203581
359	-7.48562656304
360	-6.94188098121
361	-5.87071557293
362	-13.5378500065
363	-3.04492726747
364	-3.14637912184
365	-4.315021218
366	-2.91072665233
367	-6.55089772853
368	-4.16644159472
369	-8.64356896794
370	-3.419463389
371	-3.95885659004
372	-2.91072665233
373	-3.419463389
374	-7.46740338105
375	-2.91953668384
376	-3.29620013178
377	-4.315021218
378	-3.04492726747
379	-3.29620013178
380	-6.8369595961
381	-6.21731435332
382	-3.14637912184
383	-3.94586886131
384	-7.69773704276
385	-7.7449102358
386	-6.02677017793
387	-6.09349444744
388	-3.149782488
389	-3.94586886131
390	-2.91953668384
391	-8.43142228148
392	-4.16644159472
393	-2.91953668384
394	-3.149782488
395	-5.52236557809
396	-7.06850727868
397	-10.5721508186
398	-3.95885659004
399	-3.16239159862
400	-10.2504374349
401	-10.92738531
402	-2.91072665233
403	-3.29620013178
404	-4.16644159472
405	-2.91072665233
406	-3.29620013178
407	-5.70664274863
408	-2.91953668384
409	-7.28212806181
410	-3.95885659004
411	-3.16239159862
412	-3.149782488
413	-4.16644159472
414	-2.91953668384
415	-3.419463389
416	-3.95885659004
417	-7.071880923
418	-12.7727288226
419	-4.315021218
420	-3.16239159862
421	-6.57359438051
422	-3.94586886131
423	-3.04492726747
424	-7.13386995815
425	-3.94586886131
426	-3.04492726747
427	-3.419463389
428	-3.94586886131
429	-2.91953668384
430	-3.149782488
431	-4.16644159472
432	-6.21731435332
433	-3.149782488
434	-3.94586886131
435	-7.98751756384
436	-8.6664358835
437	-8.77287611583
438	-6.23266769783
439	-3.419463389
440	-9.57316887001
441	-2.91953668384
442	-8.27084864558
443	-3.94586886131
444	-2.91953668384
445	-3.29620013178
446	-6.46052019263
447	-2.91072665233
448	-3.29620013178
449	-7.55792832701
450	-2.91953668384
451	-3.419463389
452	-3.94586886131
453	-3.04492726747
454	-3.14637912184
455	-4.16644159472
456	-2.91072665233
457	-10.0654241557
458	-3.95885659004
459	-3.04492726747
460	-3.419463389
461	-4.16644159472
462	-2.91953668384
463	-3.149782488
464	-4.315021218
465	-3.16239159862
466	-3.14637912184
467	-4.315021218
468	-3.16239159862
469	-3.14637912184
470	-3.95885659004
