# log_p 	 lnL 	 
0.0	-1660.77870795	
-0.287682072452	-1660.15545109	
-0.510825623766	-1659.74037496	
-0.69314718056	-1659.38935429	
-0.847297860387	-1659.06174008	
-0.980829253012	-1658.7466443	
-1.09861228867	-1658.44313816	
-1.20397280433	-1658.15279937	
-1.29928298413	-1657.8771419	
-1.38629436112	-1657.61699746	
-1.46633706879	-1657.37255653	
-1.54044504095	-1657.14355728	
-1.60943791243	-1656.92945735	
-1.67397643357	-1656.72955552	
-1.73460105539	-1656.54307053	
-1.79175946923	-1656.3691903	
-1.8458266905	-1656.20710262	
-1.89711998489	-1656.05601428	
-1.94591014906	-1655.9151628	
-1.99243016469	-1655.78382349	
-2.03688192726	-1655.66131327	
-2.07944154168	-1655.54699225	
-2.1202635362	-1655.44026389	
-2.15948424935	-1655.34057401	
-2.19722457734	-1655.24740918	
-2.23359222151	-1655.1602947	
-2.26868354132	-1655.07879224	
-2.30258509299	-1655.00249749	
-2.33537491582	-1654.93103773	
-2.36712361413	-1654.86406941	
-2.3978952728	-1654.80127595	
-2.42774823595	-1654.74236553	
-2.45673577282	-1654.68706908	
-2.48490664979	-1654.63513844	
-2.51230562398	-1654.58634454	
-2.53897387106	-1654.5404759	
-2.56494935746	-1654.49733707	
-2.59026716545	-1654.45674737	
-2.61495977804	-1654.41853958	
-2.63905732962	-1654.38255889	
-2.66258782703	-1654.34866182	
-2.68557734525	-1654.31671535	
-2.7080502011	-1654.28659601	
-2.73002910782	-1654.25818914	
-2.75153531304	-1654.23138819	
-2.77258872224	-1654.20609406	
-2.79320800944	-1654.18221451	
-2.81341071676	-1654.15966366	
-2.83321334406	-1654.13836144	
-2.85263142991	-1654.11823321	
-2.87167962488	-1654.0992093	
-2.8903717579	-1654.08122467	
-2.90872089656	-1654.06421854	
-2.92673940207	-1654.04813409	
-2.94443897917	-1654.03291818	
-2.96183072188	-1654.01852105	
-2.97892515524	-1654.00489613	
-2.99573227355	-1653.99199977	
-3.01226157551	-1653.97979105	
-3.02852209638	-1653.96823159	
-3.04452243772	-1653.95728539	
-3.06027079469	-1653.94691862	
-3.07577498123	-1653.93709954	
-3.09104245336	-1653.9277983	
-3.10608033072	-1653.91898685	
-3.12089541651	-1653.9106388	
-3.13549421593	-1653.90272933	
-3.14988295338	-1653.89523506	
-3.16406758837	-1653.88813399	
-3.17805383035	-1653.8814054	
-3.19184715248	-1653.87502975	
-3.20545280454	-1653.86898861	
-3.21887582487	-1653.86326463	
-3.23212105162	-1653.85784142	
-3.24519313319	-1653.85270353	
-3.25809653802	-1653.84783634	
-3.2708355638	-1653.84322609	
-3.28341434601	-1653.83885975	
-3.295836866	-1653.83472503	
-3.3081069586	-1653.83081028	
-3.32022831913	-1653.82710453	
-3.33220451018	-1653.82359737	
-3.34403896782	-1653.82027897	
-3.35573500759	-1653.81714002	
-3.36729582999	-1653.81417172	
-3.37872452581	-1653.81136572	
-3.39002408106	-1653.80871413	
-3.40119738166	-1653.80620947	
-3.41224721785	-1653.80384464	
-3.42317628838	-1653.80161294	
-3.43398720449	-1653.799508	
-3.4446824936	-1653.79752377	
-3.45526460293	-1653.79565454	
-3.4657359028	-1653.79389488	
-3.47609868984	-1653.79223962	
-3.48635519	-1653.79068389	
-3.49650756147	-1653.78922305	
-3.50655789732	-1653.78785268	
-3.51650822817	-1653.78656861	
-3.52636052462	-1653.78536687	
-3.53611669956	-1653.78424367	
-3.54577861047	-1653.78319543	
-3.55534806149	-1653.78221875	
-3.56482680544	-1653.78131039	
-3.57421654579	-1653.78046727	
-3.58351893846	-1653.77968646	
-3.59273559356	-1653.77896518	
-3.60186807712	-1653.77830078	
-3.61091791264	-1653.77769074	
-3.61988658263	-1653.77713267	
-3.62877553004	-1653.77662429	
-3.63758615973	-1653.77616342	
-3.6463198397	-1653.77574801	
-3.65497790244	-1653.77537607	
-3.66356164613	-1653.77504575	
-3.6720723358	-1653.77475525	
-3.68051120444	-1653.77450288	
-3.68887945411	-1653.77428701	
-3.69717825693	-1653.77410611	
-3.70540875607	-1653.77395871	
-3.7135720667	-1653.7738434	
-3.72166927694	-1653.77375885	
-3.72970144863	-1653.77370379	
-3.73766961828	-1653.773677	
-3.74557479779	-1653.77367732	
-3.75341797525	-1653.77370365	
-3.76120011569	-1653.77375494	
-3.76892216179	-1653.77383018	
-3.77658503453	-1653.77392842	
-3.78418963392	-1653.77404873	
-3.79173683955	-1653.77419024	
-3.79922751128	-1653.77435212	
-3.80666248977	-1653.77453358	
-3.81404259707	-1653.77473384	
-3.82136863716	-1653.7749522	
-3.82864139649	-1653.77518795	
-3.83586164446	-1653.77544043	
-3.84303013394	-1653.77570901	
-3.85014760171	-1653.77599308	
-3.85721476893	-1653.77629206	
-3.86423234159	-1653.77660541	
-3.87120101091	-1653.77693259	
-3.87812145375	-1653.7772731	
-3.88499433304	-1653.77762646	
-3.89182029811	-1653.77799221	
-3.8985999851	-1653.77836989	
-3.90533401728	-1653.7787591	
-3.91202300543	-1653.77915942	
-3.91866754815	-1653.77957048	
-3.92526823218	-1653.77999189	
-3.93182563272	-1653.78042331	
-3.93834031375	-1653.7808644	
-3.94481282825	-1653.78131482	
-3.95124371858	-1653.78177428	
-3.95763351668	-1653.78224247	
-3.96398274436	-1653.7827191	
-3.97029191355	-1653.78320391	
-3.97656152657	-1653.78369663	
-3.98279207632	-1653.78419702	
-3.98898404656	-1653.78470482	
-3.99513791214	-1653.78521981	
-4.00125413916	-1653.78574177	
-4.00733318523	-1653.78627049	
-4.01337549969	-1653.78680576	
-4.01938152375	-1653.78734738	
-4.02535169074	-1653.78789518	
-4.03128642625	-1653.78844897	
-4.03718614838	-1653.78900857	
-4.04305126783	-1653.78957383	
-4.04888218815	-1653.79014458	
-4.05467930583	-1653.79072067	
-4.06044301055	-1653.79130195	
-4.06617368526	-1653.79188829	
-4.07187170637	-1653.79247954	
-4.07753744391	-1653.79307559	
-4.08317126162	-1653.79367629	
-4.08877351717	-1653.79428153	
-4.09434456222	-1653.7948912	
-4.0998847426	-1653.79550519	
-4.10539439841	-1653.79612338	
-4.11087386417	-1653.79674567	
-4.11632346894	-1653.79737197	
-4.12174353641	-1653.79800218	
-4.12713438505	-1653.7986362	
-4.13249632819	-1653.79927396	
-4.13782967416	-1653.79991535	
-4.14313472639	-1653.80056031	
-4.14841178349	-1653.80120874	
-4.15366113938	-1653.80186058	
-4.15888308336	-1653.80251575	
-4.16407790024	-1653.80317417	
-4.1692458704	-1653.80383579	
-4.1743872699	-1653.80450052	
-4.17950237056	-1653.80516832	
-4.18459144007	-1653.80583911	
-4.18965474203	-1653.80651284	
-4.19469253606	-1653.80718945	
-4.19970507788	-1653.80786888	
-4.20469261939	-1653.80855108	
-4.20965540873	-1653.80923599	
-4.21459369037	-1653.80992357	
-4.21950770518	-1653.81061376	
-4.22439769047	-1653.81130652	
-4.22926388012	-1653.8120018	
-4.2341065046	-1653.81269956	
-4.23892579103	-1653.81339975	
-4.2437219633	-1653.81410234	
-4.24849524205	-1653.81480727	
-4.25324584481	-1653.81551452	
-4.257973986	-1653.81622403	
-4.26267987704	-1653.81693579	
-4.26736372635	-1653.81764974	
-4.27202573946	-1653.81836585	
-4.27666611902	-1653.81908409	
-4.28128506487	-1653.81980443	
-4.28588277412	-1653.82052684	
-4.29045944115	-1653.82125127	
-4.29501525768	-1653.8219777	
-4.29955041285	-1653.82270611	
-4.3040650932	-1653.82343645	
-4.30855948279	-1653.82416871	
-4.31303376319	-1653.82490285	
-4.31748811354	-1653.82563886	
-4.3219227106	-1653.82637669	
-4.32633772881	-1653.82711633	
-4.33073334029	-1653.82785775	
-4.33510971489	-1653.82860092	
-4.33946702026	-1653.82934583	
-4.34380542185	-1653.83009244	
-4.348125083	-1653.83084074	
-4.3524261649	-1653.8315907	
-4.35670882669	-1653.8323423	
-4.36097322548	-1653.83309552	
-4.36521951636	-1653.83385034	
-4.36944785247	-1653.83460674	
-4.373658385	-1653.83536469	
-4.37785126326	-1653.83612417	
-4.38202663467	-1653.83688518	
-4.38618464482	-1653.83764768	
-4.39032543749	-1653.83841166	
-4.39444915467	-1653.8391771	
-4.39855593663	-1653.83994398	
-4.40264592188	-1653.84071229	
-4.40671924726	-1653.841482	
-4.41077604796	-1653.8422531	
-4.4148164575	-1653.84302557	
-4.4188406078	-1653.8437994	
-4.42284862919	-1653.84457457	
-4.42684065046	-1653.84535106	
-4.43081679884	-1653.84612886	
-4.43477720006	-1653.84690795	
-4.43872197835	-1653.84768832	
-4.44265125649	-1653.84846995	
-4.44656515581	-1653.84925282	
-4.45046379623	-1653.85003692	
-4.45434729625	-1653.85082224	
-4.45821577303	-1653.85160876	
-4.46206934235	-1653.85239647	
-4.46590811865	-1653.85318535	
-4.46973221509	-1653.85397539	
-4.47354174351	-1653.85476658	
-4.47733681448	-1653.8555589	
-4.48111753732	-1653.85635234	
-4.48488402011	-1653.85714688	
-4.48863636973	-1653.85794252	
-4.49237469184	-1653.85873924	
-4.49609909093	-1653.85953703	
-4.49980967033	-1653.86033587	
-4.50350653221	-1653.86113575	
-4.50718977763	-1653.86193666	
-4.51085950652	-1653.86273859	
-4.51451581772	-1653.86354153	
-4.518158809	-1653.86434546	
-4.52178857705	-1653.86515038	
-4.52540521752	-1653.86595626	
-4.52900882502	-1653.8667631	
-4.53259949315	-1653.86757089	
-4.5361773145	-1653.86837962	
-4.53974238067	-1653.86918927	
-4.54329478227	-1653.86999984	
-4.54683460898	-1653.87081131	
-4.55036194949	-1653.87162367	
-4.5538768916	-1653.87243691	
-4.55737952215	-1653.87325103	
-4.56086992709	-1653.874066	
-4.56434819147	-1653.87488182	
-4.56781439944	-1653.87569849	
-4.57126863431	-1653.87651598	
-4.5747109785	-1653.87733429	
-4.5781415136	-1653.8781534	
-4.58156032035	-1653.87897332	
-4.58496747867	-1653.87979402	
-4.58836306767	-1653.88061551	
-4.59174716566	-1653.88143776	
-4.59511985013	-1653.88226077	
-4.59848119784	-1653.88308453	
-4.60183128472	-1653.88390903	
-4.60517018599	-1653.88473426	
-4.60849797608	-1653.88556021	
-4.61181472871	-1653.88638687	
-4.61512051684	-1653.88721423	
-4.61841541274	-1653.88804229	
-4.62169948794	-1653.88887103	
-4.62497281328	-1653.88970045	
-4.62823545892	-1653.89053053	
-4.63148749431	-1653.89136127	
-4.63472898823	-1653.89219266	
-4.63796000881	-1653.89302468	
-4.64118062351	-1653.89385734	
-4.64439089914	-1653.89469062	
-4.64759090187	-1653.89552451	
-4.65078069724	-1653.896359	
-4.65396035016	-1653.8971941	
-4.65712992492	-1653.89802978	
-4.66028948521	-1653.89886604	
-4.66343909411	-1653.89970287	
-4.66657881412	-1653.90054026	
-4.66970870713	-1653.90137821	
-4.67282883446	-1653.90221671	
-4.67593925688	-1653.90305574	
-4.67904003455	-1653.90389531	
-4.68213122712	-1653.9047354	
-4.68521289366	-1653.905576	
-4.6882850927	-1653.90641711	
-4.69134788223	-1653.90725872	
-4.69440131972	-1653.90810082	
-4.6974454621	-1653.9089434	
-4.70048036579	-1653.90978647	
-4.70350608671	-1653.91063	
-4.70652268025	-1653.91147399	
-4.70953020131	-1653.91231843	
-4.71252870431	-1653.91316332	
-4.71551824316	-1653.91400866	
-4.7184988713	-1653.91485442	
-4.72147064168	-1653.91570061	
-4.72443360681	-1653.91654721	
-4.72738781871	-1653.91739423	
-4.73033332894	-1653.91824165	
-4.73327018862	-1653.91908946	
-4.73619844839	-1653.91993767	
-4.7391181585	-1653.92078625	
-4.74202936871	-1653.92163522	
-4.74493212836	-1653.92248455	
-4.74782648639	-1653.92333424	
-4.75071249128	-1653.92418429	
-4.75359019111	-1653.92503468	
-4.75645963353	-1653.92588542	
-4.75932086582	-1653.9267365	
-4.7621739348	-1653.9275879	
-4.76501888693	-1653.92843962	
-4.76785576827	-1653.92929166	
-4.77068462447	-1653.93014401	
-4.77350550081	-1653.93099666	
-4.77631844218	-1653.93184961	
-4.77912349311	-1653.93270285	
-4.78192069773	-1653.93355637	
-4.78471009982	-1653.93441017	
-4.78749174278	-1653.93526425	
-4.79026566966	-1653.93611859	
-4.79303192316	-1653.93697318	
-4.7957905456	-1653.93782804	
-4.79854157897	-1653.93868314	
-4.80128506491	-1653.93953848	
-4.80402104473	-1653.94039405	
-4.80674955939	-1653.94124986	
-4.8094706495	-1653.94210589	
-4.81218435537	-1653.94296214	
-4.81489071697	-1653.9438186	
-4.81758977394	-1653.94467527	
-4.82028156561	-1653.94553214	
-4.82296613098	-1653.94638921	
-4.82564350875	-1653.94724647	
-4.8283137373	-1653.94810391	
-4.83097685472	-1653.94896153	
-4.83363289878	-1653.94981932	
-4.83628190695	-1653.95067729	
-4.83892391641	-1653.95153541	
-4.84155896405	-1653.9523937	
-4.84418708646	-1653.95325213	
-4.84680831994	-1653.95411072	
-4.84942270051	-1653.95496944	
-4.85203026392	-1653.95582831	
-4.85463104562	-1653.9566873	
-4.8572250808	-1653.95754642	
-4.85981240436	-1653.95840567	
-4.86239305096	-1653.95926503	
-4.86496705495	-1653.9601245	
-4.86753445046	-1653.96098408	
-4.87009527132	-1653.96184376	
-4.87264955112	-1653.96270353	
-4.8751973232	-1653.9635634	
-4.87773862063	-1653.96442336	
-4.88027347623	-1653.9652834	
-4.88280192259	-1653.96614351	
-4.88532399202	-1653.96700371	
-4.88783971662	-1653.96786396	
-4.89034912822	-1653.96872429	
-4.89285225844	-1653.96958467	
-4.89534913864	-1653.97044511	
-4.89783979995	-1653.97130559	
-4.90032427328	-1653.97216613	
-4.90280258929	-1653.9730267	
-4.90527477844	-1653.97388731	
-4.90774087093	-1653.97474796	
-4.91020089677	-1653.97560863	
-4.91265488574	-1653.97646932	
-4.91510286737	-1653.97733004	
-4.91754487103	-1653.97819077	
-4.91998092583	-1653.97905151	
-4.92241106068	-1653.97991226	
-4.92483530429	-1653.98077302	
-4.92725368516	-1653.98163377	
-4.92966623156	-1653.98249451	
-4.93207297159	-1653.98335525	
-4.93447393313	-1653.98421597	
-4.93686914386	-1653.98507668	
-4.93925863125	-1653.98593737	
-4.94164242261	-1653.98679802	
-4.94402054501	-1653.98765865	
-4.94639302537	-1653.98851925	
-4.94875989038	-1653.98937981	
-4.95112116656	-1653.99024033	
-4.95347688026	-1653.99110081	
-4.9558270576	-1653.99196124	
-4.95817172456	-1653.99282161	
-4.96051090691	-1653.99368193	
-4.96284463026	-1653.99454219	
-4.96517292002	-1653.99540239	
-4.96749580144	-1653.99626252	
-4.96981329958	-1653.99712258	
-4.97212543933	-1653.99798257	
-4.97443224543	-1653.99884248	
-4.97673374242	-1653.99970231	
-4.97902995468	-1654.00056205	
-4.98132090643	-1654.00142171	
-4.98360662171	-1654.00228128	
-4.98588712441	-1654.00314075	
-4.98816243824	-1654.00400013	
-4.99043258678	-1654.0048594	
-4.99269759341	-1654.00571858	
-4.99495748138	-1654.00657764	
-4.99721227376	-1654.00743659	
-4.9994619935	-1654.00829543	
-5.00170666335	-1654.00915415	
-5.00394630595	-1654.01001275	
-5.00618094375	-1654.01087123	
-5.00841059907	-1654.01172958	
-5.0106352941	-1654.0125878	
-5.01285505083	-1654.01344589	
-5.01506989116	-1654.01430384	
-5.01727983681	-1654.01516166	
-5.01948490937	-1654.01601933	
-5.02168513028	-1654.01687686	
-5.02388052085	-1654.01773424	
-5.02607110223	-1654.01859146	
-5.02825689545	-1654.01944854	
-5.03043792139	-1654.02030546	
-5.03261420082	-1654.02116222	
-5.03478575433	-1654.02201882	
-5.03695260241	-1654.02287525	
-5.03911476542	-1654.02373152	
-5.04127226356	-1654.02458761	
-5.04342511692	-1654.02544354	
-5.04557334546	-1654.02629928	
-5.047716969	-1654.02715485	
-5.04985600725	-1654.02801024	
-5.05199047978	-1654.02886544	
-5.05412040604	-1654.02972046	
-5.05624580535	-1654.03057529	
-5.05836669692	-1654.03142992	
-5.06048309982	-1654.03228437	
-5.06259503303	-1654.03313861	
-5.06470251537	-1654.03399266	
-5.06680556556	-1654.03484651	
-5.06890420222	-1654.03570015	
-5.07099844382	-1654.03655358	
-5.07308830874	-1654.03740681	
-5.07517381523	-1654.03825982	
-5.07725498144	-1654.03911262	
-5.07933182538	-1654.03996521	
-5.08140436498	-1654.04081758	
-5.08347261805	-1654.04166972	
-5.08553660227	-1654.04252165	
-5.08759633523	-1654.04337334	
-5.08965183441	-1654.04422481	
-5.09170311719	-1654.04507605	
-5.09375020081	-1654.04592706	
-5.09579310244	-1654.04677784	
-5.09783183913	-1654.04762838	
-5.09986642782	-1654.04847868	
-5.10189688537	-1654.04932873	
-5.10392322852	-1654.05017855	
-5.1059454739	-1654.05102812	
-5.10796363806	-1654.05187745	
-5.10997773743	-1654.05272652	
-5.11198778836	-1654.05357535	
-5.11399380708	-1654.05442392	
-5.11599580975	-1654.05527223	
-5.11799381242	-1654.05612029	
-5.11998783102	-1654.05696809	
-5.12197788143	-1654.05781563	
-5.1239639794	-1654.05866291	
-5.12594614061	-1654.05950992	
-5.12792438062	-1654.06035666	
-5.12989871492	-1654.06120314	
-5.13186915891	-1654.06204934	
-5.13383572788	-1654.06289527	
-5.13579843705	-1654.06374093	
-5.13775730154	-1654.06458631	
-5.13971233637	-1654.06543142	
-5.1416635565	-1654.06627624	
-5.14361097679	-1654.06712079	
-5.145554612	-1654.06796504	
-5.14749447681	-1654.06880902	
-5.14943058584	-1654.06965271	
-5.15136295359	-1654.07049611	
-5.1532915945	-1654.07133922	
-5.15521652291	-1654.07218203	
-5.15713775309	-1654.07302456	
-5.15905529921	-1654.07386679	
-5.1609691754	-1654.07470872	
-5.16287939565	-1654.07555035	
-5.16478597392	-1654.07639169	
-5.16668892407	-1654.07723272	
-5.16858825987	-1654.07807345	
-5.17048399504	-1654.07891388	
-5.17237614319	-1654.07975399	
-5.17426471788	-1654.08059381	
-5.17614973257	-1654.08143331	
-5.17803120067	-1654.0822725	
-5.1799091355	-1654.08311138	
-5.18178355029	-1654.08394994	
-5.18365445823	-1654.08478819	
-5.1855218724	-1654.08562613	
-5.18738580584	-1654.08646374	
-5.18924627149	-1654.08730104	
-5.19110328224	-1654.08813802	
-5.19295685089	-1654.08897467	
-5.19480699018	-1654.089811	
-5.19665371277	-1654.090647	
-5.19849703127	-1654.09148268	
-5.20033695819	-1654.09231803	
-5.202173506	-1654.09315306	
-5.20400668708	-1654.09398775	
-5.20583651375	-1654.09482211	
-5.20766299828	-1654.09565614	
-5.20948615284	-1654.09648983	
-5.21130598956	-1654.09732319	
-5.21312252048	-1654.09815621	
-5.21493575761	-1654.09898889	
-5.21674571285	-1654.09982124	
-5.21855239808	-1654.10065324	
-5.22035582508	-1654.10148491	
-5.22215600558	-1654.10231623	
-5.22395295126	-1654.10314721	
-5.22574667371	-1654.10397784	
-5.22753718449	-1654.10480813	
-5.22932449506	-1654.10563806	
-5.23110861685	-1654.10646766	
-5.23288956123	-1654.1072969	
-5.23466733947	-1654.10812579	
-5.23644196283	-1654.10895433	
-5.23821344248	-1654.10978251	
-5.23998178954	-1654.11061035	
-5.24174701506	-1654.11143783	
-5.24350913005	-1654.11226495	
-5.24526814546	-1654.11309171	
-5.24702407216	-1654.11391812	
-5.24877692099	-1654.11474417	
-5.25052670271	-1654.11556986	
-5.25227342805	-1654.11639519	
-5.25401710765	-1654.11722015	
-5.25575775213	-1654.11804476	
-5.25749537203	-1654.11886899	
-5.25922997784	-1654.11969287	
-5.26096158	-1654.12051638	
-5.2626901889	-1654.12133952	
-5.26441581487	-1654.1221623	
-5.26613846818	-1654.1229847	
-5.26785815906	-1654.12380674	
-5.26957489768	-1654.12462841	
-5.27128869416	-1654.1254497	
-5.27299955856	-1654.12627063	
-5.27470750091	-1654.12709118	
-5.27641253116	-1654.12791135	
-5.27811465923	-1654.12873116	
-5.27981389498	-1654.12955059	
-5.28151024823	-1654.13036964	
-5.28320372874	-1654.13118831	
-5.28489434622	-1654.13200661	
-5.28658211033	-1654.13282453	
-5.28826703069	-1654.13364207	
-5.28994911688	-1654.13445922	
-5.2916283784	-1654.135276	
-5.29330482472	-1654.1360924	
-5.29497846528	-1654.13690841	
-5.29664930945	-1654.13772404	
-5.29831736655	-1654.13853929	
-5.29998264587	-1654.13935415	
-5.30164515664	-1654.14016863	
-5.30330490806	-1654.14098272	
-5.30496190927	-1654.14179643	
-5.30661616936	-1654.14260974	
-5.3082676974	-1654.14342267	
-5.30991650239	-1654.14423521	
-5.3115625933	-1654.14504736	
-5.31320597904	-1654.14585912	
-5.3148466685	-1654.1466705	
-5.3164846705	-1654.14748147	
-5.31811999384	-1654.14829206	
-5.31975264727	-1654.14910226	
-5.32138263948	-1654.14991206	
-5.32300997914	-1654.15072146	
-5.32463467487	-1654.15153048	
-5.32625673524	-1654.1523391	
-5.32787616879	-1654.15314732	
-5.32949298402	-1654.15395515	
-5.33110718937	-1654.15476257	
-5.33271879327	-1654.15556961	
-5.33432780407	-1654.15637624	
-5.33593423012	-1654.15718248	
-5.3375380797	-1654.15798832	
-5.33913936107	-1654.15879375	
-5.34073808243	-1654.15959879	
-5.34233425196	-1654.16040343	
-5.3439278778	-1654.16120767	
-5.34551896803	-1654.1620115	
-5.34710753072	-1654.16281493	
-5.34869357387	-1654.16361796	
-5.35027710548	-1654.16442059	
-5.35185813348	-1654.16522282	
-5.35343666577	-1654.16602464	
-5.35501271022	-1654.16682605	
-5.35658627467	-1654.16762706	
-5.3581573669	-1654.16842767	
-5.35972599468	-1654.16922787	
-5.36129216571	-1654.17002766	
-5.36285588769	-1654.17082705	
-5.36441716825	-1654.17162603	
-5.36597601502	-1654.1724246	
-5.36753243557	-1654.17322277	
-5.36908643744	-1654.17402052	
-5.37063802813	-1654.17481787	
-5.37218721511	-1654.17561481	
-5.37373400583	-1654.17641134	
-5.37527840768	-1654.17720746	
-5.37682042804	-1654.17800317	
-5.37836007422	-1654.17879847	
-5.37989735354	-1654.17959335	
-5.38143227326	-1654.18038783	
-5.38296484061	-1654.18118189	
-5.38449506279	-1654.18197555	
-5.38602294697	-1654.18276879	
-5.38754850028	-1654.18356161	
-5.38907172982	-1654.18435403	
-5.39059264266	-1654.18514603	
-5.39211124583	-1654.18593762	
-5.39362754635	-1654.18672879	
-5.39514155118	-1654.18751955	
-5.39665326727	-1654.1883099	
-5.39816270152	-1654.18909983	
-5.39966986081	-1654.18988934	
-5.40117475199	-1654.19067844	
-5.40267738187	-1654.19146712	
-5.40417775725	-1654.19225539	
-5.40567588487	-1654.19304324	
-5.40717177146	-1654.19383068	
-5.40866542372	-1654.1946177	
-5.4101568483	-1654.1954043	
-5.41164605186	-1654.19619048	
-5.41313304098	-1654.19697625	
-5.41461782224	-1654.19776159	
-5.4161004022	-1654.19854652	
-5.41758078737	-1654.19933104	
-5.41905898424	-1654.20011513	
-5.42053499927	-1654.2008988	
-5.42200883889	-1654.20168206	
-5.4234805095	-1654.2024649	
-5.42495001748	-1654.20324731	
-5.42641736918	-1654.20402931	
-5.4278825709	-1654.20481089	
-5.42934562895	-1654.20559205	
-5.43080654959	-1654.20637279	
-5.43226533906	-1654.2071531	
-5.43372200355	-1654.207933	
-5.43517654927	-1654.20871248	
-5.43662898235	-1654.20949153	
-5.43807930892	-1654.21027017	
-5.4395275351	-1654.21104838	
-5.44097366695	-1654.21182617	
-5.44241771052	-1654.21260354	
-5.44385967184	-1654.21338049	
-5.4452995569	-1654.21415702	
-5.44673737167	-1654.21493312	
-5.44817312209	-1654.21570881	
-5.44960681409	-1654.21648407	
-5.45103845357	-1654.21725891	
-5.45246804638	-1654.21803332	
-5.45389559837	-1654.21880732	
-5.45532111536	-1654.21958089	
-5.45674460314	-1654.22035404	
-5.45816606749	-1654.22112676	
-5.45958551414	-1654.22189906	
-5.46100294883	-1654.22267094	
-5.46241837723	-1654.2234424	
-5.46383180503	-1654.22421343	
-5.46524323786	-1654.22498404	
-5.46665268137	-1654.22575423	
-5.46806014114	-1654.22652399	
-5.46946562274	-1654.22729333	
-5.47086913175	-1654.22806224	
-5.47227067367	-1654.22883073	
-5.47367025403	-1654.2295988	
-5.47506787829	-1654.23036644	
-5.47646355193	-1654.23113366	
-5.47785728038	-1654.23190045	
-5.47924906905	-1654.23266682	
-5.48063892334	-1654.23343277	
-5.48202684862	-1654.23419829	
-5.48341285022	-1654.23496339	
-5.48479693349	-1654.23572807	
-5.48617910372	-1654.23649231	
-5.48755936619	-1654.23725614	
-5.48893772616	-1654.23801954	
-5.49031418887	-1654.23878252	
-5.49168875953	-1654.23954507	
-5.49306144334	-1654.24030719	
-5.49443224547	-1654.2410689	
-5.49580117108	-1654.24183017	
-5.49716822529	-1654.24259103	
-5.49853341322	-1654.24335146	
-5.49989673995	-1654.24411146	
-5.50125821054	-1654.24487104	
-5.50261783006	-1654.2456302	
-5.50397560352	-1654.24638893	
-5.50533153593	-1654.24714723	
-5.50668563228	-1654.24790511	
-5.50803789753	-1654.24866257	
-5.50938833663	-1654.2494196	
-5.5107369545	-1654.25017621	
-5.51208375605	-1654.25093239	
-5.51342874616	-1654.25168815	
-5.51477192971	-1654.25244349	
-5.51611331154	-1654.2531984	
-5.51745289646	-1654.25395288	
-5.51879068931	-1654.25470694	
-5.52012669485	-1654.25546058	
-5.52146091786	-1654.25621379	
-5.5227933631	-1654.25696658	
-5.52412403528	-1654.25771895	
-5.52545293913	-1654.25847089	
-5.52678007934	-1654.2592224	
-5.52810546058	-1654.25997349	
-5.52942908751	-1654.26072416	
-5.53075096477	-1654.26147441	
-5.53207109697	-1654.26222423	
-5.53338948873	-1654.26297362	
-5.53470614461	-1654.26372259	
-5.53602106919	-1654.26447114	
-5.53733426702	-1654.26521927	
-5.53864574262	-1654.26596697	
-5.5399555005	-1654.26671425	
-5.54126354516	-1654.2674611	
-5.54256988107	-1654.26820753	
-5.5438745127	-1654.26895354	
-5.54517744448	-1654.26969912	
-5.54647868084	-1654.27044429	
-5.54777822618	-1654.27118902	
-5.5490760849	-1654.27193334	
-5.55037226136	-1654.27267723	
-5.55166675992	-1654.2734207	
-5.55295958492	-1654.27416375	
-5.55425074069	-1654.27490637	
-5.55554023152	-1654.27564858	
-5.5568280617	-1654.27639036	
-5.55811423551	-1654.27713171	
-5.5593987572	-1654.27787265	
-5.56068163102	-1654.27861316	
-5.56196286117	-1654.27935326	
-5.56324245188	-1654.28009293	
-5.56452040732	-1654.28083217	
-5.56579673168	-1654.281571	
-5.56707142911	-1654.28230941	
-5.56834450376	-1654.28304739	
-5.56961595975	-1654.28378495	
-5.57088580119	-1654.28452209	
-5.57215403218	-1654.28525882	
-5.57342065679	-1654.28599512	
-5.5746856791	-1654.28673099	
-5.57594910315	-1654.28746645	
-5.57721093297	-1654.28820149	
-5.57847117258	-1654.28893611	
-5.57972982599	-1654.28967031	
-5.58098689718	-1654.29040408	
-5.58224239012	-1654.29113744	
-5.58349630878	-1654.29187038	
-5.5847486571	-1654.2926029	
-5.585999439	-1654.293335	
-5.5872486584	-1654.29406668	
-5.5884963192	-1654.29479794	
-5.58974242528	-1654.29552878	
-5.59098698051	-1654.2962592	
-5.59222998875	-1654.29698921	
-5.59347145384	-1654.29771879	
-5.5947113796	-1654.29844796	
-5.59594976985	-1654.29917671	
-5.59718662839	-1654.29990504	
-5.598421959	-1654.30063295	
-5.59965576545	-1654.30136045	
-5.60088805149	-1654.30208752	
-5.60211882088	-1654.30281418	
-5.60334807733	-1654.30354043	
-5.60457582457	-1654.30426625	
-5.6058020663	-1654.30499166	
-5.60702680619	-1654.30571665	
-5.60825004793	-1654.30644123	
-5.60947179518	-1654.30716539	
-5.61069205159	-1654.30788913	
-5.61191082078	-1654.30861246	
-5.61312810639	-1654.30933537	
-5.61434391201	-1654.31005787	
-5.61555824124	-1654.31077995	
-5.61677109767	-1654.31150161	
-5.61798248485	-1654.31222286	
-5.61919240636	-1654.3129437	
-5.62040086572	-1654.31366412	
-5.62160786647	-1654.31438412	
-5.62281341212	-1654.31510371	
-5.62401750619	-1654.31582289	
-5.62522015215	-1654.31654165	
-5.6264213535	-1654.31726	
-5.62762111369	-1654.31797794	
-5.62881943618	-1654.31869546	
-5.63001632442	-1654.31941257	
-5.63121178182	-1654.32012927	
-5.63240581181	-1654.32084555	
-5.6335984178	-1654.32156142	
-5.63478960317	-1654.32227688	
-5.6359793713	-1654.32299193	
-5.63716772557	-1654.32370656	
-5.63835466933	-1654.32442079	
-5.63954020593	-1654.3251346	
-5.64072433869	-1654.325848	
-5.64190707094	-1654.32656099	
-5.64308840598	-1654.32727357	
-5.64426834712	-1654.32798573	
-5.64544689764	-1654.32869749	
-5.64662406082	-1654.32940884	
-5.64779983991	-1654.33011977	
-5.64897423816	-1654.3308303	
-5.65014725882	-1654.33154042	
-5.65131890512	-1654.33225013	
-5.65248918027	-1654.33295942	
-5.65365808747	-1654.33366831	
-5.65482562993	-1654.3343768	
-5.65599181082	-1654.33508487	
-5.65715663332	-1654.33579253	
-5.65832010058	-1654.33649979	
-5.65948221576	-1654.33720664	
-5.660642982	-1654.33791308	
-5.66180240242	-1654.33861911	
-5.66296048014	-1654.33932474	
-5.66411721826	-1654.34002996	
-5.66527261989	-1654.34073477	
-5.66642668811	-1654.34143918	
-5.66757942599	-1654.34214318	
-5.6687308366	-1654.34284677	
-5.66988092298	-1654.34354996	
-5.67102968818	-1654.34425274	
-5.67217713524	-1654.34495512	
-5.67332326717	-1654.3456571	
-5.67446808699	-1654.34635866	
-5.67561159769	-1654.34705983	
-5.67675380227	-1654.34776059	
-5.6778947037	-1654.34846094	
-5.67903430497	-1654.34916089	
-5.68017260902	-1654.34986044	
-5.6813096188	-1654.35055959	
-5.68244533727	-1654.35125833	
-5.68357976734	-1654.35195667	
-5.68471291194	-1654.3526546	
-5.68584477397	-1654.35335214	
-5.68697535634	-1654.35404927	
-5.68810466194	-1654.354746	
-5.68923269364	-1654.35544233	
-5.69035945432	-1654.35613825	
-5.69148494685	-1654.35683378	
-5.69260917406	-1654.3575289	
-5.6937321388	-1654.35822363	
-5.69485384391	-1654.35891795	
-5.69597429221	-1654.35961188	
-5.69709348651	-1654.3603054	
-5.69821142961	-1654.36099852	
-5.69932812431	-1654.36169125	
-5.70044357339	-1654.36238358	
-5.70155777963	-1654.3630755	
-5.7026707458	-1654.36376703	
-5.70378247466	-1654.36445816	
-5.70489296894	-1654.36514889	
-5.70600223139	-1654.36583923	
-5.70711026475	-1654.36652917	
-5.70821707172	-1654.36721871	
-5.70932265503	-1654.36790785	
-5.71042701737	-1654.36859659	
-5.71153016145	-1654.36928494	
-5.71263208993	-1654.3699729	
-5.71373280551	-1654.37066046	
-5.71483231084	-1654.37134762	
-5.71593060859	-1654.37203438	
-5.71702770141	-1654.37272075	
-5.71812359193	-1654.37340673	
-5.71921828279	-1654.37409231	
-5.72031177661	-1654.3747775	
-5.72140407601	-1654.37546229	
-5.72249518359	-1654.37614669	
-5.72358510195	-1654.3768307	
-5.72467383369	-1654.37751431	
-5.72576138137	-1654.37819753	
-5.72684774759	-1654.37888036	
-5.72793293489	-1654.37956279	
-5.72901694583	-1654.38024484	
-5.73009978297	-1654.38092649	
-5.73118144884	-1654.38160775	
-5.73226194598	-1654.38228861	
-5.7333412769	-1654.38296909	
-5.73441944412	-1654.38364917	
-5.73549645015	-1654.38432887	
-5.73657229748	-1654.38500817	
-5.73764698861	-1654.38568709	
-5.73872052602	-1654.38636561	
-5.73979291218	-1654.38704375	
-5.74086414956	-1654.3877215	
-5.74193424062	-1654.38839885	
-5.74300318781	-1654.38907582	
-5.74407099357	-1654.3897524	
-5.74513766034	-1654.39042859	
-5.74620319054	-1654.3911044	
-5.7472675866	-1654.39177982	
-5.74833085092	-1654.39245485	
-5.74939298591	-1654.39312949	
-5.75045399397	-1654.39380374	
-5.75151387748	-1654.39447761	
-5.75257263883	-1654.3951511	
-5.75363028038	-1654.3958242	
-5.75468680452	-1654.39649691	
-5.75574221359	-1654.39716924	
-5.75679650994	-1654.39784118	
-5.75784969593	-1654.39851273	
-5.75890177388	-1654.39918391	
-5.75995274612	-1654.3998547	
-5.76100261499	-1654.4005251	
-5.76205138278	-1654.40119512	
-5.76309905181	-1654.40186476	
-5.76414562438	-1654.40253402	
-5.76519110278	-1654.40320289	
-5.7662354893	-1654.40387138	
-5.76727878622	-1654.40453949	
-5.76832099579	-1654.40520721	
-5.7693621203	-1654.40587456	
-5.770402162	-1654.40654152	
-5.77144112313	-1654.4072081	
-5.77247900594	-1654.4078743	
-5.77351581267	-1654.40854012	
-5.77455154554	-1654.40920556	
-5.77558620679	-1654.40987063	
-5.77661979861	-1654.41053531	
-5.77765232322	-1654.41119961	
-5.77868378283	-1654.41186353	
-5.77971417962	-1654.41252708	
-5.78074351579	-1654.41319024	
-5.78177179352	-1654.41385303	
-5.78279901497	-1654.41451544	
-5.78382518233	-1654.41517747	
-5.78485029774	-1654.41583913	
-5.78587436337	-1654.41650041	
-5.78689738137	-1654.41716131	
-5.78791935386	-1654.41782183	
-5.788940283	-1654.41848198	
-5.7899601709	-1654.41914176	
-5.79097901969	-1654.41980115	
-5.79199683148	-1654.42046018	
-5.79301360838	-1654.42111882	
-5.7940293525	-1654.4217771	
-5.79504406593	-1654.422435	
-5.79605775077	-1654.42309252	
-5.79707040908	-1654.42374967	
-5.79808204295	-1654.42440645	
-5.79909265446	-1654.42506285	
-5.80010224566	-1654.42571888	
-5.80111081862	-1654.42637454	
-5.80211837538	-1654.42702983	
-5.80312491799	-1654.42768474	
-5.80413044849	-1654.42833929	
-5.80513496892	-1654.42899346	
-5.80613848129	-1654.42964726	
-5.80714098764	-1654.43030069	
-5.80814248998	-1654.43095375	
-5.80914299031	-1654.43160644	
