# log_p 	 lnL 	 
0.0	-1697.5391279	
-0.287682072452	-1697.36364968	
-0.510825623766	-1697.11435411	
-0.69314718056	-1696.8583437	
-0.847297860387	-1696.62844225	
-0.980829253012	-1696.4316014	
-1.09861228867	-1696.26533535	
-1.20397280433	-1696.12479627	
-1.29928298413	-1696.00529796	
-1.38629436112	-1695.90302182	
-1.46633706879	-1695.81505028	
-1.54044504095	-1695.73919392	
-1.60943791243	-1695.67379307	
-1.67397643357	-1695.61755423	
-1.73460105539	-1695.56943236	
-1.79175946923	-1695.52855251	
-1.8458266905	-1695.49416015	
-1.89711998489	-1695.46559049	
-1.94591014906	-1695.44224985	
-1.99243016469	-1695.4236039	
-2.03688192726	-1695.40917003	
-2.07944154168	-1695.39851187	
-2.1202635362	-1695.39123498	
-2.15948424935	-1695.38698321	
-2.19722457734	-1695.38543535	
-2.23359222151	-1695.38630213	
-2.26868354132	-1695.3893233	
-2.30258509299	-1695.39426497	
-2.33537491582	-1695.40091708	
-2.36712361413	-1695.40909108	
-2.3978952728	-1695.41861777	
-2.42774823595	-1695.42934537	
-2.45673577282	-1695.44113769	
-2.48490664979	-1695.45387255	
-2.51230562398	-1695.4674403	
-2.53897387106	-1695.48174251	
-2.56494935746	-1695.4966908	
-2.59026716545	-1695.51220579	
-2.61495977804	-1695.52821614	
-2.63905732962	-1695.54465771	
-2.66258782703	-1695.56147284	
-2.68557734525	-1695.57860963	
-2.7080502011	-1695.5960214	
-2.73002910782	-1695.6136661	
-2.75153531304	-1695.63150589	
-2.77258872224	-1695.64950666	
-2.79320800944	-1695.6676377	
-2.81341071676	-1695.68587134	
-2.83321334406	-1695.70418266	
-2.85263142991	-1695.72254917	
-2.87167962488	-1695.74095067	
-2.8903717579	-1695.75936891	
-2.90872089656	-1695.77778751	
-2.92673940207	-1695.79619169	
-2.94443897917	-1695.81456819	
-2.96183072188	-1695.83290507	
-2.97892515524	-1695.85119163	
-2.99573227355	-1695.86941826	
-3.01226157551	-1695.88757636	
-3.02852209638	-1695.90565824	
-3.04452243772	-1695.92365703	
-3.06027079469	-1695.94156661	
-3.07577498123	-1695.95938155	
-3.09104245336	-1695.97709704	
-3.10608033072	-1695.99470882	
-3.12089541651	-1696.01221315	
-3.13549421593	-1696.02960675	
-3.14988295338	-1696.0468868	
-3.16406758837	-1696.06405081	
-3.17805383035	-1696.08109668	
-3.19184715248	-1696.09802262	
-3.20545280454	-1696.11482713	
-3.21887582487	-1696.13150898	
-3.23212105162	-1696.14806717	
-3.24519313319	-1696.16450094	
-3.25809653802	-1696.18080971	
-3.2708355638	-1696.19699308	
-3.28341434601	-1696.21305084	
-3.295836866	-1696.2289829	
-3.3081069586	-1696.24478933	
-3.32022831913	-1696.2604703	
-3.33220451018	-1696.27602611	
-3.34403896782	-1696.29145716	
-3.35573500759	-1696.30676393	
-3.36729582999	-1696.32194699	
-3.37872452581	-1696.33700698	
-3.39002408106	-1696.35194461	
-3.40119738166	-1696.36676064	
-3.41224721785	-1696.38145591	
-3.42317628838	-1696.39603127	
-3.43398720449	-1696.41048764	
-3.4446824936	-1696.42482597	
-3.45526460293	-1696.43904725	
-3.4657359028	-1696.45315247	
-3.47609868984	-1696.46714268	
-3.48635519	-1696.48101893	
-3.49650756147	-1696.4947823	
-3.50655789732	-1696.50843388	
-3.51650822817	-1696.52197478	
-3.52636052462	-1696.5354061	
-3.53611669956	-1696.54872898	
-3.54577861047	-1696.56194454	
-3.55534806149	-1696.57505392	
-3.56482680544	-1696.58805824	
-3.57421654579	-1696.60095866	
-3.58351893846	-1696.61375631	
-3.59273559356	-1696.62645232	
-3.60186807712	-1696.63904783	
-3.61091791264	-1696.65154396	
-3.61988658263	-1696.66394185	
-3.62877553004	-1696.6762426	
-3.63758615973	-1696.68844734	
-3.6463198397	-1696.70055717	
-3.65497790244	-1696.71257318	
-3.66356164613	-1696.72449648	
-3.6720723358	-1696.73632813	
-3.68051120444	-1696.7480692	
-3.68887945411	-1696.75972078	
-3.69717825693	-1696.77128389	
-3.70540875607	-1696.78275959	
-3.7135720667	-1696.7941489	
-3.72166927694	-1696.80545285	
-3.72970144863	-1696.81667244	
-3.73766961828	-1696.82780868	
-3.74557479779	-1696.83886254	
-3.75341797525	-1696.849835	
-3.76120011569	-1696.86072703	
-3.76892216179	-1696.87153958	
-3.77658503453	-1696.88227358	
-3.78418963392	-1696.89292996	
-3.79173683955	-1696.90350964	
-3.79922751128	-1696.91401352	
-3.80666248977	-1696.9244425	
-3.81404259707	-1696.93479745	
-3.82136863716	-1696.94507925	
-3.82864139649	-1696.95528874	
-3.83586164446	-1696.96542678	
-3.84303013394	-1696.9754942	
-3.85014760171	-1696.98549182	
-3.85721476893	-1696.99542045	
-3.86423234159	-1697.00528089	
-3.87120101091	-1697.01507392	
-3.87812145375	-1697.02480034	
-3.88499433304	-1697.03446089	
-3.89182029811	-1697.04405634	
-3.8985999851	-1697.05358743	
-3.90533401728	-1697.0630549	
-3.91202300543	-1697.07245946	
-3.91866754815	-1697.08180183	
-3.92526823218	-1697.09108271	
-3.93182563272	-1697.10030279	
-3.93834031375	-1697.10946276	
-3.94481282825	-1697.11856328	
-3.95124371858	-1697.12760503	
-3.95763351668	-1697.13658865	
-3.96398274436	-1697.14551478	
-3.97029191355	-1697.15438406	
-3.97656152657	-1697.16319711	
-3.98279207632	-1697.17195455	
-3.98898404656	-1697.18065698	
-3.99513791214	-1697.18930501	
-4.00125413916	-1697.19789921	
-4.00733318523	-1697.20644018	
-4.01337549969	-1697.21492847	
-4.01938152375	-1697.22336466	
-4.02535169074	-1697.2317493	
-4.03128642625	-1697.24008293	
-4.03718614838	-1697.24836609	
-4.04305126783	-1697.25659932	
-4.04888218815	-1697.26478314	
-4.05467930583	-1697.27291807	
-4.06044301055	-1697.2810046	
-4.06617368526	-1697.28904324	
-4.07187170637	-1697.2970345	
-4.07753744391	-1697.30497884	
-4.08317126162	-1697.31287675	
-4.08877351717	-1697.32072871	
-4.09434456222	-1697.32853517	
-4.0998847426	-1697.3362966	
-4.10539439841	-1697.34401345	
-4.11087386417	-1697.35168617	
-4.11632346894	-1697.35931519	
-4.12174353641	-1697.36690095	
-4.12713438505	-1697.37444388	
-4.13249632819	-1697.38194438	
-4.13782967416	-1697.38940289	
-4.14313472639	-1697.39681981	
-4.14841178349	-1697.40419554	
-4.15366113938	-1697.41153049	
-4.15888308336	-1697.41882503	
-4.16407790024	-1697.42607956	
-4.1692458704	-1697.43329447	
-4.1743872699	-1697.44047012	
-4.17950237056	-1697.44760688	
-4.18459144007	-1697.45470513	
-4.18965474203	-1697.46176522	
-4.19469253606	-1697.46878751	
-4.19970507788	-1697.47577235	
-4.20469261939	-1697.48272008	
-4.20965540873	-1697.48963105	
-4.21459369037	-1697.49650559	
-4.21950770518	-1697.50334403	
-4.22439769047	-1697.51014671	
-4.22926388012	-1697.51691394	
-4.2341065046	-1697.52364604	
-4.23892579103	-1697.53034333	
-4.2437219633	-1697.53700612	
-4.24849524205	-1697.54363471	
-4.25324584481	-1697.5502294	
-4.257973986	-1697.5567905	
-4.26267987704	-1697.5633183	
-4.26736372635	-1697.56981308	
-4.27202573946	-1697.57627514	
-4.27666611902	-1697.58270476	
-4.28128506487	-1697.58910221	
-4.28588277412	-1697.59546777	
-4.29045944115	-1697.60180172	
-4.29501525768	-1697.60810431	
-4.29955041285	-1697.61437582	
-4.3040650932	-1697.62061651	
-4.30855948279	-1697.62682663	
-4.31303376319	-1697.63300645	
-4.31748811354	-1697.6391562	
-4.3219227106	-1697.64527614	
-4.32633772881	-1697.65136652	
-4.33073334029	-1697.65742758	
-4.33510971489	-1697.66345955	
-4.33946702026	-1697.66946268	
-4.34380542185	-1697.67543719	
-4.348125083	-1697.68138332	
-4.3524261649	-1697.68730129	
-4.35670882669	-1697.69319133	
-4.36097322548	-1697.69905366	
-4.36521951636	-1697.7048885	
-4.36944785247	-1697.71069606	
-4.373658385	-1697.71647656	
-4.37785126326	-1697.72223022	
-4.38202663467	-1697.72795723	
-4.38618464482	-1697.73365782	
-4.39032543749	-1697.73933217	
-4.39444915467	-1697.74498049	
-4.39855593663	-1697.75060299	
-4.40264592188	-1697.75619985	
-4.40671924726	-1697.76177127	
-4.41077604796	-1697.76731745	
-4.4148164575	-1697.77283857	
-4.4188406078	-1697.77833482	
-4.42284862919	-1697.78380638	
-4.42684065046	-1697.78925345	
-4.43081679884	-1697.7946762	
-4.43477720006	-1697.8000748	
-4.43872197835	-1697.80544945	
-4.44265125649	-1697.81080031	
-4.44656515581	-1697.81612755	
-4.45046379623	-1697.82143135	
-4.45434729625	-1697.82671187	
-4.45821577303	-1697.83196928	
-4.46206934235	-1697.83720376	
-4.46590811865	-1697.84241545	
-4.46973221509	-1697.84760453	
-4.47354174351	-1697.85277115	
-4.47733681448	-1697.85791547	
-4.48111753732	-1697.86303765	
-4.48488402011	-1697.86813785	
-4.48863636973	-1697.8732162	
-4.49237469184	-1697.87827288	
-4.49609909093	-1697.88330802	
-4.49980967033	-1697.88832177	
-4.50350653221	-1697.89331429	
-4.50718977763	-1697.89828571	
-4.51085950652	-1697.90323618	
-4.51451581772	-1697.90816584	
-4.518158809	-1697.91307484	
-4.52178857705	-1697.9179633	
-4.52540521752	-1697.92283137	
-4.52900882502	-1697.92767919	
-4.53259949315	-1697.93250688	
-4.5361773145	-1697.93731459	
-4.53974238067	-1697.94210243	
-4.54329478227	-1697.94687056	
-4.54683460898	-1697.95161908	
-4.55036194949	-1697.95634814	
-4.5538768916	-1697.96105785	
-4.55737952215	-1697.96574834	
-4.56086992709	-1697.97041974	
-4.56434819147	-1697.97507217	
-4.56781439944	-1697.97970575	
-4.57126863431	-1697.9843206	
-4.5747109785	-1697.98891684	
-4.5781415136	-1697.99349459	
-4.58156032035	-1697.99805396	
-4.58496747867	-1698.00259507	
-4.58836306767	-1698.00711803	
-4.59174716566	-1698.01162296	
-4.59511985013	-1698.01610997	
-4.59848119784	-1698.02057917	
-4.60183128472	-1698.02503067	
-4.60517018599	-1698.02946457	
-4.60849797608	-1698.033881	
-4.61181472871	-1698.03828005	
-4.61512051684	-1698.04266182	
-4.61841541274	-1698.04702643	
-4.62169948794	-1698.05137398	
-4.62497281328	-1698.05570457	
-4.62823545892	-1698.0600183	
-4.63148749431	-1698.06431528	
-4.63472898823	-1698.0685956	
-4.63796000881	-1698.07285936	
-4.64118062351	-1698.07710666	
-4.64439089914	-1698.0813376	
-4.64759090187	-1698.08555228	
-4.65078069724	-1698.08975078	
-4.65396035016	-1698.09393321	
-4.65712992492	-1698.09809965	
-4.66028948521	-1698.10225021	
-4.66343909411	-1698.10638496	
-4.66657881412	-1698.11050401	
-4.66970870713	-1698.11460745	
-4.67282883446	-1698.11869536	
-4.67593925688	-1698.12276783	
-4.67904003455	-1698.12682495	
-4.68213122712	-1698.13086681	
-4.68521289366	-1698.13489349	
-4.6882850927	-1698.13890508	
-4.69134788223	-1698.14290166	
-4.69440131972	-1698.14688333	
-4.6974454621	-1698.15085015	
-4.70048036579	-1698.15480222	
-4.70350608671	-1698.15873962	
-4.70652268025	-1698.16266242	
-4.70953020131	-1698.16657071	
-4.71252870431	-1698.17046457	
-4.71551824316	-1698.17434408	
-4.7184988713	-1698.17820931	
-4.72147064168	-1698.18206035	
-4.72443360681	-1698.18589727	
-4.72738781871	-1698.18972014	
-4.73033332894	-1698.19352905	
-4.73327018862	-1698.19732407	
-4.73619844839	-1698.20110527	
-4.7391181585	-1698.20487273	
-4.74202936871	-1698.20862652	
-4.74493212836	-1698.21236671	
-4.74782648639	-1698.21609338	
-4.75071249128	-1698.21980659	
-4.75359019111	-1698.22350643	
-4.75645963353	-1698.22719295	
-4.75932086582	-1698.23086623	
-4.7621739348	-1698.23452634	
-4.76501888693	-1698.23817335	
-4.76785576827	-1698.24180732	
-4.77068462447	-1698.24542833	
-4.77350550081	-1698.24903643	
-4.77631844218	-1698.25263171	
-4.77912349311	-1698.25621421	
-4.78192069773	-1698.25978402	
-4.78471009982	-1698.26334118	
-4.78749174278	-1698.26688578	
-4.79026566966	-1698.27041787	
-4.79303192316	-1698.27393751	
-4.7957905456	-1698.27744477	
-4.79854157897	-1698.28093971	
-4.80128506491	-1698.2844224	
-4.80402104473	-1698.28789289	
-4.80674955939	-1698.29135125	
-4.8094706495	-1698.29479753	
-4.81218435537	-1698.29823181	
-4.81489071697	-1698.30165412	
-4.81758977394	-1698.30506455	
-4.82028156561	-1698.30846314	
-4.82296613098	-1698.31184995	
-4.82564350875	-1698.31522505	
-4.8283137373	-1698.31858848	
-4.83097685472	-1698.32194031	
-4.83363289878	-1698.32528059	
-4.83628190695	-1698.32860939	
-4.83892391641	-1698.33192674	
-4.84155896405	-1698.33523272	
-4.84418708646	-1698.33852737	
-4.84680831994	-1698.34181076	
-4.84942270051	-1698.34508293	
-4.85203026392	-1698.34834393	
-4.85463104562	-1698.35159383	
-4.8572250808	-1698.35483268	
-4.85981240436	-1698.35806052	
-4.86239305096	-1698.36127741	
-4.86496705495	-1698.3644834	
-4.86753445046	-1698.36767855	
-4.87009527132	-1698.3708629	
-4.87264955112	-1698.37403651	
-4.8751973232	-1698.37719943	
-4.87773862063	-1698.3803517	
-4.88027347623	-1698.38349338	
-4.88280192259	-1698.38662451	
-4.88532399202	-1698.38974515	
-4.88783971662	-1698.39285534	
-4.89034912822	-1698.39595514	
-4.89285225844	-1698.39904458	
-4.89534913864	-1698.40212373	
-4.89783979995	-1698.40519262	
-4.90032427328	-1698.4082513	
-4.90280258929	-1698.41129982	
-4.90527477844	-1698.41433823	
-4.90774087093	-1698.41736657	
-4.91020089677	-1698.42038489	
-4.91265488574	-1698.42339323	
-4.91510286737	-1698.42639164	
-4.91754487103	-1698.42938017	
-4.91998092583	-1698.43235886	
-4.92241106068	-1698.43532774	
-4.92483530429	-1698.43828688	
-4.92725368516	-1698.44123631	
-4.92966623156	-1698.44417607	
-4.93207297159	-1698.44710621	
-4.93447393313	-1698.45002677	
-4.93686914386	-1698.45293779	
-4.93925863125	-1698.45583932	
-4.94164242261	-1698.4587314	
-4.94402054501	-1698.46161406	
-4.94639302537	-1698.46448736	
-4.94875989038	-1698.46735133	
-4.95112116656	-1698.47020602	
-4.95347688026	-1698.47305145	
-4.9558270576	-1698.47588769	
-4.95817172456	-1698.47871476	
-4.96051090691	-1698.4815327	
-4.96284463026	-1698.48434156	
-4.96517292002	-1698.48714138	
-4.96749580144	-1698.48993218	
-4.96981329958	-1698.49271402	
-4.97212543933	-1698.49548694	
-4.97443224543	-1698.49825096	
-4.97673374242	-1698.50100613	
-4.97902995468	-1698.50375248	
-4.98132090643	-1698.50649007	
-4.98360662171	-1698.50921891	
-4.98588712441	-1698.51193905	
-4.98816243824	-1698.51465053	
-4.99043258678	-1698.51735338	
-4.99269759341	-1698.52004764	
-4.99495748138	-1698.52273335	
-4.99721227376	-1698.52541054	
-4.9994619935	-1698.52807925	
-5.00170666335	-1698.53073951	
-5.00394630595	-1698.53339136	
-5.00618094375	-1698.53603484	
-5.00841059907	-1698.53866998	
-5.0106352941	-1698.54129682	
-5.01285505083	-1698.54391538	
-5.01506989116	-1698.54652571	
-5.01727983681	-1698.54912784	
-5.01948490937	-1698.5517218	
-5.02168513028	-1698.55430763	
-5.02388052085	-1698.55688536	
-5.02607110223	-1698.55945502	
-5.02825689545	-1698.56201665	
-5.03043792139	-1698.56457028	
-5.03261420082	-1698.56711595	
-5.03478575433	-1698.56965368	
-5.03695260241	-1698.57218351	
-5.03911476542	-1698.57470548	
-5.04127226356	-1698.5772196	
-5.04342511692	-1698.57972592	
-5.04557334546	-1698.58222447	
-5.047716969	-1698.58471528	
-5.04985600725	-1698.58719838	
-5.05199047978	-1698.5896738	
-5.05412040604	-1698.59214158	
-5.05624580535	-1698.59460174	
-5.05836669692	-1698.59705431	
-5.06048309982	-1698.59949933	
-5.06259503303	-1698.60193682	
-5.06470251537	-1698.60436682	
-5.06680556556	-1698.60678936	
-5.06890420222	-1698.60920446	
-5.07099844382	-1698.61161216	
-5.07308830874	-1698.61401248	
-5.07517381523	-1698.61640546	
-5.07725498144	-1698.61879112	
-5.07933182538	-1698.6211695	
-5.08140436498	-1698.62354062	
-5.08347261805	-1698.62590451	
-5.08553660227	-1698.62826119	
-5.08759633523	-1698.63061071	
-5.08965183441	-1698.63295308	
-5.09170311719	-1698.63528834	
-5.09375020081	-1698.63761651	
-5.09579310244	-1698.63993761	
-5.09783183913	-1698.64225169	
-5.09986642782	-1698.64455876	
-5.10189688537	-1698.64685886	
-5.10392322852	-1698.649152	
-5.1059454739	-1698.65143823	
-5.10796363806	-1698.65371755	
-5.10997773743	-1698.65599001	
-5.11198778836	-1698.65825563	
-5.11399380708	-1698.66051443	
-5.11599580975	-1698.66276644	
-5.11799381242	-1698.66501169	
-5.11998783102	-1698.6672502	
-5.12197788143	-1698.669482	
-5.1239639794	-1698.67170712	
-5.12594614061	-1698.67392557	
-5.12792438062	-1698.6761374	
-5.12989871492	-1698.67834261	
-5.13186915891	-1698.68054124	
-5.13383572788	-1698.68273332	
-5.13579843705	-1698.68491886	
-5.13775730154	-1698.68709789	
-5.13971233637	-1698.68927044	
-5.1416635565	-1698.69143654	
-5.14361097679	-1698.69359619	
-5.145554612	-1698.69574944	
-5.14749447681	-1698.69789631	
-5.14943058584	-1698.70003681	
-5.15136295359	-1698.70217098	
-5.1532915945	-1698.70429884	
-5.15521652291	-1698.7064204	
-5.15713775309	-1698.7085357	
-5.15905529921	-1698.71064476	
-5.1609691754	-1698.7127476	
-5.16287939565	-1698.71484425	
-5.16478597392	-1698.71693472	
-5.16668892407	-1698.71901905	
-5.16858825987	-1698.72109725	
-5.17048399504	-1698.72316935	
-5.17237614319	-1698.72523537	
-5.17426471788	-1698.72729533	
-5.17614973257	-1698.72934925	
-5.17803120067	-1698.73139717	
-5.1799091355	-1698.73343909	
-5.18178355029	-1698.73547505	
-5.18365445823	-1698.73750506	
-5.1855218724	-1698.73952915	
-5.18738580584	-1698.74154733	
-5.18924627149	-1698.74355964	
-5.19110328224	-1698.74556609	
-5.19295685089	-1698.7475667	
-5.19480699018	-1698.74956149	
-5.19665371277	-1698.7515505	
-5.19849703127	-1698.75353372	
-5.20033695819	-1698.7555112	
-5.202173506	-1698.75748295	
-5.20400668708	-1698.75944899	
-5.20583651375	-1698.76140934	
-5.20766299828	-1698.76336402	
-5.20948615284	-1698.76531305	
-5.21130598956	-1698.76725646	
-5.21312252048	-1698.76919426	
-5.21493575761	-1698.77112648	
-5.21674571285	-1698.77305313	
-5.21855239808	-1698.77497423	
-5.22035582508	-1698.77688981	
-5.22215600558	-1698.77879989	
-5.22395295126	-1698.78070448	
-5.22574667371	-1698.7826036	
-5.22753718449	-1698.78449728	
-5.22932449506	-1698.78638553	
-5.23110861685	-1698.78826838	
-5.23288956123	-1698.79014583	
-5.23466733947	-1698.79201792	
-5.23644196283	-1698.79388466	
-5.23821344248	-1698.79574607	
-5.23998178954	-1698.79760217	
-5.24174701506	-1698.79945298	
-5.24350913005	-1698.80129852	
-5.24526814546	-1698.8031388	
-5.24702407216	-1698.80497385	
-5.24877692099	-1698.80680368	
-5.25052670271	-1698.80862831	
-5.25227342805	-1698.81044776	
-5.25401710765	-1698.81226205	
-5.25575775213	-1698.8140712	
-5.25749537203	-1698.81587522	
-5.25922997784	-1698.81767414	
-5.26096158	-1698.81946797	
-5.2626901889	-1698.82125673	
-5.26441581487	-1698.82304044	
-5.26613846818	-1698.82481911	
-5.26785815906	-1698.82659276	
-5.26957489768	-1698.82836142	
-5.27128869416	-1698.83012509	
-5.27299955856	-1698.8318838	
-5.27470750091	-1698.83363756	
-5.27641253116	-1698.83538639	
-5.27811465923	-1698.83713031	
-5.27981389498	-1698.83886933	
-5.28151024823	-1698.84060348	
-5.28320372874	-1698.84233276	
-5.28489434622	-1698.8440572	
-5.28658211033	-1698.84577681	
-5.28826703069	-1698.84749162	
-5.28994911688	-1698.84920163	
-5.2916283784	-1698.85090686	
-5.29330482472	-1698.85260733	
-5.29497846528	-1698.85430306	
-5.29664930945	-1698.85599405	
-5.29831736655	-1698.85768034	
-5.29998264587	-1698.85936193	
-5.30164515664	-1698.86103885	
-5.30330490806	-1698.8627111	
-5.30496190927	-1698.86437871	
-5.30661616936	-1698.86604168	
-5.3082676974	-1698.86770004	
-5.30991650239	-1698.8693538	
-5.3115625933	-1698.87100298	
-5.31320597904	-1698.87264759	
-5.3148466685	-1698.87428765	
-5.3164846705	-1698.87592317	
-5.31811999384	-1698.87755417	
-5.31975264727	-1698.87918067	
-5.32138263948	-1698.88080268	
-5.32300997914	-1698.88242021	
-5.32463467487	-1698.88403329	
-5.32625673524	-1698.88564192	
-5.32787616879	-1698.88724612	
-5.32949298402	-1698.88884591	
-5.33110718937	-1698.8904413	
-5.33271879327	-1698.8920323	
-5.33432780407	-1698.89361894	
-5.33593423012	-1698.89520122	
-5.3375380797	-1698.89677917	
-5.33913936107	-1698.89835279	
-5.34073808243	-1698.8999221	
-5.34233425196	-1698.90148711	
-5.3439278778	-1698.90304785	
-5.34551896803	-1698.90460431	
-5.34710753072	-1698.90615653	
-5.34869357387	-1698.9077045	
-5.35027710548	-1698.90924826	
-5.35185813348	-1698.9107878	
-5.35343666577	-1698.91232315	
-5.35501271022	-1698.91385432	
-5.35658627467	-1698.91538132	
-5.3581573669	-1698.91690417	
-5.35972599468	-1698.91842288	
-5.36129216571	-1698.91993746	
-5.36285588769	-1698.92144793	
-5.36441716825	-1698.92295431	
-5.36597601502	-1698.9244566	
-5.36753243557	-1698.92595482	
-5.36908643744	-1698.92744898	
-5.37063802813	-1698.9289391	
-5.37218721511	-1698.93042519	
-5.37373400583	-1698.93190726	
-5.37527840768	-1698.93338533	
-5.37682042804	-1698.93485941	
-5.37836007422	-1698.93632951	
-5.37989735354	-1698.93779565	
-5.38143227326	-1698.93925784	
-5.38296484061	-1698.94071609	
-5.38449506279	-1698.94217042	
-5.38602294697	-1698.94362083	
-5.38754850028	-1698.94506735	
-5.38907172982	-1698.94650998	
-5.39059264266	-1698.94794874	
-5.39211124583	-1698.94938364	
-5.39362754635	-1698.95081469	
-5.39514155118	-1698.95224191	
-5.39665326727	-1698.9536653	
-5.39816270152	-1698.95508489	
-5.39966986081	-1698.95650068	
-5.40117475199	-1698.95791268	
-5.40267738187	-1698.95932091	
-5.40417775725	-1698.96072539	
-5.40567588487	-1698.96212611	
-5.40717177146	-1698.9635231	
-5.40866542372	-1698.96491637	
-5.4101568483	-1698.96630592	
-5.41164605186	-1698.96769178	
-5.41313304098	-1698.96907395	
-5.41461782224	-1698.97045244	
-5.4161004022	-1698.97182728	
-5.41758078737	-1698.97319846	
-5.41905898424	-1698.974566	
-5.42053499927	-1698.97592992	
-5.42200883889	-1698.97729022	
-5.4234805095	-1698.97864691	
-5.42495001748	-1698.98000002	
-5.42641736918	-1698.98134954	
-5.4278825709	-1698.9826955	
-5.42934562895	-1698.9840379	
-5.43080654959	-1698.98537675	
-5.43226533906	-1698.98671207	
-5.43372200355	-1698.98804386	
-5.43517654927	-1698.98937215	
-5.43662898235	-1698.99069693	
-5.43807930892	-1698.99201823	
-5.4395275351	-1698.99333604	
-5.44097366695	-1698.99465039	
-5.44241771052	-1698.99596129	
-5.44385967184	-1698.99726874	
-5.4452995569	-1698.99857276	
-5.44673737167	-1698.99987335	
-5.44817312209	-1699.00117054	
-5.44960681409	-1699.00246432	
-5.45103845357	-1699.00375472	
-5.45246804638	-1699.00504174	
-5.45389559837	-1699.00632538	
-5.45532111536	-1699.00760568	
-5.45674460314	-1699.00888262	
-5.45816606749	-1699.01015623	
-5.45958551414	-1699.01142652	
-5.46100294883	-1699.01269349	
-5.46241837723	-1699.01395715	
-5.46383180503	-1699.01521753	
-5.46524323786	-1699.01647462	
-5.46665268137	-1699.01772843	
-5.46806014114	-1699.01897899	
-5.46946562274	-1699.02022629	
-5.47086913175	-1699.02147036	
-5.47227067367	-1699.02271119	
-5.47367025403	-1699.0239488	
-5.47506787829	-1699.0251832	
-5.47646355193	-1699.0264144	
-5.47785728038	-1699.02764241	
-5.47924906905	-1699.02886724	
-5.48063892334	-1699.0300889	
-5.48202684862	-1699.0313074	
-5.48341285022	-1699.03252274	
-5.48479693349	-1699.03373495	
-5.48617910372	-1699.03494403	
-5.48755936619	-1699.03614999	
-5.48893772616	-1699.03735283	
-5.49031418887	-1699.03855258	
-5.49168875953	-1699.03974923	
-5.49306144334	-1699.0409428	
-5.49443224547	-1699.0421333	
-5.49580117108	-1699.04332074	
-5.49716822529	-1699.04450512	
-5.49853341322	-1699.04568647	
-5.49989673995	-1699.04686477	
-5.50125821054	-1699.04804006	
-5.50261783006	-1699.04921233	
-5.50397560352	-1699.05038159	
-5.50533153593	-1699.05154786	
-5.50668563228	-1699.05271114	
-5.50803789753	-1699.05387144	
-5.50938833663	-1699.05502878	
-5.5107369545	-1699.05618316	
-5.51208375605	-1699.05733459	
-5.51342874616	-1699.05848307	
-5.51477192971	-1699.05962863	
-5.51611331154	-1699.06077126	
-5.51745289646	-1699.06191098	
-5.51879068931	-1699.0630478	
-5.52012669485	-1699.06418172	
-5.52146091786	-1699.06531276	
-5.5227933631	-1699.06644092	
-5.52412403528	-1699.06756621	
-5.52545293913	-1699.06868864	
-5.52678007934	-1699.06980822	
-5.52810546058	-1699.07092496	
-5.52942908751	-1699.07203886	
-5.53075096477	-1699.07314994	
-5.53207109697	-1699.07425821	
-5.53338948873	-1699.07536367	
-5.53470614461	-1699.07646633	
-5.53602106919	-1699.0775662	
-5.53733426702	-1699.07866329	
-5.53864574262	-1699.07975761	
-5.5399555005	-1699.08084917	
-5.54126354516	-1699.08193796	
-5.54256988107	-1699.08302402	
-5.5438745127	-1699.08410733	
-5.54517744448	-1699.08518791	
-5.54647868084	-1699.08626577	
-5.54777822618	-1699.08734092	
-5.5490760849	-1699.08841336	
-5.55037226136	-1699.08948311	
-5.55166675992	-1699.09055017	
-5.55295958492	-1699.09161454	
-5.55425074069	-1699.09267625	
-5.55554023152	-1699.09373529	
-5.5568280617	-1699.09479167	
-5.55811423551	-1699.09584541	
-5.5593987572	-1699.09689651	
-5.56068163102	-1699.09794497	
-5.56196286117	-1699.09899081	
-5.56324245188	-1699.10003404	
-5.56452040732	-1699.10107466	
-5.56579673168	-1699.10211267	
-5.56707142911	-1699.1031481	
-5.56834450376	-1699.10418094	
-5.56961595975	-1699.10521121	
-5.57088580119	-1699.1062389	
-5.57215403218	-1699.10726404	
-5.57342065679	-1699.10828662	
-5.5746856791	-1699.10930666	
-5.57594910315	-1699.11032416	
-5.57721093297	-1699.11133913	
-5.57847117258	-1699.11235157	
-5.57972982599	-1699.11336151	
-5.58098689718	-1699.11436893	
-5.58224239012	-1699.11537386	
-5.58349630878	-1699.11637629	
-5.5847486571	-1699.11737624	
-5.585999439	-1699.11837372	
-5.5872486584	-1699.11936872	
-5.5884963192	-1699.12036126	
-5.58974242528	-1699.12135135	
-5.59098698051	-1699.12233899	
-5.59222998875	-1699.12332418	
-5.59347145384	-1699.12430695	
-5.5947113796	-1699.12528729	
-5.59594976985	-1699.12626521	
-5.59718662839	-1699.12724073	
-5.598421959	-1699.12821383	
-5.59965576545	-1699.12918454	
-5.60088805149	-1699.13015287	
-5.60211882088	-1699.13111881	
-5.60334807733	-1699.13208237	
-5.60457582457	-1699.13304357	
-5.6058020663	-1699.1340024	
-5.60702680619	-1699.13495889	
-5.60825004793	-1699.13591302	
-5.60947179518	-1699.13686482	
-5.61069205159	-1699.13781428	
-5.61191082078	-1699.13876142	
-5.61312810639	-1699.13970623	
-5.61434391201	-1699.14064874	
-5.61555824124	-1699.14158894	
-5.61677109767	-1699.14252684	
-5.61798248485	-1699.14346245	
-5.61919240636	-1699.14439577	
-5.62040086572	-1699.14532682	
-5.62160786647	-1699.1462556	
-5.62281341212	-1699.14718211	
-5.62401750619	-1699.14810636	
-5.62522015215	-1699.14902836	
-5.6264213535	-1699.14994812	
-5.62762111369	-1699.15086564	
-5.62881943618	-1699.15178093	
-5.63001632442	-1699.15269399	
-5.63121178182	-1699.15360483	
-5.63240581181	-1699.15451347	
-5.6335984178	-1699.1554199	
-5.63478960317	-1699.15632412	
-5.6359793713	-1699.15722616	
-5.63716772557	-1699.15812601	
-5.63835466933	-1699.15902369	
-5.63954020593	-1699.15991919	
-5.64072433869	-1699.16081252	
-5.64190707094	-1699.16170369	
-5.64308840598	-1699.16259271	
-5.64426834712	-1699.16347958	
-5.64544689764	-1699.16436431	
-5.64662406082	-1699.16524691	
-5.64779983991	-1699.16612738	
-5.64897423816	-1699.16700572	
-5.65014725882	-1699.16788195	
-5.65131890512	-1699.16875607	
-5.65248918027	-1699.16962808	
-5.65365808747	-1699.170498	
-5.65482562993	-1699.17136583	
-5.65599181082	-1699.17223157	
-5.65715663332	-1699.17309523	
-5.65832010058	-1699.17395681	
-5.65948221576	-1699.17481633	
-5.660642982	-1699.17567379	
-5.66180240242	-1699.17652919	
-5.66296048014	-1699.17738255	
-5.66411721826	-1699.17823386	
-5.66527261989	-1699.17908313	
-5.66642668811	-1699.17993037	
-5.66757942599	-1699.18077559	
-5.6687308366	-1699.18161879	
-5.66988092298	-1699.18245997	
-5.67102968818	-1699.18329914	
-5.67217713524	-1699.18413632	
-5.67332326717	-1699.18497149	
-5.67446808699	-1699.18580468	
-5.67561159769	-1699.18663588	
-5.67675380227	-1699.1874651	
-5.6778947037	-1699.18829235	
-5.67903430497	-1699.18911763	
-5.68017260902	-1699.18994094	
-5.6813096188	-1699.19076231	
-5.68244533727	-1699.19158172	
-5.68357976734	-1699.19239918	
-5.68471291194	-1699.19321471	
-5.68584477397	-1699.1940283	
-5.68697535634	-1699.19483997	
-5.68810466194	-1699.19564971	
-5.68923269364	-1699.19645753	
-5.69035945432	-1699.19726344	
-5.69148494685	-1699.19806745	
-5.69260917406	-1699.19886956	
-5.6937321388	-1699.19966977	
-5.69485384391	-1699.20046809	
-5.69597429221	-1699.20126452	
-5.69709348651	-1699.20205908	
-5.69821142961	-1699.20285176	
-5.69932812431	-1699.20364257	
-5.70044357339	-1699.20443153	
-5.70155777963	-1699.20521862	
-5.7026707458	-1699.20600386	
-5.70378247466	-1699.20678725	
-5.70489296894	-1699.20756881	
-5.70600223139	-1699.20834852	
-5.70711026475	-1699.20912641	
-5.70821707172	-1699.20990247	
-5.70932265503	-1699.2106767	
-5.71042701737	-1699.21144913	
-5.71153016145	-1699.21221974	
-5.71263208993	-1699.21298854	
-5.71373280551	-1699.21375555	
-5.71483231084	-1699.21452076	
-5.71593060859	-1699.21528418	
-5.71702770141	-1699.21604582	
-5.71812359193	-1699.21680567	
-5.71921828279	-1699.21756375	
-5.72031177661	-1699.21832006	
-5.72140407601	-1699.21907461	
-5.72249518359	-1699.2198274	
-5.72358510195	-1699.22057843	
-5.72467383369	-1699.22132771	
-5.72576138137	-1699.22207525	
-5.72684774759	-1699.22282104	
-5.72793293489	-1699.22356511	
-5.72901694583	-1699.22430744	
-5.73009978297	-1699.22504805	
-5.73118144884	-1699.22578693	
-5.73226194598	-1699.2265241	
-5.7333412769	-1699.22725956	
-5.73441944412	-1699.22799332	
-5.73549645015	-1699.22872537	
-5.73657229748	-1699.22945573	
-5.73764698861	-1699.23018439	
-5.73872052602	-1699.23091137	
-5.73979291218	-1699.23163667	
-5.74086414956	-1699.23236029	
-5.74193424062	-1699.23308224	
-5.74300318781	-1699.23380251	
-5.74407099357	-1699.23452113	
-5.74513766034	-1699.23523809	
-5.74620319054	-1699.23595339	
-5.7472675866	-1699.23666705	
-5.74833085092	-1699.23737906	
-5.74939298591	-1699.23808942	
-5.75045399397	-1699.23879816	
-5.75151387748	-1699.23950526	
-5.75257263883	-1699.24021074	
-5.75363028038	-1699.24091459	
-5.75468680452	-1699.24161683	
-5.75574221359	-1699.24231746	
-5.75679650994	-1699.24301648	
-5.75784969593	-1699.24371389	
-5.75890177388	-1699.2444097	
-5.75995274612	-1699.24510392	
-5.76100261499	-1699.24579655	
-5.76205138278	-1699.24648759	
-5.76309905181	-1699.24717706	
-5.76414562438	-1699.24786494	
-5.76519110278	-1699.24855125	
-5.7662354893	-1699.24923599	
-5.76727878622	-1699.24991917	
-5.76832099579	-1699.25060079	
-5.7693621203	-1699.25128086	
-5.770402162	-1699.25195937	
-5.77144112313	-1699.25263634	
-5.77247900594	-1699.25331176	
-5.77351581267	-1699.25398565	
-5.77455154554	-1699.254658	
-5.77558620679	-1699.25532882	
-5.77661979861	-1699.25599812	
-5.77765232322	-1699.25666589	
-5.77868378283	-1699.25733215	
-5.77971417962	-1699.2579969	
-5.78074351579	-1699.25866013	
-5.78177179352	-1699.25932187	
-5.78279901497	-1699.2599821	
-5.78382518233	-1699.26064083	
-5.78485029774	-1699.26129808	
-5.78587436337	-1699.26195383	
-5.78689738137	-1699.2626081	
-5.78791935386	-1699.2632609	
-5.788940283	-1699.26391221	
-5.7899601709	-1699.26456206	
-5.79097901969	-1699.26521043	
-5.79199683148	-1699.26585734	
-5.79301360838	-1699.2665028	
-5.7940293525	-1699.2671468	
-5.79504406593	-1699.26778934	
-5.79605775077	-1699.26843044	
-5.79707040908	-1699.26907009	
-5.79808204295	-1699.26970831	
-5.79909265446	-1699.27034509	
-5.80010224566	-1699.27098044	
-5.80111081862	-1699.27161436	
-5.80211837538	-1699.27224685	
-5.80312491799	-1699.27287793	
-5.80413044849	-1699.27350758	
-5.80513496892	-1699.27413583	
-5.80613848129	-1699.27476267	
-5.80714098764	-1699.2753881	
-5.80814248998	-1699.27601213	
-5.80914299031	-1699.27663477	
