#Site	lnL	
0	-1.8742140377
1	-7.10000337644
2	-18.5549594165
3	-1.5476189373
4	-8.60259786852
5	-1.26675955467
6	-1.74820902127
7	-1.82987140951
8	-1.32965152014
9	-1.8742140377
10	-6.15777923089
11	-1.32965152014
12	-1.8742140377
13	-6.19186672796
14	-1.26675955467
15	-1.8742140377
16	-1.82987140951
17	-1.43976378577
18	-8.12579541037
19	-7.10000337644
20	-1.56267269681
21	-1.60726512019
22	-4.90204332796
23	-1.32965152014
24	-1.5476189373
25	-1.82987140951
26	-8.60087965896
27	-4.64034297952
28	-10.0478560237
29	-1.43976378577
30	-1.5476189373
31	-1.99573377594
32	-8.60056259789
33	-1.8742140377
34	-1.82987140951
35	-1.26675955467
36	-1.8742140377
37	-1.772246078
38	-1.43976378577
39	-1.74820902127
40	-1.82987140951
41	-1.56267269681
42	-1.5476189373
43	-4.30559218529
44	-1.56267269681
45	-1.5476189373
46	-2.1250319294
47	-1.56267269681
48	-7.41433018016
49	-1.99573377594
50	-1.32965152014
51	-7.21843142974
52	-1.772246078
53	-22.2237921361
54	-1.60726512019
55	-12.9940644189
56	-1.32965152014
57	-1.60726512019
58	-1.772246078
59	-13.0031941194
60	-8.65657201546
61	-1.772246078
62	-1.26675955467
63	-5.22987500545
64	-6.15777923089
65	-1.26675955467
66	-1.5476189373
67	-4.08591937846
68	-1.56267269681
69	-5.89905510232
70	-1.772246078
71	-9.27166266559
72	-1.5476189373
73	-1.99573377594
74	-1.56267269681
75	-1.5476189373
76	-7.02839389659
77	-12.2140990804
78	-1.60726512019
79	-1.99573377594
80	-9.85286907445
81	-4.45798377985
82	-2.1250319294
83	-12.1375670047
84	-1.5476189373
85	-1.99573377594
86	-1.32965152014
87	-1.60726512019
88	-4.83838129408
89	-11.3827223726
90	-7.48035427906
91	-6.81433953395
92	-20.2109191664
93	-1.74820902127
94	-1.82987140951
95	-10.5850542445
96	-1.74820902127
97	-5.07090570022
98	-8.41479931796
99	-4.47579660723
100	-1.99573377594
101	-8.41479931796
102	-5.10209443172
103	-9.18524134036
104	-9.9128371774
105	-1.5476189373
106	-1.772246078
107	-1.26675955467
108	-4.64034297952
109	-1.82987140951
110	-12.1541351818
111	-1.60726512019
112	-1.82987140951
113	-11.6901708305
114	-1.74820902127
115	-2.1250319294
116	-1.26675955467
117	-1.60726512019
118	-1.82987140951
119	-9.05595492114
120	-1.60726512019
121	-1.99573377594
122	-11.3827223726
123	-1.5476189373
124	-7.10000337644
125	-20.8423506731
126	-1.5476189373
127	-1.99573377594
128	-10.5850542445
129	-1.8742140377
130	-2.1250319294
131	-1.26675955467
132	-1.74820902127
133	-1.99573377594
134	-11.2097775117
135	-1.60726512019
136	-9.00448499385
137	-1.43976378577
138	-1.74820902127
139	-2.1250319294
140	-16.9513989943
141	-1.8742140377
142	-7.73852970648
143	-1.56267269681
144	-4.45798377985
145	-1.772246078
146	-1.32965152014
147	-12.4614151914
148	-4.86608251451
149	-1.56267269681
150	-1.5476189373
151	-1.82987140951
152	-9.9131947885
153	-5.96153676055
154	-1.82987140951
155	-1.56267269681
156	-1.60726512019
157	-7.03895169507
158	-10.0857637245
159	-1.60726512019
160	-1.99573377594
161	-1.26675955467
162	-5.87379703725
163	-1.772246078
164	-1.26675955467
165	-1.8742140377
166	-1.772246078
167	-17.8577071413
168	-1.74820902127
169	-7.34128305669
170	-1.26675955467
171	-1.74820902127
172	-1.82987140951
173	-1.32965152014
174	-1.8742140377
175	-7.34128305669
176	-1.32965152014
177	-5.93636381664
178	-7.24344560273
179	-1.26675955467
180	-1.5476189373
181	-1.99573377594
182	-26.077112334
183	-1.74820902127
184	-1.99573377594
185	-1.32965152014
186	-1.5476189373
187	-1.772246078
188	-1.26675955467
189	-5.87379703725
190	-4.08591937846
191	-1.26675955467
192	-5.96153676055
193	-7.27234518648
194	-1.43976378577
195	-1.60726512019
196	-5.59333240714
197	-16.1982084126
198	-1.8742140377
199	-1.82987140951
200	-1.32965152014
201	-1.74820902127
202	-2.1250319294
203	-1.56267269681
204	-7.76400215585
205	-1.772246078
206	-1.26675955467
207	-1.8742140377
208	-1.82987140951
209	-17.9109252706
210	-1.74820902127
211	-1.99573377594
212	-1.43976378577
213	-1.74820902127
214	-1.82987140951
215	-1.56267269681
216	-1.5476189373
217	-1.82987140951
218	-1.56267269681
219	-1.60726512019
220	-1.772246078
221	-8.41479931796
222	-1.5476189373
223	-1.82987140951
224	-10.0857947842
225	-1.5476189373
226	-8.60259786852
227	-1.43976378577
228	-1.5476189373
229	-1.82987140951
230	-16.0274738458
231	-1.74820902127
232	-4.91130507108
233	-1.32965152014
234	-1.60726512019
235	-1.82987140951
236	-1.56267269681
237	-5.89905510232
238	-1.772246078
239	-1.32965152014
240	-1.8742140377
241	-4.63355810837
242	-1.56267269681
243	-1.74820902127
244	-2.1250319294
245	-1.43976378577
246	-1.74820902127
247	-2.1250319294
248	-9.9131947885
249	-1.60726512019
250	-1.82987140951
251	-16.8451482525
252	-1.5476189373
253	-2.1250319294
254	-1.26675955467
255	-5.7038394105
256	-1.99573377594
257	-1.43976378577
258	-1.74820902127
259	-1.82987140951
260	-1.43976378577
261	-5.70119704152
262	-1.772246078
263	-1.32965152014
264	-1.60726512019
265	-1.82987140951
266	-9.24211957063
267	-1.5476189373
268	-1.772246078
269	-11.517608068
270	-11.0531932402
271	-1.82987140951
272	-1.43976378577
273	-1.5476189373
274	-1.82987140951
275	-1.56267269681
276	-1.5476189373
277	-1.82987140951
278	-1.43976378577
279	-1.60726512019
280	-5.4827912173
281	-1.43976378577
282	-1.5476189373
283	-1.99573377594
284	-1.32965152014
285	-1.5476189373
286	-1.82987140951
287	-9.85323931836
288	-1.74820902127
289	-4.26582907339
290	-1.56267269681
291	-1.5476189373
292	-1.99573377594
293	-16.0274738458
294	-1.74820902127
295	-4.83838129408
296	-9.24171780366
297	-1.60726512019
298	-4.30559218529
299	-1.56267269681
300	-1.74820902127
301	-4.83838129408
302	-1.32965152014
303	-1.8742140377
304	-1.772246078
305	-16.2764631819
306	-9.37558879622
307	-5.07464332369
308	-11.356852655
309	-1.60726512019
310	-2.1250319294
311	-1.32965152014
312	-4.47579660723
313	-1.99573377594
314	-22.9803739284
315	-4.66224375147
316	-6.95053400755
317	-9.68031277126
318	-7.42971636823
319	-4.73095523849
320	-1.56267269681
321	-1.60726512019
322	-6.89050193109
323	-9.68026907872
324	-5.87379703725
325	-1.99573377594
326	-1.32965152014
327	-4.64034297952
328	-1.82987140951
329	-26.2199067563
330	-1.5476189373
331	-1.82987140951
332	-1.26675955467
333	-1.60726512019
334	-2.1250319294
335	-26.4269808779
336	-1.8742140377
337	-1.772246078
338	-17.9630800562
339	-1.5476189373
340	-1.82987140951
341	-8.41479931796
342	-5.03735246685
343	-2.1250319294
344	-12.3233319066
345	-4.45798377985
346	-1.772246078
347	-9.05595492114
348	-1.5476189373
349	-4.77213320591
350	-1.43976378577
351	-1.5476189373
352	-8.36702735413
353	-1.26675955467
354	-1.74820902127
355	-5.4827912173
356	-1.43976378577
357	-1.5476189373
358	-4.77213320591
359	-9.05628184962
360	-1.5476189373
361	-1.99573377594
362	-8.41479931796
363	-5.12473953293
364	-1.772246078
365	-9.03882242933
366	-1.5476189373
367	-1.99573377594
368	-1.43976378577
369	-1.74820902127
370	-1.82987140951
371	-1.32965152014
372	-1.8742140377
373	-1.99573377594
374	-12.1541351818
375	-4.64034297952
376	-1.772246078
377	-1.26675955467
378	-1.74820902127
379	-4.91130507108
380	-9.05595492114
381	-1.5476189373
382	-2.1250319294
383	-1.26675955467
384	-1.8742140377
385	-1.82987140951
386	-1.43976378577
387	-7.49830370806
388	-4.62988387382
389	-1.26675955467
390	-1.8742140377
391	-1.772246078
392	-1.32965152014
393	-1.60726512019
394	-2.1250319294
395	-1.32965152014
396	-1.8742140377
397	-8.75803899254
398	-1.26675955467
399	-1.5476189373
400	-1.772246078
401	-8.60087965896
402	-1.74820902127
403	-1.82987140951
404	-1.43976378577
405	-9.19083039542
406	-1.82987140951
407	-1.26675955467
408	-1.8742140377
409	-1.772246078
410	-16.5064868237
411	-1.74820902127
412	-4.73095523849
413	-1.56267269681
414	-1.8742140377
415	-4.91130507108
416	-1.26675955467
417	-1.60726512019
418	-8.10604072686
419	-1.43976378577
420	-1.60726512019
421	-1.82987140951
422	-1.26675955467
423	-5.12473953293
424	-1.99573377594
425	-10.0857637245
426	-5.31242517388
427	-10.3914310323
428	-1.43976378577
429	-7.61884246121
430	-9.22993379686
431	-1.56267269681
432	-1.60726512019
433	-2.1250319294
434	-1.56267269681
435	-1.74820902127
436	-1.772246078
437	-1.32965152014
438	-1.8742140377
439	-4.30559218529
440	-1.32965152014
441	-9.0734443758
442	-1.82987140951
443	-9.68031277126
444	-1.60726512019
445	-7.34128305669
446	-1.43976378577
447	-1.74820902127
448	-6.95053400755
449	-9.9131947885
450	-1.5476189373
451	-5.76593240287
452	-1.43976378577
453	-1.5476189373
454	-14.2087655482
455	-8.60056259789
456	-1.5476189373
457	-4.08591937846
458	-10.6604154599
459	-1.8742140377
460	-5.54695443773
461	-1.32965152014
462	-1.60726512019
463	-1.772246078
464	-10.845788532
465	-1.8742140377
466	-1.772246078
467	-9.05628184962
468	-5.12473953293
469	-2.1250319294
470	-1.26675955467
