#Site	lnL	
0	-1.869414656
1	-5.28423456093
2	-4.69515884288
3	-9.66162760982
4	-1.73582924139
5	-3.77574152207
6	-1.49626768186
7	-7.87563678273
8	-4.69515884288
9	-7.52356413461
10	-1.73582924139
11	-8.0294383498
12	-1.70878178584
13	-4.23764638845
14	-4.69515884288
15	-1.869414656
16	-1.97571236335
17	-3.77574152207
18	-1.70878178584
19	-6.68682526536
20	-7.41094909874
21	-6.57248153674
22	-8.70712627066
23	-7.17192716071
24	-1.71164288295
25	-6.57249773312
26	-3.77574152207
27	-1.71164288295
28	-1.97246962268
29	-4.27035314601
30	-1.49626768186
31	-1.97571236335
32	-4.26338924653
33	-1.869414656
34	-1.73582924139
35	-6.93402089776
36	-1.71164288295
37	-6.57249773312
38	-4.27035314601
39	-5.42557580453
40	-1.97571236335
41	-4.26338924653
42	-1.70878178584
43	-7.41259839656
44	-4.26338924653
45	-1.49626768186
46	-1.73582924139
47	-4.82552154747
48	-6.36467316911
49	-2.16013543509
50	-7.73643722452
51	-1.49626768186
52	-1.97246962268
53	-4.27035314601
54	-1.71164288295
55	-1.73582924139
56	-4.27035314601
57	-1.869414656
58	-6.79281884226
59	-3.77574152207
60	-1.49626768186
61	-1.73582924139
62	-4.26338924653
63	-8.21712815606
64	-2.16013543509
65	-6.46884368914
66	-1.869414656
67	-7.62316177891
68	-4.27035314601
69	-6.3361958504
70	-1.73582924139
71	-3.77574152207
72	-5.76105167351
73	-9.1000252995
74	-4.27035314601
75	-1.869414656
76	-2.16013543509
77	-4.26338924653
78	-1.869414656
79	-1.73582924139
80	-7.66722191286
81	-1.869414656
82	-1.73582924139
83	-3.77574152207
84	-7.15556270189
85	-1.97246962268
86	-4.27035314601
87	-7.11807783447
88	-11.0464030957
89	-6.46884368914
90	-1.70878178584
91	-1.97571236335
92	-4.26338924653
93	-7.18144343091
94	-1.97246962268
95	-4.82256199583
96	-1.49626768186
97	-1.97246962268
98	-3.77574152207
99	-1.71164288295
100	-9.41888237003
101	-6.77855719638
102	-1.49626768186
103	-2.16013543509
104	-4.27035314601
105	-1.71164288295
106	-5.98077452868
107	-5.324786012
108	-1.70878178584
109	-4.21922279867
110	-4.26338924653
111	-1.49626768186
112	-4.14393851204
113	-3.77574152207
114	-8.35825333671
115	-4.9788471737
116	-4.82012652852
117	-1.70878178584
118	-4.14393851204
119	-3.77574152207
120	-6.27990327108
121	-1.97246962268
122	-6.77855719638
123	-7.93944616997
124	-6.63999376173
125	-4.26338924653
126	-1.869414656
127	-1.73582924139
128	-3.77574152207
129	-7.11807783447
130	-1.97246962268
131	-4.26338924653
132	-1.70878178584
133	-1.73582924139
134	-4.26338924653
135	-1.869414656
136	-5.98156956995
137	-4.26338924653
138	-1.49626768186
139	-2.16013543509
140	-7.25257462748
141	-1.70878178584
142	-6.67418650292
143	-4.26338924653
144	-1.70878178584
145	-7.87563678273
146	-8.68810592368
147	-6.9135146072
148	-5.98077452868
149	-4.69515884288
150	-1.70878178584
151	-2.16013543509
152	-7.51956372225
153	-5.42828654465
154	-13.9773143927
155	-4.27035314601
156	-1.71164288295
157	-1.97571236335
158	-3.77574152207
159	-1.869414656
160	-1.97246962268
161	-5.0140220726
162	-1.70878178584
163	-5.29785621708
164	-4.26338924653
165	-1.71164288295
166	-5.98077452868
167	-3.77574152207
168	-1.71164288295
169	-6.74208060997
170	-3.77574152207
171	-1.869414656
172	-4.94576726124
173	-3.77574152207
174	-1.869414656
175	-1.73582924139
176	-7.30104555693
177	-7.12224817859
178	-2.16013543509
179	-4.82256199583
180	-1.71164288295
181	-2.16013543509
182	-4.27035314601
183	-1.49626768186
184	-1.97246962268
185	-4.43501734366
186	-1.49626768186
187	-6.13200682276
188	-4.26338924653
189	-1.49626768186
190	-5.98156956995
191	-3.77574152207
192	-6.3361958504
193	-5.97864911409
194	-6.41863124424
195	-1.71164288295
196	-4.14393851204
197	-4.69515884288
198	-1.71164288295
199	-4.981800781
200	-4.43501734366
201	-1.70878178584
202	-1.73582924139
203	-4.27035314601
204	-1.70878178584
205	-1.73582924139
206	-4.27035314601
207	-1.70878178584
208	-2.16013543509
209	-4.27035314601
210	-6.3361958504
211	-6.62730476151
212	-4.26338924653
213	-1.869414656
214	-1.97246962268
215	-3.77574152207
216	-1.71164288295
217	-7.59492383374
218	-4.27035314601
219	-1.71164288295
220	-4.981800781
221	-4.27035314601
222	-7.17860252215
223	-6.79151703206
224	-4.27035314601
225	-1.70878178584
226	-6.78831255173
227	-4.69515884288
228	-1.49626768186
229	-6.57249773312
230	-4.43501734366
231	-7.08823036522
232	-2.16013543509
233	-5.00873057592
234	-1.869414656
235	-5.39061650327
236	-4.26338924653
237	-1.70878178584
238	-2.16013543509
239	-4.67979761558
240	-1.869414656
241	-1.97246962268
242	-7.25564617523
243	-1.49626768186
244	-6.69380296623
245	-4.69515884288
246	-1.869414656
247	-7.52789339234
248	-4.27035314601
249	-1.71164288295
250	-7.50781669844
251	-4.26338924653
252	-5.76621268168
253	-7.1588118692
254	-5.79172548749
255	-1.71164288295
256	-5.97864911409
257	-6.4142695576
258	-1.49626768186
259	-6.74208060997
260	-5.52041890359
261	-1.70878178584
262	-1.97571236335
263	-10.6704146586
264	-1.70878178584
265	-1.97571236335
266	-4.69515884288
267	-1.71164288295
268	-1.73582924139
269	-4.26338924653
270	-1.49626768186
271	-4.23708463147
272	-7.7340017572
273	-8.66887102812
274	-4.94576726124
275	-4.69515884288
276	-5.76348714083
277	-1.73582924139
278	-4.26338924653
279	-1.49626768186
280	-7.90212995925
281	-3.77574152207
282	-1.49626768186
283	-1.73582924139
284	-4.43501734366
285	-1.70878178584
286	-5.33130021902
287	-6.85292316461
288	-1.869414656
289	-2.16013543509
290	-4.27035314601
291	-1.70878178584
292	-6.79372593608
293	-4.27035314601
294	-6.36467316911
295	-2.16013543509
296	-4.26338924653
297	-1.70878178584
298	-1.97246962268
299	-4.27035314601
300	-4.60886456314
301	-1.73582924139
302	-4.69515884288
303	-1.49626768186
304	-1.97246962268
305	-3.77574152207
306	-1.869414656
307	-6.62730476151
308	-4.26338924653
309	-1.49626768186
310	-4.94576726124
311	-3.77574152207
312	-8.29936478475
313	-1.73582924139
314	-4.69515884288
315	-1.70878178584
316	-1.73582924139
317	-5.0140220726
318	-1.71164288295
319	-4.23708463147
320	-4.26338924653
321	-1.869414656
322	-7.53106886215
323	-3.77574152207
324	-5.42557580453
325	-1.73582924139
326	-4.69515884288
327	-1.49626768186
328	-1.97571236335
329	-9.78747752256
330	-1.869414656
331	-1.97571236335
332	-3.77574152207
333	-1.71164288295
334	-11.2267046602
335	-3.77574152207
336	-5.76348714083
337	-7.90212995925
338	-7.8220647208
339	-1.70878178584
340	-6.67418650292
341	-3.77574152207
342	-4.64545853945
343	-2.16013543509
344	-4.26338924653
345	-1.71164288295
346	-1.73582924139
347	-4.67979761558
348	-10.1545047407
349	-2.16013543509
350	-4.27035314601
351	-1.869414656
352	-1.97571236335
353	-6.93402089776
354	-1.71164288295
355	-2.16013543509
356	-4.27035314601
357	-1.869414656
358	-5.98156956995
359	-4.69515884288
360	-7.0294367031
361	-2.16013543509
362	-6.41863124424
363	-7.95127469446
364	-1.97571236335
365	-8.98740886422
366	-1.869414656
367	-1.97246962268
368	-4.27035314601
369	-1.70878178584
370	-4.23764638845
371	-6.06380393927
372	-1.49626768186
373	-10.4680845885
374	-4.27035314601
375	-1.49626768186
376	-1.73582924139
377	-4.27035314601
378	-1.71164288295
379	-1.97571236335
380	-4.69515884288
381	-1.70878178584
382	-7.50781669844
383	-4.26338924653
384	-1.71164288295
385	-1.73582924139
386	-11.1772965446
387	-1.49626768186
388	-5.38552440696
389	-6.64430482252
390	-7.11695815328
391	-2.16013543509
392	-8.13394153697
393	-1.869414656
394	-1.97246962268
395	-3.77574152207
396	-1.869414656
397	-4.23708463147
398	-3.77574152207
399	-1.71164288295
400	-1.97571236335
401	-9.57219924797
402	-1.49626768186
403	-5.97864911409
404	-4.68272104954
405	-7.11807783447
406	-1.73582924139
407	-4.82012652852
408	-1.71164288295
409	-1.73582924139
410	-4.26338924653
411	-7.93095143708
412	-2.16013543509
413	-6.4142695576
414	-8.2968824727
415	-2.16013543509
416	-4.27035314601
417	-1.70878178584
418	-2.16013543509
419	-3.77574152207
420	-1.869414656
421	-1.97571236335
422	-6.8652231764
423	-1.49626768186
424	-1.97571236335
425	-4.27035314601
426	-1.70878178584
427	-8.84775001366
428	-4.69515884288
429	-7.18143671971
430	-8.00551832885
431	-4.27035314601
432	-6.36467316911
433	-1.73582924139
434	-5.91083629521
435	-1.49626768186
436	-1.73582924139
437	-4.69515884288
438	-7.08823036522
439	-1.73582924139
440	-9.57219924797
441	-1.49626768186
442	-1.73582924139
443	-6.94511111415
444	-1.70878178584
445	-11.3370387728
446	-4.82552154747
447	-4.568422876
448	-1.73582924139
449	-3.77574152207
450	-1.71164288295
451	-1.73582924139
452	-3.77574152207
453	-5.76581427649
454	-2.16013543509
455	-4.69515884288
456	-1.71164288295
457	-1.97246962268
458	-4.26338924653
459	-7.15312723457
460	-9.22019412131
461	-3.77574152207
462	-1.71164288295
463	-1.73582924139
464	-9.99662979673
465	-1.70878178584
466	-13.4221535415
467	-6.70250213645
468	-1.49626768186
469	-1.97246962268
470	-6.78490713783
