#Site	lnL	
0	-5.27705864134
1	-4.95689054812
2	-1.90450582478
3	-1.90748147124
4	-2.11650557546
5	-10.8748445613
6	-4.94705771741
7	-2.11650557546
8	-2.10742654439
9	-2.06165508783
10	-2.24306746891
11	-6.30963802413
12	-1.94539395855
13	-2.07265024562
14	-5.86539066902
15	-5.25082048113
16	-7.25397757186
17	-1.90450582478
18	-4.90274435336
19	-5.61239280649
20	-6.92564153894
21	-2.15190883738
22	-2.3382798181
23	-2.10742654439
24	-1.90748147124
25	-9.25803251664
26	-6.30963802413
27	-2.06165508783
28	-2.07265024562
29	-2.01833062981
30	-5.20278975525
31	-2.3382798181
32	-2.10742654439
33	-2.06165508783
34	-2.3382798181
35	-5.3376174124
36	-1.94539395855
37	-2.11650557546
38	-2.10742654439
39	-2.15190883738
40	-5.97796673726
41	-6.41035126952
42	-9.00993084774
43	-7.45449063199
44	-5.86539066902
45	-2.06165508783
46	-2.11650557546
47	-1.86801349856
48	-2.06165508783
49	-2.07265024562
50	-8.05815305917
51	-5.8233431062
52	-7.79218978048
53	-6.98532870072
54	-1.90748147124
55	-5.54213057236
56	-2.10742654439
57	-1.94539395855
58	-8.77970084317
59	-2.01833062981
60	-1.94539395855
61	-14.3222568804
62	-2.10742654439
63	-1.90748147124
64	-2.3382798181
65	-2.01833062981
66	-1.90748147124
67	-2.11650557546
68	-1.86801349856
69	-2.15190883738
70	-9.20189525164
71	-2.01833062981
72	-1.94539395855
73	-5.54380397315
74	-2.01833062981
75	-2.15190883738
76	-2.11650557546
77	-5.9904877228
78	-7.5537619427
79	-2.07265024562
80	-7.70185760853
81	-1.90748147124
82	-2.11650557546
83	-1.90450582478
84	-5.21551851726
85	-2.07265024562
86	-6.9464208635
87	-1.94539395855
88	-6.39255513398
89	-6.72504768361
90	-4.92125842889
91	-6.7468401679
92	-5.83799571313
93	-2.06165508783
94	-2.11650557546
95	-12.3541949576
96	-1.90748147124
97	-2.07265024562
98	-1.90450582478
99	-1.90748147124
100	-4.69412406241
101	-2.10742654439
102	-2.06165508783
103	-4.66693310376
104	-2.01833062981
105	-5.8233431062
106	-2.3382798181
107	-1.90450582478
108	-2.15190883738
109	-2.07265024562
110	-2.01833062981
111	-5.27705864134
112	-5.85321511172
113	-9.9292830519
114	-2.06165508783
115	-6.6097847591
116	-1.90450582478
117	-2.06165508783
118	-7.45449063199
119	-2.10742654439
120	-1.90748147124
121	-2.24306746891
122	-1.90450582478
123	-8.5931515419
124	-2.3382798181
125	-1.90450582478
126	-4.92125842889
127	-5.61239280649
128	-1.86801349856
129	-8.37598321269
130	-4.70632120758
131	-7.66698739827
132	-1.90748147124
133	-2.11650557546
134	-6.72504768361
135	-2.06165508783
136	-10.18250026
137	-1.90450582478
138	-5.21551851726
139	-2.11650557546
140	-7.03763161332
141	-2.06165508783
142	-2.24306746891
143	-8.67395213183
144	-6.20812674053
145	-4.95689054812
146	-6.90833762375
147	-1.94539395855
148	-4.95689054812
149	-1.86801349856
150	-1.94539395855
151	-4.66693310376
152	-2.01833062981
153	-2.15190883738
154	-5.03973746781
155	-2.10742654439
156	-2.06165508783
157	-2.11650557546
158	-5.3376174124
159	-13.6417415533
160	-2.3382798181
161	-5.36101591564
162	-1.90748147124
163	-6.6097847591
164	-6.19845920602
165	-5.8233431062
166	-7.23375856761
167	-5.03187084044
168	-6.78352327366
169	-4.66693310376
170	-1.86801349856
171	-2.15190883738
172	-2.24306746891
173	-5.9904877228
174	-1.90748147124
175	-2.24306746891
176	-2.10742654439
177	-2.06165508783
178	-2.3382798181
179	-6.71501221815
180	-6.78352327366
181	-2.24306746891
182	-5.3376174124
183	-5.78339960731
184	-2.3382798181
185	-1.86801349856
186	-2.06165508783
187	-2.24306746891
188	-5.03187084044
189	-1.94539395855
190	-2.24306746891
191	-5.06570934906
192	-1.94539395855
193	-6.09905211893
194	-2.01833062981
195	-11.8081363368
196	-5.61239280649
197	-1.86801349856
198	-8.58861394698
199	-2.3382798181
200	-1.90450582478
201	-1.94539395855
202	-2.24306746891
203	-5.00280557377
204	-1.90748147124
205	-2.24306746891
206	-6.83703775798
207	-2.06165508783
208	-2.07265024562
209	-6.9464208635
210	-14.693762619
211	-2.3382798181
212	-1.86801349856
213	-5.79320472612
214	-2.07265024562
215	-8.19944088765
216	-2.15190883738
217	-2.07265024562
218	-1.90450582478
219	-2.06165508783
220	-2.24306746891
221	-1.90450582478
222	-8.09871829161
223	-2.07265024562
224	-2.01833062981
225	-1.94539395855
226	-2.24306746891
227	-6.41035126952
228	-2.15190883738
229	-6.66494804633
230	-8.10190412541
231	-2.06165508783
232	-2.11650557546
233	-6.95064954437
234	-2.06165508783
235	-8.95414584731
236	-1.90450582478
237	-1.90748147124
238	-2.07265024562
239	-2.10742654439
240	-2.15190883738
241	-2.24306746891
242	-2.01833062981
243	-1.94539395855
244	-4.76232243538
245	-5.2888441195
246	-2.06165508783
247	-2.07265024562
248	-1.90450582478
249	-2.15190883738
250	-2.3382798181
251	-2.01833062981
252	-1.90748147124
253	-2.11650557546
254	-1.90450582478
255	-6.82620498202
256	-9.95031627947
257	-2.01833062981
258	-2.15190883738
259	-5.51480271919
260	-1.90450582478
261	-6.85996117284
262	-2.24306746891
263	-1.90450582478
264	-7.69837373732
265	-4.70632120758
266	-1.90450582478
267	-6.22388372654
268	-4.66693310376
269	-2.10742654439
270	-1.94539395855
271	-2.07265024562
272	-1.90450582478
273	-6.88000663854
274	-9.95031627947
275	-1.90450582478
276	-1.94539395855
277	-2.07265024562
278	-1.90450582478
279	-1.90748147124
280	-2.3382798181
281	-1.90450582478
282	-1.94539395855
283	-2.11650557546
284	-6.19845920602
285	-2.06165508783
286	-2.3382798181
287	-1.90450582478
288	-6.95697408964
289	-2.3382798181
290	-5.36101591564
291	-9.86248636173
292	-7.96796461654
293	-5.36101591564
294	-1.90748147124
295	-4.66693310376
296	-6.30963802413
297	-2.15190883738
298	-2.07265024562
299	-10.9924770207
300	-2.15190883738
301	-5.87560954182
302	-5.90098540054
303	-5.79320472612
304	-2.07265024562
305	-8.01472325046
306	-1.94539395855
307	-8.50817239934
308	-5.83799571313
309	-5.78314350553
310	-4.69412406241
311	-6.9464208635
312	-2.15190883738
313	-2.24306746891
314	-6.72504768361
315	-1.94539395855
316	-6.73328253336
317	-13.3899433785
318	-2.06165508783
319	-2.07265024562
320	-2.01833062981
321	-2.06165508783
322	-2.24306746891
323	-1.90450582478
324	-2.06165508783
325	-2.07265024562
326	-2.01833062981
327	-2.06165508783
328	-2.24306746891
329	-6.95854519765
330	-2.15190883738
331	-2.11650557546
332	-1.90450582478
333	-9.57193449532
334	-2.11650557546
335	-1.90450582478
336	-2.06165508783
337	-6.59030224571
338	-2.10742654439
339	-10.2050205766
340	-6.39255513398
341	-1.90450582478
342	-2.06165508783
343	-2.07265024562
344	-12.1423515103
345	-1.94539395855
346	-6.65187864571
347	-11.0015647849
348	-2.06165508783
349	-2.11650557546
350	-1.90450582478
351	-1.94539395855
352	-9.08949644758
353	-1.86801349856
354	-1.94539395855
355	-6.73411537143
356	-2.10742654439
357	-4.92125842889
358	-2.07265024562
359	-2.01833062981
360	-4.94705771741
361	-2.11650557546
362	-1.86801349856
363	-2.06165508783
364	-2.07265024562
365	-5.36101591564
366	-6.10863302507
367	-5.55270841693
368	-6.29564328501
369	-1.90748147124
370	-5.87560954182
371	-2.01833062981
372	-1.90748147124
373	-4.97521685495
374	-2.10742654439
375	-2.15190883738
376	-4.66693310376
377	-6.19666693413
378	-2.06165508783
379	-2.07265024562
380	-5.00280557377
381	-2.15190883738
382	-4.95689054812
383	-6.29564328501
384	-1.90748147124
385	-2.11650557546
386	-5.3376174124
387	-1.90748147124
388	-5.86103774071
389	-5.88032541589
390	-6.22388372654
391	-5.85321511172
392	-1.86801349856
393	-11.3000310168
394	-2.07265024562
395	-1.90450582478
396	-2.15190883738
397	-6.73411537143
398	-2.10742654439
399	-6.82620498202
400	-7.34512207694
401	-1.86801349856
402	-2.06165508783
403	-2.11650557546
404	-1.90450582478
405	-1.94539395855
406	-2.24306746891
407	-1.86801349856
408	-5.25082048113
409	-2.3382798181
410	-5.06570934906
411	-1.90748147124
412	-5.00192885101
413	-10.8044474486
414	-1.90748147124
415	-4.95689054812
416	-2.01833062981
417	-2.06165508783
418	-2.11650557546
419	-6.30963802413
420	-6.78352327366
421	-6.07545416971
422	-2.01833062981
423	-1.94539395855
424	-5.55270841693
425	-1.90450582478
426	-1.90748147124
427	-5.00192885101
428	-1.90450582478
429	-2.15190883738
430	-2.07265024562
431	-2.10742654439
432	-7.95698046559
433	-2.11650557546
434	-2.01833062981
435	-2.06165508783
436	-9.03129089512
437	-2.01833062981
438	-1.90748147124
439	-5.54213057236
440	-1.86801349856
441	-2.15190883738
442	-6.48751665616
443	-6.41035126952
444	-1.94539395855
445	-2.24306746891
446	-4.98636966133
447	-2.06165508783
448	-6.66494804633
449	-2.01833062981
450	-4.98517738014
451	-2.3382798181
452	-2.10742654439
453	-1.90748147124
454	-2.24306746891
455	-2.10742654439
456	-1.90748147124
457	-2.24306746891
458	-2.01833062981
459	-2.15190883738
460	-2.11650557546
461	-13.4403273631
462	-1.90748147124
463	-5.61239280649
464	-1.90450582478
465	-2.15190883738
466	-5.62271858063
467	-1.90450582478
468	-2.15190883738
469	-2.11650557546
470	-1.90450582478
