# log_p 	 lnL 	 
0.0	-1619.6379442	
-0.287682072452	-1619.66757171	
-0.510825623766	-1619.69776808	
-0.69314718056	-1619.72578177	
-0.847297860387	-1619.74903784	
-0.980829253012	-1619.76689139	
-1.09861228867	-1619.78014429	
-1.20397280433	-1619.79009169	
-1.29928298413	-1619.79797851	
-1.38629436112	-1619.80479713	
-1.46633706879	-1619.81126063	
-1.54044504095	-1619.81784476	
-1.60943791243	-1619.82484584	
-1.67397643357	-1619.83243333	
-1.73460105539	-1619.84069101	
-1.79175946923	-1619.84964682	
-1.8458266905	-1619.85929369	
-1.89711998489	-1619.86960358	
-1.94591014906	-1619.88053664	
-1.99243016469	-1619.89204728	
-2.03688192726	-1619.90408785	
-2.07944154168	-1619.91661098	
-2.1202635362	-1619.92957093	
-2.15948424935	-1619.94292429	
-2.19722457734	-1619.95663034	
-2.23359222151	-1619.97065113	
-2.26868354132	-1619.98495143	
-2.30258509299	-1619.99949864	
-2.33537491582	-1620.01426256	
-2.36712361413	-1620.02921526	
-2.3978952728	-1620.04433087	
-2.42774823595	-1620.05958542	
-2.45673577282	-1620.07495668	
-2.48490664979	-1620.09042401	
-2.51230562398	-1620.10596824	
-2.53897387106	-1620.12157154	
-2.56494935746	-1620.13721733	
-2.59026716545	-1620.15289017	
-2.61495977804	-1620.16857571	
-2.63905732962	-1620.18426058	
-2.66258782703	-1620.19993236	
-2.68557734525	-1620.2155795	
-2.7080502011	-1620.23119124	
-2.73002910782	-1620.24675763	
-2.75153531304	-1620.26226941	
-2.77258872224	-1620.27771801	
-2.79320800944	-1620.29309552	
-2.81341071676	-1620.3083946	
-2.83321334406	-1620.32360851	
-2.85263142991	-1620.33873102	
-2.87167962488	-1620.35375642	
-2.8903717579	-1620.36867947	
-2.90872089656	-1620.38349538	
-2.92673940207	-1620.3981998	
-2.94443897917	-1620.41278874	
-2.96183072188	-1620.42725862	
-2.97892515524	-1620.4416062	
-2.99573227355	-1620.45582856	
-3.01226157551	-1620.4699231	
-3.02852209638	-1620.48388752	
-3.04452243772	-1620.49771978	
-3.06027079469	-1620.51141809	
-3.07577498123	-1620.52498092	
-3.09104245336	-1620.53840695	
-3.10608033072	-1620.55169509	
-3.12089541651	-1620.56484441	
-3.13549421593	-1620.57785419	
-3.14988295338	-1620.59072389	
-3.16406758837	-1620.6034531	
-3.17805383035	-1620.61604158	
-3.19184715248	-1620.62848921	
-3.20545280454	-1620.64079603	
-3.21887582487	-1620.65296216	
-3.23212105162	-1620.66498787	
-3.24519313319	-1620.67687348	
-3.25809653802	-1620.68861947	
-3.2708355638	-1620.70022635	
-3.28341434601	-1620.71169474	
-3.295836866	-1620.72302534	
-3.3081069586	-1620.73421889	
-3.32022831913	-1620.74527622	
-3.33220451018	-1620.7561982	
-3.34403896782	-1620.76698577	
-3.35573500759	-1620.77763989	
-3.36729582999	-1620.7881616	
-3.37872452581	-1620.79855195	
-3.39002408106	-1620.80881203	
-3.40119738166	-1620.81894298	
-3.41224721785	-1620.82894595	
-3.42317628838	-1620.83882212	
-3.43398720449	-1620.8485727	
-3.4446824936	-1620.85819891	
-3.45526460293	-1620.86770199	
-3.4657359028	-1620.87708321	
-3.47609868984	-1620.88634382	
-3.48635519	-1620.89548512	
-3.49650756147	-1620.90450838	
-3.50655789732	-1620.91341492	
-3.51650822817	-1620.92220602	
-3.52636052462	-1620.93088299	
-3.53611669956	-1620.93944715	
-3.54577861047	-1620.94789979	
-3.55534806149	-1620.95624224	
-3.56482680544	-1620.96447579	
-3.57421654579	-1620.97260175	
-3.58351893846	-1620.98062142	
-3.59273559356	-1620.9885361	
-3.60186807712	-1620.99634709	
-3.61091791264	-1621.00405566	
-3.61988658263	-1621.0116631	
-3.62877553004	-1621.01917067	
-3.63758615973	-1621.02657965	
-3.6463198397	-1621.03389129	
-3.65497790244	-1621.04110683	
-3.66356164613	-1621.04822751	
-3.6720723358	-1621.05525456	
-3.68051120444	-1621.0621892	
-3.68887945411	-1621.06903264	
-3.69717825693	-1621.07578606	
-3.70540875607	-1621.08245066	
-3.7135720667	-1621.0890276	
-3.72166927694	-1621.09551806	
-3.72970144863	-1621.10192317	
-3.73766961828	-1621.10824408	
-3.74557479779	-1621.11448192	
-3.75341797525	-1621.12063779	
-3.76120011569	-1621.12671281	
-3.76892216179	-1621.13270805	
-3.77658503453	-1621.1386246	
-3.78418963392	-1621.14446352	
-3.79173683955	-1621.15022586	
-3.79922751128	-1621.15591266	
-3.80666248977	-1621.16152495	
-3.81404259707	-1621.16706375	
-3.82136863716	-1621.17253004	
-3.82864139649	-1621.17792484	
-3.83586164446	-1621.1832491	
-3.84303013394	-1621.1885038	
-3.85014760171	-1621.19368988	
-3.85721476893	-1621.19880829	
-3.86423234159	-1621.20385996	
-3.87120101091	-1621.20884579	
-3.87812145375	-1621.2137667	
-3.88499433304	-1621.21862357	
-3.89182029811	-1621.22341729	
-3.8985999851	-1621.22814871	
-3.90533401728	-1621.23281871	
-3.91202300543	-1621.23742811	
-3.91866754815	-1621.24197776	
-3.92526823218	-1621.24646848	
-3.93182563272	-1621.25090106	
-3.93834031375	-1621.25527633	
-3.94481282825	-1621.25959505	
-3.95124371858	-1621.26385801	
-3.95763351668	-1621.26806598	
-3.96398274436	-1621.2722197	
-3.97029191355	-1621.27631993	
-3.97656152657	-1621.2803674	
-3.98279207632	-1621.28436282	
-3.98898404656	-1621.28830693	
-3.99513791214	-1621.29220041	
-4.00125413916	-1621.29604396	
-4.00733318523	-1621.29983827	
-4.01337549969	-1621.303584	
-4.01938152375	-1621.30728183	
-4.02535169074	-1621.3109324	
-4.03128642625	-1621.31453637	
-4.03718614838	-1621.31809436	
-4.04305126783	-1621.32160701	
-4.04888218815	-1621.32507494	
-4.05467930583	-1621.32849874	
-4.06044301055	-1621.33187902	
-4.06617368526	-1621.33521638	
-4.07187170637	-1621.33851139	
-4.07753744391	-1621.34176464	
-4.08317126162	-1621.34497668	
-4.08877351717	-1621.34814807	
-4.09434456222	-1621.35127936	
-4.0998847426	-1621.35437111	
-4.10539439841	-1621.35742383	
-4.11087386417	-1621.36043805	
-4.11632346894	-1621.3634143	
-4.12174353641	-1621.36635309	
-4.12713438505	-1621.36925491	
-4.13249632819	-1621.37212027	
-4.13782967416	-1621.37494966	
-4.14313472639	-1621.37774355	
-4.14841178349	-1621.38050242	
-4.15366113938	-1621.38322674	
-4.15888308336	-1621.38591698	
-4.16407790024	-1621.38857358	
-4.1692458704	-1621.39119699	
-4.1743872699	-1621.39378766	
-4.17950237056	-1621.39634602	
-4.18459144007	-1621.3988725	
-4.18965474203	-1621.40136752	
-4.19469253606	-1621.4038315	
-4.19970507788	-1621.40626485	
-4.20469261939	-1621.40866797	
-4.20965540873	-1621.41104127	
-4.21459369037	-1621.41338513	
-4.21950770518	-1621.41569994	
-4.22439769047	-1621.41798609	
-4.22926388012	-1621.42024395	
-4.2341065046	-1621.4224739	
-4.23892579103	-1621.42467629	
-4.2437219633	-1621.42685149	
-4.24849524205	-1621.42899985	
-4.25324584481	-1621.43112172	
-4.257973986	-1621.43321745	
-4.26267987704	-1621.43528738	
-4.26736372635	-1621.43733185	
-4.27202573946	-1621.43935117	
-4.27666611902	-1621.44134569	
-4.28128506487	-1621.44331571	
-4.28588277412	-1621.44526156	
-4.29045944115	-1621.44718355	
-4.29501525768	-1621.44908199	
-4.29955041285	-1621.45095717	
-4.3040650932	-1621.4528094	
-4.30855948279	-1621.45463898	
-4.31303376319	-1621.45644618	
-4.31748811354	-1621.45823131	
-4.3219227106	-1621.45999463	
-4.32633772881	-1621.46173644	
-4.33073334029	-1621.463457	
-4.33510971489	-1621.46515658	
-4.33946702026	-1621.46683545	
-4.34380542185	-1621.46849387	
-4.348125083	-1621.47013211	
-4.3524261649	-1621.47175042	
-4.35670882669	-1621.47334904	
-4.36097322548	-1621.47492823	
-4.36521951636	-1621.47648824	
-4.36944785247	-1621.4780293	
-4.373658385	-1621.47955165	
-4.37785126326	-1621.48105553	
-4.38202663467	-1621.48254117	
-4.38618464482	-1621.4840088	
-4.39032543749	-1621.48545864	
-4.39444915467	-1621.48689091	
-4.39855593663	-1621.48830584	
-4.40264592188	-1621.48970363	
-4.40671924726	-1621.49108451	
-4.41077604796	-1621.49244868	
-4.4148164575	-1621.49379635	
-4.4188406078	-1621.49512773	
-4.42284862919	-1621.49644301	
-4.42684065046	-1621.49774239	
-4.43081679884	-1621.49902607	
-4.43477720006	-1621.50029424	
-4.43872197835	-1621.5015471	
-4.44265125649	-1621.50278483	
-4.44656515581	-1621.50400762	
-4.45046379623	-1621.50521564	
-4.45434729625	-1621.50640909	
-4.45821577303	-1621.50758814	
-4.46206934235	-1621.50875295	
-4.46590811865	-1621.50990372	
-4.46973221509	-1621.5110406	
-4.47354174351	-1621.51216377	
-4.47733681448	-1621.5132734	
-4.48111753732	-1621.51436964	
-4.48488402011	-1621.51545265	
-4.48863636973	-1621.51652261	
-4.49237469184	-1621.51757966	
-4.49609909093	-1621.51862396	
-4.49980967033	-1621.51965567	
-4.50350653221	-1621.52067493	
-4.50718977763	-1621.5216819	
-4.51085950652	-1621.52267672	
-4.51451581772	-1621.52365954	
-4.518158809	-1621.5246305	
-4.52178857705	-1621.52558974	
-4.52540521752	-1621.5265374	
-4.52900882502	-1621.52747362	
-4.53259949315	-1621.52839854	
-4.5361773145	-1621.52931229	
-4.53974238067	-1621.53021499	
-4.54329478227	-1621.53110679	
-4.54683460898	-1621.53198782	
-4.55036194949	-1621.53285819	
-4.5538768916	-1621.53371803	
-4.55737952215	-1621.53456748	
-4.56086992709	-1621.53540664	
-4.56434819147	-1621.53623565	
-4.56781439944	-1621.53705461	
-4.57126863431	-1621.53786365	
-4.5747109785	-1621.53866289	
-4.5781415136	-1621.53945244	
-4.58156032035	-1621.5402324	
-4.58496747867	-1621.5410029	
-4.58836306767	-1621.54176404	
-4.59174716566	-1621.54251594	
-4.59511985013	-1621.54325869	
-4.59848119784	-1621.54399241	
-4.60183128472	-1621.5447172	
-4.60517018599	-1621.54543316	
-4.60849797608	-1621.54614039	
-4.61181472871	-1621.546839	
-4.61512051684	-1621.54752909	
-4.61841541274	-1621.54821075	
-4.62169948794	-1621.54888408	
-4.62497281328	-1621.54954917	
-4.62823545892	-1621.55020612	
-4.63148749431	-1621.55085503	
-4.63472898823	-1621.55149598	
-4.63796000881	-1621.55212906	
-4.64118062351	-1621.55275437	
-4.64439089914	-1621.553372	
-4.64759090187	-1621.55398202	
-4.65078069724	-1621.55458454	
-4.65396035016	-1621.55517962	
-4.65712992492	-1621.55576737	
-4.66028948521	-1621.55634785	
-4.66343909411	-1621.55692116	
-4.66657881412	-1621.55748736	
-4.66970870713	-1621.55804656	
-4.67282883446	-1621.55859881	
-4.67593925688	-1621.55914421	
-4.67904003455	-1621.55968282	
-4.68213122712	-1621.56021472	
-4.68521289366	-1621.56074	
-4.6882850927	-1621.56125872	
-4.69134788223	-1621.56177095	
-4.69440131972	-1621.56227678	
-4.6974454621	-1621.56277626	
-4.70048036579	-1621.56326948	
-4.70350608671	-1621.56375649	
-4.70652268025	-1621.56423738	
-4.70953020131	-1621.5647122	
-4.71252870431	-1621.56518104	
-4.71551824316	-1621.56564394	
-4.7184988713	-1621.56610098	
-4.72147064168	-1621.56655222	
-4.72443360681	-1621.56699773	
-4.72738781871	-1621.56743757	
-4.73033332894	-1621.5678718	
-4.73327018862	-1621.56830049	
-4.73619844839	-1621.56872369	
-4.7391181585	-1621.56914146	
-4.74202936871	-1621.56955388	
-4.74493212836	-1621.56996098	
-4.74782648639	-1621.57036284	
-4.75071249128	-1621.5707595	
-4.75359019111	-1621.57115104	
-4.75645963353	-1621.57153749	
-4.75932086582	-1621.57191893	
-4.7621739348	-1621.57229539	
-4.76501888693	-1621.57266694	
-4.76785576827	-1621.57303364	
-4.77068462447	-1621.57339552	
-4.77350550081	-1621.57375265	
-4.77631844218	-1621.57410508	
-4.77912349311	-1621.57445285	
-4.78192069773	-1621.57479602	
-4.78471009982	-1621.57513464	
-4.78749174278	-1621.57546876	
-4.79026566966	-1621.57579842	
-4.79303192316	-1621.57612367	
-4.7957905456	-1621.57644457	
-4.79854157897	-1621.57676115	
-4.80128506491	-1621.57707347	
-4.80402104473	-1621.57738157	
-4.80674955939	-1621.57768549	
-4.8094706495	-1621.57798528	
-4.81218435537	-1621.57828099	
-4.81489071697	-1621.57857265	
-4.81758977394	-1621.57886032	
-4.82028156561	-1621.57914403	
-4.82296613098	-1621.57942383	
-4.82564350875	-1621.57969975	
-4.8283137373	-1621.57997184	
-4.83097685472	-1621.58024014	
-4.83363289878	-1621.5805047	
-4.83628190695	-1621.58076554	
-4.83892391641	-1621.58102271	
-4.84155896405	-1621.58127625	
-4.84418708646	-1621.5815262	
-4.84680831994	-1621.58177259	
-4.84942270051	-1621.58201546	
-4.85203026392	-1621.58225485	
-4.85463104562	-1621.5824908	
-4.8572250808	-1621.58272335	
-4.85981240436	-1621.58295252	
-4.86239305096	-1621.58317835	
-4.86496705495	-1621.58340088	
-4.86753445046	-1621.58362015	
-4.87009527132	-1621.58383619	
-4.87264955112	-1621.58404902	
-4.8751973232	-1621.5842587	
-4.87773862063	-1621.58446524	
-4.88027347623	-1621.58466868	
-4.88280192259	-1621.58486906	
-4.88532399202	-1621.5850664	
-4.88783971662	-1621.58526074	
-4.89034912822	-1621.58545211	
-4.89285225844	-1621.58564054	
-4.89534913864	-1621.58582607	
-4.89783979995	-1621.58600871	
-4.90032427328	-1621.5861885	
-4.90280258929	-1621.58636548	
-4.90527477844	-1621.58653966	
-4.90774087093	-1621.58671108	
-4.91020089677	-1621.58687977	
-4.91265488574	-1621.58704576	
-4.91510286737	-1621.58720907	
-4.91754487103	-1621.58736973	
-4.91998092583	-1621.58752777	
-4.92241106068	-1621.58768322	
-4.92483530429	-1621.5878361	
-4.92725368516	-1621.58798644	
-4.92966623156	-1621.58813427	
-4.93207297159	-1621.58827961	
-4.93447393313	-1621.58842249	
-4.93686914386	-1621.58856292	
-4.93925863125	-1621.58870095	
-4.94164242261	-1621.58883659	
-4.94402054501	-1621.58896987	
-4.94639302537	-1621.58910081	
-4.94875989038	-1621.58922943	
-4.95112116656	-1621.58935576	
-4.95347688026	-1621.58947983	
-4.9558270576	-1621.58960165	
-4.95817172456	-1621.58972126	
-4.96051090691	-1621.58983866	
-4.96284463026	-1621.58995389	
-4.96517292002	-1621.59006696	
-4.96749580144	-1621.59017791	
-4.96981329958	-1621.59028674	
-4.97212543933	-1621.59039349	
-4.97443224543	-1621.59049817	
-4.97673374242	-1621.5906008	
-4.97902995468	-1621.59070141	
-4.98132090643	-1621.59080002	
-4.98360662171	-1621.59089664	
-4.98588712441	-1621.5909913	
-4.98816243824	-1621.59108402	
-4.99043258678	-1621.59117481	
-4.99269759341	-1621.5912637	
-4.99495748138	-1621.5913507	
-4.99721227376	-1621.59143584	
-4.9994619935	-1621.59151913	
-5.00170666335	-1621.5916006	
-5.00394630595	-1621.59168025	
-5.00618094375	-1621.59175811	
-5.00841059907	-1621.59183421	
-5.0106352941	-1621.59190854	
-5.01285505083	-1621.59198114	
-5.01506989116	-1621.59205202	
-5.01727983681	-1621.5921212	
-5.01948490937	-1621.5921887	
-5.02168513028	-1621.59225452	
-5.02388052085	-1621.5923187	
-5.02607110223	-1621.59238124	
-5.02825689545	-1621.59244217	
-5.03043792139	-1621.59250149	
-5.03261420082	-1621.59255923	
-5.03478575433	-1621.5926154	
-5.03695260241	-1621.59267001	
-5.03911476542	-1621.59272309	
-5.04127226356	-1621.59277465	
-5.04342511692	-1621.5928247	
-5.04557334546	-1621.59287326	
-5.047716969	-1621.59292034	
-5.04985600725	-1621.59296596	
-5.05199047978	-1621.59301014	
-5.05412040604	-1621.59305288	
-5.05624580535	-1621.59309421	
-5.05836669692	-1621.59313413	
-5.06048309982	-1621.59317266	
-5.06259503303	-1621.59320982	
-5.06470251537	-1621.59324561	
-5.06680556556	-1621.59328006	
-5.06890420222	-1621.59331318	
-5.07099844382	-1621.59334497	
-5.07308830874	-1621.59337546	
-5.07517381523	-1621.59340465	
-5.07725498144	-1621.59343256	
-5.07933182538	-1621.5934592	
-5.08140436498	-1621.59348459	
-5.08347261805	-1621.59350873	
-5.08553660227	-1621.59353165	
-5.08759633523	-1621.59355334	
-5.08965183441	-1621.59357383	
-5.09170311719	-1621.59359313	
-5.09375020081	-1621.59361124	
-5.09579310244	-1621.59362819	
-5.09783183913	-1621.59364397	
-5.09986642782	-1621.59365861	
-5.10189688537	-1621.59367212	
-5.10392322852	-1621.5936845	
-5.1059454739	-1621.59369577	
-5.10796363806	-1621.59370594	
-5.10997773743	-1621.59371502	
-5.11198778836	-1621.59372301	
-5.11399380708	-1621.59372995	
-5.11599580975	-1621.59373582	
-5.11799381242	-1621.59374065	
-5.11998783102	-1621.59374444	
-5.12197788143	-1621.59374721	
-5.1239639794	-1621.59374896	
-5.12594614061	-1621.5937497	
-5.12792438062	-1621.59374945	
-5.12989871492	-1621.59374821	
-5.13186915891	-1621.593746	
-5.13383572788	-1621.59374283	
-5.13579843705	-1621.5937387	
-5.13775730154	-1621.59373362	
-5.13971233637	-1621.5937276	
-5.1416635565	-1621.59372066	
-5.14361097679	-1621.5937128	
-5.145554612	-1621.59370404	
-5.14749447681	-1621.59369437	
-5.14943058584	-1621.59368381	
-5.15136295359	-1621.59367237	
-5.1532915945	-1621.59366006	
-5.15521652291	-1621.59364689	
-5.15713775309	-1621.59363286	
-5.15905529921	-1621.59361799	
-5.1609691754	-1621.59360227	
-5.16287939565	-1621.59358573	
-5.16478597392	-1621.59356837	
-5.16668892407	-1621.59355019	
-5.16858825987	-1621.59353121	
-5.17048399504	-1621.59351144	
-5.17237614319	-1621.59349087	
-5.17426471788	-1621.59346953	
-5.17614973257	-1621.59344741	
-5.17803120067	-1621.59342453	
-5.1799091355	-1621.59340089	
-5.18178355029	-1621.59337651	
-5.18365445823	-1621.59335138	
-5.1855218724	-1621.59332552	
-5.18738580584	-1621.59329893	
-5.18924627149	-1621.59327162	
-5.19110328224	-1621.5932436	
-5.19295685089	-1621.59321488	
-5.19480699018	-1621.59318546	
-5.19665371277	-1621.59315535	
-5.19849703127	-1621.59312456	
-5.20033695819	-1621.59309309	
-5.202173506	-1621.59306095	
-5.20400668708	-1621.59302815	
-5.20583651375	-1621.59299469	
-5.20766299828	-1621.59296058	
-5.20948615284	-1621.59292583	
-5.21130598956	-1621.59289045	
-5.21312252048	-1621.59285444	
-5.21493575761	-1621.5928178	
-5.21674571285	-1621.59278055	
-5.21855239808	-1621.59274268	
-5.22035582508	-1621.59270422	
-5.22215600558	-1621.59266515	
-5.22395295126	-1621.5926255	
-5.22574667371	-1621.59258526	
-5.22753718449	-1621.59254444	
-5.22932449506	-1621.59250305	
-5.23110861685	-1621.59246108	
-5.23288956123	-1621.59241856	
-5.23466733947	-1621.59237548	
-5.23644196283	-1621.59233186	
-5.23821344248	-1621.59228768	
-5.23998178954	-1621.59224297	
-5.24174701506	-1621.59219773	
-5.24350913005	-1621.59215196	
-5.24526814546	-1621.59210566	
-5.24702407216	-1621.59205885	
-5.24877692099	-1621.59201153	
-5.25052670271	-1621.59196371	
-5.25227342805	-1621.59191538	
-5.25401710765	-1621.59186656	
-5.25575775213	-1621.59181724	
-5.25749537203	-1621.59176744	
-5.25922997784	-1621.59171717	
-5.26096158	-1621.59166641	
-5.2626901889	-1621.59161519	
-5.26441581487	-1621.5915635	
-5.26613846818	-1621.59151135	
-5.26785815906	-1621.59145875	
-5.26957489768	-1621.5914057	
-5.27128869416	-1621.5913522	
-5.27299955856	-1621.59129826	
-5.27470750091	-1621.59124388	
-5.27641253116	-1621.59118908	
-5.27811465923	-1621.59113384	
-5.27981389498	-1621.59107818	
-5.28151024823	-1621.59102211	
-5.28320372874	-1621.59096562	
-5.28489434622	-1621.59090872	
-5.28658211033	-1621.59085142	
-5.28826703069	-1621.59079372	
-5.28994911688	-1621.59073562	
-5.2916283784	-1621.59067713	
-5.29330482472	-1621.59061825	
-5.29497846528	-1621.59055899	
-5.29664930945	-1621.59049934	
-5.29831736655	-1621.59043933	
-5.29998264587	-1621.59037894	
-5.30164515664	-1621.59031819	
-5.30330490806	-1621.59025707	
-5.30496190927	-1621.59019559	
-5.30661616936	-1621.59013376	
-5.3082676974	-1621.59007158	
-5.30991650239	-1621.59000905	
-5.3115625933	-1621.58994617	
-5.31320597904	-1621.58988296	
-5.3148466685	-1621.58981941	
-5.3164846705	-1621.58975553	
-5.31811999384	-1621.58969132	
-5.31975264727	-1621.58962678	
-5.32138263948	-1621.58956192	
-5.32300997914	-1621.58949674	
-5.32463467487	-1621.58943125	
-5.32625673524	-1621.58936545	
-5.32787616879	-1621.58929934	
-5.32949298402	-1621.58923293	
-5.33110718937	-1621.58916622	
-5.33271879327	-1621.58909921	
-5.33432780407	-1621.5890319	
-5.33593423012	-1621.58896431	
-5.3375380797	-1621.58889643	
-5.33913936107	-1621.58882826	
-5.34073808243	-1621.58875982	
-5.34233425196	-1621.58869109	
-5.3439278778	-1621.58862209	
-5.34551896803	-1621.58855282	
-5.34710753072	-1621.58848329	
-5.34869357387	-1621.58841348	
-5.35027710548	-1621.58834342	
-5.35185813348	-1621.58827309	
-5.35343666577	-1621.58820252	
-5.35501271022	-1621.58813168	
-5.35658627467	-1621.5880606	
-5.3581573669	-1621.58798927	
-5.35972599468	-1621.5879177	
-5.36129216571	-1621.58784588	
-5.36285588769	-1621.58777383	
-5.36441716825	-1621.58770154	
-5.36597601502	-1621.58762902	
-5.36753243557	-1621.58755627	
-5.36908643744	-1621.58748329	
-5.37063802813	-1621.58741008	
-5.37218721511	-1621.58733666	
-5.37373400583	-1621.58726301	
-5.37527840768	-1621.58718915	
-5.37682042804	-1621.58711507	
-5.37836007422	-1621.58704079	
-5.37989735354	-1621.58696629	
-5.38143227326	-1621.58689159	
-5.38296484061	-1621.58681668	
-5.38449506279	-1621.58674157	
-5.38602294697	-1621.58666627	
-5.38754850028	-1621.58659077	
-5.38907172982	-1621.58651507	
-5.39059264266	-1621.58643918	
-5.39211124583	-1621.5863631	
-5.39362754635	-1621.58628684	
-5.39514155118	-1621.58621039	
-5.39665326727	-1621.58613376	
-5.39816270152	-1621.58605695	
-5.39966986081	-1621.58597997	
-5.40117475199	-1621.58590281	
-5.40267738187	-1621.58582547	
-5.40417775725	-1621.58574797	
-5.40567588487	-1621.58567029	
-5.40717177146	-1621.58559245	
-5.40866542372	-1621.58551445	
-5.4101568483	-1621.58543628	
-5.41164605186	-1621.58535795	
-5.41313304098	-1621.58527947	
-5.41461782224	-1621.58520083	
-5.4161004022	-1621.58512204	
-5.41758078737	-1621.58504309	
-5.41905898424	-1621.584964	
-5.42053499927	-1621.58488476	
-5.42200883889	-1621.58480537	
-5.4234805095	-1621.58472584	
-5.42495001748	-1621.58464617	
-5.42641736918	-1621.58456636	
-5.4278825709	-1621.58448641	
-5.42934562895	-1621.58440632	
-5.43080654959	-1621.58432611	
-5.43226533906	-1621.58424575	
-5.43372200355	-1621.58416527	
-5.43517654927	-1621.58408467	
-5.43662898235	-1621.58400393	
-5.43807930892	-1621.58392307	
-5.4395275351	-1621.58384209	
-5.44097366695	-1621.58376099	
-5.44241771052	-1621.58367976	
-5.44385967184	-1621.58359842	
-5.4452995569	-1621.58351697	
-5.44673737167	-1621.5834354	
-5.44817312209	-1621.58335371	
-5.44960681409	-1621.58327192	
-5.45103845357	-1621.58319002	
-5.45246804638	-1621.58310801	
-5.45389559837	-1621.5830259	
-5.45532111536	-1621.58294368	
-5.45674460314	-1621.58286136	
-5.45816606749	-1621.58277893	
-5.45958551414	-1621.58269641	
-5.46100294883	-1621.58261379	
-5.46241837723	-1621.58253108	
-5.46383180503	-1621.58244827	
-5.46524323786	-1621.58236536	
-5.46665268137	-1621.58228237	
-5.46806014114	-1621.58219929	
-5.46946562274	-1621.58211611	
-5.47086913175	-1621.58203285	
-5.47227067367	-1621.58194951	
-5.47367025403	-1621.58186608	
-5.47506787829	-1621.58178256	
-5.47646355193	-1621.58169897	
-5.47785728038	-1621.5816153	
-5.47924906905	-1621.58153154	
-5.48063892334	-1621.58144772	
-5.48202684862	-1621.58136381	
-5.48341285022	-1621.58127983	
-5.48479693349	-1621.58119578	
-5.48617910372	-1621.58111165	
-5.48755936619	-1621.58102746	
-5.48893772616	-1621.5809432	
-5.49031418887	-1621.58085887	
-5.49168875953	-1621.58077447	
-5.49306144334	-1621.58069	
-5.49443224547	-1621.58060548	
-5.49580117108	-1621.58052089	
-5.49716822529	-1621.58043624	
-5.49853341322	-1621.58035153	
-5.49989673995	-1621.58026676	
-5.50125821054	-1621.58018193	
-5.50261783006	-1621.58009705	
-5.50397560352	-1621.58001211	
-5.50533153593	-1621.57992711	
-5.50668563228	-1621.57984207	
-5.50803789753	-1621.57975697	
-5.50938833663	-1621.57967182	
-5.5107369545	-1621.57958662	
-5.51208375605	-1621.57950137	
-5.51342874616	-1621.57941608	
-5.51477192971	-1621.57933074	
-5.51611331154	-1621.57924535	
-5.51745289646	-1621.57915992	
-5.51879068931	-1621.57907445	
-5.52012669485	-1621.57898894	
-5.52146091786	-1621.57890338	
-5.5227933631	-1621.57881779	
-5.52412403528	-1621.57873215	
-5.52545293913	-1621.57864648	
-5.52678007934	-1621.57856077	
-5.52810546058	-1621.57847503	
-5.52942908751	-1621.57838925	
-5.53075096477	-1621.57830344	
-5.53207109697	-1621.5782176	
-5.53338948873	-1621.57813172	
-5.53470614461	-1621.57804581	
-5.53602106919	-1621.57795988	
-5.53733426702	-1621.57787391	
-5.53864574262	-1621.57778792	
-5.5399555005	-1621.5777019	
-5.54126354516	-1621.57761585	
-5.54256988107	-1621.57752978	
-5.5438745127	-1621.57744369	
-5.54517744448	-1621.57735757	
-5.54647868084	-1621.57727143	
-5.54777822618	-1621.57718527	
-5.5490760849	-1621.57709909	
-5.55037226136	-1621.57701288	
-5.55166675992	-1621.57692666	
-5.55295958492	-1621.57684042	
-5.55425074069	-1621.57675417	
-5.55554023152	-1621.57666789	
-5.5568280617	-1621.57658161	
-5.55811423551	-1621.5764953	
-5.5593987572	-1621.57640899	
-5.56068163102	-1621.57632266	
-5.56196286117	-1621.57623632	
-5.56324245188	-1621.57614996	
-5.56452040732	-1621.5760636	
-5.56579673168	-1621.57597723	
-5.56707142911	-1621.57589084	
-5.56834450376	-1621.57580445	
-5.56961595975	-1621.57571805	
-5.57088580119	-1621.57563165	
-5.57215403218	-1621.57554524	
-5.57342065679	-1621.57545882	
-5.5746856791	-1621.5753724	
-5.57594910315	-1621.57528597	
-5.57721093297	-1621.57519955	
-5.57847117258	-1621.57511312	
-5.57972982599	-1621.57502668	
-5.58098689718	-1621.57494025	
-5.58224239012	-1621.57485382	
-5.58349630878	-1621.57476738	
-5.5847486571	-1621.57468095	
-5.585999439	-1621.57459452	
-5.5872486584	-1621.57450809	
-5.5884963192	-1621.57442167	
-5.58974242528	-1621.57433525	
-5.59098698051	-1621.57424883	
-5.59222998875	-1621.57416242	
-5.59347145384	-1621.57407601	
-5.5947113796	-1621.57398961	
-5.59594976985	-1621.57390322	
-5.59718662839	-1621.57381683	
-5.598421959	-1621.57373045	
-5.59965576545	-1621.57364408	
-5.60088805149	-1621.57355772	
-5.60211882088	-1621.57347138	
-5.60334807733	-1621.57338504	
-5.60457582457	-1621.57329871	
-5.6058020663	-1621.57321239	
-5.60702680619	-1621.57312609	
-5.60825004793	-1621.5730398	
-5.60947179518	-1621.57295352	
-5.61069205159	-1621.57286726	
-5.61191082078	-1621.57278101	
-5.61312810639	-1621.57269477	
-5.61434391201	-1621.57260856	
-5.61555824124	-1621.57252235	
-5.61677109767	-1621.57243617	
-5.61798248485	-1621.57235	
-5.61919240636	-1621.57226385	
-5.62040086572	-1621.57217772	
-5.62160786647	-1621.57209161	
-5.62281341212	-1621.57200551	
-5.62401750619	-1621.57191944	
-5.62522015215	-1621.57183338	
-5.6264213535	-1621.57174735	
-5.62762111369	-1621.57166134	
-5.62881943618	-1621.57157535	
-5.63001632442	-1621.57148938	
-5.63121178182	-1621.57140344	
-5.63240581181	-1621.57131752	
-5.6335984178	-1621.57123162	
-5.63478960317	-1621.57114575	
-5.6359793713	-1621.5710599	
-5.63716772557	-1621.57097408	
-5.63835466933	-1621.57088828	
-5.63954020593	-1621.57080251	
-5.64072433869	-1621.57071676	
-5.64190707094	-1621.57063104	
-5.64308840598	-1621.57054535	
-5.64426834712	-1621.57045969	
-5.64544689764	-1621.57037405	
-5.64662406082	-1621.57028845	
-5.64779983991	-1621.57020287	
-5.64897423816	-1621.57011732	
-5.65014725882	-1621.5700318	
-5.65131890512	-1621.56994631	
-5.65248918027	-1621.56986086	
-5.65365808747	-1621.56977543	
-5.65482562993	-1621.56969004	
-5.65599181082	-1621.56960467	
-5.65715663332	-1621.56951934	
-5.65832010058	-1621.56943404	
-5.65948221576	-1621.56934878	
-5.660642982	-1621.56926355	
-5.66180240242	-1621.56917835	
-5.66296048014	-1621.56909319	
-5.66411721826	-1621.56900806	
-5.66527261989	-1621.56892296	
-5.66642668811	-1621.5688379	
-5.66757942599	-1621.56875288	
-5.6687308366	-1621.56866789	
-5.66988092298	-1621.56858294	
-5.67102968818	-1621.56849803	
-5.67217713524	-1621.56841315	
-5.67332326717	-1621.56832831	
-5.67446808699	-1621.56824351	
-5.67561159769	-1621.56815874	
-5.67675380227	-1621.56807401	
-5.6778947037	-1621.56798933	
-5.67903430497	-1621.56790468	
-5.68017260902	-1621.56782007	
-5.6813096188	-1621.5677355	
-5.68244533727	-1621.56765097	
-5.68357976734	-1621.56756648	
-5.68471291194	-1621.56748203	
-5.68584477397	-1621.56739762	
-5.68697535634	-1621.56731325	
-5.68810466194	-1621.56722892	
-5.68923269364	-1621.56714464	
-5.69035945432	-1621.5670604	
-5.69148494685	-1621.5669762	
-5.69260917406	-1621.56689204	
-5.6937321388	-1621.56680793	
-5.69485384391	-1621.56672385	
-5.69597429221	-1621.56663983	
-5.69709348651	-1621.56655584	
-5.69821142961	-1621.5664719	
-5.69932812431	-1621.566388	
-5.70044357339	-1621.56630415	
-5.70155777963	-1621.56622034	
-5.7026707458	-1621.56613658	
-5.70378247466	-1621.56605287	
-5.70489296894	-1621.56596919	
-5.70600223139	-1621.56588557	
-5.70711026475	-1621.56580199	
-5.70821707172	-1621.56571846	
-5.70932265503	-1621.56563497	
-5.71042701737	-1621.56555153	
-5.71153016145	-1621.56546814	
-5.71263208993	-1621.56538479	
-5.71373280551	-1621.56530149	
-5.71483231084	-1621.56521824	
-5.71593060859	-1621.56513504	
-5.71702770141	-1621.56505188	
-5.71812359193	-1621.56496878	
-5.71921828279	-1621.56488572	
-5.72031177661	-1621.56480271	
-5.72140407601	-1621.56471975	
-5.72249518359	-1621.56463684	
-5.72358510195	-1621.56455398	
-5.72467383369	-1621.56447117	
-5.72576138137	-1621.56438841	
-5.72684774759	-1621.56430569	
-5.72793293489	-1621.56422303	
-5.72901694583	-1621.56414042	
-5.73009978297	-1621.56405786	
-5.73118144884	-1621.56397535	
-5.73226194598	-1621.5638929	
-5.7333412769	-1621.56381049	
-5.73441944412	-1621.56372813	
-5.73549645015	-1621.56364583	
-5.73657229748	-1621.56356358	
-5.73764698861	-1621.56348138	
-5.73872052602	-1621.56339923	
-5.73979291218	-1621.56331713	
-5.74086414956	-1621.56323509	
-5.74193424062	-1621.5631531	
-5.74300318781	-1621.56307117	
-5.74407099357	-1621.56298928	
-5.74513766034	-1621.56290745	
-5.74620319054	-1621.56282567	
-5.7472675866	-1621.56274395	
-5.74833085092	-1621.56266228	
-5.74939298591	-1621.56258066	
-5.75045399397	-1621.5624991	
-5.75151387748	-1621.56241759	
-5.75257263883	-1621.56233614	
-5.75363028038	-1621.56225474	
-5.75468680452	-1621.5621734	
-5.75574221359	-1621.56209211	
-5.75679650994	-1621.56201087	
-5.75784969593	-1621.56192969	
-5.75890177388	-1621.56184857	
-5.75995274612	-1621.5617675	
-5.76100261499	-1621.56168649	
-5.76205138278	-1621.56160553	
-5.76309905181	-1621.56152463	
-5.76414562438	-1621.56144378	
-5.76519110278	-1621.56136299	
-5.7662354893	-1621.56128226	
-5.76727878622	-1621.56120158	
-5.76832099579	-1621.56112096	
-5.7693621203	-1621.5610404	
-5.770402162	-1621.56095989	
-5.77144112313	-1621.56087944	
-5.77247900594	-1621.56079905	
-5.77351581267	-1621.56071871	
-5.77455154554	-1621.56063844	
-5.77558620679	-1621.56055822	
-5.77661979861	-1621.56047805	
-5.77765232322	-1621.56039795	
-5.77868378283	-1621.5603179	
-5.77971417962	-1621.56023791	
-5.78074351579	-1621.56015797	
-5.78177179352	-1621.5600781	
-5.78279901497	-1621.55999828	
-5.78382518233	-1621.55991853	
-5.78485029774	-1621.55983883	
-5.78587436337	-1621.55975918	
-5.78689738137	-1621.5596796	
-5.78791935386	-1621.55960008	
-5.788940283	-1621.55952061	
-5.7899601709	-1621.55944121	
-5.79097901969	-1621.55936186	
-5.79199683148	-1621.55928257	
-5.79301360838	-1621.55920334	
-5.7940293525	-1621.55912417	
-5.79504406593	-1621.55904506	
-5.79605775077	-1621.55896601	
-5.79707040908	-1621.55888702	
-5.79808204295	-1621.55880809	
-5.79909265446	-1621.55872921	
-5.80010224566	-1621.5586504	
-5.80111081862	-1621.55857165	
-5.80211837538	-1621.55849296	
-5.80312491799	-1621.55841432	
-5.80413044849	-1621.55833575	
-5.80513496892	-1621.55825724	
-5.80613848129	-1621.55817879	
-5.80714098764	-1621.5581004	
-5.80814248998	-1621.55802207	
-5.80914299031	-1621.55794379	
