# log_p 	 lnL 	 
0.0	-1602.94772191	
-0.287682072452	-1602.94774297	
-0.510825623766	-1602.94772221	
-0.69314718056	-1602.94768349	
-0.847297860387	-1602.9476378	
-0.980829253012	-1602.94759045	
-1.09861228867	-1602.94754359	
-1.20397280433	-1602.94749748	
-1.29928298413	-1602.94745147	
-1.38629436112	-1602.94740466	
-1.46633706879	-1602.94735632	
-1.54044504095	-1602.94730606	
-1.60943791243	-1602.94725384	
-1.67397643357	-1602.94719993	
-1.73460105539	-1602.94714483	
-1.79175946923	-1602.94708911	
-1.8458266905	-1602.94703344	
-1.89711998489	-1602.94697845	
-1.94591014906	-1602.94692471	
-1.99243016469	-1602.94687274	
-2.03688192726	-1602.94682296	
-2.07944154168	-1602.94677572	
-2.1202635362	-1602.94673126	
-2.15948424935	-1602.94668978	
-2.19722457734	-1602.94665139	
-2.23359222151	-1602.94661614	
-2.26868354132	-1602.94658405	
-2.30258509299	-1602.94655508	
-2.33537491582	-1602.94652917	
-2.36712361413	-1602.94650622	
-2.3978952728	-1602.94648614	
-2.42774823595	-1602.9464688	
-2.45673577282	-1602.94645406	
-2.48490664979	-1602.9464418	
-2.51230562398	-1602.94643187	
-2.53897387106	-1602.94642412	
-2.56494935746	-1602.94641842	
-2.59026716545	-1602.94641464	
-2.61495977804	-1602.94641263	
-2.63905732962	-1602.94641227	
-2.66258782703	-1602.94641344	
-2.68557734525	-1602.94641601	
-2.7080502011	-1602.94641987	
-2.73002910782	-1602.94642493	
-2.75153531304	-1602.94643106	
-2.77258872224	-1602.9464382	
-2.79320800944	-1602.94644623	
-2.81341071676	-1602.94645508	
-2.83321334406	-1602.94646468	
-2.85263142991	-1602.94647495	
-2.87167962488	-1602.94648581	
-2.8903717579	-1602.94649722	
-2.90872089656	-1602.9465091	
-2.92673940207	-1602.94652141	
-2.94443897917	-1602.9465341	
-2.96183072188	-1602.94654711	
-2.97892515524	-1602.94656041	
-2.99573227355	-1602.94657395	
-3.01226157551	-1602.9465877	
-3.02852209638	-1602.94660163	
-3.04452243772	-1602.9466157	
-3.06027079469	-1602.94662988	
-3.07577498123	-1602.94664416	
-3.09104245336	-1602.94665849	
-3.10608033072	-1602.94667287	
-3.12089541651	-1602.94668727	
-3.13549421593	-1602.94670167	
-3.14988295338	-1602.94671606	
-3.16406758837	-1602.94673042	
-3.17805383035	-1602.94674474	
-3.19184715248	-1602.946759	
-3.20545280454	-1602.94677319	
-3.21887582487	-1602.9467873	
-3.23212105162	-1602.94680132	
-3.24519313319	-1602.94681525	
-3.25809653802	-1602.94682907	
-3.2708355638	-1602.94684278	
-3.28341434601	-1602.94685638	
-3.295836866	-1602.94686985	
-3.3081069586	-1602.94688319	
-3.32022831913	-1602.9468964	
-3.33220451018	-1602.94690947	
-3.34403896782	-1602.94692241	
-3.35573500759	-1602.9469352	
-3.36729582999	-1602.94694785	
-3.37872452581	-1602.94696035	
-3.39002408106	-1602.94697271	
-3.40119738166	-1602.94698491	
-3.41224721785	-1602.94699697	
-3.42317628838	-1602.94700887	
-3.43398720449	-1602.94702063	
-3.4446824936	-1602.94703223	
-3.45526460293	-1602.94704368	
-3.4657359028	-1602.94705497	
-3.47609868984	-1602.94706612	
-3.48635519	-1602.94707711	
-3.49650756147	-1602.94708796	
-3.50655789732	-1602.94709866	
-3.51650822817	-1602.9471092	
-3.52636052462	-1602.9471196	
-3.53611669956	-1602.94712986	
-3.54577861047	-1602.94713996	
-3.55534806149	-1602.94714993	
-3.56482680544	-1602.94715975	
-3.57421654579	-1602.94716943	
-3.58351893846	-1602.94717897	
-3.59273559356	-1602.94718837	
-3.60186807712	-1602.94719763	
-3.61091791264	-1602.94720676	
-3.61988658263	-1602.94721575	
-3.62877553004	-1602.94722461	
-3.63758615973	-1602.94723335	
-3.6463198397	-1602.94724195	
-3.65497790244	-1602.94725042	
-3.66356164613	-1602.94725877	
-3.6720723358	-1602.947267	
-3.68051120444	-1602.9472751	
-3.68887945411	-1602.94728308	
-3.69717825693	-1602.94729094	
-3.70540875607	-1602.94729869	
-3.7135720667	-1602.94730632	
-3.72166927694	-1602.94731383	
-3.72970144863	-1602.94732124	
-3.73766961828	-1602.94732853	
-3.74557479779	-1602.94733571	
-3.75341797525	-1602.94734279	
-3.76120011569	-1602.94734976	
-3.76892216179	-1602.94735663	
-3.77658503453	-1602.94736339	
-3.78418963392	-1602.94737005	
-3.79173683955	-1602.94737662	
-3.79922751128	-1602.94738308	
-3.80666248977	-1602.94738945	
-3.81404259707	-1602.94739573	
-3.82136863716	-1602.94740191	
-3.82864139649	-1602.947408	
-3.83586164446	-1602.947414	
-3.84303013394	-1602.9474199	
-3.85014760171	-1602.94742573	
-3.85721476893	-1602.94743146	
-3.86423234159	-1602.94743711	
-3.87120101091	-1602.94744268	
-3.87812145375	-1602.94744817	
-3.88499433304	-1602.94745357	
-3.89182029811	-1602.9474589	
-3.8985999851	-1602.94746414	
-3.90533401728	-1602.94746931	
-3.91202300543	-1602.94747441	
-3.91866754815	-1602.94747943	
-3.92526823218	-1602.94748437	
-3.93182563272	-1602.94748925	
-3.93834031375	-1602.94749405	
-3.94481282825	-1602.94749879	
-3.95124371858	-1602.94750345	
-3.95763351668	-1602.94750805	
-3.96398274436	-1602.94751258	
-3.97029191355	-1602.94751704	
-3.97656152657	-1602.94752145	
-3.98279207632	-1602.94752578	
-3.98898404656	-1602.94753006	
-3.99513791214	-1602.94753427	
-4.00125413916	-1602.94753843	
-4.00733318523	-1602.94754252	
-4.01337549969	-1602.94754656	
-4.01938152375	-1602.94755054	
-4.02535169074	-1602.94755446	
-4.03128642625	-1602.94755833	
-4.03718614838	-1602.94756214	
-4.04305126783	-1602.9475659	
-4.04888218815	-1602.94756961	
-4.05467930583	-1602.94757326	
-4.06044301055	-1602.94757686	
-4.06617368526	-1602.94758041	
-4.07187170637	-1602.94758391	
-4.07753744391	-1602.94758737	
-4.08317126162	-1602.94759077	
-4.08877351717	-1602.94759413	
-4.09434456222	-1602.94759744	
-4.0998847426	-1602.94760071	
-4.10539439841	-1602.94760393	
-4.11087386417	-1602.9476071	
-4.11632346894	-1602.94761024	
-4.12174353641	-1602.94761333	
-4.12713438505	-1602.94761637	
-4.13249632819	-1602.94761938	
-4.13782967416	-1602.94762234	
-4.14313472639	-1602.94762527	
-4.14841178349	-1602.94762815	
-4.15366113938	-1602.94763099	
-4.15888308336	-1602.9476338	
-4.16407790024	-1602.94763657	
-4.1692458704	-1602.9476393	
-4.1743872699	-1602.94764199	
-4.17950237056	-1602.94764465	
-4.18459144007	-1602.94764727	
-4.18965474203	-1602.94764986	
-4.19469253606	-1602.94765241	
-4.19970507788	-1602.94765493	
-4.20469261939	-1602.94765742	
-4.20965540873	-1602.94765987	
-4.21459369037	-1602.94766229	
-4.21950770518	-1602.94766467	
-4.22439769047	-1602.94766703	
-4.22926388012	-1602.94766935	
-4.2341065046	-1602.94767165	
-4.23892579103	-1602.94767391	
-4.2437219633	-1602.94767615	
-4.24849524205	-1602.94767835	
-4.25324584481	-1602.94768053	
-4.257973986	-1602.94768268	
-4.26267987704	-1602.94768479	
-4.26736372635	-1602.94768689	
-4.27202573946	-1602.94768895	
-4.27666611902	-1602.94769099	
-4.28128506487	-1602.947693	
-4.28588277412	-1602.94769499	
-4.29045944115	-1602.94769695	
-4.29501525768	-1602.94769888	
-4.29955041285	-1602.94770079	
-4.3040650932	-1602.94770268	
-4.30855948279	-1602.94770454	
-4.31303376319	-1602.94770638	
-4.31748811354	-1602.94770819	
-4.3219227106	-1602.94770998	
-4.32633772881	-1602.94771175	
-4.33073334029	-1602.9477135	
-4.33510971489	-1602.94771522	
-4.33946702026	-1602.94771692	
-4.34380542185	-1602.94771861	
-4.348125083	-1602.94772026	
-4.3524261649	-1602.9477219	
-4.35670882669	-1602.94772352	
-4.36097322548	-1602.94772512	
-4.36521951636	-1602.9477267	
-4.36944785247	-1602.94772826	
-4.373658385	-1602.94772979	
-4.37785126326	-1602.94773131	
-4.38202663467	-1602.94773281	
-4.38618464482	-1602.9477343	
-4.39032543749	-1602.94773576	
-4.39444915467	-1602.9477372	
-4.39855593663	-1602.94773863	
-4.40264592188	-1602.94774004	
-4.40671924726	-1602.94774143	
-4.41077604796	-1602.94774281	
-4.4148164575	-1602.94774417	
-4.4188406078	-1602.94774551	
-4.42284862919	-1602.94774683	
-4.42684065046	-1602.94774814	
-4.43081679884	-1602.94774944	
-4.43477720006	-1602.94775071	
-4.43872197835	-1602.94775198	
-4.44265125649	-1602.94775322	
-4.44656515581	-1602.94775445	
-4.45046379623	-1602.94775567	
-4.45434729625	-1602.94775687	
-4.45821577303	-1602.94775806	
-4.46206934235	-1602.94775923	
-4.46590811865	-1602.94776039	
-4.46973221509	-1602.94776153	
-4.47354174351	-1602.94776266	
-4.47733681448	-1602.94776378	
-4.48111753732	-1602.94776488	
-4.48488402011	-1602.94776597	
-4.48863636973	-1602.94776705	
-4.49237469184	-1602.94776812	
-4.49609909093	-1602.94776917	
-4.49980967033	-1602.94777021	
-4.50350653221	-1602.94777123	
-4.50718977763	-1602.94777225	
-4.51085950652	-1602.94777325	
-4.51451581772	-1602.94777424	
-4.518158809	-1602.94777522	
-4.52178857705	-1602.94777619	
-4.52540521752	-1602.94777714	
-4.52900882502	-1602.94777809	
-4.53259949315	-1602.94777902	
-4.5361773145	-1602.94777994	
-4.53974238067	-1602.94778085	
-4.54329478227	-1602.94778175	
-4.54683460898	-1602.94778264	
-4.55036194949	-1602.94778352	
-4.5538768916	-1602.94778439	
-4.55737952215	-1602.94778525	
-4.56086992709	-1602.9477861	
-4.56434819147	-1602.94778694	
-4.56781439944	-1602.94778777	
-4.57126863431	-1602.94778859	
-4.5747109785	-1602.9477894	
-4.5781415136	-1602.9477902	
-4.58156032035	-1602.94779099	
-4.58496747867	-1602.94779177	
-4.58836306767	-1602.94779254	
-4.59174716566	-1602.94779331	
-4.59511985013	-1602.94779406	
-4.59848119784	-1602.94779481	
-4.60183128472	-1602.94779555	
-4.60517018599	-1602.94779627	
-4.60849797608	-1602.947797	
-4.61181472871	-1602.94779771	
-4.61512051684	-1602.94779841	
-4.61841541274	-1602.94779911	
-4.62169948794	-1602.94779979	
-4.62497281328	-1602.94780047	
-4.62823545892	-1602.94780115	
-4.63148749431	-1602.94780181	
-4.63472898823	-1602.94780247	
-4.63796000881	-1602.94780312	
-4.64118062351	-1602.94780376	
-4.64439089914	-1602.94780439	
-4.64759090187	-1602.94780502	
-4.65078069724	-1602.94780564	
-4.65396035016	-1602.94780625	
-4.65712992492	-1602.94780686	
-4.66028948521	-1602.94780745	
-4.66343909411	-1602.94780805	
-4.66657881412	-1602.94780863	
-4.66970870713	-1602.94780921	
-4.67282883446	-1602.94780978	
-4.67593925688	-1602.94781035	
-4.67904003455	-1602.9478109	
-4.68213122712	-1602.94781146	
-4.68521289366	-1602.947812	
-4.6882850927	-1602.94781254	
-4.69134788223	-1602.94781308	
-4.69440131972	-1602.9478136	
-4.6974454621	-1602.94781412	
-4.70048036579	-1602.94781464	
-4.70350608671	-1602.94781515	
-4.70652268025	-1602.94781565	
-4.70953020131	-1602.94781615	
-4.71252870431	-1602.94781664	
-4.71551824316	-1602.94781713	
-4.7184988713	-1602.94781761	
-4.72147064168	-1602.94781809	
-4.72443360681	-1602.94781856	
-4.72738781871	-1602.94781902	
-4.73033332894	-1602.94781948	
-4.73327018862	-1602.94781994	
-4.73619844839	-1602.94782038	
-4.7391181585	-1602.94782083	
-4.74202936871	-1602.94782127	
-4.74493212836	-1602.9478217	
-4.74782648639	-1602.94782213	
-4.75071249128	-1602.94782255	
-4.75359019111	-1602.94782297	
-4.75645963353	-1602.94782339	
-4.75932086582	-1602.9478238	
-4.7621739348	-1602.9478242	
-4.76501888693	-1602.9478246	
-4.76785576827	-1602.947825	
-4.77068462447	-1602.94782539	
-4.77350550081	-1602.94782578	
-4.77631844218	-1602.94782616	
-4.77912349311	-1602.94782654	
-4.78192069773	-1602.94782691	
-4.78471009982	-1602.94782728	
-4.78749174278	-1602.94782765	
-4.79026566966	-1602.94782801	
-4.79303192316	-1602.94782837	
-4.7957905456	-1602.94782872	
-4.79854157897	-1602.94782907	
-4.80128506491	-1602.94782941	
-4.80402104473	-1602.94782975	
-4.80674955939	-1602.94783009	
-4.8094706495	-1602.94783043	
-4.81218435537	-1602.94783075	
-4.81489071697	-1602.94783108	
-4.81758977394	-1602.9478314	
-4.82028156561	-1602.94783172	
-4.82296613098	-1602.94783204	
-4.82564350875	-1602.94783235	
-4.8283137373	-1602.94783265	
-4.83097685472	-1602.94783296	
-4.83363289878	-1602.94783326	
-4.83628190695	-1602.94783356	
-4.83892391641	-1602.94783385	
-4.84155896405	-1602.94783414	
-4.84418708646	-1602.94783443	
-4.84680831994	-1602.94783471	
-4.84942270051	-1602.94783499	
-4.85203026392	-1602.94783527	
-4.85463104562	-1602.94783554	
-4.8572250808	-1602.94783581	
-4.85981240436	-1602.94783608	
-4.86239305096	-1602.94783634	
-4.86496705495	-1602.9478366	
-4.86753445046	-1602.94783686	
-4.87009527132	-1602.94783712	
-4.87264955112	-1602.94783737	
-4.8751973232	-1602.94783762	
-4.87773862063	-1602.94783787	
-4.88027347623	-1602.94783811	
-4.88280192259	-1602.94783835	
-4.88532399202	-1602.94783859	
-4.88783971662	-1602.94783882	
-4.89034912822	-1602.94783906	
-4.89285225844	-1602.94783928	
-4.89534913864	-1602.94783951	
-4.89783979995	-1602.94783974	
-4.90032427328	-1602.94783996	
-4.90280258929	-1602.94784018	
-4.90527477844	-1602.94784039	
-4.90774087093	-1602.94784061	
-4.91020089677	-1602.94784082	
-4.91265488574	-1602.94784103	
-4.91510286737	-1602.94784123	
-4.91754487103	-1602.94784144	
-4.91998092583	-1602.94784164	
-4.92241106068	-1602.94784184	
-4.92483530429	-1602.94784203	
-4.92725368516	-1602.94784223	
-4.92966623156	-1602.94784242	
-4.93207297159	-1602.94784261	
-4.93447393313	-1602.9478428	
-4.93686914386	-1602.94784298	
-4.93925863125	-1602.94784316	
-4.94164242261	-1602.94784335	
-4.94402054501	-1602.94784352	
-4.94639302537	-1602.9478437	
-4.94875989038	-1602.94784387	
-4.95112116656	-1602.94784405	
-4.95347688026	-1602.94784422	
-4.9558270576	-1602.94784438	
-4.95817172456	-1602.94784455	
-4.96051090691	-1602.94784471	
-4.96284463026	-1602.94784487	
-4.96517292002	-1602.94784503	
-4.96749580144	-1602.94784519	
-4.96981329958	-1602.94784535	
-4.97212543933	-1602.9478455	
-4.97443224543	-1602.94784565	
-4.97673374242	-1602.9478458	
-4.97902995468	-1602.94784595	
-4.98132090643	-1602.9478461	
-4.98360662171	-1602.94784624	
-4.98588712441	-1602.94784638	
-4.98816243824	-1602.94784652	
-4.99043258678	-1602.94784666	
-4.99269759341	-1602.9478468	
-4.99495748138	-1602.94784694	
-4.99721227376	-1602.94784707	
-4.9994619935	-1602.9478472	
-5.00170666335	-1602.94784733	
-5.00394630595	-1602.94784746	
-5.00618094375	-1602.94784759	
-5.00841059907	-1602.94784771	
-5.0106352941	-1602.94784784	
-5.01285505083	-1602.94784796	
-5.01506989116	-1602.94784808	
-5.01727983681	-1602.9478482	
-5.01948490937	-1602.94784831	
-5.02168513028	-1602.94784843	
-5.02388052085	-1602.94784854	
-5.02607110223	-1602.94784866	
-5.02825689545	-1602.94784877	
-5.03043792139	-1602.94784888	
-5.03261420082	-1602.94784898	
-5.03478575433	-1602.94784909	
-5.03695260241	-1602.9478492	
-5.03911476542	-1602.9478493	
-5.04127226356	-1602.9478494	
-5.04342511692	-1602.9478495	
-5.04557334546	-1602.9478496	
-5.047716969	-1602.9478497	
-5.04985600725	-1602.9478498	
-5.05199047978	-1602.94784989	
-5.05412040604	-1602.94784999	
-5.05624580535	-1602.94785008	
-5.05836669692	-1602.94785017	
-5.06048309982	-1602.94785026	
-5.06259503303	-1602.94785035	
-5.06470251537	-1602.94785044	
-5.06680556556	-1602.94785052	
-5.06890420222	-1602.94785061	
-5.07099844382	-1602.94785069	
-5.07308830874	-1602.94785077	
-5.07517381523	-1602.94785086	
-5.07725498144	-1602.94785094	
-5.07933182538	-1602.94785102	
-5.08140436498	-1602.94785109	
-5.08347261805	-1602.94785117	
-5.08553660227	-1602.94785124	
-5.08759633523	-1602.94785132	
-5.08965183441	-1602.94785139	
-5.09170311719	-1602.94785146	
-5.09375020081	-1602.94785153	
-5.09579310244	-1602.9478516	
-5.09783183913	-1602.94785167	
-5.09986642782	-1602.94785174	
-5.10189688537	-1602.94785181	
-5.10392322852	-1602.94785187	
-5.1059454739	-1602.94785194	
-5.10796363806	-1602.947852	
-5.10997773743	-1602.94785206	
-5.11198778836	-1602.94785212	
-5.11399380708	-1602.94785218	
-5.11599580975	-1602.94785224	
-5.11799381242	-1602.9478523	
-5.11998783102	-1602.94785236	
-5.12197788143	-1602.94785241	
-5.1239639794	-1602.94785247	
-5.12594614061	-1602.94785252	
-5.12792438062	-1602.94785258	
-5.12989871492	-1602.94785263	
-5.13186915891	-1602.94785268	
-5.13383572788	-1602.94785273	
-5.13579843705	-1602.94785278	
-5.13775730154	-1602.94785283	
-5.13971233637	-1602.94785288	
-5.1416635565	-1602.94785293	
-5.14361097679	-1602.94785297	
-5.145554612	-1602.94785302	
-5.14749447681	-1602.94785306	
-5.14943058584	-1602.94785311	
-5.15136295359	-1602.94785315	
-5.1532915945	-1602.94785319	
-5.15521652291	-1602.94785323	
-5.15713775309	-1602.94785327	
-5.15905529921	-1602.94785331	
-5.1609691754	-1602.94785335	
-5.16287939565	-1602.94785339	
-5.16478597392	-1602.94785342	
-5.16668892407	-1602.94785346	
-5.16858825987	-1602.94785349	
-5.17048399504	-1602.94785353	
-5.17237614319	-1602.94785356	
-5.17426471788	-1602.9478536	
-5.17614973257	-1602.94785363	
-5.17803120067	-1602.94785366	
-5.1799091355	-1602.94785369	
-5.18178355029	-1602.94785372	
-5.18365445823	-1602.94785375	
-5.1855218724	-1602.94785378	
-5.18738580584	-1602.94785381	
-5.18924627149	-1602.94785384	
-5.19110328224	-1602.94785386	
-5.19295685089	-1602.94785389	
-5.19480699018	-1602.94785391	
-5.19665371277	-1602.94785394	
-5.19849703127	-1602.94785396	
-5.20033695819	-1602.94785398	
-5.202173506	-1602.94785401	
-5.20400668708	-1602.94785403	
-5.20583651375	-1602.94785405	
-5.20766299828	-1602.94785407	
-5.20948615284	-1602.94785409	
-5.21130598956	-1602.94785411	
-5.21312252048	-1602.94785413	
-5.21493575761	-1602.94785415	
-5.21674571285	-1602.94785416	
-5.21855239808	-1602.94785418	
-5.22035582508	-1602.9478542	
-5.22215600558	-1602.94785421	
-5.22395295126	-1602.94785423	
-5.22574667371	-1602.94785424	
-5.22753718449	-1602.94785426	
-5.22932449506	-1602.94785427	
-5.23110861685	-1602.94785428	
-5.23288956123	-1602.9478543	
-5.23466733947	-1602.94785431	
-5.23644196283	-1602.94785432	
-5.23821344248	-1602.94785433	
-5.23998178954	-1602.94785434	
-5.24174701506	-1602.94785435	
-5.24350913005	-1602.94785436	
-5.24526814546	-1602.94785437	
-5.24702407216	-1602.94785437	
-5.24877692099	-1602.94785438	
-5.25052670271	-1602.94785439	
-5.25227342805	-1602.9478544	
-5.25401710765	-1602.9478544	
-5.25575775213	-1602.94785441	
-5.25749537203	-1602.94785441	
-5.25922997784	-1602.94785442	
-5.26096158	-1602.94785442	
-5.2626901889	-1602.94785442	
-5.26441581487	-1602.94785443	
-5.26613846818	-1602.94785443	
-5.26785815906	-1602.94785443	
-5.26957489768	-1602.94785443	
-5.27128869416	-1602.94785443	
-5.27299955856	-1602.94785444	
-5.27470750091	-1602.94785444	
-5.27641253116	-1602.94785444	
-5.27811465923	-1602.94785443	
-5.27981389498	-1602.94785443	
-5.28151024823	-1602.94785443	
-5.28320372874	-1602.94785443	
-5.28489434622	-1602.94785443	
-5.28658211033	-1602.94785442	
-5.28826703069	-1602.94785442	
-5.28994911688	-1602.94785442	
-5.2916283784	-1602.94785441	
-5.29330482472	-1602.94785441	
-5.29497846528	-1602.9478544	
-5.29664930945	-1602.9478544	
-5.29831736655	-1602.94785439	
-5.29998264587	-1602.94785439	
-5.30164515664	-1602.94785438	
-5.30330490806	-1602.94785438	
-5.30496190927	-1602.94785437	
-5.30661616936	-1602.94785436	
-5.3082676974	-1602.94785435	
-5.30991650239	-1602.94785434	
-5.3115625933	-1602.94785434	
-5.31320597904	-1602.94785433	
-5.3148466685	-1602.94785432	
-5.3164846705	-1602.94785431	
-5.31811999384	-1602.9478543	
-5.31975264727	-1602.94785429	
-5.32138263948	-1602.94785428	
-5.32300997914	-1602.94785427	
-5.32463467487	-1602.94785425	
-5.32625673524	-1602.94785424	
-5.32787616879	-1602.94785423	
-5.32949298402	-1602.94785422	
-5.33110718937	-1602.9478542	
-5.33271879327	-1602.94785419	
-5.33432780407	-1602.94785418	
-5.33593423012	-1602.94785416	
-5.3375380797	-1602.94785415	
-5.33913936107	-1602.94785414	
-5.34073808243	-1602.94785412	
-5.34233425196	-1602.94785411	
-5.3439278778	-1602.94785409	
-5.34551896803	-1602.94785408	
-5.34710753072	-1602.94785406	
-5.34869357387	-1602.94785404	
-5.35027710548	-1602.94785403	
-5.35185813348	-1602.94785401	
-5.35343666577	-1602.94785399	
-5.35501271022	-1602.94785398	
-5.35658627467	-1602.94785396	
-5.3581573669	-1602.94785394	
-5.35972599468	-1602.94785392	
-5.36129216571	-1602.9478539	
-5.36285588769	-1602.94785389	
-5.36441716825	-1602.94785387	
-5.36597601502	-1602.94785385	
-5.36753243557	-1602.94785383	
-5.36908643744	-1602.94785381	
-5.37063802813	-1602.94785379	
-5.37218721511	-1602.94785377	
-5.37373400583	-1602.94785375	
-5.37527840768	-1602.94785373	
-5.37682042804	-1602.94785371	
-5.37836007422	-1602.94785368	
-5.37989735354	-1602.94785366	
-5.38143227326	-1602.94785364	
-5.38296484061	-1602.94785362	
-5.38449506279	-1602.9478536	
-5.38602294697	-1602.94785357	
-5.38754850028	-1602.94785355	
-5.38907172982	-1602.94785353	
-5.39059264266	-1602.9478535	
-5.39211124583	-1602.94785348	
-5.39362754635	-1602.94785346	
-5.39514155118	-1602.94785343	
-5.39665326727	-1602.94785341	
-5.39816270152	-1602.94785339	
-5.39966986081	-1602.94785336	
-5.40117475199	-1602.94785334	
-5.40267738187	-1602.94785331	
-5.40417775725	-1602.94785329	
-5.40567588487	-1602.94785326	
-5.40717177146	-1602.94785324	
-5.40866542372	-1602.94785321	
-5.4101568483	-1602.94785318	
-5.41164605186	-1602.94785316	
-5.41313304098	-1602.94785313	
-5.41461782224	-1602.9478531	
-5.4161004022	-1602.94785308	
-5.41758078737	-1602.94785305	
-5.41905898424	-1602.94785302	
-5.42053499927	-1602.947853	
-5.42200883889	-1602.94785297	
-5.4234805095	-1602.94785294	
-5.42495001748	-1602.94785291	
-5.42641736918	-1602.94785289	
-5.4278825709	-1602.94785286	
-5.42934562895	-1602.94785283	
-5.43080654959	-1602.9478528	
-5.43226533906	-1602.94785277	
-5.43372200355	-1602.94785274	
-5.43517654927	-1602.94785271	
-5.43662898235	-1602.94785268	
-5.43807930892	-1602.94785265	
-5.4395275351	-1602.94785262	
-5.44097366695	-1602.9478526	
-5.44241771052	-1602.94785257	
-5.44385967184	-1602.94785254	
-5.4452995569	-1602.9478525	
-5.44673737167	-1602.94785247	
-5.44817312209	-1602.94785244	
-5.44960681409	-1602.94785241	
-5.45103845357	-1602.94785238	
-5.45246804638	-1602.94785235	
-5.45389559837	-1602.94785232	
-5.45532111536	-1602.94785229	
-5.45674460314	-1602.94785226	
-5.45816606749	-1602.94785223	
-5.45958551414	-1602.94785219	
-5.46100294883	-1602.94785216	
-5.46241837723	-1602.94785213	
-5.46383180503	-1602.9478521	
-5.46524323786	-1602.94785207	
-5.46665268137	-1602.94785203	
-5.46806014114	-1602.947852	
-5.46946562274	-1602.94785197	
-5.47086913175	-1602.94785193	
-5.47227067367	-1602.9478519	
-5.47367025403	-1602.94785187	
-5.47506787829	-1602.94785184	
-5.47646355193	-1602.9478518	
-5.47785728038	-1602.94785177	
-5.47924906905	-1602.94785173	
-5.48063892334	-1602.9478517	
-5.48202684862	-1602.94785167	
-5.48341285022	-1602.94785163	
-5.48479693349	-1602.9478516	
-5.48617910372	-1602.94785156	
-5.48755936619	-1602.94785153	
-5.48893772616	-1602.9478515	
-5.49031418887	-1602.94785146	
-5.49168875953	-1602.94785143	
-5.49306144334	-1602.94785139	
-5.49443224547	-1602.94785136	
-5.49580117108	-1602.94785132	
-5.49716822529	-1602.94785129	
-5.49853341322	-1602.94785125	
-5.49989673995	-1602.94785122	
-5.50125821054	-1602.94785118	
-5.50261783006	-1602.94785114	
-5.50397560352	-1602.94785111	
-5.50533153593	-1602.94785107	
-5.50668563228	-1602.94785104	
-5.50803789753	-1602.947851	
-5.50938833663	-1602.94785097	
-5.5107369545	-1602.94785093	
-5.51208375605	-1602.94785089	
-5.51342874616	-1602.94785086	
-5.51477192971	-1602.94785082	
-5.51611331154	-1602.94785078	
-5.51745289646	-1602.94785075	
-5.51879068931	-1602.94785071	
-5.52012669485	-1602.94785067	
-5.52146091786	-1602.94785064	
-5.5227933631	-1602.9478506	
-5.52412403528	-1602.94785056	
-5.52545293913	-1602.94785052	
-5.52678007934	-1602.94785049	
-5.52810546058	-1602.94785045	
-5.52942908751	-1602.94785041	
-5.53075096477	-1602.94785037	
-5.53207109697	-1602.94785034	
-5.53338948873	-1602.9478503	
-5.53470614461	-1602.94785026	
-5.53602106919	-1602.94785022	
-5.53733426702	-1602.94785019	
-5.53864574262	-1602.94785015	
-5.5399555005	-1602.94785011	
-5.54126354516	-1602.94785007	
-5.54256988107	-1602.94785003	
-5.5438745127	-1602.94785	
-5.54517744448	-1602.94784996	
-5.54647868084	-1602.94784992	
-5.54777822618	-1602.94784988	
-5.5490760849	-1602.94784984	
-5.55037226136	-1602.9478498	
-5.55166675992	-1602.94784976	
-5.55295958492	-1602.94784973	
-5.55425074069	-1602.94784969	
-5.55554023152	-1602.94784965	
-5.5568280617	-1602.94784961	
-5.55811423551	-1602.94784957	
-5.5593987572	-1602.94784953	
-5.56068163102	-1602.94784949	
-5.56196286117	-1602.94784945	
-5.56324245188	-1602.94784941	
-5.56452040732	-1602.94784937	
-5.56579673168	-1602.94784933	
-5.56707142911	-1602.94784929	
-5.56834450376	-1602.94784925	
-5.56961595975	-1602.94784921	
-5.57088580119	-1602.94784918	
-5.57215403218	-1602.94784914	
-5.57342065679	-1602.9478491	
-5.5746856791	-1602.94784906	
-5.57594910315	-1602.94784902	
-5.57721093297	-1602.94784898	
-5.57847117258	-1602.94784894	
-5.57972982599	-1602.9478489	
-5.58098689718	-1602.94784886	
-5.58224239012	-1602.94784882	
-5.58349630878	-1602.94784878	
-5.5847486571	-1602.94784874	
-5.585999439	-1602.94784869	
-5.5872486584	-1602.94784865	
-5.5884963192	-1602.94784861	
-5.58974242528	-1602.94784857	
-5.59098698051	-1602.94784853	
-5.59222998875	-1602.94784849	
-5.59347145384	-1602.94784845	
-5.5947113796	-1602.94784841	
-5.59594976985	-1602.94784837	
-5.59718662839	-1602.94784833	
-5.598421959	-1602.94784829	
-5.59965576545	-1602.94784825	
-5.60088805149	-1602.94784821	
-5.60211882088	-1602.94784817	
-5.60334807733	-1602.94784813	
-5.60457582457	-1602.94784809	
-5.6058020663	-1602.94784804	
-5.60702680619	-1602.947848	
-5.60825004793	-1602.94784796	
-5.60947179518	-1602.94784792	
-5.61069205159	-1602.94784788	
-5.61191082078	-1602.94784784	
-5.61312810639	-1602.9478478	
-5.61434391201	-1602.94784776	
-5.61555824124	-1602.94784772	
-5.61677109767	-1602.94784767	
-5.61798248485	-1602.94784763	
-5.61919240636	-1602.94784759	
-5.62040086572	-1602.94784755	
-5.62160786647	-1602.94784751	
-5.62281341212	-1602.94784747	
-5.62401750619	-1602.94784743	
-5.62522015215	-1602.94784738	
-5.6264213535	-1602.94784734	
-5.62762111369	-1602.9478473	
-5.62881943618	-1602.94784726	
-5.63001632442	-1602.94784722	
-5.63121178182	-1602.94784718	
-5.63240581181	-1602.94784713	
-5.6335984178	-1602.94784709	
-5.63478960317	-1602.94784705	
-5.6359793713	-1602.94784701	
-5.63716772557	-1602.94784697	
-5.63835466933	-1602.94784693	
-5.63954020593	-1602.94784688	
-5.64072433869	-1602.94784684	
-5.64190707094	-1602.9478468	
-5.64308840598	-1602.94784676	
-5.64426834712	-1602.94784672	
-5.64544689764	-1602.94784667	
-5.64662406082	-1602.94784663	
-5.64779983991	-1602.94784659	
-5.64897423816	-1602.94784655	
-5.65014725882	-1602.94784651	
-5.65131890512	-1602.94784646	
-5.65248918027	-1602.94784642	
-5.65365808747	-1602.94784638	
-5.65482562993	-1602.94784634	
-5.65599181082	-1602.9478463	
-5.65715663332	-1602.94784625	
-5.65832010058	-1602.94784621	
-5.65948221576	-1602.94784617	
-5.660642982	-1602.94784613	
-5.66180240242	-1602.94784608	
-5.66296048014	-1602.94784604	
-5.66411721826	-1602.947846	
-5.66527261989	-1602.94784596	
-5.66642668811	-1602.94784592	
-5.66757942599	-1602.94784587	
-5.6687308366	-1602.94784583	
-5.66988092298	-1602.94784579	
-5.67102968818	-1602.94784575	
-5.67217713524	-1602.9478457	
-5.67332326717	-1602.94784566	
-5.67446808699	-1602.94784562	
-5.67561159769	-1602.94784558	
-5.67675380227	-1602.94784553	
-5.6778947037	-1602.94784549	
-5.67903430497	-1602.94784545	
-5.68017260902	-1602.94784541	
-5.6813096188	-1602.94784537	
-5.68244533727	-1602.94784532	
-5.68357976734	-1602.94784528	
-5.68471291194	-1602.94784524	
-5.68584477397	-1602.9478452	
-5.68697535634	-1602.94784515	
-5.68810466194	-1602.94784511	
-5.68923269364	-1602.94784507	
-5.69035945432	-1602.94784503	
-5.69148494685	-1602.94784498	
-5.69260917406	-1602.94784494	
-5.6937321388	-1602.9478449	
-5.69485384391	-1602.94784486	
-5.69597429221	-1602.94784481	
-5.69709348651	-1602.94784477	
-5.69821142961	-1602.94784473	
-5.69932812431	-1602.94784469	
-5.70044357339	-1602.94784464	
-5.70155777963	-1602.9478446	
-5.7026707458	-1602.94784456	
-5.70378247466	-1602.94784452	
-5.70489296894	-1602.94784447	
-5.70600223139	-1602.94784443	
-5.70711026475	-1602.94784439	
-5.70821707172	-1602.94784435	
-5.70932265503	-1602.9478443	
-5.71042701737	-1602.94784426	
-5.71153016145	-1602.94784422	
-5.71263208993	-1602.94784418	
-5.71373280551	-1602.94784413	
-5.71483231084	-1602.94784409	
-5.71593060859	-1602.94784405	
-5.71702770141	-1602.94784401	
-5.71812359193	-1602.94784396	
-5.71921828279	-1602.94784392	
-5.72031177661	-1602.94784388	
-5.72140407601	-1602.94784384	
-5.72249518359	-1602.94784379	
-5.72358510195	-1602.94784375	
-5.72467383369	-1602.94784371	
-5.72576138137	-1602.94784367	
-5.72684774759	-1602.94784362	
-5.72793293489	-1602.94784358	
-5.72901694583	-1602.94784354	
-5.73009978297	-1602.9478435	
-5.73118144884	-1602.94784345	
-5.73226194598	-1602.94784341	
-5.7333412769	-1602.94784337	
-5.73441944412	-1602.94784333	
-5.73549645015	-1602.94784328	
-5.73657229748	-1602.94784324	
-5.73764698861	-1602.9478432	
-5.73872052602	-1602.94784316	
-5.73979291218	-1602.94784311	
-5.74086414956	-1602.94784307	
-5.74193424062	-1602.94784303	
-5.74300318781	-1602.94784299	
-5.74407099357	-1602.94784294	
-5.74513766034	-1602.9478429	
-5.74620319054	-1602.94784286	
-5.7472675866	-1602.94784282	
-5.74833085092	-1602.94784277	
-5.74939298591	-1602.94784273	
-5.75045399397	-1602.94784269	
-5.75151387748	-1602.94784265	
-5.75257263883	-1602.9478426	
-5.75363028038	-1602.94784256	
-5.75468680452	-1602.94784252	
-5.75574221359	-1602.94784248	
-5.75679650994	-1602.94784243	
-5.75784969593	-1602.94784239	
-5.75890177388	-1602.94784235	
-5.75995274612	-1602.94784231	
-5.76100261499	-1602.94784227	
-5.76205138278	-1602.94784222	
-5.76309905181	-1602.94784218	
-5.76414562438	-1602.94784214	
-5.76519110278	-1602.9478421	
-5.7662354893	-1602.94784205	
-5.76727878622	-1602.94784201	
-5.76832099579	-1602.94784197	
-5.7693621203	-1602.94784193	
-5.770402162	-1602.94784188	
-5.77144112313	-1602.94784184	
-5.77247900594	-1602.9478418	
-5.77351581267	-1602.94784176	
-5.77455154554	-1602.94784172	
-5.77558620679	-1602.94784167	
-5.77661979861	-1602.94784163	
-5.77765232322	-1602.94784159	
-5.77868378283	-1602.94784155	
-5.77971417962	-1602.94784151	
-5.78074351579	-1602.94784146	
-5.78177179352	-1602.94784142	
-5.78279901497	-1602.94784138	
-5.78382518233	-1602.94784134	
-5.78485029774	-1602.9478413	
-5.78587436337	-1602.94784125	
-5.78689738137	-1602.94784121	
-5.78791935386	-1602.94784117	
-5.788940283	-1602.94784113	
-5.7899601709	-1602.94784109	
-5.79097901969	-1602.94784104	
-5.79199683148	-1602.947841	
-5.79301360838	-1602.94784096	
-5.7940293525	-1602.94784092	
-5.79504406593	-1602.94784088	
-5.79605775077	-1602.94784083	
-5.79707040908	-1602.94784079	
-5.79808204295	-1602.94784075	
-5.79909265446	-1602.94784071	
-5.80010224566	-1602.94784067	
-5.80111081862	-1602.94784063	
-5.80211837538	-1602.94784058	
-5.80312491799	-1602.94784054	
-5.80413044849	-1602.9478405	
-5.80513496892	-1602.94784046	
-5.80613848129	-1602.94784042	
-5.80714098764	-1602.94784037	
-5.80814248998	-1602.94784033	
-5.80914299031	-1602.94784029	
