#Site	lnL	
0	-3.05463530956
1	-8.74007223463
2	-3.38666361661
3	-2.50999721392
4	-3.18288308604
5	-3.16728431757
6	-3.05463530956
7	-6.88265588697
8	-3.16728431757
9	-3.05463530956
10	-2.61218500499
11	-5.79422429961
12	-2.81844265389
13	-2.93710618496
14	-11.5111403536
15	-2.66886271149
16	-2.61218500499
17	-6.17650920855
18	-10.1094843516
19	-5.66388434063
20	-3.88692960895
21	-2.50999721392
22	-14.7989941148
23	-3.5855109002
24	-3.05463530956
25	-2.78018695678
26	-8.18844221027
27	-3.05463530956
28	-2.93710618496
29	-3.38666361661
30	-2.81844265389
31	-2.61218500499
32	-3.38666361661
33	-2.50999721392
34	-3.18288308604
35	-3.5855109002
36	-2.66886271149
37	-2.61218500499
38	-3.38666361661
39	-2.81844265389
40	-9.20283189675
41	-6.3497361982
42	-2.50999721392
43	-2.61218500499
44	-3.88692960895
45	-2.81844265389
46	-9.69213980371
47	-3.16728431757
48	-10.0506851536
49	-7.11855230999
50	-8.18844221027
51	-2.50999721392
52	-2.61218500499
53	-5.79422429961
54	-2.66886271149
55	-6.97469699096
56	-3.88692960895
57	-2.81844265389
58	-2.78018695678
59	-3.38666361661
60	-5.83354957345
61	-3.18288308604
62	-3.88692960895
63	-2.81844265389
64	-2.61218500499
65	-3.38666361661
66	-10.9965274762
67	-3.18288308604
68	-3.38666361661
69	-2.50999721392
70	-3.18288308604
71	-3.16728431757
72	-2.66886271149
73	-2.61218500499
74	-3.88692960895
75	-6.13861617922
76	-2.93710618496
77	-3.38666361661
78	-2.81844265389
79	-5.66388434063
80	-5.89403460778
81	-2.81844265389
82	-2.61218500499
83	-3.88692960895
84	-2.50999721392
85	-2.61218500499
86	-6.79043097496
87	-2.81844265389
88	-6.24758625105
89	-3.5855109002
90	-3.05463530956
91	-10.9261400837
92	-6.94684671434
93	-2.81844265389
94	-2.78018695678
95	-3.16728431757
96	-6.64094209899
97	-2.93710618496
98	-3.5855109002
99	-2.81844265389
100	-8.6503882457
101	-3.16728431757
102	-10.1992735199
103	-6.57736742543
104	-3.38666361661
105	-2.81844265389
106	-2.61218500499
107	-3.16728431757
108	-8.534732411
109	-2.93710618496
110	-6.17650920855
111	-2.50999721392
112	-5.66388434063
113	-3.88692960895
114	-3.05463530956
115	-2.93710618496
116	-3.38666361661
117	-2.50999721392
118	-2.78018695678
119	-3.16728431757
120	-2.66886271149
121	-2.61218500499
122	-7.3782831454
123	-5.83354957345
124	-5.75984634706
125	-6.84237386152
126	-2.81844265389
127	-2.78018695678
128	-7.92341859942
129	-6.73774400857
130	-8.66926179751
131	-3.88692960895
132	-2.66886271149
133	-2.78018695678
134	-3.88692960895
135	-2.50999721392
136	-7.73584755896
137	-10.9212070552
138	-8.49189518892
139	-10.197905089
140	-5.55999467009
141	-6.1261499504
142	-14.9241811428
143	-3.16728431757
144	-2.50999721392
145	-2.78018695678
146	-3.5855109002
147	-3.05463530956
148	-2.93710618496
149	-3.38666361661
150	-16.813437482
151	-2.78018695678
152	-3.16728431757
153	-3.05463530956
154	-2.78018695678
155	-6.79043097496
156	-2.50999721392
157	-3.18288308604
158	-3.5855109002
159	-2.66886271149
160	-2.93710618496
161	-9.99798315549
162	-2.50999721392
163	-2.93710618496
164	-6.10892155099
165	-2.81844265389
166	-2.61218500499
167	-5.76875458325
168	-2.66886271149
169	-2.78018695678
170	-5.55999467009
171	-3.05463530956
172	-2.78018695678
173	-3.5855109002
174	-6.76634025197
175	-5.93901171021
176	-6.3497361982
177	-2.66886271149
178	-5.9553552965
179	-3.88692960895
180	-2.50999721392
181	-6.97469699096
182	-3.16728431757
183	-2.50999721392
184	-2.78018695678
185	-3.38666361661
186	-2.66886271149
187	-2.93710618496
188	-6.3497361982
189	-2.66886271149
190	-2.78018695678
191	-6.5976712192
192	-2.81844265389
193	-2.78018695678
194	-3.88692960895
195	-2.66886271149
196	-6.4701818551
197	-3.5855109002
198	-2.66886271149
199	-3.18288308604
200	-3.5855109002
201	-2.50999721392
202	-2.78018695678
203	-12.1602499671
204	-2.50999721392
205	-2.78018695678
206	-3.16728431757
207	-2.50999721392
208	-7.34592123116
209	-3.16728431757
210	-2.50999721392
211	-11.513938912
212	-3.16728431757
213	-2.66886271149
214	-2.61218500499
215	-3.88692960895
216	-6.84175736802
217	-2.61218500499
218	-3.5855109002
219	-2.50999721392
220	-10.6525517623
221	-3.38666361661
222	-2.50999721392
223	-2.61218500499
224	-3.5855109002
225	-7.0528586293
226	-3.18288308604
227	-5.38558481429
228	-3.05463530956
229	-10.8059383458
230	-10.649751689
231	-3.05463530956
232	-2.61218500499
233	-11.2684123675
234	-2.50999721392
235	-2.61218500499
236	-3.38666361661
237	-2.50999721392
238	-11.05352627
239	-3.38666361661
240	-2.81844265389
241	-6.88265588697
242	-5.89403460778
243	-2.50999721392
244	-7.69944445742
245	-3.16728431757
246	-10.9774967382
247	-3.18288308604
248	-3.38666361661
249	-3.05463530956
250	-2.93710618496
251	-3.38666361661
252	-6.71647830998
253	-5.9553552965
254	-5.79422429961
255	-5.83354957345
256	-2.78018695678
257	-3.38666361661
258	-19.3273518544
259	-2.61218500499
260	-3.16728431757
261	-2.66886271149
262	-7.69944445742
263	-3.16728431757
264	-2.50999721392
265	-6.24143155975
266	-3.5855109002
267	-2.81844265389
268	-3.18288308604
269	-3.88692960895
270	-3.05463530956
271	-2.61218500499
272	-3.16728431757
273	-2.66886271149
274	-6.97469699096
275	-3.5855109002
276	-6.71647830998
277	-2.61218500499
278	-3.16728431757
279	-6.77197960805
280	-2.78018695678
281	-3.38666361661
282	-6.27978475166
283	-8.44841099673
284	-3.38666361661
285	-2.81844265389
286	-3.18288308604
287	-3.16728431757
288	-6.1261499504
289	-2.93710618496
290	-6.5162007194
291	-7.41547491417
292	-2.93710618496
293	-8.37321728603
294	-2.81844265389
295	-6.24758625105
296	-3.38666361661
297	-6.54618743415
298	-8.33901290082
299	-7.59488129338
300	-2.81844265389
301	-2.61218500499
302	-6.3231488996
303	-3.05463530956
304	-3.18288308604
305	-3.16728431757
306	-12.952483222
307	-5.66388434063
308	-3.5855109002
309	-2.66886271149
310	-3.18288308604
311	-6.79043097496
312	-10.5754408173
313	-2.61218500499
314	-6.79043097496
315	-2.50999721392
316	-3.18288308604
317	-3.5855109002
318	-2.81844265389
319	-2.93710618496
320	-3.16728431757
321	-2.66886271149
322	-2.61218500499
323	-3.16728431757
324	-3.05463530956
325	-5.64933712922
326	-6.37910851733
327	-7.60908657309
328	-6.21015474484
329	-6.82018834345
330	-3.05463530956
331	-5.66388434063
332	-3.38666361661
333	-6.43097306796
334	-11.748572774
335	-5.59722431663
336	-2.50999721392
337	-2.93710618496
338	-10.0996653538
339	-8.48375800429
340	-2.93710618496
341	-3.16728431757
342	-3.05463530956
343	-2.78018695678
344	-6.28279264738
345	-3.05463530956
346	-6.21015474484
347	-11.741197228
348	-2.66886271149
349	-6.57758764556
350	-3.5855109002
351	-3.05463530956
352	-2.61218500499
353	-13.2313200979
354	-2.50999721392
355	-19.0285985441
356	-3.88692960895
357	-2.50999721392
358	-2.61218500499
359	-3.38666361661
360	-2.50999721392
361	-2.78018695678
362	-3.38666361661
363	-2.81844265389
364	-6.24758625105
365	-5.5074779206
366	-2.81844265389
367	-2.61218500499
368	-6.08229241515
369	-2.50999721392
370	-2.93710618496
371	-3.5855109002
372	-2.50999721392
373	-2.61218500499
374	-3.38666361661
375	-6.75859476112
376	-5.64933712922
377	-6.51444485377
378	-2.81844265389
379	-3.18288308604
380	-10.5669156562
381	-2.50999721392
382	-7.11855230999
383	-6.28279264738
384	-2.81844265389
385	-2.93710618496
386	-11.0446250376
387	-8.68279537452
388	-8.90928641179
389	-3.16728431757
390	-6.75859476112
391	-2.78018695678
392	-8.87628797769
393	-6.25718709329
394	-2.93710618496
395	-3.5855109002
396	-2.66886271149
397	-3.18288308604
398	-5.39057423978
399	-6.1261499504
400	-2.93710618496
401	-3.88692960895
402	-2.81844265389
403	-2.61218500499
404	-3.88692960895
405	-2.50999721392
406	-2.61218500499
407	-3.38666361661
408	-8.05080034098
409	-7.69944445742
410	-3.38666361661
411	-2.50999721392
412	-2.93710618496
413	-7.46446297212
414	-2.50999721392
415	-3.18288308604
416	-5.5074779206
417	-3.05463530956
418	-2.78018695678
419	-3.16728431757
420	-3.05463530956
421	-2.61218500499
422	-3.16728431757
423	-2.81844265389
424	-2.78018695678
425	-5.5074779206
426	-2.50999721392
427	-10.1474053786
428	-3.16728431757
429	-2.81844265389
430	-6.43910817861
431	-3.88692960895
432	-6.1261499504
433	-2.78018695678
434	-11.2254391348
435	-2.66886271149
436	-2.93710618496
437	-9.14377671973
438	-7.0528586293
439	-7.40957728045
440	-6.28045498328
441	-3.05463530956
442	-2.61218500499
443	-3.38666361661
444	-7.56039862226
445	-6.24758625105
446	-3.38666361661
447	-2.66886271149
448	-6.37453894521
449	-6.5976712192
450	-7.56426175227
451	-3.18288308604
452	-3.16728431757
453	-3.05463530956
454	-3.18288308604
455	-3.88692960895
456	-2.50999721392
457	-12.4646728225
458	-7.13942204262
459	-12.1256667474
460	-6.66346326389
461	-3.38666361661
462	-8.00117945861
463	-2.93710618496
464	-3.16728431757
465	-6.54618743415
466	-2.61218500499
467	-6.08229241515
468	-2.81844265389
469	-2.93710618496
470	-6.27667295033
