#Site	lnL	
0	-6.42445996976
1	-1.79207514583
2	-15.4435974568
3	-1.80136181546
4	-1.79207514583
5	-1.61658260519
6	-1.65077287062
7	-5.99034850258
8	-30.9471517171
9	-9.57953071859
10	-1.64833502516
11	-1.20978538214
12	-1.51764547185
13	-1.95279996912
14	-1.61658260519
15	-5.24671301445
16	-8.48935794831
17	-15.443597671
18	-4.55471825535
19	-1.64833502516
20	-1.31835075516
21	-1.65077287062
22	-1.64833502516
23	-17.1972926563
24	-1.65077287062
25	-1.95279996912
26	-1.20978538214
27	-1.51764547185
28	-4.95128031468
29	-17.7917102576
30	-6.95861982767
31	-6.53155226588
32	-18.0228399891
33	-1.51764547185
34	-6.58122065783
35	-1.31835075516
36	-1.80136181546
37	-1.79207514583
38	-15.4435974568
39	-1.65077287062
40	-5.49578254479
41	-1.31835075516
42	-6.93434154383
43	-1.79207514583
44	-16.1327515189
45	-1.65077287062
46	-1.64833502516
47	-1.20978538214
48	-6.66106076593
49	-5.14650467412
50	-1.44571101647
51	-4.59995841018
52	-2.15909398175
53	-17.0231940244
54	-5.7555255478
55	-1.64833502516
56	-1.61658260519
57	-1.51764547185
58	-5.35807656648
59	-1.20978538214
60	-1.65077287062
61	-13.2937250432
62	-1.44571101647
63	-1.99681697636
64	-2.15909398175
65	-1.20978538214
66	-1.65077287062
67	-2.15909398175
68	-15.5059041136
69	-6.63796233519
70	-4.33328562902
71	-1.31835075516
72	-1.99681697636
73	-6.04559639993
74	-1.31835075516
75	-1.80136181546
76	-1.64833502516
77	-16.1013415326
78	-1.51764547185
79	-5.02584391332
80	-1.44571101647
81	-7.48513836137
82	-6.53155226588
83	-16.1327512543
84	-1.99681697636
85	-1.79207514583
86	-1.44571101647
87	-1.51764547185
88	-2.15909398175
89	-16.5081382243
90	-1.99681697636
91	-1.64833502516
92	-1.31835075516
93	-1.65077287062
94	-5.02584391332
95	-17.0854999294
96	-1.51764547185
97	-5.49578254479
98	-1.44571101647
99	-6.8972047492
100	-5.62314249434
101	-1.44571101647
102	-1.51764547185
103	-1.79207514583
104	-1.20978538214
105	-6.13841318912
106	-1.64833502516
107	-1.31835075516
108	-5.02440443283
109	-5.02584391332
110	-1.44571101647
111	-5.28807456275
112	-2.15909398175
113	-1.44571101647
114	-1.80136181546
115	-1.64833502516
116	-1.20978538214
117	-7.06785701773
118	-1.64833502516
119	-1.61658260519
120	-1.99681697636
121	-1.64833502516
122	-1.61658260519
123	-1.51764547185
124	-1.79207514583
125	-1.44571101647
126	-1.80136181546
127	-1.79207514583
128	-1.20978538214
129	-1.99681697636
130	-1.79207514583
131	-1.61658260519
132	-1.99681697636
133	-2.15909398175
134	-1.20978538214
135	-1.65077287062
136	-1.64833502516
137	-1.61658260519
138	-1.99681697636
139	-1.64833502516
140	-1.61658260519
141	-1.51764547185
142	-2.15909398175
143	-16.1327512543
144	-4.57064362586
145	-5.14650467412
146	-16.1327512543
147	-1.65077287062
148	-1.64833502516
149	-34.4067213978
150	-1.51764547185
151	-1.79207514583
152	-17.5535788739
153	-1.51764547185
154	-1.64833502516
155	-16.1327515189
156	-6.33005594012
157	-1.64833502516
158	-1.61658260519
159	-1.51764547185
160	-6.58122065783
161	-1.61658260519
162	-1.65077287062
163	-1.64833502516
164	-1.61658260519
165	-1.51764547185
166	-1.95279996912
167	-31.0866133106
168	-6.86484171367
169	-2.15909398175
170	-1.20978538214
171	-1.99681697636
172	-1.79207514583
173	-1.20978538214
174	-4.55471825535
175	-2.15909398175
176	-18.4198922128
177	-4.59995841018
178	-1.64833502516
179	-1.61658260519
180	-1.51764547185
181	-4.37115056193
182	-1.44571101647
183	-1.99681697636
184	-1.79207514583
185	-1.44571101647
186	-1.51764547185
187	-1.95279996912
188	-1.31835075516
189	-1.99681697636
190	-1.79207514583
191	-16.1950580159
192	-1.80136181546
193	-5.14650467412
194	-1.31835075516
195	-1.80136181546
196	-5.25477522612
197	-1.20978538214
198	-1.99681697636
199	-2.15909398175
200	-1.31835075516
201	-5.59119109648
202	-1.95279996912
203	-16.6631356354
204	-1.99681697636
205	-1.95279996912
206	-1.44571101647
207	-5.04119191057
208	-1.64833502516
209	-15.5059041136
210	-1.99681697636
211	-5.93225101489
212	-1.61658260519
213	-1.65077287062
214	-2.15909398175
215	-1.20978538214
216	-1.51764547185
217	-1.64833502516
218	-16.1327515189
219	-1.65077287062
220	-2.15909398175
221	-1.61658260519
222	-1.80136181546
223	-1.95279996912
224	-17.0231940244
225	-1.99681697636
226	-1.64833502516
227	-1.61658260519
228	-1.65077287062
229	-12.318210744
230	-1.44571101647
231	-1.51764547185
232	-1.79207514583
233	-16.3807780616
234	-1.99681697636
235	-2.15909398175
236	-31.0866141507
237	-9.46270567666
238	-1.64833502516
239	-1.44571101647
240	-1.99681697636
241	-1.79207514583
242	-1.31835075516
243	-6.8972047492
244	-8.63639348455
245	-1.31835075516
246	-5.04119191057
247	-1.64833502516
248	-1.44571101647
249	-5.04119191057
250	-4.80118125621
251	-1.31835075516
252	-1.51764547185
253	-1.79207514583
254	-16.1327512543
255	-1.80136181546
256	-1.95279996912
257	-1.61658260519
258	-1.80136181546
259	-5.94962405734
260	-16.1013415326
261	-1.51764547185
262	-1.95279996912
263	-1.20978538214
264	-1.65077287062
265	-6.40419231633
266	-32.6662108524
267	-5.04119191057
268	-1.64833502516
269	-15.5059034461
270	-1.80136181546
271	-5.52545476309
272	-1.31835075516
273	-1.51764547185
274	-1.79207514583
275	-1.31835075516
276	-1.65077287062
277	-4.35614102184
278	-1.44571101647
279	-1.99681697636
280	-1.79207514583
281	-1.44571101647
282	-1.51764547185
283	-1.79207514583
284	-1.31835075516
285	-1.80136181546
286	-1.64833502516
287	-1.31835075516
288	-1.51764547185
289	-1.79207514583
290	-1.44571101647
291	-1.51764547185
292	-2.15909398175
293	-16.1950580159
294	-1.99681697636
295	-1.64833502516
296	-1.44571101647
297	-1.80136181546
298	-1.95279996912
299	-1.20978538214
300	-1.99681697636
301	-1.95279996912
302	-1.44571101647
303	-5.90249340472
304	-7.80994860016
305	-1.44571101647
306	-1.51764547185
307	-1.79207514583
308	-1.61658260519
309	-1.80136181546
310	-10.7372901616
311	-16.3807780616
312	-4.57064362586
313	-5.02584391332
314	-1.61658260519
315	-1.51764547185
316	-2.15909398175
317	-15.4435974568
318	-1.51764547185
319	-2.15909398175
320	-1.31835075516
321	-1.99681697636
322	-1.95279996912
323	-15.5059034461
324	-5.02440443283
325	-1.79207514583
326	-1.20978538214
327	-6.93355516291
328	-11.3206558217
329	-1.31835075516
330	-1.51764547185
331	-4.35614102184
332	-1.20978538214
333	-5.34956155104
334	-1.95279996912
335	-17.9603751257
336	-1.65077287062
337	-7.14006051797
338	-1.20978538214
339	-1.80136181546
340	-1.79207514583
341	-1.20978538214
342	-1.80136181546
343	-6.20665369892
344	-1.20978538214
345	-6.84719322241
346	-8.31118300311
347	-1.20978538214
348	-5.04119191057
349	-1.79207514583
350	-1.44571101647
351	-1.51764547185
352	-1.79207514583
353	-17.0231940244
354	-6.33005594012
355	-6.69863662842
356	-17.6809385114
357	-1.99681697636
358	-5.02584391332
359	-1.20978538214
360	-5.73480682793
361	-2.15909398175
362	-18.4494545493
363	-1.99681697636
364	-6.8057037641
365	-17.6809391168
366	-6.76532228474
367	-4.44235992258
368	-15.443597671
369	-5.18439484468
370	-7.77466530168
371	-15.9739818098
372	-5.26644762516
373	-1.95279996912
374	-15.443597671
375	-5.59119109648
376	-1.95279996912
377	-1.20978538214
378	-1.80136181546
379	-1.64833502516
380	-1.31835075516
381	-1.65077287062
382	-1.64833502516
383	-1.20978538214
384	-5.02440443283
385	-1.79207514583
386	-1.31835075516
387	-1.65077287062
388	-2.15909398175
389	-1.44571101647
390	-6.42445996976
391	-1.64833502516
392	-17.0231943202
393	-1.80136181546
394	-6.86844631555
395	-17.4274008987
396	-1.99681697636
397	-1.95279996912
398	-16.3807780616
399	-1.80136181546
400	-4.44235992258
401	-1.20978538214
402	-1.51764547185
403	-4.33328562902
404	-1.31835075516
405	-7.54791062808
406	-5.14650467412
407	-1.20978538214
408	-6.50152413155
409	-10.1297643852
410	-18.022840285
411	-1.51764547185
412	-1.95279996912
413	-15.9739818098
414	-5.02440443283
415	-5.49578254479
416	-1.20978538214
417	-1.65077287062
418	-10.0202521585
419	-1.20978538214
420	-1.65077287062
421	-4.77713173387
422	-1.61658260519
423	-1.80136181546
424	-1.64833502516
425	-31.7757680669
426	-1.65077287062
427	-6.90888108381
428	-1.20978538214
429	-1.51764547185
430	-2.15909398175
431	-16.7904955849
432	-6.20269599057
433	-11.7323171417
434	-17.854016816
435	-7.52556192138
436	-1.79207514583
437	-1.44571101647
438	-1.51764547185
439	-2.15909398175
440	-17.5535785619
441	-1.51764547185
442	-2.15909398175
443	-1.44571101647
444	-1.99681697636
445	-5.14650467412
446	-1.20978538214
447	-1.65077287062
448	-1.79207514583
449	-17.4274014603
450	-1.80136181546
451	-5.05420091667
452	-1.20978538214
453	-1.99681697636
454	-8.90535727836
455	-1.44571101647
456	-1.51764547185
457	-14.7717187432
458	-17.8954799324
459	-1.65077287062
460	-5.49578254479
461	-1.61658260519
462	-1.80136181546
463	-1.79207514583
464	-1.31835075516
465	-1.65077287062
466	-4.33328562902
467	-18.8562514428
468	-5.86216677748
469	-1.64833502516
470	-1.31835075516
