# log_p 	 lnL 	 
0.0	-1651.35259442	
-0.287682072452	-1651.10581855	
-0.510825623766	-1651.00580871	
-0.69314718056	-1650.97887068	
-0.847297860387	-1650.99170357	
-0.980829253012	-1651.02653712	
-1.09861228867	-1651.07259703	
-1.20397280433	-1651.12302116	
-1.29928298413	-1651.17346238	
-1.38629436112	-1651.22127544	
-1.46633706879	-1651.26497083	
-1.54044504095	-1651.30383069	
-1.60943791243	-1651.33763875	
-1.67397643357	-1651.366493	
-1.73460105539	-1651.39067803	
-1.79175946923	-1651.41057974	
-1.8458266905	-1651.42662939	
-1.89711998489	-1651.43926801	
-1.94591014906	-1651.44892434	
-1.99243016469	-1651.4560021	
-2.03688192726	-1651.46087322	
-2.07944154168	-1651.463875	
-2.1202635362	-1651.46530982	
-2.15948424935	-1651.46544631	
-2.19722457734	-1651.46452143	
-2.23359222151	-1651.46274295	
-2.26868354132	-1651.46029217	
-2.30258509299	-1651.45732661	
-2.33537491582	-1651.45398257	
-2.36712361413	-1651.45037755	
-2.3978952728	-1651.4466125	
-2.42774823595	-1651.44277378	
-2.45673577282	-1651.43893502	
-2.48490664979	-1651.43515869	
-2.51230562398	-1651.43149756	
-2.53897387106	-1651.42799594	
-2.56494935746	-1651.42469078	
-2.59026716545	-1651.42161267	
-2.61495977804	-1651.41878666	
-2.63905732962	-1651.41623303	
-2.66258782703	-1651.41396791	
-2.68557734525	-1651.41200388	
-2.7080502011	-1651.41035041	
-2.73002910782	-1651.40901435	
-2.75153531304	-1651.40800027	
-2.77258872224	-1651.40731078	
-2.79320800944	-1651.40694683	
-2.81341071676	-1651.40690793	
-2.83321334406	-1651.4071924	
-2.85263142991	-1651.40779752	
-2.87167962488	-1651.40871971	
-2.8903717579	-1651.40995468	
-2.90872089656	-1651.41149751	
-2.92673940207	-1651.4133428	
-2.94443897917	-1651.41548475	
-2.96183072188	-1651.41791722	
-2.97892515524	-1651.42063382	
-2.99573227355	-1651.42362796	
-3.01226157551	-1651.4268929	
-3.02852209638	-1651.43042182	
-3.04452243772	-1651.4342078	
-3.06027079469	-1651.43824391	
-3.07577498123	-1651.44252323	
-3.09104245336	-1651.44703883	
-3.10608033072	-1651.45178385	
-3.12089541651	-1651.45675147	
-3.13549421593	-1651.46193496	
-3.14988295338	-1651.46732767	
-3.16406758837	-1651.47292305	
-3.17805383035	-1651.47871466	
-3.19184715248	-1651.48469616	
-3.20545280454	-1651.49086134	
-3.21887582487	-1651.49720411	
-3.23212105162	-1651.50371852	
-3.24519313319	-1651.51039871	
-3.25809653802	-1651.51723901	
-3.2708355638	-1651.52423382	
-3.28341434601	-1651.53137773	
-3.295836866	-1651.53866542	
-3.3081069586	-1651.54609173	
-3.32022831913	-1651.5536516	
-3.33220451018	-1651.56134014	
-3.34403896782	-1651.56915257	
-3.35573500759	-1651.57708422	
-3.36729582999	-1651.58513058	
-3.37872452581	-1651.59328723	
-3.39002408106	-1651.6015499	
-3.40119738166	-1651.60991442	
-3.41224721785	-1651.61837675	
-3.42317628838	-1651.62693295	
-3.43398720449	-1651.6355792	
-3.4446824936	-1651.6443118	
-3.45526460293	-1651.65312714	
-3.4657359028	-1651.66202172	
-3.47609868984	-1651.67099215	
-3.48635519	-1651.68003513	
-3.49650756147	-1651.68914747	
-3.50655789732	-1651.69832605	
-3.51650822817	-1651.70756787	
-3.52636052462	-1651.71687001	
-3.53611669956	-1651.72622964	
-3.54577861047	-1651.735644	
-3.55534806149	-1651.74511043	
-3.56482680544	-1651.75462635	
-3.57421654579	-1651.76418925	
-3.58351893846	-1651.7737967	
-3.59273559356	-1651.78344636	
-3.60186807712	-1651.79313593	
-3.61091791264	-1651.8028632	
-3.61988658263	-1651.81262604	
-3.62877553004	-1651.82242236	
-3.63758615973	-1651.83225015	
-3.6463198397	-1651.84210746	
-3.65497790244	-1651.85199241	
-3.66356164613	-1651.86190316	
-3.6720723358	-1651.87183793	
-3.68051120444	-1651.88179503	
-3.68887945411	-1651.89177277	
-3.69717825693	-1651.90176955	
-3.70540875607	-1651.91178382	
-3.7135720667	-1651.92181406	
-3.72166927694	-1651.93185881	
-3.72970144863	-1651.94191665	
-3.73766961828	-1651.95198623	
-3.74557479779	-1651.9620662	
-3.75341797525	-1651.9721553	
-3.76120011569	-1651.98225227	
-3.76892216179	-1651.99235593	
-3.77658503453	-1652.0024651	
-3.78418963392	-1652.01257866	
-3.79173683955	-1652.02269553	
-3.79922751128	-1652.03281465	
-3.80666248977	-1652.04293501	
-3.81404259707	-1652.05305562	
-3.82136863716	-1652.06317554	
-3.82864139649	-1652.07329385	
-3.83586164446	-1652.08340965	
-3.84303013394	-1652.0935221	
-3.85014760171	-1652.10363035	
-3.85721476893	-1652.11373361	
-3.86423234159	-1652.12383111	
-3.87120101091	-1652.1339221	
-3.87812145375	-1652.14400586	
-3.88499433304	-1652.15408168	
-3.89182029811	-1652.16414891	
-3.8985999851	-1652.17420688	
-3.90533401728	-1652.18425497	
-3.91202300543	-1652.19429258	
-3.91866754815	-1652.20431913	
-3.92526823218	-1652.21433405	
-3.93182563272	-1652.2243368	
-3.93834031375	-1652.23432685	
-3.94481282825	-1652.24430371	
-3.95124371858	-1652.25426689	
-3.95763351668	-1652.26421593	
-3.96398274436	-1652.27415036	
-3.97029191355	-1652.28406977	
-3.97656152657	-1652.29397373	
-3.98279207632	-1652.30386183	
-3.98898404656	-1652.31373371	
-3.99513791214	-1652.32358898	
-4.00125413916	-1652.33342729	
-4.00733318523	-1652.3432483	
-4.01337549969	-1652.35305168	
-4.01938152375	-1652.36283711	
-4.02535169074	-1652.37260429	
-4.03128642625	-1652.38235294	
-4.03718614838	-1652.39208276	
-4.04305126783	-1652.40179351	
-4.04888218815	-1652.41148491	
-4.05467930583	-1652.42115673	
-4.06044301055	-1652.43080874	
-4.06617368526	-1652.4404407	
-4.07187170637	-1652.45005242	
-4.07753744391	-1652.45964367	
-4.08317126162	-1652.46921428	
-4.08877351717	-1652.47876406	
-4.09434456222	-1652.48829282	
-4.0998847426	-1652.49780041	
-4.10539439841	-1652.50728666	
-4.11087386417	-1652.51675142	
-4.11632346894	-1652.52619455	
-4.12174353641	-1652.53561592	
-4.12713438505	-1652.54501539	
-4.13249632819	-1652.55439285	
-4.13782967416	-1652.56374818	
-4.14313472639	-1652.57308127	
-4.14841178349	-1652.58239202	
-4.15366113938	-1652.59168034	
-4.15888308336	-1652.60094615	
-4.16407790024	-1652.61018934	
-4.1692458704	-1652.61940986	
-4.1743872699	-1652.62860763	
-4.17950237056	-1652.63778258	
-4.18459144007	-1652.64693466	
-4.18965474203	-1652.6560638	
-4.19469253606	-1652.66516995	
-4.19970507788	-1652.67425308	
-4.20469261939	-1652.68331313	
-4.20965540873	-1652.69235008	
-4.21459369037	-1652.70136388	
-4.21950770518	-1652.71035451	
-4.22439769047	-1652.71932195	
-4.22926388012	-1652.72826618	
-4.2341065046	-1652.73718717	
-4.23892579103	-1652.74608491	
-4.2437219633	-1652.7549594	
-4.24849524205	-1652.76381063	
-4.25324584481	-1652.77263859	
-4.257973986	-1652.78144329	
-4.26267987704	-1652.79022473	
-4.26736372635	-1652.79898291	
-4.27202573946	-1652.80771784	
-4.27666611902	-1652.81642954	
-4.28128506487	-1652.82511802	
-4.28588277412	-1652.8337833	
-4.29045944115	-1652.84242539	
-4.29501525768	-1652.85104432	
-4.29955041285	-1652.85964011	
-4.3040650932	-1652.8682128	
-4.30855948279	-1652.8767624	
-4.31303376319	-1652.88528895	
-4.31748811354	-1652.89379248	
-4.3219227106	-1652.90227303	
-4.32633772881	-1652.91073063	
-4.33073334029	-1652.91916533	
-4.33510971489	-1652.92757716	
-4.33946702026	-1652.93596616	
-4.34380542185	-1652.94433238	
-4.348125083	-1652.95267586	
-4.3524261649	-1652.96099665	
-4.35670882669	-1652.9692948	
-4.36097322548	-1652.97757036	
-4.36521951636	-1652.98582337	
-4.36944785247	-1652.9940539	
-4.373658385	-1653.00226199	
-4.37785126326	-1653.01044769	
-4.38202663467	-1653.01861107	
-4.38618464482	-1653.02675218	
-4.39032543749	-1653.03487108	
-4.39444915467	-1653.04296783	
-4.39855593663	-1653.05104248	
-4.40264592188	-1653.05909509	
-4.40671924726	-1653.06712574	
-4.41077604796	-1653.07513448	
-4.4148164575	-1653.08312137	
-4.4188406078	-1653.09108647	
-4.42284862919	-1653.09902986	
-4.42684065046	-1653.1069516	
-4.43081679884	-1653.11485175	
-4.43477720006	-1653.12273038	
-4.43872197835	-1653.13058756	
-4.44265125649	-1653.13842335	
-4.44656515581	-1653.14623782	
-4.45046379623	-1653.15403105	
-4.45434729625	-1653.1618031	
-4.45821577303	-1653.16955404	
-4.46206934235	-1653.17728393	
-4.46590811865	-1653.18499286	
-4.46973221509	-1653.19268089	
-4.47354174351	-1653.2003481	
-4.47733681448	-1653.20799455	
-4.48111753732	-1653.21562031	
-4.48488402011	-1653.22322546	
-4.48863636973	-1653.23081008	
-4.49237469184	-1653.23837422	
-4.49609909093	-1653.24591798	
-4.49980967033	-1653.25344141	
-4.50350653221	-1653.2609446	
-4.50718977763	-1653.26842761	
-4.51085950652	-1653.27589051	
-4.51451581772	-1653.2833334	
-4.518158809	-1653.29075633	
-4.52178857705	-1653.29815937	
-4.52540521752	-1653.30554262	
-4.52900882502	-1653.31290613	
-4.53259949315	-1653.32024998	
-4.5361773145	-1653.32757425	
-4.53974238067	-1653.33487901	
-4.54329478227	-1653.34216434	
-4.54683460898	-1653.3494303	
-4.55036194949	-1653.35667698	
-4.5538768916	-1653.36390444	
-4.55737952215	-1653.37111276	
-4.56086992709	-1653.37830202	
-4.56434819147	-1653.38547229	
-4.56781439944	-1653.39262363	
-4.57126863431	-1653.39975614	
-4.5747109785	-1653.40686988	
-4.5781415136	-1653.41396491	
-4.58156032035	-1653.42104133	
-4.58496747867	-1653.4280992	
-4.58836306767	-1653.43513859	
-4.59174716566	-1653.44215958	
-4.59511985013	-1653.44916223	
-4.59848119784	-1653.45614663	
-4.60183128472	-1653.46311285	
-4.60517018599	-1653.47006095	
-4.60849797608	-1653.47699102	
-4.61181472871	-1653.48390311	
-4.61512051684	-1653.49079731	
-4.61841541274	-1653.49767369	
-4.62169948794	-1653.50453232	
-4.62497281328	-1653.51137327	
-4.62823545892	-1653.5181966	
-4.63148749431	-1653.5250024	
-4.63472898823	-1653.53179073	
-4.63796000881	-1653.53856167	
-4.64118062351	-1653.54531528	
-4.64439089914	-1653.55205163	
-4.64759090187	-1653.5587708	
-4.65078069724	-1653.56547286	
-4.65396035016	-1653.57215786	
-4.65712992492	-1653.57882589	
-4.66028948521	-1653.58547701	
-4.66343909411	-1653.59211129	
-4.66657881412	-1653.59872881	
-4.66970870713	-1653.60532962	
-4.67282883446	-1653.61191379	
-4.67593925688	-1653.6184814	
-4.67904003455	-1653.62503251	
-4.68213122712	-1653.63156719	
-4.68521289366	-1653.6380855	
-4.6882850927	-1653.64458752	
-4.69134788223	-1653.6510733	
-4.69440131972	-1653.65754292	
-4.6974454621	-1653.66399644	
-4.70048036579	-1653.67043393	
-4.70350608671	-1653.67685545	
-4.70652268025	-1653.68326107	
-4.70953020131	-1653.68965085	
-4.71252870431	-1653.69602486	
-4.71551824316	-1653.70238316	
-4.7184988713	-1653.70872581	
-4.72147064168	-1653.71505289	
-4.72443360681	-1653.72136444	
-4.72738781871	-1653.72766055	
-4.73033332894	-1653.73394126	
-4.73327018862	-1653.74020664	
-4.73619844839	-1653.74645676	
-4.7391181585	-1653.75269167	
-4.74202936871	-1653.75891144	
-4.74493212836	-1653.76511614	
-4.74782648639	-1653.77130581	
-4.75071249128	-1653.77748052	
-4.75359019111	-1653.78364034	
-4.75645963353	-1653.78978532	
-4.75932086582	-1653.79591552	
-4.7621739348	-1653.80203101	
-4.76501888693	-1653.80813184	
-4.76785576827	-1653.81421807	
-4.77068462447	-1653.82028976	
-4.77350550081	-1653.82634697	
-4.77631844218	-1653.83238976	
-4.77912349311	-1653.83841818	
-4.78192069773	-1653.8444323	
-4.78471009982	-1653.85043218	
-4.78749174278	-1653.85641786	
-4.79026566966	-1653.8623894	
-4.79303192316	-1653.86834687	
-4.7957905456	-1653.87429032	
-4.79854157897	-1653.8802198	
-4.80128506491	-1653.88613538	
-4.80402104473	-1653.8920371	
-4.80674955939	-1653.89792502	
-4.8094706495	-1653.90379921	
-4.81218435537	-1653.9096597	
-4.81489071697	-1653.91550656	
-4.81758977394	-1653.92133984	
-4.82028156561	-1653.9271596	
-4.82296613098	-1653.93296589	
-4.82564350875	-1653.93875876	
-4.8283137373	-1653.94453826	
-4.83097685472	-1653.95030445	
-4.83363289878	-1653.95605739	
-4.83628190695	-1653.96179711	
-4.83892391641	-1653.96752368	
-4.84155896405	-1653.97323715	
-4.84418708646	-1653.97893757	
-4.84680831994	-1653.98462499	
-4.84942270051	-1653.99029946	
-4.85203026392	-1653.99596103	
-4.85463104562	-1654.00160975	
-4.8572250808	-1654.00724568	
-4.85981240436	-1654.01286886	
-4.86239305096	-1654.01847934	
-4.86496705495	-1654.02407717	
-4.86753445046	-1654.02966241	
-4.87009527132	-1654.03523509	
-4.87264955112	-1654.04079527	
-4.8751973232	-1654.046343	
-4.87773862063	-1654.05187833	
-4.88027347623	-1654.0574013	
-4.88280192259	-1654.06291196	
-4.88532399202	-1654.06841036	
-4.88783971662	-1654.07389654	
-4.89034912822	-1654.07937056	
-4.89285225844	-1654.08483246	
-4.89534913864	-1654.09028228	
-4.89783979995	-1654.09572008	
-4.90032427328	-1654.10114589	
-4.90280258929	-1654.10655977	
-4.90527477844	-1654.11196176	
-4.90774087093	-1654.1173519	
-4.91020089677	-1654.12273025	
-4.91265488574	-1654.12809684	
-4.91510286737	-1654.13345171	
-4.91754487103	-1654.13879492	
-4.91998092583	-1654.14412651	
-4.92241106068	-1654.14944652	
-4.92483530429	-1654.154755	
-4.92725368516	-1654.16005198	
-4.92966623156	-1654.16533752	
-4.93207297159	-1654.17061165	
-4.93447393313	-1654.17587442	
-4.93686914386	-1654.18112587	
-4.93925863125	-1654.18636605	
-4.94164242261	-1654.19159498	
-4.94402054501	-1654.19681273	
-4.94639302537	-1654.20201932	
-4.94875989038	-1654.2072148	
-4.95112116656	-1654.21239922	
-4.95347688026	-1654.2175726	
-4.9558270576	-1654.222735	
-4.95817172456	-1654.22788645	
-4.96051090691	-1654.233027	
-4.96284463026	-1654.23815668	
-4.96517292002	-1654.24327553	
-4.96749580144	-1654.2483836	
-4.96981329958	-1654.25348092	
-4.97212543933	-1654.25856754	
-4.97443224543	-1654.26364348	
-4.97673374242	-1654.2687088	
-4.97902995468	-1654.27376352	
-4.98132090643	-1654.2788077	
-4.98360662171	-1654.28384136	
-4.98588712441	-1654.28886454	
-4.98816243824	-1654.29387729	
-4.99043258678	-1654.29887964	
-4.99269759341	-1654.30387162	
-4.99495748138	-1654.30885329	
-4.99721227376	-1654.31382466	
-4.9994619935	-1654.31878578	
-5.00170666335	-1654.32373669	
-5.00394630595	-1654.32867742	
-5.00618094375	-1654.33360801	
-5.00841059907	-1654.3385285	
-5.0106352941	-1654.34343892	
-5.01285505083	-1654.3483393	
-5.01506989116	-1654.35322969	
-5.01727983681	-1654.35811012	
-5.01948490937	-1654.36298062	
-5.02168513028	-1654.36784123	
-5.02388052085	-1654.37269198	
-5.02607110223	-1654.37753292	
-5.02825689545	-1654.38236406	
-5.03043792139	-1654.38718546	
-5.03261420082	-1654.39199714	
-5.03478575433	-1654.39679913	
-5.03695260241	-1654.40159147	
-5.03911476542	-1654.4063742	
-5.04127226356	-1654.41114735	
-5.04342511692	-1654.41591094	
-5.04557334546	-1654.42066502	
-5.047716969	-1654.42540962	
-5.04985600725	-1654.43014477	
-5.05199047978	-1654.4348705	
-5.05412040604	-1654.43958685	
-5.05624580535	-1654.44429385	
-5.05836669692	-1654.44899152	
-5.06048309982	-1654.45367991	
-5.06259503303	-1654.45835904	
-5.06470251537	-1654.46302895	
-5.06680556556	-1654.46768967	
-5.06890420222	-1654.47234123	
-5.07099844382	-1654.47698365	
-5.07308830874	-1654.48161698	
-5.07517381523	-1654.48624125	
-5.07725498144	-1654.49085647	
-5.07933182538	-1654.49546269	
-5.08140436498	-1654.50005994	
-5.08347261805	-1654.50464824	
-5.08553660227	-1654.50922762	
-5.08759633523	-1654.51379813	
-5.08965183441	-1654.51835977	
-5.09170311719	-1654.5229126	
-5.09375020081	-1654.52745663	
-5.09579310244	-1654.53199189	
-5.09783183913	-1654.53651842	
-5.09986642782	-1654.54103624	
-5.10189688537	-1654.54554539	
-5.10392322852	-1654.55004588	
-5.1059454739	-1654.55453776	
-5.10796363806	-1654.55902104	
-5.10997773743	-1654.56349577	
-5.11198778836	-1654.56796196	
-5.11399380708	-1654.57241964	
-5.11599580975	-1654.57686885	
-5.11799381242	-1654.5813096	
-5.11998783102	-1654.58574194	
-5.12197788143	-1654.59016588	
-5.1239639794	-1654.59458145	
-5.12594614061	-1654.59898869	
-5.12792438062	-1654.60338762	
-5.12989871492	-1654.60777826	
-5.13186915891	-1654.61216064	
-5.13383572788	-1654.61653479	
-5.13579843705	-1654.62090074	
-5.13775730154	-1654.62525851	
-5.13971233637	-1654.62960814	
-5.1416635565	-1654.63394964	
-5.14361097679	-1654.63828304	
-5.145554612	-1654.64260837	
-5.14749447681	-1654.64692566	
-5.14943058584	-1654.65123492	
-5.15136295359	-1654.6555362	
-5.1532915945	-1654.6598295	
-5.15521652291	-1654.66411487	
-5.15713775309	-1654.66839232	
-5.15905529921	-1654.67266188	
-5.1609691754	-1654.67692357	
-5.16287939565	-1654.68117742	
-5.16478597392	-1654.68542345	
-5.16668892407	-1654.6896617	
-5.16858825987	-1654.69389218	
-5.17048399504	-1654.69811491	
-5.17237614319	-1654.70232994	
-5.17426471788	-1654.70653726	
-5.17614973257	-1654.71073693	
-5.17803120067	-1654.71492894	
-5.1799091355	-1654.71911334	
-5.18178355029	-1654.72329014	
-5.18365445823	-1654.72745937	
-5.1855218724	-1654.73162105	
-5.18738580584	-1654.73577521	
-5.18924627149	-1654.73992187	
-5.19110328224	-1654.74406105	
-5.19295685089	-1654.74819278	
-5.19480699018	-1654.75231707	
-5.19665371277	-1654.75643396	
-5.19849703127	-1654.76054347	
-5.20033695819	-1654.76464561	
-5.202173506	-1654.76874041	
-5.20400668708	-1654.7728279	
-5.20583651375	-1654.7769081	
-5.20766299828	-1654.78098102	
-5.20948615284	-1654.7850467	
-5.21130598956	-1654.78910515	
-5.21312252048	-1654.79315639	
-5.21493575761	-1654.79720046	
-5.21674571285	-1654.80123736	
-5.21855239808	-1654.80526713	
-5.22035582508	-1654.80928978	
-5.22215600558	-1654.81330534	
-5.22395295126	-1654.81731383	
-5.22574667371	-1654.82131526	
-5.22753718449	-1654.82530967	
-5.22932449506	-1654.82929706	
-5.23110861685	-1654.83327747	
-5.23288956123	-1654.83725092	
-5.23466733947	-1654.84121742	
-5.23644196283	-1654.845177	
-5.23821344248	-1654.84912967	
-5.23998178954	-1654.85307546	
-5.24174701506	-1654.8570144	
-5.24350913005	-1654.86094649	
-5.24526814546	-1654.86487176	
-5.24702407216	-1654.86879023	
-5.24877692099	-1654.87270192	
-5.25052670271	-1654.87660686	
-5.25227342805	-1654.88050505	
-5.25401710765	-1654.88439653	
-5.25575775213	-1654.88828131	
-5.25749537203	-1654.89215941	
-5.25922997784	-1654.89603085	
-5.26096158	-1654.89989565	
-5.2626901889	-1654.90375384	
-5.26441581487	-1654.90760542	
-5.26613846818	-1654.91145043	
-5.26785815906	-1654.91528887	
-5.26957489768	-1654.91912077	
-5.27128869416	-1654.92294615	
-5.27299955856	-1654.92676503	
-5.27470750091	-1654.93057742	
-5.27641253116	-1654.93438335	
-5.27811465923	-1654.93818283	
-5.27981389498	-1654.94197589	
-5.28151024823	-1654.94576253	
-5.28320372874	-1654.94954279	
-5.28489434622	-1654.95331668	
-5.28658211033	-1654.95708421	
-5.28826703069	-1654.96084542	
-5.28994911688	-1654.9646003	
-5.2916283784	-1654.96834889	
-5.29330482472	-1654.9720912	
-5.29497846528	-1654.97582725	
-5.29664930945	-1654.97955705	
-5.29831736655	-1654.98328064	
-5.29998264587	-1654.98699801	
-5.30164515664	-1654.9907092	
-5.30330490806	-1654.99441421	
-5.30496190927	-1654.99811308	
-5.30661616936	-1655.0018058	
-5.3082676974	-1655.00549241	
-5.30991650239	-1655.00917292	
-5.3115625933	-1655.01284735	
-5.31320597904	-1655.01651571	
-5.3148466685	-1655.02017802	
-5.3164846705	-1655.0238343	
-5.31811999384	-1655.02748456	
-5.31975264727	-1655.03112883	
-5.32138263948	-1655.03476712	
-5.32300997914	-1655.03839945	
-5.32463467487	-1655.04202583	
-5.32625673524	-1655.04564628	
-5.32787616879	-1655.04926082	
-5.32949298402	-1655.05286946	
-5.33110718937	-1655.05647222	
-5.33271879327	-1655.06006912	
-5.33432780407	-1655.06366018	
-5.33593423012	-1655.0672454	
-5.3375380797	-1655.07082481	
-5.33913936107	-1655.07439843	
-5.34073808243	-1655.07796626	
-5.34233425196	-1655.08152833	
-5.3439278778	-1655.08508465	
-5.34551896803	-1655.08863523	
-5.34710753072	-1655.0921801	
-5.34869357387	-1655.09571927	
-5.35027710548	-1655.09925276	
-5.35185813348	-1655.10278057	
-5.35343666577	-1655.10630273	
-5.35501271022	-1655.10981926	
-5.35658627467	-1655.11333016	
-5.3581573669	-1655.11683545	
-5.35972599468	-1655.12033516	
-5.36129216571	-1655.12382928	
-5.36285588769	-1655.12731785	
-5.36441716825	-1655.13080087	
-5.36597601502	-1655.13427836	
-5.36753243557	-1655.13775034	
-5.36908643744	-1655.14121681	
-5.37063802813	-1655.14467781	
-5.37218721511	-1655.14813333	
-5.37373400583	-1655.1515834	
-5.37527840768	-1655.15502802	
-5.37682042804	-1655.15846723	
-5.37836007422	-1655.16190102	
-5.37989735354	-1655.16532941	
-5.38143227326	-1655.16875243	
-5.38296484061	-1655.17217008	
-5.38449506279	-1655.17558238	
-5.38602294697	-1655.17898934	
-5.38754850028	-1655.18239097	
-5.38907172982	-1655.1857873	
-5.39059264266	-1655.18917834	
-5.39211124583	-1655.19256409	
-5.39362754635	-1655.19594458	
-5.39514155118	-1655.19931982	
-5.39665326727	-1655.20268981	
-5.39816270152	-1655.20605459	
-5.39966986081	-1655.20941416	
-5.40117475199	-1655.21276853	
-5.40267738187	-1655.21611772	
-5.40417775725	-1655.21946174	
-5.40567588487	-1655.2228006	
-5.40717177146	-1655.22613433	
-5.40866542372	-1655.22946293	
-5.4101568483	-1655.23278642	
-5.41164605186	-1655.23610481	
-5.41313304098	-1655.23941811	
-5.41461782224	-1655.24272634	
-5.4161004022	-1655.24602951	
-5.41758078737	-1655.24932763	
-5.41905898424	-1655.25262073	
-5.42053499927	-1655.2559088	
-5.42200883889	-1655.25919187	
-5.4234805095	-1655.26246995	
-5.42495001748	-1655.26574304	
-5.42641736918	-1655.26901117	
-5.4278825709	-1655.27227435	
-5.42934562895	-1655.27553258	
-5.43080654959	-1655.27878589	
-5.43226533906	-1655.28203429	
-5.43372200355	-1655.28527778	
-5.43517654927	-1655.28851638	
-5.43662898235	-1655.29175011	
-5.43807930892	-1655.29497898	
-5.4395275351	-1655.29820299	
-5.44097366695	-1655.30142217	
-5.44241771052	-1655.30463652	
-5.44385967184	-1655.30784605	
-5.4452995569	-1655.31105079	
-5.44673737167	-1655.31425074	
-5.44817312209	-1655.31744591	
-5.44960681409	-1655.32063632	
-5.45103845357	-1655.32382198	
-5.45246804638	-1655.3270029	
-5.45389559837	-1655.33017909	
-5.45532111536	-1655.33335057	
-5.45674460314	-1655.33651735	
-5.45816606749	-1655.33967943	
-5.45958551414	-1655.34283684	
-5.46100294883	-1655.34598958	
-5.46241837723	-1655.34913767	
-5.46383180503	-1655.35228112	
-5.46524323786	-1655.35541993	
-5.46665268137	-1655.35855413	
-5.46806014114	-1655.36168372	
-5.46946562274	-1655.36480871	
-5.47086913175	-1655.36792912	
-5.47227067367	-1655.37104496	
-5.47367025403	-1655.37415624	
-5.47506787829	-1655.37726297	
-5.47646355193	-1655.38036516	
-5.47785728038	-1655.38346283	
-5.47924906905	-1655.38655598	
-5.48063892334	-1655.38964463	
-5.48202684862	-1655.39272879	
-5.48341285022	-1655.39580847	
-5.48479693349	-1655.39888368	
-5.48617910372	-1655.40195443	
-5.48755936619	-1655.40502074	
-5.48893772616	-1655.40808261	
-5.49031418887	-1655.41114006	
-5.49168875953	-1655.41419309	
-5.49306144334	-1655.41724172	
-5.49443224547	-1655.42028597	
-5.49580117108	-1655.42332583	
-5.49716822529	-1655.42636132	
-5.49853341322	-1655.42939246	
-5.49989673995	-1655.43241925	
-5.50125821054	-1655.4354417	
-5.50261783006	-1655.43845983	
-5.50397560352	-1655.44147364	
-5.50533153593	-1655.44448315	
-5.50668563228	-1655.44748836	
-5.50803789753	-1655.45048929	
-5.50938833663	-1655.45348595	
-5.5107369545	-1655.45647835	
-5.51208375605	-1655.4594665	
-5.51342874616	-1655.46245041	
-5.51477192971	-1655.46543008	
-5.51611331154	-1655.46840554	
-5.51745289646	-1655.47137679	
-5.51879068931	-1655.47434384	
-5.52012669485	-1655.4773067	
-5.52146091786	-1655.48026538	
-5.5227933631	-1655.4832199	
-5.52412403528	-1655.48617025	
-5.52545293913	-1655.48911646	
-5.52678007934	-1655.49205854	
-5.52810546058	-1655.49499648	
-5.52942908751	-1655.49793031	
-5.53075096477	-1655.50086003	
-5.53207109697	-1655.50378565	
-5.53338948873	-1655.50670719	
-5.53470614461	-1655.50962465	
-5.53602106919	-1655.51253804	
-5.53733426702	-1655.51544737	
-5.53864574262	-1655.51835266	
-5.5399555005	-1655.52125391	
-5.54126354516	-1655.52415113	
-5.54256988107	-1655.52704433	
-5.5438745127	-1655.52993352	
-5.54517744448	-1655.53281872	
-5.54647868084	-1655.53569993	
-5.54777822618	-1655.53857715	
-5.5490760849	-1655.54145041	
-5.55037226136	-1655.5443197	
-5.55166675992	-1655.54718505	
-5.55295958492	-1655.55004645	
-5.55425074069	-1655.55290392	
-5.55554023152	-1655.55575747	
-5.5568280617	-1655.55860711	
-5.55811423551	-1655.56145284	
-5.5593987572	-1655.56429468	
-5.56068163102	-1655.56713263	
-5.56196286117	-1655.5699667	
-5.56324245188	-1655.57279691	
-5.56452040732	-1655.57562327	
-5.56579673168	-1655.57844577	
-5.56707142911	-1655.58126443	
-5.56834450376	-1655.58407927	
-5.56961595975	-1655.58689028	
-5.57088580119	-1655.58969748	
-5.57215403218	-1655.59250088	
-5.57342065679	-1655.59530049	
-5.5746856791	-1655.59809631	
-5.57594910315	-1655.60088835	
-5.57721093297	-1655.60367663	
-5.57847117258	-1655.60646115	
-5.57972982599	-1655.60924192	
-5.58098689718	-1655.61201895	
-5.58224239012	-1655.61479225	
-5.58349630878	-1655.61756182	
-5.5847486571	-1655.62032769	
-5.585999439	-1655.62308984	
-5.5872486584	-1655.6258483	
-5.5884963192	-1655.62860307	
-5.58974242528	-1655.63135416	
-5.59098698051	-1655.63410159	
-5.59222998875	-1655.63684534	
-5.59347145384	-1655.63958545	
-5.5947113796	-1655.64232191	
-5.59594976985	-1655.64505473	
-5.59718662839	-1655.64778393	
-5.598421959	-1655.65050951	
-5.59965576545	-1655.65323147	
-5.60088805149	-1655.65594983	
-5.60211882088	-1655.6586646	
-5.60334807733	-1655.66137578	
-5.60457582457	-1655.66408338	
-5.6058020663	-1655.66678742	
-5.60702680619	-1655.66948789	
-5.60825004793	-1655.67218481	
-5.60947179518	-1655.67487818	
-5.61069205159	-1655.67756802	
-5.61191082078	-1655.68025433	
-5.61312810639	-1655.68293711	
-5.61434391201	-1655.68561639	
-5.61555824124	-1655.68829216	
-5.61677109767	-1655.69096444	
-5.61798248485	-1655.69363322	
-5.61919240636	-1655.69629853	
-5.62040086572	-1655.69896036	
-5.62160786647	-1655.70161873	
-5.62281341212	-1655.70427365	
-5.62401750619	-1655.70692511	
-5.62522015215	-1655.70957314	
-5.6264213535	-1655.71221773	
-5.62762111369	-1655.71485889	
-5.62881943618	-1655.71749664	
-5.63001632442	-1655.72013098	
-5.63121178182	-1655.72276192	
-5.63240581181	-1655.72538947	
-5.6335984178	-1655.72801363	
-5.63478960317	-1655.73063441	
-5.6359793713	-1655.73325182	
-5.63716772557	-1655.73586586	
-5.63835466933	-1655.73847655	
-5.63954020593	-1655.74108389	
-5.64072433869	-1655.7436879	
-5.64190707094	-1655.74628856	
-5.64308840598	-1655.74888591	
-5.64426834712	-1655.75147993	
-5.64544689764	-1655.75407065	
-5.64662406082	-1655.75665806	
-5.64779983991	-1655.75924218	
-5.64897423816	-1655.76182301	
-5.65014725882	-1655.76440055	
-5.65131890512	-1655.76697483	
-5.65248918027	-1655.76954583	
-5.65365808747	-1655.77211358	
-5.65482562993	-1655.77467808	
-5.65599181082	-1655.77723933	
-5.65715663332	-1655.77979735	
-5.65832010058	-1655.78235214	
-5.65948221576	-1655.7849037	
-5.660642982	-1655.78745205	
-5.66180240242	-1655.78999719	
-5.66296048014	-1655.79253913	
-5.66411721826	-1655.79507788	
-5.66527261989	-1655.79761343	
-5.66642668811	-1655.80014581	
-5.66757942599	-1655.80267502	
-5.6687308366	-1655.80520106	
-5.66988092298	-1655.80772394	
-5.67102968818	-1655.81024367	
-5.67217713524	-1655.81276025	
-5.67332326717	-1655.8152737	
-5.67446808699	-1655.81778401	
-5.67561159769	-1655.82029121	
-5.67675380227	-1655.82279528	
-5.6778947037	-1655.82529625	
-5.67903430497	-1655.82779411	
-5.68017260902	-1655.83028887	
-5.6813096188	-1655.83278054	
-5.68244533727	-1655.83526914	
-5.68357976734	-1655.83775465	
-5.68471291194	-1655.8402371	
-5.68584477397	-1655.84271648	
-5.68697535634	-1655.8451928	
-5.68810466194	-1655.84766608	
-5.68923269364	-1655.85013631	
-5.69035945432	-1655.85260351	
-5.69148494685	-1655.85506768	
-5.69260917406	-1655.85752883	
-5.6937321388	-1655.85998695	
-5.69485384391	-1655.86244207	
-5.69597429221	-1655.86489419	
-5.69709348651	-1655.86734331	
-5.69821142961	-1655.86978944	
-5.69932812431	-1655.87223258	
-5.70044357339	-1655.87467275	
-5.70155777963	-1655.87710994	
-5.7026707458	-1655.87954418	
-5.70378247466	-1655.88197545	
-5.70489296894	-1655.88440377	
-5.70600223139	-1655.88682915	
-5.70711026475	-1655.88925159	
-5.70821707172	-1655.89167109	
-5.70932265503	-1655.89408767	
-5.71042701737	-1655.89650133	
-5.71153016145	-1655.89891208	
-5.71263208993	-1655.90131991	
-5.71373280551	-1655.90372485	
-5.71483231084	-1655.90612689	
-5.71593060859	-1655.90852604	
-5.71702770141	-1655.91092231	
-5.71812359193	-1655.91331571	
-5.71921828279	-1655.91570623	
-5.72031177661	-1655.91809389	
-5.72140407601	-1655.92047869	
-5.72249518359	-1655.92286064	
-5.72358510195	-1655.92523974	
-5.72467383369	-1655.92761601	
-5.72576138137	-1655.92998943	
-5.72684774759	-1655.93236004	
-5.72793293489	-1655.93472782	
-5.72901694583	-1655.93709278	
-5.73009978297	-1655.93945493	
-5.73118144884	-1655.94181428	
-5.73226194598	-1655.94417084	
-5.7333412769	-1655.9465246	
-5.73441944412	-1655.94887557	
-5.73549645015	-1655.95122376	
-5.73657229748	-1655.95356918	
-5.73764698861	-1655.95591183	
-5.73872052602	-1655.95825172	
-5.73979291218	-1655.96058885	
-5.74086414956	-1655.96292323	
-5.74193424062	-1655.96525487	
-5.74300318781	-1655.96758377	
-5.74407099357	-1655.96990993	
-5.74513766034	-1655.97223336	
-5.74620319054	-1655.97455407	
-5.7472675866	-1655.97687207	
-5.74833085092	-1655.97918735	
-5.74939298591	-1655.98149993	
-5.75045399397	-1655.98380981	
-5.75151387748	-1655.986117	
-5.75257263883	-1655.98842149	
-5.75363028038	-1655.99072331	
-5.75468680452	-1655.99302245	
-5.75574221359	-1655.99531891	
-5.75679650994	-1655.99761271	
-5.75784969593	-1655.99990385	
-5.75890177388	-1656.00219234	
-5.75995274612	-1656.00447817	
-5.76100261499	-1656.00676136	
-5.76205138278	-1656.00904192	
-5.76309905181	-1656.01131984	
-5.76414562438	-1656.01359513	
-5.76519110278	-1656.0158678	
-5.7662354893	-1656.01813785	
-5.76727878622	-1656.0204053	
-5.76832099579	-1656.02267013	
-5.7693621203	-1656.02493237	
-5.770402162	-1656.02719201	
-5.77144112313	-1656.02944906	
-5.77247900594	-1656.03170353	
-5.77351581267	-1656.03395542	
-5.77455154554	-1656.03620473	
-5.77558620679	-1656.03845148	
-5.77661979861	-1656.04069566	
-5.77765232322	-1656.04293728	
-5.77868378283	-1656.04517636	
-5.77971417962	-1656.04741288	
-5.78074351579	-1656.04964686	
-5.78177179352	-1656.05187831	
-5.78279901497	-1656.05410722	
-5.78382518233	-1656.0563336	
-5.78485029774	-1656.05855747	
-5.78587436337	-1656.06077882	
-5.78689738137	-1656.06299765	
-5.78791935386	-1656.06521398	
-5.788940283	-1656.06742781	
-5.7899601709	-1656.06963915	
-5.79097901969	-1656.07184799	
-5.79199683148	-1656.07405434	
-5.79301360838	-1656.07625822	
-5.7940293525	-1656.07845962	
-5.79504406593	-1656.08065855	
-5.79605775077	-1656.08285501	
-5.79707040908	-1656.08504901	
-5.79808204295	-1656.08724056	
-5.79909265446	-1656.08942965	
-5.80010224566	-1656.0916163	
-5.80111081862	-1656.09380051	
-5.80211837538	-1656.09598228	
-5.80312491799	-1656.09816162	
-5.80413044849	-1656.10033853	
-5.80513496892	-1656.10251303	
-5.80613848129	-1656.1046851	
-5.80714098764	-1656.10685477	
-5.80814248998	-1656.10902203	
-5.80914299031	-1656.11118688	
