#Site	lnL	
0	-2.17550777131
1	-5.36501186994
2	-2.53829712245
3	-6.55756168535
4	-2.56639869412
5	-2.36206708757
6	-5.71310011117
7	-2.50340462451
8	-2.4346663342
9	-2.26716419524
10	-6.50129556685
11	-2.4346663342
12	-2.32301509147
13	-2.56639869412
14	-6.21696094258
15	-2.32301509147
16	-2.50340462451
17	-2.4346663342
18	-2.11061468825
19	-2.50340462451
20	-2.60235408922
21	-6.5268219947
22	-5.37506497667
23	-2.53829712245
24	-5.86100992897
25	-5.36501186994
26	-2.53829712245
27	-2.17550777131
28	-2.56639869412
29	-5.31818480845
30	-2.26716419524
31	-2.50340462451
32	-5.49934493875
33	-2.26716419524
34	-2.32972955263
35	-6.39146592288
36	-2.32301509147
37	-2.32972955263
38	-6.74104442663
39	-2.17550777131
40	-8.59155472424
41	-5.72021446902
42	-2.32301509147
43	-9.42394985119
44	-2.53829712245
45	-2.11061468825
46	-2.40132736075
47	-2.60235408922
48	-2.32301509147
49	-2.50340462451
50	-2.36206708757
51	-9.90583168373
52	-5.37232530186
53	-2.4346663342
54	-6.60011078671
55	-2.32972955263
56	-2.60235408922
57	-6.08793740298
58	-2.32972955263
59	-2.60235408922
60	-7.35610445785
61	-8.18940210605
62	-8.70339912805
63	-2.11061468825
64	-2.40132736075
65	-14.7659310855
66	-2.26716419524
67	-6.60161195786
68	-6.57085600353
69	-2.17550777131
70	-2.56639869412
71	-2.53829712245
72	-2.26716419524
73	-2.32972955263
74	-2.60235408922
75	-7.96952733511
76	-6.73157992246
77	-2.60235408922
78	-10.4555600698
79	-2.32972955263
80	-2.36206708757
81	-12.5724489423
82	-2.56639869412
83	-9.5947563354
84	-6.98107286366
85	-6.53957231017
86	-7.3010700175
87	-2.26716419524
88	-2.32972955263
89	-2.36206708757
90	-2.11061468825
91	-2.50340462451
92	-11.5543127159
93	-6.88280313022
94	-2.56639869412
95	-2.53829712245
96	-2.11061468825
97	-7.67000846873
98	-2.4346663342
99	-2.11061468825
100	-2.56639869412
101	-9.55087757369
102	-6.98107286366
103	-8.97805881406
104	-9.41730354422
105	-2.11061468825
106	-7.31190326445
107	-5.49124925547
108	-2.11061468825
109	-2.40132736075
110	-2.4346663342
111	-2.17550777131
112	-5.49630199966
113	-2.53829712245
114	-2.11061468825
115	-5.77635939091
116	-2.36206708757
117	-2.11061468825
118	-2.32972955263
119	-2.53829712245
120	-12.6222124613
121	-5.77072588425
122	-2.36206708757
123	-2.26716419524
124	-2.40132736075
125	-14.9710711072
126	-2.17550777131
127	-2.56639869412
128	-5.49124925547
129	-2.26716419524
130	-2.50340462451
131	-2.53829712245
132	-5.86100992897
133	-9.64193783519
134	-5.46477386517
135	-5.86100992897
136	-2.32972955263
137	-2.53829712245
138	-2.32301509147
139	-14.9338244826
140	-2.60235408922
141	-2.26716419524
142	-2.56639869412
143	-6.50725745615
144	-2.11061468825
145	-2.32972955263
146	-2.53829712245
147	-2.17550777131
148	-10.4354548688
149	-2.4346663342
150	-2.32301509147
151	-5.49630199966
152	-2.4346663342
153	-2.17550777131
154	-9.56706984486
155	-23.4056860329
156	-2.17550777131
157	-11.2490768822
158	-2.36206708757
159	-7.36454663528
160	-6.1960232839
161	-2.36206708757
162	-2.11061468825
163	-2.50340462451
164	-2.4346663342
165	-12.661003659
166	-11.8424157079
167	-6.81852709566
168	-2.17550777131
169	-2.50340462451
170	-2.53829712245
171	-2.17550777131
172	-14.9685281972
173	-2.4346663342
174	-2.11061468825
175	-2.32972955263
176	-13.6650284636
177	-2.11061468825
178	-6.30700900965
179	-2.53829712245
180	-2.11061468825
181	-2.40132736075
182	-5.49124925547
183	-6.05804751332
184	-2.32972955263
185	-5.43770272014
186	-6.08793740298
187	-6.24331911094
188	-11.242083491
189	-2.32301509147
190	-2.32972955263
191	-2.4346663342
192	-6.07595657093
193	-2.40132736075
194	-2.36206708757
195	-2.11061468825
196	-2.40132736075
197	-2.53829712245
198	-11.9105720956
199	-5.47022641241
200	-2.36206708757
201	-2.11061468825
202	-6.37604312688
203	-2.60235408922
204	-2.26716419524
205	-2.32972955263
206	-2.60235408922
207	-2.26716419524
208	-2.32972955263
209	-6.43005073917
210	-2.11061468825
211	-2.56639869412
212	-2.60235408922
213	-2.26716419524
214	-2.50340462451
215	-2.4346663342
216	-2.26716419524
217	-2.56639869412
218	-2.4346663342
219	-12.8268599375
220	-2.32972955263
221	-2.36206708757
222	-2.11061468825
223	-2.56639869412
224	-2.60235408922
225	-2.17550777131
226	-2.40132736075
227	-6.22404780173
228	-2.11061468825
229	-7.43534296952
230	-2.53829712245
231	-2.11061468825
232	-2.50340462451
233	-6.33025824402
234	-2.26716419524
235	-2.56639869412
236	-2.53829712245
237	-2.17550777131
238	-2.40132736075
239	-6.74104442663
240	-5.71310011117
241	-13.0072334089
242	-5.43770272014
243	-2.11061468825
244	-5.77635939091
245	-2.60235408922
246	-2.11061468825
247	-7.70963456858
248	-2.4346663342
249	-2.26716419524
250	-2.56639869412
251	-7.18260736887
252	-2.11061468825
253	-6.61554131285
254	-2.53829712245
255	-2.32301509147
256	-2.40132736075
257	-2.4346663342
258	-2.17550777131
259	-2.50340462451
260	-6.19258661565
261	-2.26716419524
262	-2.56639869412
263	-6.70167559656
264	-2.26716419524
265	-2.50340462451
266	-2.60235408922
267	-2.32301509147
268	-2.40132736075
269	-6.80251542503
270	-5.70749809111
271	-5.36501186994
272	-5.43770272014
273	-2.32301509147
274	-9.62795168737
275	-2.53829712245
276	-5.69369082418
277	-5.77635939091
278	-2.4346663342
279	-6.85468863868
280	-2.32972955263
281	-5.31818480845
282	-2.17550777131
283	-5.34892319924
284	-2.53829712245
285	-2.11061468825
286	-2.56639869412
287	-5.69534527261
288	-2.26716419524
289	-2.40132736075
290	-2.53829712245
291	-2.11061468825
292	-7.2115665828
293	-2.4346663342
294	-2.32301509147
295	-5.77635939091
296	-5.34530244315
297	-6.98107286366
298	-2.56639869412
299	-5.33465133267
300	-2.17550777131
301	-6.4222218772
302	-2.36206708757
303	-2.32301509147
304	-2.50340462451
305	-2.60235408922
306	-2.11061468825
307	-2.40132736075
308	-2.36206708757
309	-2.32301509147
310	-12.8854039516
311	-2.60235408922
312	-2.17550777131
313	-6.67200725396
314	-7.46447239667
315	-2.32301509147
316	-2.32972955263
317	-2.4346663342
318	-2.26716419524
319	-5.74845374795
320	-2.53829712245
321	-2.11061468825
322	-2.32972955263
323	-6.52228551591
324	-2.11061468825
325	-6.36171236738
326	-2.53829712245
327	-5.70749809111
328	-2.50340462451
329	-2.53829712245
330	-2.11061468825
331	-2.32972955263
332	-2.4346663342
333	-2.11061468825
334	-7.03217650215
335	-5.46477386517
336	-11.1602352519
337	-2.40132736075
338	-2.60235408922
339	-2.17550777131
340	-2.50340462451
341	-2.53829712245
342	-2.11061468825
343	-2.32972955263
344	-2.4346663342
345	-2.11061468825
346	-6.5521898418
347	-9.19853209061
348	-2.11061468825
349	-2.56639869412
350	-2.36206708757
351	-5.70716999239
352	-2.56639869412
353	-2.60235408922
354	-2.11061468825
355	-2.40132736075
356	-2.53829712245
357	-2.17550777131
358	-2.32972955263
359	-2.4346663342
360	-2.11061468825
361	-6.61554131285
362	-2.53829712245
363	-6.08793740298
364	-2.40132736075
365	-7.99828995003
366	-6.08879048248
367	-6.36171236738
368	-8.0999916645
369	-2.17550777131
370	-2.32972955263
371	-2.4346663342
372	-2.17550777131
373	-6.65164146252
374	-5.74389365377
375	-2.17550777131
376	-2.50340462451
377	-2.36206708757
378	-6.95429677218
379	-2.32972955263
380	-5.75049220751
381	-2.11061468825
382	-6.61554131285
383	-6.21696094258
384	-2.32301509147
385	-6.65164146252
386	-2.60235408922
387	-2.11061468825
388	-2.50340462451
389	-2.4346663342
390	-2.26716419524
391	-6.24525223845
392	-6.22404780173
393	-6.96028579925
394	-2.50340462451
395	-6.12831351406
396	-2.17550777131
397	-5.37232530186
398	-12.4066195664
399	-2.26716419524
400	-2.40132736075
401	-8.35013165912
402	-6.54495787911
403	-8.62927338345
404	-11.2102798725
405	-6.94535996625
406	-12.208116928
407	-2.4346663342
408	-6.54495787911
409	-2.40132736075
410	-2.60235408922
411	-2.17550777131
412	-2.32972955263
413	-2.36206708757
414	-2.11061468825
415	-2.32972955263
416	-2.53829712245
417	-2.32301509147
418	-5.77072588425
419	-2.53829712245
420	-2.17550777131
421	-2.40132736075
422	-2.36206708757
423	-2.32301509147
424	-13.3952038474
425	-11.9501356282
426	-2.11061468825
427	-2.40132736075
428	-2.4346663342
429	-5.69369082418
430	-2.56639869412
431	-6.50725745615
432	-7.35610445785
433	-5.37232530186
434	-2.36206708757
435	-2.11061468825
436	-8.69405179967
437	-2.4346663342
438	-2.26716419524
439	-2.32972955263
440	-2.4346663342
441	-7.09167485939
442	-2.50340462451
443	-5.34530244315
444	-2.26716419524
445	-2.56639869412
446	-2.4346663342
447	-6.08879048248
448	-2.56639869412
449	-12.6124284391
450	-2.26716419524
451	-2.56639869412
452	-6.21696094258
453	-2.17550777131
454	-6.22039598304
455	-2.60235408922
456	-2.11061468825
457	-8.49973134356
458	-2.36206708757
459	-2.17550777131
460	-2.56639869412
461	-2.36206708757
462	-2.17550777131
463	-2.50340462451
464	-2.36206708757
465	-2.11061468825
466	-7.03217650215
467	-2.4346663342
468	-2.26716419524
469	-5.37232530186
470	-2.53829712245
