# log_p 	 lnL 	 
0.0	-1645.65058494	
-0.287682072452	-1645.35368855	
-0.510825623766	-1645.17619113	
-0.69314718056	-1645.05854561	
-0.847297860387	-1644.97790167	
-0.980829253012	-1644.92351454	
-1.09861228867	-1644.88934581	
-1.20397280433	-1644.8713597	
-1.29928298413	-1644.86649443	
-1.38629436112	-1644.87226765	
-1.46633706879	-1644.88661606	
-1.54044504095	-1644.90781686	
-1.60943791243	-1644.93443626	
-1.67397643357	-1644.96528733	
-1.73460105539	-1644.99939259	
-1.79175946923	-1645.03595059	
-1.8458266905	-1645.07430649	
-1.89711998489	-1645.11392684	
-1.94591014906	-1645.15437811	
-1.99243016469	-1645.19530888	
-2.03688192726	-1645.236435	
-2.07944154168	-1645.27752739	
-2.1202635362	-1645.31840207	
-2.15948424935	-1645.35891198	
-2.19722457734	-1645.3989403	
-2.23359222151	-1645.43839498	
-2.26868354132	-1645.4772043	
-2.30258509299	-1645.51531321	
-2.33537491582	-1645.55268033	
-2.36712361413	-1645.58927553	
-2.3978952728	-1645.62507787	
-2.42774823595	-1645.66007399	
-2.45673577282	-1645.6942567	
-2.48490664979	-1645.72762389	
-2.51230562398	-1645.76017756	
-2.53897387106	-1645.79192308	
-2.56494935746	-1645.82286852	
-2.59026716545	-1645.85302416	
-2.61495977804	-1645.882402	
-2.63905732962	-1645.9110154	
-2.66258782703	-1645.93887881	
-2.68557734525	-1645.96600749	
-2.7080502011	-1645.99241727	
-2.73002910782	-1646.01812442	
-2.75153531304	-1646.0431455	
-2.77258872224	-1646.06749719	
-2.79320800944	-1646.09119623	
-2.81341071676	-1646.11425934	
-2.83321334406	-1646.13670311	
-2.85263142991	-1646.158544	
-2.87167962488	-1646.17979824	
-2.8903717579	-1646.20048183	
-2.90872089656	-1646.22061049	
-2.92673940207	-1646.24019963	
-2.94443897917	-1646.25926437	
-2.96183072188	-1646.27781948	
-2.97892515524	-1646.29587939	
-2.99573227355	-1646.31345821	
-3.01226157551	-1646.33056965	
-3.02852209638	-1646.34722711	
-3.04452243772	-1646.36344361	
-3.06027079469	-1646.37923183	
-3.07577498123	-1646.39460409	
-3.09104245336	-1646.40957238	
-3.10608033072	-1646.42414834	
-3.12089541651	-1646.43834328	
-3.13549421593	-1646.45216815	
-3.14988295338	-1646.46563363	
-3.16406758837	-1646.47875004	
-3.17805383035	-1646.4915274	
-3.19184715248	-1646.50397546	
-3.20545280454	-1646.51610362	
-3.21887582487	-1646.52792105	
-3.23212105162	-1646.5394366	
-3.24519313319	-1646.55065886	
-3.25809653802	-1646.56159618	
-3.2708355638	-1646.57225662	
-3.28341434601	-1646.58264801	
-3.295836866	-1646.59277793	
-3.3081069586	-1646.60265374	
-3.32022831913	-1646.61228255	
-3.33220451018	-1646.62167128	
-3.34403896782	-1646.63082661	
-3.35573500759	-1646.63975503	
-3.36729582999	-1646.64846282	
-3.37872452581	-1646.65695607	
-3.39002408106	-1646.66524068	
-3.40119738166	-1646.67332238	
-3.41224721785	-1646.68120672	
-3.42317628838	-1646.68889907	
-3.43398720449	-1646.69640464	
-3.4446824936	-1646.70372848	
-3.45526460293	-1646.71087549	
-3.4657359028	-1646.71785043	
-3.47609868984	-1646.7246579	
-3.48635519	-1646.73130236	
-3.49650756147	-1646.73778816	
-3.50655789732	-1646.74411947	
-3.51650822817	-1646.7503004	
-3.52636052462	-1646.75633488	
-3.53611669956	-1646.76222675	
-3.54577861047	-1646.76797974	
-3.55534806149	-1646.77359745	
-3.56482680544	-1646.77908339	
-3.57421654579	-1646.78444095	
-3.58351893846	-1646.78967345	
-3.59273559356	-1646.79478407	
-3.60186807712	-1646.79977594	
-3.61091791264	-1646.80465207	
-3.61988658263	-1646.80941539	
-3.62877553004	-1646.81406876	
-3.63758615973	-1646.81861493	
-3.6463198397	-1646.82305659	
-3.65497790244	-1646.82739635	
-3.66356164613	-1646.83163674	
-3.6720723358	-1646.83578023	
-3.68051120444	-1646.8398292	
-3.68887945411	-1646.84378599	
-3.69717825693	-1646.84765285	
-3.70540875607	-1646.85143197	
-3.7135720667	-1646.8551255	
-3.72166927694	-1646.85873551	
-3.72970144863	-1646.86226401	
-3.73766961828	-1646.86571296	
-3.74557479779	-1646.86908428	
-3.75341797525	-1646.87237982	
-3.76120011569	-1646.87560138	
-3.76892216179	-1646.87875073	
-3.77658503453	-1646.88182956	
-3.78418963392	-1646.88483954	
-3.79173683955	-1646.88778228	
-3.79922751128	-1646.89065937	
-3.80666248977	-1646.89347232	
-3.81404259707	-1646.89622264	
-3.82136863716	-1646.89891176	
-3.82864139649	-1646.90154111	
-3.83586164446	-1646.90411206	
-3.84303013394	-1646.90662595	
-3.85014760171	-1646.90908409	
-3.85721476893	-1646.91148773	
-3.86423234159	-1646.91383812	
-3.87120101091	-1646.91613647	
-3.87812145375	-1646.91838395	
-3.88499433304	-1646.9205817	
-3.89182029811	-1646.92273083	
-3.8985999851	-1646.92483244	
-3.90533401728	-1646.92688758	
-3.91202300543	-1646.92889728	
-3.91866754815	-1646.93086255	
-3.92526823218	-1646.93278436	
-3.93182563272	-1646.93466368	
-3.93834031375	-1646.93650144	
-3.94481282825	-1646.93829853	
-3.95124371858	-1646.94005586	
-3.95763351668	-1646.94177428	
-3.96398274436	-1646.94345464	
-3.97029191355	-1646.94509775	
-3.97656152657	-1646.94670442	
-3.98279207632	-1646.94827544	
-3.98898404656	-1646.94981156	
-3.99513791214	-1646.95131353	
-4.00125413916	-1646.95278208	
-4.00733318523	-1646.95421792	
-4.01337549969	-1646.95562173	
-4.01938152375	-1646.9569942	
-4.02535169074	-1646.95833599	
-4.03128642625	-1646.95964773	
-4.03718614838	-1646.96093006	
-4.04305126783	-1646.9621836	
-4.04888218815	-1646.96340893	
-4.05467930583	-1646.96460665	
-4.06044301055	-1646.96577733	
-4.06617368526	-1646.96692152	
-4.07187170637	-1646.96803978	
-4.07753744391	-1646.96913263	
-4.08317126162	-1646.9702006	
-4.08877351717	-1646.9712442	
-4.09434456222	-1646.97226392	
-4.0998847426	-1646.97326024	
-4.10539439841	-1646.97423365	
-4.11087386417	-1646.97518461	
-4.11632346894	-1646.97611356	
-4.12174353641	-1646.97702096	
-4.12713438505	-1646.97790724	
-4.13249632819	-1646.97877281	
-4.13782967416	-1646.97961811	
-4.14313472639	-1646.98044352	
-4.14841178349	-1646.98124944	
-4.15366113938	-1646.98203627	
-4.15888308336	-1646.98280438	
-4.16407790024	-1646.98355414	
-4.1692458704	-1646.98428591	
-4.1743872699	-1646.98500006	
-4.17950237056	-1646.98569691	
-4.18459144007	-1646.98637683	
-4.18965474203	-1646.98704012	
-4.19469253606	-1646.98768713	
-4.19970507788	-1646.98831816	
-4.20469261939	-1646.98893353	
-4.20965540873	-1646.98953355	
-4.21459369037	-1646.9901185	
-4.21950770518	-1646.99068869	
-4.22439769047	-1646.99124439	
-4.22926388012	-1646.99178589	
-4.2341065046	-1646.99231345	
-4.23892579103	-1646.99282736	
-4.2437219633	-1646.99332786	
-4.24849524205	-1646.99381521	
-4.25324584481	-1646.99428967	
-4.257973986	-1646.99475148	
-4.26267987704	-1646.99520088	
-4.26736372635	-1646.99563811	
-4.27202573946	-1646.99606339	
-4.27666611902	-1646.99647696	
-4.28128506487	-1646.99687904	
-4.28588277412	-1646.99726984	
-4.29045944115	-1646.99764957	
-4.29501525768	-1646.99801845	
-4.29955041285	-1646.99837667	
-4.3040650932	-1646.99872444	
-4.30855948279	-1646.99906195	
-4.31303376319	-1646.9993894	
-4.31748811354	-1646.99970697	
-4.3219227106	-1647.00001484	
-4.32633772881	-1647.0003132	
-4.33073334029	-1647.00060223	
-4.33510971489	-1647.00088209	
-4.33946702026	-1647.00115296	
-4.34380542185	-1647.00141501	
-4.348125083	-1647.00166839	
-4.3524261649	-1647.00191327	
-4.35670882669	-1647.0021498	
-4.36097322548	-1647.00237814	
-4.36521951636	-1647.00259844	
-4.36944785247	-1647.00281085	
-4.373658385	-1647.00301551	
-4.37785126326	-1647.00321256	
-4.38202663467	-1647.00340214	
-4.38618464482	-1647.0035844	
-4.39032543749	-1647.00375946	
-4.39444915467	-1647.00392745	
-4.39855593663	-1647.00408852	
-4.40264592188	-1647.00424277	
-4.40671924726	-1647.00439034	
-4.41077604796	-1647.00453134	
-4.4148164575	-1647.0046659	
-4.4188406078	-1647.00479414	
-4.42284862919	-1647.00491616	
-4.42684065046	-1647.00503209	
-4.43081679884	-1647.00514203	
-4.43477720006	-1647.00524609	
-4.43872197835	-1647.00534438	
-4.44265125649	-1647.005437	
-4.44656515581	-1647.00552406	
-4.45046379623	-1647.00560565	
-4.45434729625	-1647.00568187	
-4.45821577303	-1647.00575283	
-4.46206934235	-1647.00581861	
-4.46590811865	-1647.00587932	
-4.46973221509	-1647.00593503	
-4.47354174351	-1647.00598585	
-4.47733681448	-1647.00603186	
-4.48111753732	-1647.00607315	
-4.48488402011	-1647.00610979	
-4.48863636973	-1647.00614189	
-4.49237469184	-1647.00616951	
-4.49609909093	-1647.00619274	
-4.49980967033	-1647.00621166	
-4.50350653221	-1647.00622634	
-4.50718977763	-1647.00623686	
-4.51085950652	-1647.00624331	
-4.51451581772	-1647.00624574	
-4.518158809	-1647.00624423	
-4.52178857705	-1647.00623886	
-4.52540521752	-1647.00622969	
-4.52900882502	-1647.0062168	
-4.53259949315	-1647.00620024	
-4.5361773145	-1647.00618009	
-4.53974238067	-1647.0061564	
-4.54329478227	-1647.00612925	
-4.54683460898	-1647.0060987	
-4.55036194949	-1647.0060648	
-4.5538768916	-1647.00602763	
-4.55737952215	-1647.00598723	
-4.56086992709	-1647.00594366	
-4.56434819147	-1647.00589699	
-4.56781439944	-1647.00584727	
-4.57126863431	-1647.00579455	
-4.5747109785	-1647.00573889	
-4.5781415136	-1647.00568034	
-4.58156032035	-1647.00561896	
-4.58496747867	-1647.00555479	
-4.58836306767	-1647.00548789	
-4.59174716566	-1647.00541831	
-4.59511985013	-1647.00534609	
-4.59848119784	-1647.00527129	
-4.60183128472	-1647.00519394	
-4.60517018599	-1647.00511411	
-4.60849797608	-1647.00503182	
-4.61181472871	-1647.00494714	
-4.61512051684	-1647.00486009	
-4.61841541274	-1647.00477073	
-4.62169948794	-1647.0046791	
-4.62497281328	-1647.00458524	
-4.62823545892	-1647.00448918	
-4.63148749431	-1647.00439098	
-4.63472898823	-1647.00429067	
-4.63796000881	-1647.00418829	
-4.64118062351	-1647.00408388	
-4.64439089914	-1647.00397747	
-4.64759090187	-1647.00386911	
-4.65078069724	-1647.00375883	
-4.65396035016	-1647.00364666	
-4.65712992492	-1647.00353264	
-4.66028948521	-1647.00341681	
-4.66343909411	-1647.0032992	
-4.66657881412	-1647.00317984	
-4.66970870713	-1647.00305877	
-4.67282883446	-1647.00293601	
-4.67593925688	-1647.00281161	
-4.67904003455	-1647.00268559	
-4.68213122712	-1647.00255798	
-4.68521289366	-1647.00242881	
-4.6882850927	-1647.00229812	
-4.69134788223	-1647.00216593	
-4.69440131972	-1647.00203227	
-4.6974454621	-1647.00189717	
-4.70048036579	-1647.00176066	
-4.70350608671	-1647.00162276	
-4.70652268025	-1647.00148351	
-4.70953020131	-1647.00134292	
-4.71252870431	-1647.00120102	
-4.71551824316	-1647.00105785	
-4.7184988713	-1647.00091342	
-4.72147064168	-1647.00076777	
-4.72443360681	-1647.0006209	
-4.72738781871	-1647.00047286	
-4.73033332894	-1647.00032366	
-4.73327018862	-1647.00017332	
-4.73619844839	-1647.00002188	
-4.7391181585	-1646.99986934	
-4.74202936871	-1646.99971574	
-4.74493212836	-1646.99956109	
-4.74782648639	-1646.99940542	
-4.75071249128	-1646.99924875	
-4.75359019111	-1646.99909109	
-4.75645963353	-1646.99893247	
-4.75932086582	-1646.99877292	
-4.7621739348	-1646.99861244	
-4.76501888693	-1646.99845105	
-4.76785576827	-1646.99828879	
-4.77068462447	-1646.99812566	
-4.77350550081	-1646.99796169	
-4.77631844218	-1646.99779689	
-4.77912349311	-1646.99763127	
-4.78192069773	-1646.99746487	
-4.78471009982	-1646.99729769	
-4.78749174278	-1646.99712976	
-4.79026566966	-1646.99696108	
-4.79303192316	-1646.99679168	
-4.7957905456	-1646.99662158	
-4.79854157897	-1646.99645078	
-4.80128506491	-1646.9962793	
-4.80402104473	-1646.99610717	
-4.80674955939	-1646.99593439	
-4.8094706495	-1646.99576097	
-4.81218435537	-1646.99558695	
-4.81489071697	-1646.99541232	
-4.81758977394	-1646.9952371	
-4.82028156561	-1646.99506132	
-4.82296613098	-1646.99488497	
-4.82564350875	-1646.99470808	
-4.8283137373	-1646.99453066	
-4.83097685472	-1646.99435271	
-4.83363289878	-1646.99417427	
-4.83628190695	-1646.99399533	
-4.83892391641	-1646.99381591	
-4.84155896405	-1646.99363602	
-4.84418708646	-1646.99345567	
-4.84680831994	-1646.99327489	
-4.84942270051	-1646.99309367	
-4.85203026392	-1646.99291203	
-4.85463104562	-1646.99272998	
-4.8572250808	-1646.99254753	
-4.85981240436	-1646.9923647	
-4.86239305096	-1646.99218149	
-4.86496705495	-1646.99199792	
-4.86753445046	-1646.99181399	
-4.87009527132	-1646.99162972	
-4.87264955112	-1646.99144511	
-4.8751973232	-1646.99126018	
-4.87773862063	-1646.99107494	
-4.88027347623	-1646.99088939	
-4.88280192259	-1646.99070355	
-4.88532399202	-1646.99051742	
-4.88783971662	-1646.99033102	
-4.89034912822	-1646.99014435	
-4.89285225844	-1646.98995743	
-4.89534913864	-1646.98977025	
-4.89783979995	-1646.98958283	
-4.90032427328	-1646.98939519	
-4.90280258929	-1646.98920732	
-4.90527477844	-1646.98901923	
-4.90774087093	-1646.98883094	
-4.91020089677	-1646.98864245	
-4.91265488574	-1646.98845377	
-4.91510286737	-1646.98826491	
-4.91754487103	-1646.98807587	
-4.91998092583	-1646.98788666	
-4.92241106068	-1646.9876973	
-4.92483530429	-1646.98750778	
-4.92725368516	-1646.98731811	
-4.92966623156	-1646.98712831	
-4.93207297159	-1646.98693838	
-4.93447393313	-1646.98674832	
-4.93686914386	-1646.98655814	
-4.93925863125	-1646.98636785	
-4.94164242261	-1646.98617746	
-4.94402054501	-1646.98598696	
-4.94639302537	-1646.98579638	
-4.94875989038	-1646.98560571	
-4.95112116656	-1646.98541496	
-4.95347688026	-1646.98522414	
-4.9558270576	-1646.98503324	
-4.95817172456	-1646.98484229	
-4.96051090691	-1646.98465128	
-4.96284463026	-1646.98446022	
-4.96517292002	-1646.98426912	
-4.96749580144	-1646.98407797	
-4.96981329958	-1646.9838868	
-4.97212543933	-1646.98369559	
-4.97443224543	-1646.98350436	
-4.97673374242	-1646.98331311	
-4.97902995468	-1646.98312185	
-4.98132090643	-1646.98293058	
-4.98360662171	-1646.9827393	
-4.98588712441	-1646.98254803	
-4.98816243824	-1646.98235676	
-4.99043258678	-1646.98216551	
-4.99269759341	-1646.98197427	
-4.99495748138	-1646.98178304	
-4.99721227376	-1646.98159185	
-4.9994619935	-1646.98140068	
-5.00170666335	-1646.98120954	
-5.00394630595	-1646.98101845	
-5.00618094375	-1646.98082739	
-5.00841059907	-1646.98063638	
-5.0106352941	-1646.98044541	
-5.01285505083	-1646.98025451	
-5.01506989116	-1646.98006365	
-5.01727983681	-1646.97987286	
-5.01948490937	-1646.97968214	
-5.02168513028	-1646.97949148	
-5.02388052085	-1646.97930089	
-5.02607110223	-1646.97911038	
-5.02825689545	-1646.97891995	
-5.03043792139	-1646.9787296	
-5.03261420082	-1646.97853934	
-5.03478575433	-1646.97834917	
-5.03695260241	-1646.97815909	
-5.03911476542	-1646.97796911	
-5.04127226356	-1646.97777922	
-5.04342511692	-1646.97758944	
-5.04557334546	-1646.97739976	
-5.047716969	-1646.97721019	
-5.04985600725	-1646.97702073	
-5.05199047978	-1646.97683139	
-5.05412040604	-1646.97664216	
-5.05624580535	-1646.97645306	
-5.05836669692	-1646.97626407	
-5.06048309982	-1646.97607522	
-5.06259503303	-1646.97588649	
-5.06470251537	-1646.97569789	
-5.06680556556	-1646.97550942	
-5.06890420222	-1646.97532109	
-5.07099844382	-1646.9751329	
-5.07308830874	-1646.97494485	
-5.07517381523	-1646.97475694	
-5.07725498144	-1646.97456918	
-5.07933182538	-1646.97438156	
-5.08140436498	-1646.9741941	
-5.08347261805	-1646.97400679	
-5.08553660227	-1646.97381963	
-5.08759633523	-1646.97363263	
-5.08965183441	-1646.97344579	
-5.09170311719	-1646.97325911	
-5.09375020081	-1646.9730726	
-5.09579310244	-1646.97288625	
-5.09783183913	-1646.97270006	
-5.09986642782	-1646.97251405	
-5.10189688537	-1646.97232821	
-5.10392322852	-1646.97214253	
-5.1059454739	-1646.97195704	
-5.10796363806	-1646.97177172	
-5.10997773743	-1646.97158658	
-5.11198778836	-1646.97140162	
-5.11399380708	-1646.97121684	
-5.11599580975	-1646.97103224	
-5.11799381242	-1646.97084783	
-5.11998783102	-1646.97066361	
-5.12197788143	-1646.97047958	
-5.1239639794	-1646.97029573	
-5.12594614061	-1646.97011208	
-5.12792438062	-1646.96992862	
-5.12989871492	-1646.96974535	
-5.13186915891	-1646.96956228	
-5.13383572788	-1646.96937941	
-5.13579843705	-1646.96919673	
-5.13775730154	-1646.96901426	
-5.13971233637	-1646.96883199	
-5.1416635565	-1646.96864991	
-5.14361097679	-1646.96846805	
-5.145554612	-1646.96828639	
-5.14749447681	-1646.96810493	
-5.14943058584	-1646.96792369	
-5.15136295359	-1646.96774265	
-5.1532915945	-1646.96756182	
-5.15521652291	-1646.9673812	
-5.15713775309	-1646.9672008	
-5.15905529921	-1646.96702061	
-5.1609691754	-1646.96684063	
-5.16287939565	-1646.96666087	
-5.16478597392	-1646.96648132	
-5.16668892407	-1646.966302	
-5.16858825987	-1646.96612289	
-5.17048399504	-1646.965944	
-5.17237614319	-1646.96576533	
-5.17426471788	-1646.96558688	
-5.17614973257	-1646.96540865	
-5.17803120067	-1646.96523065	
-5.1799091355	-1646.96505287	
-5.18178355029	-1646.96487532	
-5.18365445823	-1646.96469799	
-5.1855218724	-1646.96452088	
-5.18738580584	-1646.96434401	
-5.18924627149	-1646.96416736	
-5.19110328224	-1646.96399094	
-5.19295685089	-1646.96381475	
-5.19480699018	-1646.96363879	
-5.19665371277	-1646.96346306	
-5.19849703127	-1646.96328756	
-5.20033695819	-1646.9631123	
-5.202173506	-1646.96293726	
-5.20400668708	-1646.96276246	
-5.20583651375	-1646.9625879	
-5.20766299828	-1646.96241356	
-5.20948615284	-1646.96223947	
-5.21130598956	-1646.96206561	
-5.21312252048	-1646.96189198	
-5.21493575761	-1646.96171859	
-5.21674571285	-1646.96154544	
-5.21855239808	-1646.96137253	
-5.22035582508	-1646.96119985	
-5.22215600558	-1646.96102742	
-5.22395295126	-1646.96085522	
-5.22574667371	-1646.96068326	
-5.22753718449	-1646.96051154	
-5.22932449506	-1646.96034006	
-5.23110861685	-1646.96016883	
-5.23288956123	-1646.95999783	
-5.23466733947	-1646.95982708	
-5.23644196283	-1646.95965656	
-5.23821344248	-1646.95948629	
-5.23998178954	-1646.95931627	
-5.24174701506	-1646.95914648	
-5.24350913005	-1646.95897694	
-5.24526814546	-1646.95880764	
-5.24702407216	-1646.95863859	
-5.24877692099	-1646.95846978	
-5.25052670271	-1646.95830121	
-5.25227342805	-1646.95813289	
-5.25401710765	-1646.95796482	
-5.25575775213	-1646.95779699	
-5.25749537203	-1646.9576294	
-5.25922997784	-1646.95746206	
-5.26096158	-1646.95729497	
-5.2626901889	-1646.95712812	
-5.26441581487	-1646.95696152	
-5.26613846818	-1646.95679516	
-5.26785815906	-1646.95662905	
-5.26957489768	-1646.95646319	
-5.27128869416	-1646.95629758	
-5.27299955856	-1646.95613221	
-5.27470750091	-1646.95596709	
-5.27641253116	-1646.95580221	
-5.27811465923	-1646.95563759	
-5.27981389498	-1646.95547321	
-5.28151024823	-1646.95530908	
-5.28320372874	-1646.95514519	
-5.28489434622	-1646.95498156	
-5.28658211033	-1646.95481817	
-5.28826703069	-1646.95465503	
-5.28994911688	-1646.95449214	
-5.2916283784	-1646.95432949	
-5.29330482472	-1646.95416709	
-5.29497846528	-1646.95400495	
-5.29664930945	-1646.95384305	
-5.29831736655	-1646.95368139	
-5.29998264587	-1646.95351999	
-5.30164515664	-1646.95335883	
-5.30330490806	-1646.95319793	
-5.30496190927	-1646.95303727	
-5.30661616936	-1646.95287685	
-5.3082676974	-1646.95271669	
-5.30991650239	-1646.95255677	
-5.3115625933	-1646.95239711	
-5.31320597904	-1646.95223769	
-5.3148466685	-1646.95207851	
-5.3164846705	-1646.95191959	
-5.31811999384	-1646.95176091	
-5.31975264727	-1646.95160248	
-5.32138263948	-1646.9514443	
-5.32300997914	-1646.95128637	
-5.32463467487	-1646.95112868	
-5.32625673524	-1646.95097125	
-5.32787616879	-1646.95081405	
-5.32949298402	-1646.95065711	
-5.33110718937	-1646.95050041	
-5.33271879327	-1646.95034396	
-5.33432780407	-1646.95018776	
-5.33593423012	-1646.9500318	
-5.3375380797	-1646.94987609	
-5.33913936107	-1646.94972063	
-5.34073808243	-1646.94956541	
-5.34233425196	-1646.94941044	
-5.3439278778	-1646.94925571	
-5.34551896803	-1646.94910124	
-5.34710753072	-1646.948947	
-5.34869357387	-1646.94879301	
-5.35027710548	-1646.94863927	
-5.35185813348	-1646.94848577	
-5.35343666577	-1646.94833252	
-5.35501271022	-1646.94817951	
-5.35658627467	-1646.94802675	
-5.3581573669	-1646.94787423	
-5.35972599468	-1646.94772196	
-5.36129216571	-1646.94756993	
-5.36285588769	-1646.94741814	
-5.36441716825	-1646.9472666	
-5.36597601502	-1646.9471153	
-5.36753243557	-1646.94696425	
-5.36908643744	-1646.94681343	
-5.37063802813	-1646.94666286	
-5.37218721511	-1646.94651254	
-5.37373400583	-1646.94636245	
-5.37527840768	-1646.94621261	
-5.37682042804	-1646.94606301	
-5.37836007422	-1646.94591365	
-5.37989735354	-1646.94576453	
-5.38143227326	-1646.94561566	
-5.38296484061	-1646.94546702	
-5.38449506279	-1646.94531863	
-5.38602294697	-1646.94517047	
-5.38754850028	-1646.94502256	
-5.38907172982	-1646.94487489	
-5.39059264266	-1646.94472745	
-5.39211124583	-1646.94458026	
-5.39362754635	-1646.9444333	
-5.39514155118	-1646.94428659	
-5.39665326727	-1646.94414011	
-5.39816270152	-1646.94399387	
-5.39966986081	-1646.94384787	
-5.40117475199	-1646.94370211	
-5.40267738187	-1646.94355658	
-5.40417775725	-1646.9434113	
-5.40567588487	-1646.94326624	
-5.40717177146	-1646.94312143	
-5.40866542372	-1646.94297685	
-5.4101568483	-1646.94283251	
-5.41164605186	-1646.9426884	
-5.41313304098	-1646.94254453	
-5.41461782224	-1646.9424009	
-5.4161004022	-1646.9422575	
-5.41758078737	-1646.94211433	
-5.41905898424	-1646.9419714	
-5.42053499927	-1646.9418287	
-5.42200883889	-1646.94168624	
-5.4234805095	-1646.94154401	
-5.42495001748	-1646.94140201	
-5.42641736918	-1646.94126025	
-5.4278825709	-1646.94111872	
-5.42934562895	-1646.94097742	
-5.43080654959	-1646.94083635	
-5.43226533906	-1646.94069551	
-5.43372200355	-1646.94055491	
-5.43517654927	-1646.94041454	
-5.43662898235	-1646.94027439	
-5.43807930892	-1646.94013448	
-5.4395275351	-1646.9399948	
-5.44097366695	-1646.93985534	
-5.44241771052	-1646.93971612	
-5.44385967184	-1646.93957712	
-5.4452995569	-1646.93943836	
-5.44673737167	-1646.93929982	
-5.44817312209	-1646.93916151	
-5.44960681409	-1646.93902342	
-5.45103845357	-1646.93888557	
-5.45246804638	-1646.93874794	
-5.45389559837	-1646.93861053	
-5.45532111536	-1646.93847336	
-5.45674460314	-1646.93833641	
-5.45816606749	-1646.93819968	
-5.45958551414	-1646.93806318	
-5.46100294883	-1646.93792691	
-5.46241837723	-1646.93779086	
-5.46383180503	-1646.93765503	
-5.46524323786	-1646.93751943	
-5.46665268137	-1646.93738405	
-5.46806014114	-1646.93724889	
-5.46946562274	-1646.93711396	
-5.47086913175	-1646.93697925	
-5.47227067367	-1646.93684476	
-5.47367025403	-1646.93671049	
-5.47506787829	-1646.93657644	
-5.47646355193	-1646.93644262	
-5.47785728038	-1646.93630901	
-5.47924906905	-1646.93617563	
-5.48063892334	-1646.93604246	
-5.48202684862	-1646.93590952	
-5.48341285022	-1646.93577679	
-5.48479693349	-1646.93564429	
-5.48617910372	-1646.935512	
-5.48755936619	-1646.93537993	
-5.48893772616	-1646.93524807	
-5.49031418887	-1646.93511644	
-5.49168875953	-1646.93498502	
-5.49306144334	-1646.93485382	
-5.49443224547	-1646.93472283	
-5.49580117108	-1646.93459206	
-5.49716822529	-1646.9344615	
-5.49853341322	-1646.93433116	
-5.49989673995	-1646.93420104	
-5.50125821054	-1646.93407113	
-5.50261783006	-1646.93394143	
-5.50397560352	-1646.93381195	
-5.50533153593	-1646.93368268	
-5.50668563228	-1646.93355362	
-5.50803789753	-1646.93342478	
-5.50938833663	-1646.93329615	
-5.5107369545	-1646.93316773	
-5.51208375605	-1646.93303952	
-5.51342874616	-1646.93291152	
-5.51477192971	-1646.93278373	
-5.51611331154	-1646.93265616	
-5.51745289646	-1646.93252879	
-5.51879068931	-1646.93240163	
-5.52012669485	-1646.93227468	
-5.52146091786	-1646.93214794	
-5.5227933631	-1646.93202141	
-5.52412403528	-1646.93189509	
-5.52545293913	-1646.93176898	
-5.52678007934	-1646.93164307	
-5.52810546058	-1646.93151737	
-5.52942908751	-1646.93139187	
-5.53075096477	-1646.93126658	
-5.53207109697	-1646.9311415	
-5.53338948873	-1646.93101663	
-5.53470614461	-1646.93089195	
-5.53602106919	-1646.93076749	
-5.53733426702	-1646.93064322	
-5.53864574262	-1646.93051917	
-5.5399555005	-1646.93039531	
-5.54126354516	-1646.93027166	
-5.54256988107	-1646.93014821	
-5.5438745127	-1646.93002496	
-5.54517744448	-1646.92990192	
-5.54647868084	-1646.92977907	
-5.54777822618	-1646.92965643	
-5.5490760849	-1646.92953399	
-5.55037226136	-1646.92941175	
-5.55166675992	-1646.92928971	
-5.55295958492	-1646.92916787	
-5.55425074069	-1646.92904623	
-5.55554023152	-1646.92892479	
-5.5568280617	-1646.92880355	
-5.55811423551	-1646.9286825	
-5.5593987572	-1646.92856166	
-5.56068163102	-1646.92844101	
-5.56196286117	-1646.92832056	
-5.56324245188	-1646.9282003	
-5.56452040732	-1646.92808024	
-5.56579673168	-1646.92796038	
-5.56707142911	-1646.92784071	
-5.56834450376	-1646.92772124	
-5.56961595975	-1646.92760197	
-5.57088580119	-1646.92748288	
-5.57215403218	-1646.927364	
-5.57342065679	-1646.9272453	
-5.5746856791	-1646.9271268	
-5.57594910315	-1646.9270085	
-5.57721093297	-1646.92689038	
-5.57847117258	-1646.92677246	
-5.57972982599	-1646.92665473	
-5.58098689718	-1646.92653719	
-5.58224239012	-1646.92641984	
-5.58349630878	-1646.92630269	
-5.5847486571	-1646.92618572	
-5.585999439	-1646.92606895	
-5.5872486584	-1646.92595236	
-5.5884963192	-1646.92583596	
-5.58974242528	-1646.92571976	
-5.59098698051	-1646.92560374	
-5.59222998875	-1646.92548791	
-5.59347145384	-1646.92537227	
-5.5947113796	-1646.92525681	
-5.59594976985	-1646.92514154	
-5.59718662839	-1646.92502646	
-5.598421959	-1646.92491157	
-5.59965576545	-1646.92479686	
-5.60088805149	-1646.92468234	
-5.60211882088	-1646.924568	
-5.60334807733	-1646.92445385	
-5.60457582457	-1646.92433988	
-5.6058020663	-1646.9242261	
-5.60702680619	-1646.9241125	
-5.60825004793	-1646.92399909	
-5.60947179518	-1646.92388585	
-5.61069205159	-1646.9237728	
-5.61191082078	-1646.92365994	
-5.61312810639	-1646.92354725	
-5.61434391201	-1646.92343475	
-5.61555824124	-1646.92332243	
-5.61677109767	-1646.92321029	
-5.61798248485	-1646.92309833	
-5.61919240636	-1646.92298655	
-5.62040086572	-1646.92287495	
-5.62160786647	-1646.92276353	
-5.62281341212	-1646.92265229	
-5.62401750619	-1646.92254123	
-5.62522015215	-1646.92243034	
-5.6264213535	-1646.92231964	
-5.62762111369	-1646.92220911	
-5.62881943618	-1646.92209876	
-5.63001632442	-1646.92198859	
-5.63121178182	-1646.92187859	
-5.63240581181	-1646.92176877	
-5.6335984178	-1646.92165913	
-5.63478960317	-1646.92154966	
-5.6359793713	-1646.92144037	
-5.63716772557	-1646.92133125	
-5.63835466933	-1646.92122231	
-5.63954020593	-1646.92111354	
-5.64072433869	-1646.92100495	
-5.64190707094	-1646.92089653	
-5.64308840598	-1646.92078828	
-5.64426834712	-1646.9206802	
-5.64544689764	-1646.9205723	
-5.64662406082	-1646.92046457	
-5.64779983991	-1646.92035701	
-5.64897423816	-1646.92024963	
-5.65014725882	-1646.92014241	
-5.65131890512	-1646.92003537	
-5.65248918027	-1646.91992849	
-5.65365808747	-1646.91982179	
-5.65482562993	-1646.91971526	
-5.65599181082	-1646.91960889	
-5.65715663332	-1646.91950269	
-5.65832010058	-1646.91939667	
-5.65948221576	-1646.91929081	
-5.660642982	-1646.91918512	
-5.66180240242	-1646.9190796	
-5.66296048014	-1646.91897424	
-5.66411721826	-1646.91886905	
-5.66527261989	-1646.91876403	
-5.66642668811	-1646.91865918	
-5.66757942599	-1646.91855449	
-5.6687308366	-1646.91844996	
-5.66988092298	-1646.91834561	
-5.67102968818	-1646.91824141	
-5.67217713524	-1646.91813739	
-5.67332326717	-1646.91803352	
-5.67446808699	-1646.91792982	
-5.67561159769	-1646.91782629	
-5.67675380227	-1646.91772291	
-5.6778947037	-1646.9176197	
-5.67903430497	-1646.91751666	
-5.68017260902	-1646.91741377	
-5.6813096188	-1646.91731105	
-5.68244533727	-1646.91720849	
-5.68357976734	-1646.91710609	
-5.68471291194	-1646.91700385	
-5.68584477397	-1646.91690177	
-5.68697535634	-1646.91679986	
-5.68810466194	-1646.9166981	
-5.68923269364	-1646.9165965	
-5.69035945432	-1646.91649506	
-5.69148494685	-1646.91639378	
-5.69260917406	-1646.91629266	
-5.6937321388	-1646.9161917	
-5.69485384391	-1646.9160909	
-5.69597429221	-1646.91599025	
-5.69709348651	-1646.91588976	
-5.69821142961	-1646.91578943	
-5.69932812431	-1646.91568926	
-5.70044357339	-1646.91558924	
-5.70155777963	-1646.91548938	
-5.7026707458	-1646.91538967	
-5.70378247466	-1646.91529012	
-5.70489296894	-1646.91519073	
-5.70600223139	-1646.91509149	
-5.70711026475	-1646.9149924	
-5.70821707172	-1646.91489347	
-5.70932265503	-1646.91479469	
-5.71042701737	-1646.91469607	
-5.71153016145	-1646.9145976	
-5.71263208993	-1646.91449928	
-5.71373280551	-1646.91440112	
-5.71483231084	-1646.91430311	
-5.71593060859	-1646.91420525	
-5.71702770141	-1646.91410754	
-5.71812359193	-1646.91400998	
-5.71921828279	-1646.91391257	
-5.72031177661	-1646.91381532	
-5.72140407601	-1646.91371822	
-5.72249518359	-1646.91362126	
-5.72358510195	-1646.91352446	
-5.72467383369	-1646.9134278	
-5.72576138137	-1646.9133313	
-5.72684774759	-1646.91323494	
-5.72793293489	-1646.91313873	
-5.72901694583	-1646.91304267	
-5.73009978297	-1646.91294676	
-5.73118144884	-1646.912851	
-5.73226194598	-1646.91275538	
-5.7333412769	-1646.91265992	
-5.73441944412	-1646.91256459	
-5.73549645015	-1646.91246942	
-5.73657229748	-1646.91237439	
-5.73764698861	-1646.91227951	
-5.73872052602	-1646.91218477	
-5.73979291218	-1646.91209018	
-5.74086414956	-1646.91199573	
-5.74193424062	-1646.91190143	
-5.74300318781	-1646.91180727	
-5.74407099357	-1646.91171326	
-5.74513766034	-1646.91161939	
-5.74620319054	-1646.91152566	
-5.7472675866	-1646.91143208	
-5.74833085092	-1646.91133864	
-5.74939298591	-1646.91124535	
-5.75045399397	-1646.91115219	
-5.75151387748	-1646.91105918	
-5.75257263883	-1646.91096631	
-5.75363028038	-1646.91087358	
-5.75468680452	-1646.91078099	
-5.75574221359	-1646.91068855	
-5.75679650994	-1646.91059624	
-5.75784969593	-1646.91050407	
-5.75890177388	-1646.91041205	
-5.75995274612	-1646.91032016	
-5.76100261499	-1646.91022842	
-5.76205138278	-1646.91013681	
-5.76309905181	-1646.91004534	
-5.76414562438	-1646.90995401	
-5.76519110278	-1646.90986282	
-5.7662354893	-1646.90977177	
-5.76727878622	-1646.90968086	
-5.76832099579	-1646.90959008	
-5.7693621203	-1646.90949944	
-5.770402162	-1646.90940894	
-5.77144112313	-1646.90931857	
-5.77247900594	-1646.90922834	
-5.77351581267	-1646.90913825	
-5.77455154554	-1646.90904829	
-5.77558620679	-1646.90895847	
-5.77661979861	-1646.90886878	
-5.77765232322	-1646.90877923	
-5.77868378283	-1646.90868981	
-5.77971417962	-1646.90860053	
-5.78074351579	-1646.90851138	
-5.78177179352	-1646.90842237	
-5.78279901497	-1646.90833349	
-5.78382518233	-1646.90824474	
-5.78485029774	-1646.90815613	
-5.78587436337	-1646.90806764	
-5.78689738137	-1646.9079793	
-5.78791935386	-1646.90789108	
-5.788940283	-1646.907803	
-5.7899601709	-1646.90771504	
-5.79097901969	-1646.90762722	
-5.79199683148	-1646.90753953	
-5.79301360838	-1646.90745197	
-5.7940293525	-1646.90736455	
-5.79504406593	-1646.90727725	
-5.79605775077	-1646.90719008	
-5.79707040908	-1646.90710304	
-5.79808204295	-1646.90701614	
-5.79909265446	-1646.90692936	
-5.80010224566	-1646.90684271	
-5.80111081862	-1646.90675619	
-5.80211837538	-1646.90666979	
-5.80312491799	-1646.90658353	
-5.80413044849	-1646.9064974	
-5.80513496892	-1646.90641139	
-5.80613848129	-1646.90632551	
-5.80714098764	-1646.90623976	
-5.80814248998	-1646.90615413	
-5.80914299031	-1646.90606863	
