# log_p 	 lnL 	 
0.0	-1734.08500423	
-0.287682072452	-1733.31836878	
-0.510825623766	-1732.70116983	
-0.69314718056	-1732.1662437	
-0.847297860387	-1731.69772265	
-0.980829253012	-1731.28948958	
-1.09861228867	-1730.93639693	
-1.20397280433	-1730.632883	
-1.29928298413	-1730.37319552	
-1.38629436112	-1730.15178182	
-1.46633706879	-1729.96354332	
-1.54044504095	-1729.80394702	
-1.60943791243	-1729.66904237	
-1.67397643357	-1729.55542683	
-1.73460105539	-1729.4601886	
-1.79175946923	-1729.38084292	
-1.8458266905	-1729.31527039	
-1.89711998489	-1729.26166129	
-1.94591014906	-1729.21846701	
-1.99243016469	-1729.18435875	
-2.03688192726	-1729.15819276	
-2.07944154168	-1729.13898135	
-2.1202635362	-1729.1258688	
-2.15948424935	-1729.11811132	
-2.19722457734	-1729.11506039	
-2.23359222151	-1729.1161489	
-2.26868354132	-1729.12087959	
-2.30258509299	-1729.12881529	
-2.33537491582	-1729.13957077	
-2.36712361413	-1729.15280588	
-2.3978952728	-1729.16821964	
-2.42774823595	-1729.18554529	
-2.45673577282	-1729.20454603	
-2.48490664979	-1729.22501135	
-2.51230562398	-1729.24675389	
-2.53897387106	-1729.26960672	
-2.56494935746	-1729.29342097	
-2.59026716545	-1729.31806377	
-2.61495977804	-1729.34341646	
-2.63905732962	-1729.36937301	
-2.66258782703	-1729.39583865	
-2.68557734525	-1729.42272864	
-2.7080502011	-1729.44996721	
-2.73002910782	-1729.47748661	
-2.75153531304	-1729.50522624	
-2.77258872224	-1729.53313197	
-2.79320800944	-1729.56115539	
-2.81341071676	-1729.58925328	
-2.83321334406	-1729.61738708	
-2.85263142991	-1729.64552239	
-2.87167962488	-1729.67362856	
-2.8903717579	-1729.70167833	
-2.90872089656	-1729.72964746	
-2.92673940207	-1729.75751447	
-2.94443897917	-1729.78526032	
-2.96183072188	-1729.8128682	
-2.97892515524	-1729.84032329	
-2.99573227355	-1729.86761258	
-3.01226157551	-1729.89472468	
-3.02852209638	-1729.92164965	
-3.04452243772	-1729.94837888	
-3.06027079469	-1729.97490494	
-3.07577498123	-1730.00122146	
-3.09104245336	-1730.02732304	
-3.10608033072	-1730.05320514	
-3.12089541651	-1730.07886401	
-3.13549421593	-1730.10429658	
-3.14988295338	-1730.12950042	
-3.16406758837	-1730.15447366	
-3.17805383035	-1730.17921495	
-3.19184715248	-1730.20372337	
-3.20545280454	-1730.22799843	
-3.21887582487	-1730.25203998	
-3.23212105162	-1730.27584822	
-3.24519313319	-1730.29942363	
-3.25809653802	-1730.32276693	
-3.2708355638	-1730.3458791	
-3.28341434601	-1730.3687613	
-3.295836866	-1730.39141488	
-3.3081069586	-1730.41384135	
-3.32022831913	-1730.43604236	
-3.33220451018	-1730.45801966	
-3.34403896782	-1730.47977514	
-3.35573500759	-1730.50131075	
-3.36729582999	-1730.52262856	
-3.37872452581	-1730.54373066	
-3.39002408106	-1730.56461924	
-3.40119738166	-1730.5852965	
-3.41224721785	-1730.60576471	
-3.42317628838	-1730.62602615	
-3.43398720449	-1730.64608315	
-3.4446824936	-1730.66593802	
-3.45526460293	-1730.68559313	
-3.4657359028	-1730.70505082	
-3.47609868984	-1730.72431346	
-3.48635519	-1730.74338339	
-3.49650756147	-1730.76226298	
-3.50655789732	-1730.78095458	
-3.51650822817	-1730.79946052	
-3.52636052462	-1730.81778312	
-3.53611669956	-1730.83592471	
-3.54577861047	-1730.85388757	
-3.55534806149	-1730.87167398	
-3.56482680544	-1730.8892862	
-3.57421654579	-1730.90672647	
-3.58351893846	-1730.923997	
-3.59273559356	-1730.94109998	
-3.60186807712	-1730.95803759	
-3.61091791264	-1730.97481196	
-3.61988658263	-1730.99142521	
-3.62877553004	-1731.00787944	
-3.63758615973	-1731.0241767	
-3.6463198397	-1731.04031906	
-3.65497790244	-1731.0563085	
-3.66356164613	-1731.07214704	
-3.6720723358	-1731.08783662	
-3.68051120444	-1731.10337917	
-3.68887945411	-1731.11877661	
-3.69717825693	-1731.13403082	
-3.70540875607	-1731.14914365	
-3.7135720667	-1731.16411693	
-3.72166927694	-1731.17895245	
-3.72970144863	-1731.193652	
-3.73766961828	-1731.20821731	
-3.74557479779	-1731.22265013	
-3.75341797525	-1731.23695213	
-3.76120011569	-1731.251125	
-3.76892216179	-1731.26517038	
-3.77658503453	-1731.2790899	
-3.78418963392	-1731.29288515	
-3.79173683955	-1731.30655771	
-3.79922751128	-1731.32010914	
-3.80666248977	-1731.33354094	
-3.81404259707	-1731.34685464	
-3.82136863716	-1731.36005172	
-3.82864139649	-1731.37313362	
-3.83586164446	-1731.3861018	
-3.84303013394	-1731.39895766	
-3.85014760171	-1731.4117026	
-3.85721476893	-1731.424338	
-3.86423234159	-1731.4368652	
-3.87120101091	-1731.44928554	
-3.87812145375	-1731.46160033	
-3.88499433304	-1731.47381087	
-3.89182029811	-1731.48591841	
-3.8985999851	-1731.49792423	
-3.90533401728	-1731.50982955	
-3.91202300543	-1731.5216356	
-3.91866754815	-1731.53334356	
-3.92526823218	-1731.54495463	
-3.93182563272	-1731.55646995	
-3.93834031375	-1731.56789069	
-3.94481282825	-1731.57921796	
-3.95124371858	-1731.59045289	
-3.95763351668	-1731.60159656	
-3.96398274436	-1731.61265005	
-3.97029191355	-1731.62361444	
-3.97656152657	-1731.63449076	
-3.98279207632	-1731.64528006	
-3.98898404656	-1731.65598334	
-3.99513791214	-1731.66660162	
-4.00125413916	-1731.67713588	
-4.00733318523	-1731.68758709	
-4.01337549969	-1731.69795622	
-4.01938152375	-1731.70824421	
-4.02535169074	-1731.718452	
-4.03128642625	-1731.7285805	
-4.03718614838	-1731.73863063	
-4.04305126783	-1731.74860327	
-4.04888218815	-1731.75849931	
-4.05467930583	-1731.76831961	
-4.06044301055	-1731.77806504	
-4.06617368526	-1731.78773643	
-4.07187170637	-1731.79733462	
-4.07753744391	-1731.80686043	
-4.08317126162	-1731.81631467	
-4.08877351717	-1731.82569814	
-4.09434456222	-1731.83501162	
-4.0998847426	-1731.8442559	
-4.10539439841	-1731.85343173	
-4.11087386417	-1731.86253987	
-4.11632346894	-1731.87158107	
-4.12174353641	-1731.88055605	
-4.12713438505	-1731.88946556	
-4.13249632819	-1731.89831029	
-4.13782967416	-1731.90709096	
-4.14313472639	-1731.91580826	
-4.14841178349	-1731.92446287	
-4.15366113938	-1731.93305548	
-4.15888308336	-1731.94158675	
-4.16407790024	-1731.95005734	
-4.1692458704	-1731.9584679	
-4.1743872699	-1731.96681907	
-4.17950237056	-1731.97511149	
-4.18459144007	-1731.98334577	
-4.18965474203	-1731.99152254	
-4.19469253606	-1731.9996424	
-4.19970507788	-1732.00770596	
-4.20469261939	-1732.0157138	
-4.20965540873	-1732.02366651	
-4.21459369037	-1732.03156467	
-4.21950770518	-1732.03940884	
-4.22439769047	-1732.04719959	
-4.22926388012	-1732.05493748	
-4.2341065046	-1732.06262305	
-4.23892579103	-1732.07025684	
-4.2437219633	-1732.07783938	
-4.24849524205	-1732.0853712	
-4.25324584481	-1732.09285283	
-4.257973986	-1732.10028478	
-4.26267987704	-1732.10766754	
-4.26736372635	-1732.11500163	
-4.27202573946	-1732.12228754	
-4.27666611902	-1732.12952575	
-4.28128506487	-1732.13671674	
-4.28588277412	-1732.14386101	
-4.29045944115	-1732.150959	
-4.29501525768	-1732.15801119	
-4.29955041285	-1732.16501803	
-4.3040650932	-1732.17197998	
-4.30855948279	-1732.17889749	
-4.31303376319	-1732.18577098	
-4.31748811354	-1732.19260091	
-4.3219227106	-1732.19938771	
-4.32633772881	-1732.20613178	
-4.33073334029	-1732.21283357	
-4.33510971489	-1732.21949347	
-4.33946702026	-1732.22611191	
-4.34380542185	-1732.23268928	
-4.348125083	-1732.23922599	
-4.3524261649	-1732.24572242	
-4.35670882669	-1732.25217898	
-4.36097322548	-1732.25859604	
-4.36521951636	-1732.264974	
-4.36944785247	-1732.27131321	
-4.373658385	-1732.27761406	
-4.37785126326	-1732.28387691	
-4.38202663467	-1732.29010213	
-4.38618464482	-1732.29629007	
-4.39032543749	-1732.30244108	
-4.39444915467	-1732.30855553	
-4.39855593663	-1732.31463375	
-4.40264592188	-1732.32067609	
-4.40671924726	-1732.32668288	
-4.41077604796	-1732.33265445	
-4.4148164575	-1732.33859115	
-4.4188406078	-1732.34449329	
-4.42284862919	-1732.35036119	
-4.42684065046	-1732.35619518	
-4.43081679884	-1732.36199557	
-4.43477720006	-1732.36776267	
-4.43872197835	-1732.37349678	
-4.44265125649	-1732.37919822	
-4.44656515581	-1732.38486728	
-4.45046379623	-1732.39050426	
-4.45434729625	-1732.39610945	
-4.45821577303	-1732.40168314	
-4.46206934235	-1732.40722563	
-4.46590811865	-1732.41273719	
-4.46973221509	-1732.4182181	
-4.47354174351	-1732.42366864	
-4.47733681448	-1732.42908909	
-4.48111753732	-1732.43447971	
-4.48488402011	-1732.43984078	
-4.48863636973	-1732.44517255	
-4.49237469184	-1732.4504753	
-4.49609909093	-1732.45574927	
-4.49980967033	-1732.46099473	
-4.50350653221	-1732.46621193	
-4.50718977763	-1732.47140112	
-4.51085950652	-1732.47656254	
-4.51451581772	-1732.48169644	
-4.518158809	-1732.48680307	
-4.52178857705	-1732.49188266	
-4.52540521752	-1732.49693545	
-4.52900882502	-1732.50196166	
-4.53259949315	-1732.50696155	
-4.5361773145	-1732.51193533	
-4.53974238067	-1732.51688322	
-4.54329478227	-1732.52180546	
-4.54683460898	-1732.52670227	
-4.55036194949	-1732.53157385	
-4.5538768916	-1732.53642044	
-4.55737952215	-1732.54124225	
-4.56086992709	-1732.54603948	
-4.56434819147	-1732.55081235	
-4.56781439944	-1732.55556106	
-4.57126863431	-1732.56028582	
-4.5747109785	-1732.56498683	
-4.5781415136	-1732.56966429	
-4.58156032035	-1732.57431841	
-4.58496747867	-1732.57894937	
-4.58836306767	-1732.58355738	
-4.59174716566	-1732.58814262	
-4.59511985013	-1732.59270528	
-4.59848119784	-1732.59724556	
-4.60183128472	-1732.60176364	
-4.60517018599	-1732.6062597	
-4.60849797608	-1732.61073393	
-4.61181472871	-1732.6151865	
-4.61512051684	-1732.61961759	
-4.61841541274	-1732.62402739	
-4.62169948794	-1732.62841606	
-4.62497281328	-1732.63278379	
-4.62823545892	-1732.63713073	
-4.63148749431	-1732.64145706	
-4.63472898823	-1732.64576295	
-4.63796000881	-1732.65004856	
-4.64118062351	-1732.65431405	
-4.64439089914	-1732.6585596	
-4.64759090187	-1732.66278535	
-4.65078069724	-1732.66699148	
-4.65396035016	-1732.67117812	
-4.65712992492	-1732.67534546	
-4.66028948521	-1732.67949362	
-4.66343909411	-1732.68362278	
-4.66657881412	-1732.68773307	
-4.66970870713	-1732.69182466	
-4.67282883446	-1732.69589768	
-4.67593925688	-1732.69995228	
-4.67904003455	-1732.70398861	
-4.68213122712	-1732.70800682	
-4.68521289366	-1732.71200703	
-4.6882850927	-1732.71598941	
-4.69134788223	-1732.71995407	
-4.69440131972	-1732.72390117	
-4.6974454621	-1732.72783084	
-4.70048036579	-1732.7317432	
-4.70350608671	-1732.73563841	
-4.70652268025	-1732.73951658	
-4.70953020131	-1732.74337786	
-4.71252870431	-1732.74722236	
-4.71551824316	-1732.75105022	
-4.7184988713	-1732.75486157	
-4.72147064168	-1732.75865652	
-4.72443360681	-1732.76243522	
-4.72738781871	-1732.76619777	
-4.73033332894	-1732.7699443	
-4.73327018862	-1732.77367494	
-4.73619844839	-1732.7773898	
-4.7391181585	-1732.781089	
-4.74202936871	-1732.78477265	
-4.74493212836	-1732.78844088	
-4.74782648639	-1732.7920938	
-4.75071249128	-1732.79573153	
-4.75359019111	-1732.79935417	
-4.75645963353	-1732.80296184	
-4.75932086582	-1732.80655465	
-4.7621739348	-1732.81013271	
-4.76501888693	-1732.81369613	
-4.76785576827	-1732.81724501	
-4.77068462447	-1732.82077947	
-4.77350550081	-1732.8242996	
-4.77631844218	-1732.82780551	
-4.77912349311	-1732.83129731	
-4.78192069773	-1732.8347751	
-4.78471009982	-1732.83823898	
-4.78749174278	-1732.84168904	
-4.79026566966	-1732.8451254	
-4.79303192316	-1732.84854815	
-4.7957905456	-1732.85195738	
-4.79854157897	-1732.8553532	
-4.80128506491	-1732.8587357	
-4.80402104473	-1732.86210497	
-4.80674955939	-1732.86546111	
-4.8094706495	-1732.86880421	
-4.81218435537	-1732.87213436	
-4.81489071697	-1732.87545166	
-4.81758977394	-1732.8787562	
-4.82028156561	-1732.88204806	
-4.82296613098	-1732.88532734	
-4.82564350875	-1732.88859413	
-4.8283137373	-1732.8918485	
-4.83097685472	-1732.89509055	
-4.83363289878	-1732.89832036	
-4.83628190695	-1732.90153803	
-4.83892391641	-1732.90474362	
-4.84155896405	-1732.90793723	
-4.84418708646	-1732.91111894	
-4.84680831994	-1732.91428883	
-4.84942270051	-1732.91744698	
-4.85203026392	-1732.92059347	
-4.85463104562	-1732.92372838	
-4.8572250808	-1732.92685179	
-4.85981240436	-1732.92996379	
-4.86239305096	-1732.93306443	
-4.86496705495	-1732.93615382	
-4.86753445046	-1732.93923201	
-4.87009527132	-1732.94229908	
-4.87264955112	-1732.94535512	
-4.8751973232	-1732.94840018	
-4.87773862063	-1732.95143436	
-4.88027347623	-1732.95445771	
-4.88280192259	-1732.95747032	
-4.88532399202	-1732.96047225	
-4.88783971662	-1732.96346357	
-4.89034912822	-1732.96644436	
-4.89285225844	-1732.96941468	
-4.89534913864	-1732.97237461	
-4.89783979995	-1732.97532421	
-4.90032427328	-1732.97826354	
-4.90280258929	-1732.98119268	
-4.90527477844	-1732.9841117	
-4.90774087093	-1732.98702065	
-4.91020089677	-1732.98991961	
-4.91265488574	-1732.99280864	
-4.91510286737	-1732.9956878	
-4.91754487103	-1732.99855716	
-4.91998092583	-1733.00141678	
-4.92241106068	-1733.00426672	
-4.92483530429	-1733.00710705	
-4.92725368516	-1733.00993782	
-4.92966623156	-1733.01275911	
-4.93207297159	-1733.01557096	
-4.93447393313	-1733.01837344	
-4.93686914386	-1733.0211666	
-4.93925863125	-1733.02395052	
-4.94164242261	-1733.02672523	
-4.94402054501	-1733.02949082	
-4.94639302537	-1733.03224732	
-4.94875989038	-1733.0349948	
-4.95112116656	-1733.03773331	
-4.95347688026	-1733.04046292	
-4.9558270576	-1733.04318367	
-4.95817172456	-1733.04589562	
-4.96051090691	-1733.04859882	
-4.96284463026	-1733.05129334	
-4.96517292002	-1733.05397922	
-4.96749580144	-1733.05665651	
-4.96981329958	-1733.05932527	
-4.97212543933	-1733.06198556	
-4.97443224543	-1733.06463742	
-4.97673374242	-1733.0672809	
-4.97902995468	-1733.06991606	
-4.98132090643	-1733.07254295	
-4.98360662171	-1733.07516161	
-4.98588712441	-1733.0777721	
-4.98816243824	-1733.08037446	
-4.99043258678	-1733.08296875	
-4.99269759341	-1733.08555502	
-4.99495748138	-1733.0881333	
-4.99721227376	-1733.09070366	
-4.9994619935	-1733.09326613	
-5.00170666335	-1733.09582076	
-5.00394630595	-1733.09836761	
-5.00618094375	-1733.10090671	
-5.00841059907	-1733.10343812	
-5.0106352941	-1733.10596187	
-5.01285505083	-1733.10847802	
-5.01506989116	-1733.1109866	
-5.01727983681	-1733.11348767	
-5.01948490937	-1733.11598127	
-5.02168513028	-1733.11846743	
-5.02388052085	-1733.12094621	
-5.02607110223	-1733.12341764	
-5.02825689545	-1733.12588177	
-5.03043792139	-1733.12833865	
-5.03261420082	-1733.13078831	
-5.03478575433	-1733.13323079	
-5.03695260241	-1733.13566614	
-5.03911476542	-1733.13809439	
-5.04127226356	-1733.1405156	
-5.04342511692	-1733.14292979	
-5.04557334546	-1733.14533701	
-5.047716969	-1733.1477373	
-5.04985600725	-1733.1501307	
-5.05199047978	-1733.15251724	
-5.05412040604	-1733.15489697	
-5.05624580535	-1733.15726992	
-5.05836669692	-1733.15963613	
-5.06048309982	-1733.16199564	
-5.06259503303	-1733.16434849	
-5.06470251537	-1733.16669472	
-5.06680556556	-1733.16903435	
-5.06890420222	-1733.17136744	
-5.07099844382	-1733.17369401	
-5.07308830874	-1733.1760141	
-5.07517381523	-1733.17832774	
-5.07725498144	-1733.18063498	
-5.07933182538	-1733.18293585	
-5.08140436498	-1733.18523038	
-5.08347261805	-1733.1875186	
-5.08553660227	-1733.18980056	
-5.08759633523	-1733.19207629	
-5.08965183441	-1733.19434581	
-5.09170311719	-1733.19660917	
-5.09375020081	-1733.19886639	
-5.09579310244	-1733.20111752	
-5.09783183913	-1733.20336258	
-5.09986642782	-1733.20560161	
-5.10189688537	-1733.20783463	
-5.10392322852	-1733.21006169	
-5.1059454739	-1733.21228281	
-5.10796363806	-1733.21449802	
-5.10997773743	-1733.21670736	
-5.11198778836	-1733.21891086	
-5.11399380708	-1733.22110854	
-5.11599580975	-1733.22330045	
-5.11799381242	-1733.2254866	
-5.11998783102	-1733.22766704	
-5.12197788143	-1733.22984178	
-5.1239639794	-1733.23201087	
-5.12594614061	-1733.23417432	
-5.12792438062	-1733.23633218	
-5.12989871492	-1733.23848446	
-5.13186915891	-1733.24063121	
-5.13383572788	-1733.24277243	
-5.13579843705	-1733.24490818	
-5.13775730154	-1733.24703846	
-5.13971233637	-1733.24916332	
-5.1416635565	-1733.25128278	
-5.14361097679	-1733.25339687	
-5.145554612	-1733.25550561	
-5.14749447681	-1733.25760903	
-5.14943058584	-1733.25970717	
-5.15136295359	-1733.26180004	
-5.1532915945	-1733.26388767	
-5.15521652291	-1733.2659701	
-5.15713775309	-1733.26804734	
-5.15905529921	-1733.27011942	
-5.1609691754	-1733.27218637	
-5.16287939565	-1733.27424822	
-5.16478597392	-1733.27630499	
-5.16668892407	-1733.2783567	
-5.16858825987	-1733.28040338	
-5.17048399504	-1733.28244507	
-5.17237614319	-1733.28448177	
-5.17426471788	-1733.28651352	
-5.17614973257	-1733.28854033	
-5.17803120067	-1733.29056225	
-5.1799091355	-1733.29257928	
-5.18178355029	-1733.29459146	
-5.18365445823	-1733.2965988	
-5.1855218724	-1733.29860133	
-5.18738580584	-1733.30059908	
-5.18924627149	-1733.30259207	
-5.19110328224	-1733.30458032	
-5.19295685089	-1733.30656385	
-5.19480699018	-1733.30854269	
-5.19665371277	-1733.31051686	
-5.19849703127	-1733.31248638	
-5.20033695819	-1733.31445128	
-5.202173506	-1733.31641158	
-5.20400668708	-1733.31836729	
-5.20583651375	-1733.32031845	
-5.20766299828	-1733.32226507	
-5.20948615284	-1733.32420717	
-5.21130598956	-1733.32614478	
-5.21312252048	-1733.32807792	
-5.21493575761	-1733.33000661	
-5.21674571285	-1733.33193087	
-5.21855239808	-1733.33385072	
-5.22035582508	-1733.33576618	
-5.22215600558	-1733.33767728	
-5.22395295126	-1733.33958403	
-5.22574667371	-1733.34148645	
-5.22753718449	-1733.34338457	
-5.22932449506	-1733.3452784	
-5.23110861685	-1733.34716797	
-5.23288956123	-1733.34905329	
-5.23466733947	-1733.35093438	
-5.23644196283	-1733.35281127	
-5.23821344248	-1733.35468397	
-5.23998178954	-1733.3565525	
-5.24174701506	-1733.35841689	
-5.24350913005	-1733.36027714	
-5.24526814546	-1733.36213328	
-5.24702407216	-1733.36398534	
-5.24877692099	-1733.36583332	
-5.25052670271	-1733.36767724	
-5.25227342805	-1733.36951713	
-5.25401710765	-1733.371353	
-5.25575775213	-1733.37318488	
-5.25749537203	-1733.37501277	
-5.25922997784	-1733.3768367	
-5.26096158	-1733.37865668	
-5.2626901889	-1733.38047273	
-5.26441581487	-1733.38228488	
-5.26613846818	-1733.38409313	
-5.26785815906	-1733.38589751	
-5.26957489768	-1733.38769803	
-5.27128869416	-1733.38949471	
-5.27299955856	-1733.39128757	
-5.27470750091	-1733.39307661	
-5.27641253116	-1733.39486187	
-5.27811465923	-1733.39664336	
-5.27981389498	-1733.39842109	
-5.28151024823	-1733.40019508	
-5.28320372874	-1733.40196535	
-5.28489434622	-1733.40373191	
-5.28658211033	-1733.40549478	
-5.28826703069	-1733.40725398	
-5.28994911688	-1733.40900951	
-5.2916283784	-1733.41076141	
-5.29330482472	-1733.41250967	
-5.29497846528	-1733.41425433	
-5.29664930945	-1733.41599539	
-5.29831736655	-1733.41773287	
-5.29998264587	-1733.41946678	
-5.30164515664	-1733.42119715	
-5.30330490806	-1733.42292398	
-5.30496190927	-1733.42464729	
-5.30661616936	-1733.4263671	
-5.3082676974	-1733.42808342	
-5.30991650239	-1733.42979627	
-5.3115625933	-1733.43150565	
-5.31320597904	-1733.4332116	
-5.3148466685	-1733.43491411	
-5.3164846705	-1733.4366132	
-5.31811999384	-1733.4383089	
-5.31975264727	-1733.4400012	
-5.32138263948	-1733.44169014	
-5.32300997914	-1733.44337571	
-5.32463467487	-1733.44505794	
-5.32625673524	-1733.44673685	
-5.32787616879	-1733.44841243	
-5.32949298402	-1733.45008471	
-5.33110718937	-1733.4517537	
-5.33271879327	-1733.45341942	
-5.33432780407	-1733.45508187	
-5.33593423012	-1733.45674108	
-5.3375380797	-1733.45839705	
-5.33913936107	-1733.46004979	
-5.34073808243	-1733.46169933	
-5.34233425196	-1733.46334568	
-5.3439278778	-1733.46498884	
-5.34551896803	-1733.46662883	
-5.34710753072	-1733.46826566	
-5.34869357387	-1733.46989935	
-5.35027710548	-1733.47152991	
-5.35185813348	-1733.47315735	
-5.35343666577	-1733.47478169	
-5.35501271022	-1733.47640293	
-5.35658627467	-1733.47802109	
-5.3581573669	-1733.47963618	
-5.35972599468	-1733.48124822	
-5.36129216571	-1733.48285721	
-5.36285588769	-1733.48446317	
-5.36441716825	-1733.48606611	
-5.36597601502	-1733.48766604	
-5.36753243557	-1733.48926298	
-5.36908643744	-1733.49085693	
-5.37063802813	-1733.49244792	
-5.37218721511	-1733.49403594	
-5.37373400583	-1733.49562101	
-5.37527840768	-1733.49720314	
-5.37682042804	-1733.49878235	
-5.37836007422	-1733.50035865	
-5.37989735354	-1733.50193204	
-5.38143227326	-1733.50350254	
-5.38296484061	-1733.50507016	
-5.38449506279	-1733.50663491	
-5.38602294697	-1733.50819681	
-5.38754850028	-1733.50975585	
-5.38907172982	-1733.51131206	
-5.39059264266	-1733.51286545	
-5.39211124583	-1733.51441602	
-5.39362754635	-1733.51596379	
-5.39514155118	-1733.51750877	
-5.39665326727	-1733.51905097	
-5.39816270152	-1733.52059039	
-5.39966986081	-1733.52212706	
-5.40117475199	-1733.52366097	
-5.40267738187	-1733.52519215	
-5.40417775725	-1733.52672059	
-5.40567588487	-1733.52824632	
-5.40717177146	-1733.52976934	
-5.40866542372	-1733.53128966	
-5.4101568483	-1733.53280729	
-5.41164605186	-1733.53432225	
-5.41313304098	-1733.53583453	
-5.41461782224	-1733.53734416	
-5.4161004022	-1733.53885114	
-5.41758078737	-1733.54035549	
-5.41905898424	-1733.5418572	
-5.42053499927	-1733.5433563	
-5.42200883889	-1733.54485279	
-5.4234805095	-1733.54634668	
-5.42495001748	-1733.54783798	
-5.42641736918	-1733.5493267	
-5.4278825709	-1733.55081284	
-5.42934562895	-1733.55229643	
-5.43080654959	-1733.55377747	
-5.43226533906	-1733.55525597	
-5.43372200355	-1733.55673193	
-5.43517654927	-1733.55820537	
-5.43662898235	-1733.55967629	
-5.43807930892	-1733.56114471	
-5.4395275351	-1733.56261063	
-5.44097366695	-1733.56407407	
-5.44241771052	-1733.56553503	
-5.44385967184	-1733.56699352	
-5.4452995569	-1733.56844955	
-5.44673737167	-1733.56990312	
-5.44817312209	-1733.57135426	
-5.44960681409	-1733.57280296	
-5.45103845357	-1733.57424923	
-5.45246804638	-1733.57569309	
-5.45389559837	-1733.57713455	
-5.45532111536	-1733.5785736	
-5.45674460314	-1733.58001026	
-5.45816606749	-1733.58144454	
-5.45958551414	-1733.58287645	
-5.46100294883	-1733.58430599	
-5.46241837723	-1733.58573317	
-5.46383180503	-1733.58715801	
-5.46524323786	-1733.58858051	
-5.46665268137	-1733.59000067	
-5.46806014114	-1733.59141851	
-5.46946562274	-1733.59283403	
-5.47086913175	-1733.59424725	
-5.47227067367	-1733.59565816	
-5.47367025403	-1733.59706679	
-5.47506787829	-1733.59847313	
-5.47646355193	-1733.59987719	
-5.47785728038	-1733.60127899	
-5.47924906905	-1733.60267853	
-5.48063892334	-1733.60407581	
-5.48202684862	-1733.60547085	
-5.48341285022	-1733.60686365	
-5.48479693349	-1733.60825423	
-5.48617910372	-1733.60964258	
-5.48755936619	-1733.61102872	
-5.48893772616	-1733.61241265	
-5.49031418887	-1733.61379439	
-5.49168875953	-1733.61517393	
-5.49306144334	-1733.61655129	
-5.49443224547	-1733.61792647	
-5.49580117108	-1733.61929948	
-5.49716822529	-1733.62067033	
-5.49853341322	-1733.62203903	
-5.49989673995	-1733.62340558	
-5.50125821054	-1733.62476999	
-5.50261783006	-1733.62613226	
-5.50397560352	-1733.62749242	
-5.50533153593	-1733.62885045	
-5.50668563228	-1733.63020637	
-5.50803789753	-1733.63156019	
-5.50938833663	-1733.6329119	
-5.5107369545	-1733.63426153	
-5.51208375605	-1733.63560908	
-5.51342874616	-1733.63695455	
-5.51477192971	-1733.63829795	
-5.51611331154	-1733.63963928	
-5.51745289646	-1733.64097856	
-5.51879068931	-1733.64231579	
-5.52012669485	-1733.64365098	
-5.52146091786	-1733.64498413	
-5.5227933631	-1733.64631526	
-5.52412403528	-1733.64764436	
-5.52545293913	-1733.64897144	
-5.52678007934	-1733.65029651	
-5.52810546058	-1733.65161959	
-5.52942908751	-1733.65294066	
-5.53075096477	-1733.65425975	
-5.53207109697	-1733.65557685	
-5.53338948873	-1733.65689197	
-5.53470614461	-1733.65820513	
-5.53602106919	-1733.65951632	
-5.53733426702	-1733.66082555	
-5.53864574262	-1733.66213283	
-5.5399555005	-1733.66343816	
-5.54126354516	-1733.66474155	
-5.54256988107	-1733.66604302	
-5.5438745127	-1733.66734255	
-5.54517744448	-1733.66864016	
-5.54647868084	-1733.66993586	
-5.54777822618	-1733.67122965	
-5.5490760849	-1733.67252154	
-5.55037226136	-1733.67381153	
-5.55166675992	-1733.67509963	
-5.55295958492	-1733.67638584	
-5.55425074069	-1733.67767018	
-5.55554023152	-1733.67895264	
-5.5568280617	-1733.68023324	
-5.55811423551	-1733.68151198	
-5.5593987572	-1733.68278886	
-5.56068163102	-1733.68406389	
-5.56196286117	-1733.68533707	
-5.56324245188	-1733.68660842	
-5.56452040732	-1733.68787794	
-5.56579673168	-1733.68914563	
-5.56707142911	-1733.69041149	
-5.56834450376	-1733.69167555	
-5.56961595975	-1733.69293779	
-5.57088580119	-1733.69419823	
-5.57215403218	-1733.69545687	
-5.57342065679	-1733.69671371	
-5.5746856791	-1733.69796877	
-5.57594910315	-1733.69922205	
-5.57721093297	-1733.70047355	
-5.57847117258	-1733.70172328	
-5.57972982599	-1733.70297124	
-5.58098689718	-1733.70421744	
-5.58224239012	-1733.70546189	
-5.58349630878	-1733.70670459	
-5.5847486571	-1733.70794554	
-5.585999439	-1733.70918475	
-5.5872486584	-1733.71042223	
-5.5884963192	-1733.71165798	
-5.58974242528	-1733.71289201	
-5.59098698051	-1733.71412431	
-5.59222998875	-1733.71535491	
-5.59347145384	-1733.71658379	
-5.5947113796	-1733.71781097	
-5.59594976985	-1733.71903646	
-5.59718662839	-1733.72026025	
-5.598421959	-1733.72148235	
-5.59965576545	-1733.72270277	
-5.60088805149	-1733.72392152	
-5.60211882088	-1733.72513858	
-5.60334807733	-1733.72635399	
-5.60457582457	-1733.72756772	
-5.6058020663	-1733.7287798	
-5.60702680619	-1733.72999023	
-5.60825004793	-1733.73119901	
-5.60947179518	-1733.73240614	
-5.61069205159	-1733.73361163	
-5.61191082078	-1733.73481549	
-5.61312810639	-1733.73601773	
-5.61434391201	-1733.73721833	
-5.61555824124	-1733.73841732	
-5.61677109767	-1733.73961469	
-5.61798248485	-1733.74081045	
-5.61919240636	-1733.74200461	
-5.62040086572	-1733.74319716	
-5.62160786647	-1733.74438812	
-5.62281341212	-1733.74557748	
-5.62401750619	-1733.74676526	
-5.62522015215	-1733.74795145	
-5.6264213535	-1733.74913607	
-5.62762111369	-1733.75031911	
-5.62881943618	-1733.75150059	
-5.63001632442	-1733.7526805	
-5.63121178182	-1733.75385884	
-5.63240581181	-1733.75503564	
-5.6335984178	-1733.75621088	
-5.63478960317	-1733.75738457	
-5.6359793713	-1733.75855672	
-5.63716772557	-1733.75972733	
-5.63835466933	-1733.76089641	
-5.63954020593	-1733.76206396	
-5.64072433869	-1733.76322998	
-5.64190707094	-1733.76439449	
-5.64308840598	-1733.76555747	
-5.64426834712	-1733.76671895	
-5.64544689764	-1733.76787891	
-5.64662406082	-1733.76903737	
-5.64779983991	-1733.77019433	
-5.64897423816	-1733.7713498	
-5.65014725882	-1733.77250377	
-5.65131890512	-1733.77365625	
-5.65248918027	-1733.77480726	
-5.65365808747	-1733.77595678	
-5.65482562993	-1733.77710483	
-5.65599181082	-1733.77825141	
-5.65715663332	-1733.77939652	
-5.65832010058	-1733.78054016	
-5.65948221576	-1733.78168235	
-5.660642982	-1733.78282308	
-5.66180240242	-1733.78396237	
-5.66296048014	-1733.7851002	
-5.66411721826	-1733.78623659	
-5.66527261989	-1733.78737155	
-5.66642668811	-1733.78850506	
-5.66757942599	-1733.78963715	
-5.6687308366	-1733.79076781	
-5.66988092298	-1733.79189705	
-5.67102968818	-1733.79302486	
-5.67217713524	-1733.79415126	
-5.67332326717	-1733.79527625	
-5.67446808699	-1733.79639983	
-5.67561159769	-1733.79752201	
-5.67675380227	-1733.79864278	
-5.6778947037	-1733.79976216	
-5.67903430497	-1733.80088015	
-5.68017260902	-1733.80199674	
-5.6813096188	-1733.80311195	
-5.68244533727	-1733.80422578	
-5.68357976734	-1733.80533823	
-5.68471291194	-1733.80644931	
-5.68584477397	-1733.80755901	
-5.68697535634	-1733.80866735	
-5.68810466194	-1733.80977432	
-5.68923269364	-1733.81087994	
-5.69035945432	-1733.8119842	
-5.69148494685	-1733.8130871	
-5.69260917406	-1733.81418865	
-5.6937321388	-1733.81528886	
-5.69485384391	-1733.81638773	
-5.69597429221	-1733.81748526	
-5.69709348651	-1733.81858145	
-5.69821142961	-1733.81967631	
-5.69932812431	-1733.82076985	
-5.70044357339	-1733.82186205	
-5.70155777963	-1733.82295294	
-5.7026707458	-1733.82404251	
-5.70378247466	-1733.82513076	
-5.70489296894	-1733.82621771	
-5.70600223139	-1733.82730334	
-5.70711026475	-1733.82838767	
-5.70821707172	-1733.82947071	
-5.70932265503	-1733.83055244	
-5.71042701737	-1733.83163288	
-5.71153016145	-1733.83271202	
-5.71263208993	-1733.83378988	
-5.71373280551	-1733.83486646	
-5.71483231084	-1733.83594176	
-5.71593060859	-1733.83701577	
-5.71702770141	-1733.83808852	
-5.71812359193	-1733.83915999	
-5.71921828279	-1733.84023019	
-5.72031177661	-1733.84129913	
-5.72140407601	-1733.84236681	
-5.72249518359	-1733.84343323	
-5.72358510195	-1733.84449839	
-5.72467383369	-1733.8455623	
-5.72576138137	-1733.84662497	
-5.72684774759	-1733.84768638	
-5.72793293489	-1733.84874656	
-5.72901694583	-1733.84980549	
-5.73009978297	-1733.85086319	
-5.73118144884	-1733.85191966	
-5.73226194598	-1733.8529749	
-5.7333412769	-1733.8540289	
-5.73441944412	-1733.85508169	
-5.73549645015	-1733.85613325	
-5.73657229748	-1733.8571836	
-5.73764698861	-1733.85823273	
-5.73872052602	-1733.85928065	
-5.73979291218	-1733.86032736	
-5.74086414956	-1733.86137287	
-5.74193424062	-1733.86241717	
-5.74300318781	-1733.86346027	
-5.74407099357	-1733.86450218	
-5.74513766034	-1733.86554289	
-5.74620319054	-1733.86658241	
-5.7472675866	-1733.86762074	
-5.74833085092	-1733.86865789	
-5.74939298591	-1733.86969386	
-5.75045399397	-1733.87072864	
-5.75151387748	-1733.87176225	
-5.75257263883	-1733.87279469	
-5.75363028038	-1733.87382595	
-5.75468680452	-1733.87485605	
-5.75574221359	-1733.87588498	
-5.75679650994	-1733.87691275	
-5.75784969593	-1733.87793936	
-5.75890177388	-1733.87896481	
-5.75995274612	-1733.87998911	
-5.76100261499	-1733.88101226	
-5.76205138278	-1733.88203426	
-5.76309905181	-1733.88305512	
-5.76414562438	-1733.88407483	
-5.76519110278	-1733.8850934	
-5.7662354893	-1733.88611084	
-5.76727878622	-1733.88712714	
-5.76832099579	-1733.88814231	
-5.7693621203	-1733.88915635	
-5.770402162	-1733.89016926	
-5.77144112313	-1733.89118105	
-5.77247900594	-1733.89219172	
-5.77351581267	-1733.89320127	
-5.77455154554	-1733.89420971	
-5.77558620679	-1733.89521703	
-5.77661979861	-1733.89622324	
-5.77765232322	-1733.89722834	
-5.77868378283	-1733.89823234	
-5.77971417962	-1733.89923524	
-5.78074351579	-1733.90023703	
-5.78177179352	-1733.90123773	
-5.78279901497	-1733.90223733	
-5.78382518233	-1733.90323584	
-5.78485029774	-1733.90423326	
-5.78587436337	-1733.9052296	
-5.78689738137	-1733.90622485	
-5.78791935386	-1733.90721901	
-5.788940283	-1733.9082121	
-5.7899601709	-1733.90920411	
-5.79097901969	-1733.91019505	
-5.79199683148	-1733.91118491	
-5.79301360838	-1733.91217371	
-5.7940293525	-1733.91316143	
-5.79504406593	-1733.91414809	
-5.79605775077	-1733.91513369	
-5.79707040908	-1733.91611824	
-5.79808204295	-1733.91710172	
-5.79909265446	-1733.91808415	
-5.80010224566	-1733.91906552	
-5.80111081862	-1733.92004585	
-5.80211837538	-1733.92102513	
-5.80312491799	-1733.92200336	
-5.80413044849	-1733.92298055	
-5.80513496892	-1733.9239567	
-5.80613848129	-1733.92493181	
-5.80714098764	-1733.92590589	
-5.80814248998	-1733.92687893	
-5.80914299031	-1733.92785094	
