# log_p 	 lnL 	 
0.0	-1612.77762131	
-0.287682072452	-1612.66414116	
-0.510825623766	-1612.56367004	
-0.69314718056	-1612.46842355	
-0.847297860387	-1612.37324851	
-0.980829253012	-1612.2763566	
-1.09861228867	-1612.17784662	
-1.20397280433	-1612.07850625	
-1.29928298413	-1611.97917144	
-1.38629436112	-1611.880475	
-1.46633706879	-1611.78280269	
-1.54044504095	-1611.6863373	
-1.60943791243	-1611.59112592	
-1.67397643357	-1611.49714131	
-1.73460105539	-1611.40432754	
-1.79175946923	-1611.31262913	
-1.8458266905	-1611.22200687	
-1.89711998489	-1611.13244398	
-1.94591014906	-1611.04394618	
-1.99243016469	-1610.95653822	
-2.03688192726	-1610.87025898	
-2.07944154168	-1610.78515627	
-2.1202635362	-1610.70128212	
-2.15948424935	-1610.61868887	
-2.19722457734	-1610.53742625	
-2.23359222151	-1610.45753933	
-2.26868354132	-1610.37906726	
-2.30258509299	-1610.30204265	
-2.33537491582	-1610.22649137	
-2.36712361413	-1610.15243282	
-2.3978952728	-1610.07988022	
-2.42774823595	-1610.00884126	
-2.45673577282	-1609.93931859	
-2.48490664979	-1609.87131047	
-2.51230562398	-1609.80481135	
-2.53897387106	-1609.7398124	
-2.56494935746	-1609.67630199	
-2.59026716545	-1609.61426613	
-2.61495977804	-1609.55368886	
-2.63905732962	-1609.49455256	
-2.66258782703	-1609.43683823	
-2.68557734525	-1609.38052575	
-2.7080502011	-1609.32559405	
-2.73002910782	-1609.2720213	
-2.75153531304	-1609.21978508	
-2.77258872224	-1609.16886247	
-2.79320800944	-1609.11923016	
-2.81341071676	-1609.07086458	
-2.83321334406	-1609.02374194	
-2.85263142991	-1608.97783833	
-2.87167962488	-1608.93312977	
-2.8903717579	-1608.88959225	
-2.90872089656	-1608.84720183	
-2.92673940207	-1608.80593462	
-2.94443897917	-1608.76576687	
-2.96183072188	-1608.72667498	
-2.97892515524	-1608.68863555	
-2.99573227355	-1608.65162538	
-3.01226157551	-1608.61562154	
-3.02852209638	-1608.58060134	
-3.04452243772	-1608.5465424	
-3.06027079469	-1608.51342266	
-3.07577498123	-1608.48122034	
-3.09104245336	-1608.44991403	
-3.10608033072	-1608.41948268	
-3.12089541651	-1608.38990557	
-3.13549421593	-1608.36116238	
-3.14988295338	-1608.33323313	
-3.16406758837	-1608.30609825	
-3.17805383035	-1608.27973855	
-3.19184715248	-1608.25413523	
-3.20545280454	-1608.22926988	
-3.21887582487	-1608.20512446	
-3.23212105162	-1608.18168137	
-3.24519313319	-1608.15892335	
-3.25809653802	-1608.13683355	
-3.2708355638	-1608.11539552	
-3.28341434601	-1608.09459316	
-3.295836866	-1608.07441077	
-3.3081069586	-1608.05483302	
-3.32022831913	-1608.03584495	
-3.33220451018	-1608.01743196	
-3.34403896782	-1607.99957981	
-3.35573500759	-1607.98227462	
-3.36729582999	-1607.96550283	
-3.37872452581	-1607.94925127	
-3.39002408106	-1607.93350704	
-3.40119738166	-1607.91825763	
-3.41224721785	-1607.9034908	
-3.42317628838	-1607.88919465	
-3.43398720449	-1607.87535758	
-3.4446824936	-1607.8619683	
-3.45526460293	-1607.84901579	
-3.4657359028	-1607.83648933	
-3.47609868984	-1607.82437849	
-3.48635519	-1607.8126731	
-3.49650756147	-1607.80136325	
-3.50655789732	-1607.7904393	
-3.51650822817	-1607.77989187	
-3.52636052462	-1607.7697118	
-3.53611669956	-1607.75989019	
-3.54577861047	-1607.75041838	
-3.55534806149	-1607.74128792	
-3.56482680544	-1607.7324906	
-3.57421654579	-1607.72401839	
-3.58351893846	-1607.71586352	
-3.59273559356	-1607.70801839	
-3.60186807712	-1607.7004756	
-3.61091791264	-1607.69322797	
-3.61988658263	-1607.68626847	
-3.62877553004	-1607.67959028	
-3.63758615973	-1607.67318675	
-3.6463198397	-1607.6670514	
-3.65497790244	-1607.66117792	
-3.66356164613	-1607.65556017	
-3.6720723358	-1607.65019216	
-3.68051120444	-1607.64506805	
-3.68887945411	-1607.64018217	
-3.69717825693	-1607.63552898	
-3.70540875607	-1607.63110308	
-3.7135720667	-1607.62689922	
-3.72166927694	-1607.62291227	
-3.72970144863	-1607.61913724	
-3.73766961828	-1607.61556927	
-3.74557479779	-1607.61220361	
-3.75341797525	-1607.60903565	
-3.76120011569	-1607.60606087	
-3.76892216179	-1607.60327488	
-3.77658503453	-1607.60067341	
-3.78418963392	-1607.59825226	
-3.79173683955	-1607.59600738	
-3.79922751128	-1607.59393478	
-3.80666248977	-1607.59203061	
-3.81404259707	-1607.59029107	
-3.82136863716	-1607.58871248	
-3.82864139649	-1607.58729126	
-3.83586164446	-1607.58602389	
-3.84303013394	-1607.58490696	
-3.85014760171	-1607.58393712	
-3.85721476893	-1607.58311112	
-3.86423234159	-1607.58242578	
-3.87120101091	-1607.581878	
-3.87812145375	-1607.58146475	
-3.88499433304	-1607.58118308	
-3.89182029811	-1607.5810301	
-3.8985999851	-1607.581003	
-3.90533401728	-1607.58109903	
-3.91202300543	-1607.58131551	
-3.91866754815	-1607.5816498	
-3.92526823218	-1607.58209936	
-3.93182563272	-1607.58266169	
-3.93834031375	-1607.58333433	
-3.94481282825	-1607.58411492	
-3.95124371858	-1607.58500111	
-3.95763351668	-1607.58599064	
-3.96398274436	-1607.58708127	
-3.97029191355	-1607.58827085	
-3.97656152657	-1607.58955724	
-3.98279207632	-1607.59093837	
-3.98898404656	-1607.59241222	
-3.99513791214	-1607.5939768	
-4.00125413916	-1607.59563017	
-4.00733318523	-1607.59737046	
-4.01337549969	-1607.59919579	
-4.01938152375	-1607.60110437	
-4.02535169074	-1607.60309443	
-4.03128642625	-1607.60516424	
-4.03718614838	-1607.6073121	
-4.04305126783	-1607.60953637	
-4.04888218815	-1607.61183542	
-4.05467930583	-1607.61420768	
-4.06044301055	-1607.61665159	
-4.06617368526	-1607.61916565	
-4.07187170637	-1607.62174838	
-4.07753744391	-1607.62439832	
-4.08317126162	-1607.62711405	
-4.08877351717	-1607.62989421	
-4.09434456222	-1607.63273741	
-4.0998847426	-1607.63564235	
-4.10539439841	-1607.63860771	
-4.11087386417	-1607.64163224	
-4.11632346894	-1607.64471467	
-4.12174353641	-1607.6478538	
-4.12713438505	-1607.65104844	
-4.13249632819	-1607.65429741	
-4.13782967416	-1607.65759957	
-4.14313472639	-1607.6609538	
-4.14841178349	-1607.66435902	
-4.15366113938	-1607.66781414	
-4.15888308336	-1607.67131811	
-4.16407790024	-1607.67486991	
-4.1692458704	-1607.67846853	
-4.1743872699	-1607.68211298	
-4.17950237056	-1607.68580229	
-4.18459144007	-1607.68953552	
-4.18965474203	-1607.69331175	
-4.19469253606	-1607.69713005	
-4.19970507788	-1607.70098955	
-4.20469261939	-1607.70488936	
-4.20965540873	-1607.70882864	
-4.21459369037	-1607.71280655	
-4.21950770518	-1607.71682227	
-4.22439769047	-1607.72087499	
-4.22926388012	-1607.72496392	
-4.2341065046	-1607.72908829	
-4.23892579103	-1607.73324735	
-4.2437219633	-1607.73744036	
-4.24849524205	-1607.74166658	
-4.25324584481	-1607.7459253	
-4.257973986	-1607.75021583	
-4.26267987704	-1607.75453747	
-4.26736372635	-1607.75888957	
-4.27202573946	-1607.76327145	
-4.27666611902	-1607.76768247	
-4.28128506487	-1607.772122	
-4.28588277412	-1607.77658942	
-4.29045944115	-1607.78108412	
-4.29501525768	-1607.7856055	
-4.29955041285	-1607.79015297	
-4.3040650932	-1607.79472597	
-4.30855948279	-1607.79932392	
-4.31303376319	-1607.80394628	
-4.31748811354	-1607.8085925	
-4.3219227106	-1607.81326205	
-4.32633772881	-1607.81795441	
-4.33073334029	-1607.82266906	
-4.33510971489	-1607.82740551	
-4.33946702026	-1607.83216326	
-4.34380542185	-1607.83694183	
-4.348125083	-1607.84174074	
-4.3524261649	-1607.84655953	
-4.35670882669	-1607.85139774	
-4.36097322548	-1607.85625492	
-4.36521951636	-1607.86113064	
-4.36944785247	-1607.86602445	
-4.373658385	-1607.87093594	
-4.37785126326	-1607.8758647	
-4.38202663467	-1607.88081031	
-4.38618464482	-1607.88577237	
-4.39032543749	-1607.89075048	
-4.39444915467	-1607.89574427	
-4.39855593663	-1607.90075336	
-4.40264592188	-1607.90577736	
-4.40671924726	-1607.91081593	
-4.41077604796	-1607.91586869	
-4.4148164575	-1607.92093529	
-4.4188406078	-1607.9260154	
-4.42284862919	-1607.93110866	
-4.42684065046	-1607.93621476	
-4.43081679884	-1607.94133335	
-4.43477720006	-1607.94646412	
-4.43872197835	-1607.95160675	
-4.44265125649	-1607.95676094	
-4.44656515581	-1607.96192638	
-4.45046379623	-1607.96710276	
-4.45434729625	-1607.97228981	
-4.45821577303	-1607.97748722	
-4.46206934235	-1607.98269471	
-4.46590811865	-1607.98791201	
-4.46973221509	-1607.99313885	
-4.47354174351	-1607.99837495	
-4.47733681448	-1608.00362005	
-4.48111753732	-1608.0088739	
-4.48488402011	-1608.01413623	
-4.48863636973	-1608.01940681	
-4.49237469184	-1608.02468537	
-4.49609909093	-1608.02997169	
-4.49980967033	-1608.03526553	
-4.50350653221	-1608.04056665	
-4.50718977763	-1608.04587482	
-4.51085950652	-1608.05118983	
-4.51451581772	-1608.05651144	
-4.518158809	-1608.06183944	
-4.52178857705	-1608.06717363	
-4.52540521752	-1608.07251378	
-4.52900882502	-1608.0778597	
-4.53259949315	-1608.08321119	
-4.5361773145	-1608.08856803	
-4.53974238067	-1608.09393005	
-4.54329478227	-1608.09929704	
-4.54683460898	-1608.10466883	
-4.55036194949	-1608.11004521	
-4.5538768916	-1608.11542602	
-4.55737952215	-1608.12081107	
-4.56086992709	-1608.12620019	
-4.56434819147	-1608.13159321	
-4.56781439944	-1608.13698995	
-4.57126863431	-1608.14239024	
-4.5747109785	-1608.14779394	
-4.5781415136	-1608.15320086	
-4.58156032035	-1608.15861086	
-4.58496747867	-1608.16402378	
-4.58836306767	-1608.16943947	
-4.59174716566	-1608.17485778	
-4.59511985013	-1608.18027855	
-4.59848119784	-1608.18570165	
-4.60183128472	-1608.19112692	
-4.60517018599	-1608.19655424	
-4.60849797608	-1608.20198346	
-4.61181472871	-1608.20741445	
-4.61512051684	-1608.21284707	
-4.61841541274	-1608.2182812	
-4.62169948794	-1608.2237167	
-4.62497281328	-1608.22915345	
-4.62823545892	-1608.23459132	
-4.63148749431	-1608.24003019	
-4.63472898823	-1608.24546995	
-4.63796000881	-1608.25091047	
-4.64118062351	-1608.25635163	
-4.64439089914	-1608.26179333	
-4.64759090187	-1608.26723545	
-4.65078069724	-1608.27267788	
-4.65396035016	-1608.27812051	
-4.65712992492	-1608.28356324	
-4.66028948521	-1608.28900596	
-4.66343909411	-1608.29444857	
-4.66657881412	-1608.29989096	
-4.66970870713	-1608.30533305	
-4.67282883446	-1608.31077472	
-4.67593925688	-1608.31621588	
-4.67904003455	-1608.32165645	
-4.68213122712	-1608.32709632	
-4.68521289366	-1608.33253541	
-4.6882850927	-1608.33797362	
-4.69134788223	-1608.34341087	
-4.69440131972	-1608.34884707	
-4.6974454621	-1608.35428213	
-4.70048036579	-1608.35971598	
-4.70350608671	-1608.36514853	
-4.70652268025	-1608.37057969	
-4.70953020131	-1608.37600939	
-4.71252870431	-1608.38143756	
-4.71551824316	-1608.3868641	
-4.7184988713	-1608.39228896	
-4.72147064168	-1608.39771205	
-4.72443360681	-1608.4031333	
-4.72738781871	-1608.40855264	
-4.73033332894	-1608.41397	
-4.73327018862	-1608.4193853	
-4.73619844839	-1608.42479849	
-4.7391181585	-1608.43020949	
-4.74202936871	-1608.43561825	
-4.74493212836	-1608.44102468	
-4.74782648639	-1608.44642874	
-4.75071249128	-1608.45183035	
-4.75359019111	-1608.45722946	
-4.75645963353	-1608.46262601	
-4.75932086582	-1608.46801993	
-4.7621739348	-1608.47341117	
-4.76501888693	-1608.47879968	
-4.76785576827	-1608.48418539	
-4.77068462447	-1608.48956825	
-4.77350550081	-1608.4949482	
-4.77631844218	-1608.5003252	
-4.77912349311	-1608.50569919	
-4.78192069773	-1608.51107011	
-4.78471009982	-1608.51643793	
-4.78749174278	-1608.52180258	
-4.79026566966	-1608.52716402	
-4.79303192316	-1608.53252221	
-4.7957905456	-1608.53787709	
-4.79854157897	-1608.54322861	
-4.80128506491	-1608.54857674	
-4.80402104473	-1608.55392143	
-4.80674955939	-1608.55926263	
-4.8094706495	-1608.5646003	
-4.81218435537	-1608.56993441	
-4.81489071697	-1608.57526489	
-4.81758977394	-1608.58059173	
-4.82028156561	-1608.58591487	
-4.82296613098	-1608.59123428	
-4.82564350875	-1608.59654991	
-4.8283137373	-1608.60186174	
-4.83097685472	-1608.60716972	
-4.83363289878	-1608.61247382	
-4.83628190695	-1608.61777399	
-4.83892391641	-1608.62307022	
-4.84155896405	-1608.62836245	
-4.84418708646	-1608.63365066	
-4.84680831994	-1608.63893481	
-4.84942270051	-1608.64421487	
-4.85203026392	-1608.64949082	
-4.85463104562	-1608.65476261	
-4.8572250808	-1608.66003021	
-4.85981240436	-1608.6652936	
-4.86239305096	-1608.67055275	
-4.86496705495	-1608.67580762	
-4.86753445046	-1608.68105819	
-4.87009527132	-1608.68630444	
-4.87264955112	-1608.69154632	
-4.8751973232	-1608.69678382	
-4.87773862063	-1608.70201691	
-4.88027347623	-1608.70724556	
-4.88280192259	-1608.71246975	
-4.88532399202	-1608.71768945	
-4.88783971662	-1608.72290463	
-4.89034912822	-1608.72811528	
-4.89285225844	-1608.73332137	
-4.89534913864	-1608.73852288	
-4.89783979995	-1608.74371979	
-4.90032427328	-1608.74891206	
-4.90280258929	-1608.75409968	
-4.90527477844	-1608.75928264	
-4.90774087093	-1608.7644609	
-4.91020089677	-1608.76963445	
-4.91265488574	-1608.77480327	
-4.91510286737	-1608.77996733	
-4.91754487103	-1608.78512662	
-4.91998092583	-1608.79028113	
-4.92241106068	-1608.79543082	
-4.92483530429	-1608.80057569	
-4.92725368516	-1608.80571572	
-4.92966623156	-1608.81085088	
-4.93207297159	-1608.81598117	
-4.93447393313	-1608.82110656	
-4.93686914386	-1608.82622704	
-4.93925863125	-1608.83134259	
-4.94164242261	-1608.8364532	
-4.94402054501	-1608.84155885	
-4.94639302537	-1608.84665953	
-4.94875989038	-1608.85175523	
-4.95112116656	-1608.85684592	
-4.95347688026	-1608.8619316	
-4.9558270576	-1608.86701225	
-4.95817172456	-1608.87208786	
-4.96051090691	-1608.87715842	
-4.96284463026	-1608.88222391	
-4.96517292002	-1608.88728432	
-4.96749580144	-1608.89233964	
-4.96981329958	-1608.89738986	
-4.97212543933	-1608.90243497	
-4.97443224543	-1608.90747495	
-4.97673374242	-1608.91250979	
-4.97902995468	-1608.91753949	
-4.98132090643	-1608.92256403	
-4.98360662171	-1608.92758341	
-4.98588712441	-1608.93259761	
-4.98816243824	-1608.93760662	
-4.99043258678	-1608.94261045	
-4.99269759341	-1608.94760906	
-4.99495748138	-1608.95260247	
-4.99721227376	-1608.95759065	
-4.9994619935	-1608.96257361	
-5.00170666335	-1608.96755133	
-5.00394630595	-1608.9725238	
-5.00618094375	-1608.97749102	
-5.00841059907	-1608.98245298	
-5.0106352941	-1608.98740968	
-5.01285505083	-1608.9923611	
-5.01506989116	-1608.99730725	
-5.01727983681	-1609.0022481	
-5.01948490937	-1609.00718366	
-5.02168513028	-1609.01211393	
-5.02388052085	-1609.01703889	
-5.02607110223	-1609.02195854	
-5.02825689545	-1609.02687288	
-5.03043792139	-1609.03178189	
-5.03261420082	-1609.03668558	
-5.03478575433	-1609.04158394	
-5.03695260241	-1609.04647696	
-5.03911476542	-1609.05136465	
-5.04127226356	-1609.05624699	
-5.04342511692	-1609.06112398	
-5.04557334546	-1609.06599562	
-5.047716969	-1609.07086191	
-5.04985600725	-1609.07572283	
-5.05199047978	-1609.0805784	
-5.05412040604	-1609.0854286	
-5.05624580535	-1609.09027343	
-5.05836669692	-1609.09511288	
-5.06048309982	-1609.09994697	
-5.06259503303	-1609.10477567	
-5.06470251537	-1609.109599	
-5.06680556556	-1609.11441695	
-5.06890420222	-1609.11922951	
-5.07099844382	-1609.12403668	
-5.07308830874	-1609.12883847	
-5.07517381523	-1609.13363487	
-5.07725498144	-1609.13842588	
-5.07933182538	-1609.14321149	
-5.08140436498	-1609.14799171	
-5.08347261805	-1609.15276654	
-5.08553660227	-1609.15753597	
-5.08759633523	-1609.16230001	
-5.08965183441	-1609.16705864	
-5.09170311719	-1609.17181188	
-5.09375020081	-1609.17655972	
-5.09579310244	-1609.18130216	
-5.09783183913	-1609.1860392	
-5.09986642782	-1609.19077084	
-5.10189688537	-1609.19549708	
-5.10392322852	-1609.20021793	
-5.1059454739	-1609.20493337	
-5.10796363806	-1609.20964341	
-5.10997773743	-1609.21434806	
-5.11198778836	-1609.21904731	
-5.11399380708	-1609.22374116	
-5.11599580975	-1609.22842961	
-5.11799381242	-1609.23311267	
-5.11998783102	-1609.23779033	
-5.12197788143	-1609.2424626	
-5.1239639794	-1609.24712948	
-5.12594614061	-1609.25179096	
-5.12792438062	-1609.25644706	
-5.12989871492	-1609.26109776	
-5.13186915891	-1609.26574308	
-5.13383572788	-1609.27038301	
-5.13579843705	-1609.27501756	
-5.13775730154	-1609.27964673	
-5.13971233637	-1609.28427052	
-5.1416635565	-1609.28888893	
-5.14361097679	-1609.29350196	
-5.145554612	-1609.29810962	
-5.14749447681	-1609.30271191	
-5.14943058584	-1609.30730882	
-5.15136295359	-1609.31190037	
-5.1532915945	-1609.31648656	
-5.15521652291	-1609.32106738	
-5.15713775309	-1609.32564285	
-5.15905529921	-1609.33021295	
-5.1609691754	-1609.33477771	
-5.16287939565	-1609.33933711	
-5.16478597392	-1609.34389116	
-5.16668892407	-1609.34843987	
-5.16858825987	-1609.35298324	
-5.17048399504	-1609.35752127	
-5.17237614319	-1609.36205396	
-5.17426471788	-1609.36658132	
-5.17614973257	-1609.37110335	
-5.17803120067	-1609.37562005	
-5.1799091355	-1609.38013143	
-5.18178355029	-1609.38463749	
-5.18365445823	-1609.38913824	
-5.1855218724	-1609.39363367	
-5.18738580584	-1609.3981238	
-5.18924627149	-1609.40260862	
-5.19110328224	-1609.40708814	
-5.19295685089	-1609.41156236	
-5.19480699018	-1609.41603129	
-5.19665371277	-1609.42049494	
-5.19849703127	-1609.42495329	
-5.20033695819	-1609.42940637	
-5.202173506	-1609.43385417	
-5.20400668708	-1609.4382967	
-5.20583651375	-1609.44273396	
-5.20766299828	-1609.44716595	
-5.20948615284	-1609.45159269	
-5.21130598956	-1609.45601417	
-5.21312252048	-1609.46043039	
-5.21493575761	-1609.46484138	
-5.21674571285	-1609.46924712	
-5.21855239808	-1609.47364762	
-5.22035582508	-1609.47804289	
-5.22215600558	-1609.48243293	
-5.22395295126	-1609.48681775	
-5.22574667371	-1609.49119735	
-5.22753718449	-1609.49557174	
-5.22932449506	-1609.49994091	
-5.23110861685	-1609.50430488	
-5.23288956123	-1609.50866366	
-5.23466733947	-1609.51301724	
-5.23644196283	-1609.51736562	
-5.23821344248	-1609.52170883	
-5.23998178954	-1609.52604685	
-5.24174701506	-1609.5303797	
-5.24350913005	-1609.53470738	
-5.24526814546	-1609.5390299	
-5.24702407216	-1609.54334726	
-5.24877692099	-1609.54765946	
-5.25052670271	-1609.55196651	
-5.25227342805	-1609.55626843	
-5.25401710765	-1609.5605652	
-5.25575775213	-1609.56485684	
-5.25749537203	-1609.56914335	
-5.25922997784	-1609.57342474	
-5.26096158	-1609.57770102	
-5.2626901889	-1609.58197218	
-5.26441581487	-1609.58623824	
-5.26613846818	-1609.5904992	
-5.26785815906	-1609.59475506	
-5.26957489768	-1609.59900583	
-5.27128869416	-1609.60325152	
-5.27299955856	-1609.60749214	
-5.27470750091	-1609.61172768	
-5.27641253116	-1609.61595815	
-5.27811465923	-1609.62018356	
-5.27981389498	-1609.62440392	
-5.28151024823	-1609.62861923	
-5.28320372874	-1609.6328295	
-5.28489434622	-1609.63703472	
-5.28658211033	-1609.64123492	
-5.28826703069	-1609.64543009	
-5.28994911688	-1609.64962023	
-5.2916283784	-1609.65380537	
-5.29330482472	-1609.65798549	
-5.29497846528	-1609.66216061	
-5.29664930945	-1609.66633074	
-5.29831736655	-1609.67049587	
-5.29998264587	-1609.67465602	
-5.30164515664	-1609.67881119	
-5.30330490806	-1609.68296138	
-5.30496190927	-1609.68710661	
-5.30661616936	-1609.69124688	
-5.3082676974	-1609.6953822	
-5.30991650239	-1609.69951256	
-5.3115625933	-1609.70363798	
-5.31320597904	-1609.70775847	
-5.3148466685	-1609.71187402	
-5.3164846705	-1609.71598465	
-5.31811999384	-1609.72009036	
-5.31975264727	-1609.72419116	
-5.32138263948	-1609.72828705	
-5.32300997914	-1609.73237804	
-5.32463467487	-1609.73646414	
-5.32625673524	-1609.74054535	
-5.32787616879	-1609.74462168	
-5.32949298402	-1609.74869313	
-5.33110718937	-1609.75275972	
-5.33271879327	-1609.75682144	
-5.33432780407	-1609.76087831	
-5.33593423012	-1609.76493032	
-5.3375380797	-1609.7689775	
-5.33913936107	-1609.77301983	
-5.34073808243	-1609.77705733	
-5.34233425196	-1609.78109001	
-5.3439278778	-1609.78511787	
-5.34551896803	-1609.78914092	
-5.34710753072	-1609.79315916	
-5.34869357387	-1609.7971726	
-5.35027710548	-1609.80118125	
-5.35185813348	-1609.80518511	
-5.35343666577	-1609.80918419	
-5.35501271022	-1609.81317849	
-5.35658627467	-1609.81716803	
-5.3581573669	-1609.82115281	
-5.35972599468	-1609.82513283	
-5.36129216571	-1609.8291081	
-5.36285588769	-1609.83307863	
-5.36441716825	-1609.83704442	
-5.36597601502	-1609.84100549	
-5.36753243557	-1609.84496183	
-5.36908643744	-1609.84891345	
-5.37063802813	-1609.85286037	
-5.37218721511	-1609.85680258	
-5.37373400583	-1609.86074009	
-5.37527840768	-1609.86467291	
-5.37682042804	-1609.86860105	
-5.37836007422	-1609.87252451	
-5.37989735354	-1609.8764433	
-5.38143227326	-1609.88035742	
-5.38296484061	-1609.88426689	
-5.38449506279	-1609.8881717	
-5.38602294697	-1609.89207187	
-5.38754850028	-1609.89596739	
-5.38907172982	-1609.89985829	
-5.39059264266	-1609.90374456	
-5.39211124583	-1609.90762621	
-5.39362754635	-1609.91150324	
-5.39514155118	-1609.91537567	
-5.39665326727	-1609.9192435	
-5.39816270152	-1609.92310673	
-5.39966986081	-1609.92696538	
-5.40117475199	-1609.93081945	
-5.40267738187	-1609.93466894	
-5.40417775725	-1609.93851386	
-5.40567588487	-1609.94235422	
-5.40717177146	-1609.94619003	
-5.40866542372	-1609.95002129	
-5.4101568483	-1609.95384801	
-5.41164605186	-1609.95767019	
-5.41313304098	-1609.96148784	
-5.41461782224	-1609.96530097	
-5.4161004022	-1609.96910959	
-5.41758078737	-1609.97291369	
-5.41905898424	-1609.9767133	
-5.42053499927	-1609.9805084	
-5.42200883889	-1609.98429902	
-5.4234805095	-1609.98808515	
-5.42495001748	-1609.99186681	
-5.42641736918	-1609.99564399	
-5.4278825709	-1609.99941671	
-5.42934562895	-1610.00318498	
-5.43080654959	-1610.00694879	
-5.43226533906	-1610.01070816	
-5.43372200355	-1610.01446309	
-5.43517654927	-1610.01821359	
-5.43662898235	-1610.02195966	
-5.43807930892	-1610.02570131	
-5.4395275351	-1610.02943856	
-5.44097366695	-1610.03317139	
-5.44241771052	-1610.03689983	
-5.44385967184	-1610.04062388	
-5.4452995569	-1610.04434354	
-5.44673737167	-1610.04805881	
-5.44817312209	-1610.05176972	
-5.44960681409	-1610.05547626	
-5.45103845357	-1610.05917844	
-5.45246804638	-1610.06287626	
-5.45389559837	-1610.06656974	
-5.45532111536	-1610.07025887	
-5.45674460314	-1610.07394367	
-5.45816606749	-1610.07762414	
-5.45958551414	-1610.08130029	
-5.46100294883	-1610.08497213	
-5.46241837723	-1610.08863965	
-5.46383180503	-1610.09230288	
-5.46524323786	-1610.0959618	
-5.46665268137	-1610.09961644	
-5.46806014114	-1610.10326679	
-5.46946562274	-1610.10691287	
-5.47086913175	-1610.11055468	
-5.47227067367	-1610.11419222	
-5.47367025403	-1610.1178255	
-5.47506787829	-1610.12145454	
-5.47646355193	-1610.12507932	
-5.47785728038	-1610.12869987	
-5.47924906905	-1610.13231619	
-5.48063892334	-1610.13592828	
-5.48202684862	-1610.13953615	
-5.48341285022	-1610.14313981	
-5.48479693349	-1610.14673926	
-5.48617910372	-1610.15033451	
-5.48755936619	-1610.15392556	
-5.48893772616	-1610.15751243	
-5.49031418887	-1610.16109512	
-5.49168875953	-1610.16467363	
-5.49306144334	-1610.16824797	
-5.49443224547	-1610.17181815	
-5.49580117108	-1610.17538417	
-5.49716822529	-1610.17894604	
-5.49853341322	-1610.18250377	
-5.49989673995	-1610.18605736	
-5.50125821054	-1610.18960682	
-5.50261783006	-1610.19315215	
-5.50397560352	-1610.19669337	
-5.50533153593	-1610.20023047	
-5.50668563228	-1610.20376347	
-5.50803789753	-1610.20729237	
-5.50938833663	-1610.21081717	
-5.5107369545	-1610.21433788	
-5.51208375605	-1610.21785452	
-5.51342874616	-1610.22136708	
-5.51477192971	-1610.22487557	
-5.51611331154	-1610.22838	
-5.51745289646	-1610.23188037	
-5.51879068931	-1610.23537669	
-5.52012669485	-1610.23886896	
-5.52146091786	-1610.2423572	
-5.5227933631	-1610.24584141	
-5.52412403528	-1610.24932159	
-5.52545293913	-1610.25279775	
-5.52678007934	-1610.2562699	
-5.52810546058	-1610.25973804	
-5.52942908751	-1610.26320218	
-5.53075096477	-1610.26666233	
-5.53207109697	-1610.27011848	
-5.53338948873	-1610.27357066	
-5.53470614461	-1610.27701885	
-5.53602106919	-1610.28046308	
-5.53733426702	-1610.28390334	
-5.53864574262	-1610.28733965	
-5.5399555005	-1610.290772	
-5.54126354516	-1610.2942004	
-5.54256988107	-1610.29762487	
-5.5438745127	-1610.3010454	
-5.54517744448	-1610.304462	
-5.54647868084	-1610.30787468	
-5.54777822618	-1610.31128345	
-5.5490760849	-1610.3146883	
-5.55037226136	-1610.31808926	
-5.55166675992	-1610.32148631	
-5.55295958492	-1610.32487947	
-5.55425074069	-1610.32826875	
-5.55554023152	-1610.33165414	
-5.5568280617	-1610.33503566	
-5.55811423551	-1610.33841332	
-5.5593987572	-1610.34178711	
-5.56068163102	-1610.34515704	
-5.56196286117	-1610.34852313	
-5.56324245188	-1610.35188537	
-5.56452040732	-1610.35524377	
-5.56579673168	-1610.35859834	
-5.56707142911	-1610.36194909	
-5.56834450376	-1610.36529601	
-5.56961595975	-1610.36863912	
-5.57088580119	-1610.37197842	
-5.57215403218	-1610.37531392	
-5.57342065679	-1610.37864562	
-5.5746856791	-1610.38197353	
-5.57594910315	-1610.38529765	
-5.57721093297	-1610.38861799	
-5.57847117258	-1610.39193457	
-5.57972982599	-1610.39524737	
-5.58098689718	-1610.39855641	
-5.58224239012	-1610.40186169	
-5.58349630878	-1610.40516323	
-5.5847486571	-1610.40846102	
-5.585999439	-1610.41175507	
-5.5872486584	-1610.41504539	
-5.5884963192	-1610.41833198	
-5.58974242528	-1610.42161485	
-5.59098698051	-1610.424894	
-5.59222998875	-1610.42816945	
-5.59347145384	-1610.43144119	
-5.5947113796	-1610.43470923	
-5.59594976985	-1610.43797358	
-5.59718662839	-1610.44123424	
-5.598421959	-1610.44449122	
-5.59965576545	-1610.44774452	
-5.60088805149	-1610.45099416	
-5.60211882088	-1610.45424013	
-5.60334807733	-1610.45748244	
-5.60457582457	-1610.4607211	
-5.6058020663	-1610.46395611	
-5.60702680619	-1610.46718748	
-5.60825004793	-1610.47041521	
-5.60947179518	-1610.47363931	
-5.61069205159	-1610.47685979	
-5.61191082078	-1610.48007665	
-5.61312810639	-1610.4832899	
-5.61434391201	-1610.48649954	
-5.61555824124	-1610.48970557	
-5.61677109767	-1610.49290801	
-5.61798248485	-1610.49610686	
-5.61919240636	-1610.49930212	
-5.62040086572	-1610.5024938	
-5.62160786647	-1610.50568191	
-5.62281341212	-1610.50886645	
-5.62401750619	-1610.51204742	
-5.62522015215	-1610.51522484	
-5.6264213535	-1610.5183987	
-5.62762111369	-1610.52156902	
-5.62881943618	-1610.5247358	
-5.63001632442	-1610.52789904	
-5.63121178182	-1610.53105875	
-5.63240581181	-1610.53421493	
-5.6335984178	-1610.53736759	
-5.63478960317	-1610.54051674	
-5.6359793713	-1610.54366239	
-5.63716772557	-1610.54680452	
-5.63835466933	-1610.54994316	
-5.63954020593	-1610.55307831	
-5.64072433869	-1610.55620997	
-5.64190707094	-1610.55933815	
-5.64308840598	-1610.56246286	
-5.64426834712	-1610.56558409	
-5.64544689764	-1610.56870185	
-5.64662406082	-1610.57181616	
-5.64779983991	-1610.57492701	
-5.64897423816	-1610.57803441	
-5.65014725882	-1610.58113837	
-5.65131890512	-1610.58423889	
-5.65248918027	-1610.58733597	
-5.65365808747	-1610.59042963	
-5.65482562993	-1610.59351986	
-5.65599181082	-1610.59660668	
-5.65715663332	-1610.59969008	
-5.65832010058	-1610.60277008	
-5.65948221576	-1610.60584668	
-5.660642982	-1610.60891987	
-5.66180240242	-1610.61198968	
-5.66296048014	-1610.6150561	
-5.66411721826	-1610.61811914	
-5.66527261989	-1610.62117881	
-5.66642668811	-1610.6242351	
-5.66757942599	-1610.62728803	
-5.6687308366	-1610.6303376	
-5.66988092298	-1610.63338381	
-5.67102968818	-1610.63642668	
-5.67217713524	-1610.6394662	
-5.67332326717	-1610.64250238	
-5.67446808699	-1610.64553523	
-5.67561159769	-1610.64856474	
-5.67675380227	-1610.65159094	
-5.6778947037	-1610.65461381	
-5.67903430497	-1610.65763337	
-5.68017260902	-1610.66064962	
-5.6813096188	-1610.66366257	
-5.68244533727	-1610.66667222	
-5.68357976734	-1610.66967858	
-5.68471291194	-1610.67268165	
-5.68584477397	-1610.67568144	
-5.68697535634	-1610.67867794	
-5.68810466194	-1610.68167118	
-5.68923269364	-1610.68466115	
-5.69035945432	-1610.68764785	
-5.69148494685	-1610.69063129	
-5.69260917406	-1610.69361149	
-5.6937321388	-1610.69658843	
-5.69485384391	-1610.69956213	
-5.69597429221	-1610.7025326	
-5.69709348651	-1610.70549983	
-5.69821142961	-1610.70846383	
-5.69932812431	-1610.71142461	
-5.70044357339	-1610.71438217	
-5.70155777963	-1610.71733652	
-5.7026707458	-1610.72028766	
-5.70378247466	-1610.7232356	
-5.70489296894	-1610.72618034	
-5.70600223139	-1610.72912188	
-5.70711026475	-1610.73206024	
-5.70821707172	-1610.73499541	
-5.70932265503	-1610.73792741	
-5.71042701737	-1610.74085623	
-5.71153016145	-1610.74378188	
-5.71263208993	-1610.74670437	
-5.71373280551	-1610.74962369	
-5.71483231084	-1610.75253987	
-5.71593060859	-1610.75545289	
-5.71702770141	-1610.75836277	
-5.71812359193	-1610.76126951	
-5.71921828279	-1610.76417311	
-5.72031177661	-1610.76707359	
-5.72140407601	-1610.76997093	
-5.72249518359	-1610.77286516	
-5.72358510195	-1610.77575627	
-5.72467383369	-1610.77864427	
-5.72576138137	-1610.78152916	
-5.72684774759	-1610.78441095	
-5.72793293489	-1610.78728965	
-5.72901694583	-1610.79016525	
-5.73009978297	-1610.79303776	
-5.73118144884	-1610.7959072	
-5.73226194598	-1610.79877355	
-5.7333412769	-1610.80163683	
-5.73441944412	-1610.80449704	
-5.73549645015	-1610.80735419	
-5.73657229748	-1610.81020827	
-5.73764698861	-1610.81305931	
-5.73872052602	-1610.81590729	
-5.73979291218	-1610.81875223	
-5.74086414956	-1610.82159412	
-5.74193424062	-1610.82443298	
-5.74300318781	-1610.82726881	
-5.74407099357	-1610.83010161	
-5.74513766034	-1610.83293139	
-5.74620319054	-1610.83575816	
-5.7472675866	-1610.83858191	
-5.74833085092	-1610.84140265	
-5.74939298591	-1610.84422038	
-5.75045399397	-1610.84703512	
-5.75151387748	-1610.84984686	
-5.75257263883	-1610.85265561	
-5.75363028038	-1610.85546138	
-5.75468680452	-1610.85826417	
-5.75574221359	-1610.86106397	
-5.75679650994	-1610.86386081	
-5.75784969593	-1610.86665468	
-5.75890177388	-1610.86944559	
-5.75995274612	-1610.87223353	
-5.76100261499	-1610.87501853	
-5.76205138278	-1610.87780057	
-5.76309905181	-1610.88057967	
-5.76414562438	-1610.88335582	
-5.76519110278	-1610.88612905	
-5.7662354893	-1610.88889934	
-5.76727878622	-1610.8916667	
-5.76832099579	-1610.89443114	
-5.7693621203	-1610.89719266	
-5.770402162	-1610.89995126	
-5.77144112313	-1610.90270696	
-5.77247900594	-1610.90545975	
-5.77351581267	-1610.90820964	
-5.77455154554	-1610.91095664	
-5.77558620679	-1610.91370074	
-5.77661979861	-1610.91644196	
-5.77765232322	-1610.91918029	
-5.77868378283	-1610.92191574	
-5.77971417962	-1610.92464832	
-5.78074351579	-1610.92737802	
-5.78177179352	-1610.93010487	
-5.78279901497	-1610.93282885	
-5.78382518233	-1610.93554997	
-5.78485029774	-1610.93826824	
-5.78587436337	-1610.94098366	
-5.78689738137	-1610.94369623	
-5.78791935386	-1610.94640597	
-5.788940283	-1610.94911287	
-5.7899601709	-1610.95181694	
-5.79097901969	-1610.95451818	
-5.79199683148	-1610.9572166	
-5.79301360838	-1610.95991219	
-5.7940293525	-1610.96260498	
-5.79504406593	-1610.96529495	
-5.79605775077	-1610.96798212	
-5.79707040908	-1610.97066649	
-5.79808204295	-1610.97334805	
-5.79909265446	-1610.97602683	
-5.80010224566	-1610.97870281	
-5.80111081862	-1610.98137601	
-5.80211837538	-1610.98404643	
-5.80312491799	-1610.98671407	
-5.80413044849	-1610.98937894	
-5.80513496892	-1610.99204104	
-5.80613848129	-1610.99470038	
-5.80714098764	-1610.99735696	
-5.80814248998	-1611.00001078	
-5.80914299031	-1611.00266184	
