#Site	lnL	
0	-1.92350685114
1	-6.06359908184
2	-14.251987884
3	-6.522194416
4	-9.49215636261
5	-1.25305213426
6	-1.75179696462
7	-1.75880048766
8	-1.32233255914
9	-1.92350685114
10	-5.11168868049
11	-1.32233255914
12	-1.92350685114
13	-5.14050392327
14	-1.25305213426
15	-1.92350685114
16	-1.75880048766
17	-1.41695227183
18	-7.55918652513
19	-6.06359908184
20	-1.58291269666
21	-1.62223295589
22	-5.17427031949
23	-1.32233255914
24	-1.55917782588
25	-1.75880048766
26	-13.8460109115
27	-4.76532607199
28	-10.6605962122
29	-1.41695227183
30	-1.55917782588
31	-1.90430334366
32	-13.8460083489
33	-1.92350685114
34	-1.75880048766
35	-1.25305213426
36	-1.92350685114
37	-1.69828560442
38	-1.41695227183
39	-1.75179696462
40	-1.75880048766
41	-1.58291269666
42	-1.55917782588
43	-4.55906893156
44	-1.58291269666
45	-1.55917782588
46	-2.07908395323
47	-1.58291269666
48	-6.20959195888
49	-1.90430334366
50	-1.32233255914
51	-6.02222029624
52	-1.69828560442
53	-15.5842407911
54	-8.42251891093
55	-13.9076620719
56	-1.32233255914
57	-1.62223295589
58	-1.69828560442
59	-17.5957213608
60	-8.55313500572
61	-1.69828560442
62	-1.25305213426
63	-5.32538784373
64	-5.11168868049
65	-1.25305213426
66	-1.55917782588
67	-4.28760527794
68	-1.58291269666
69	-6.30912646818
70	-1.69828560442
71	-14.5125670269
72	-1.55917782588
73	-1.90430334366
74	-1.58291269666
75	-1.55917782588
76	-5.95302758207
77	-17.295193257
78	-1.62223295589
79	-1.90430334366
80	-15.3629615755
81	-4.53530649248
82	-2.07908395323
83	-17.0989961065
84	-1.55917782588
85	-1.90430334366
86	-1.32233255914
87	-1.62223295589
88	-5.07074255683
89	-15.2990908534
90	-6.31544505814
91	-5.75530521252
92	-30.050080199
93	-1.75179696462
94	-1.75880048766
95	-14.4939689322
96	-1.75179696462
97	-5.33131923357
98	-13.6107678382
99	-4.55638049771
100	-1.90430334366
101	-13.6107678382
102	-5.49281674711
103	-9.19056344361
104	-15.4596410567
105	-1.55917782588
106	-1.69828560442
107	-1.25305213426
108	-4.76532607199
109	-1.75880048766
110	-17.1985138105
111	-1.62223295589
112	-1.75880048766
113	-16.6499405138
114	-1.75179696462
115	-2.07908395323
116	-1.25305213426
117	-1.62223295589
118	-1.75880048766
119	-14.5578421703
120	-1.62223295589
121	-1.90430334366
122	-15.2990908534
123	-1.55917782588
124	-6.06359908184
125	-31.3346273435
126	-1.55917782588
127	-1.90430334366
128	-14.4939689322
129	-1.92350685114
130	-2.07908395323
131	-1.25305213426
132	-1.75179696462
133	-1.90430334366
134	-15.1351910905
135	-1.62223295589
136	-8.08621317936
137	-1.41695227183
138	-1.75179696462
139	-2.07908395323
140	-27.0209372957
141	-1.92350685114
142	-8.62122925955
143	-1.58291269666
144	-4.53530649248
145	-1.69828560442
146	-1.32233255914
147	-12.6654599631
148	-5.13753364072
149	-1.58291269666
150	-1.55917782588
151	-1.75880048766
152	-15.3957705583
153	-6.41106277803
154	-1.75880048766
155	-1.58291269666
156	-1.62223295589
157	-5.14050392327
158	-15.6235409138
159	-1.62223295589
160	-1.90430334366
161	-1.25305213426
162	-6.27833404803
163	-1.69828560442
164	-1.25305213426
165	-1.92350685114
166	-1.69828560442
167	-27.1848347677
168	-1.75179696462
169	-5.38935193808
170	-1.25305213426
171	-1.75179696462
172	-1.75880048766
173	-1.32233255914
174	-1.92350685114
175	-5.38935193808
176	-1.32233255914
177	-6.29220596965
178	-7.22357200454
179	-1.25305213426
180	-1.55917782588
181	-1.90430334366
182	-30.6727371767
183	-1.75179696462
184	-1.90430334366
185	-1.32233255914
186	-1.55917782588
187	-1.69828560442
188	-1.25305213426
189	-6.27833404803
190	-4.28760527794
191	-1.25305213426
192	-6.31544505814
193	-7.36760069893
194	-1.41695227183
195	-1.62223295589
196	-6.17556017701
197	-14.4939689322
198	-1.92350685114
199	-1.75880048766
200	-1.32233255914
201	-1.75179696462
202	-2.07908395323
203	-1.58291269666
204	-7.61619051168
205	-1.69828560442
206	-1.25305213426
207	-1.92350685114
208	-1.75880048766
209	-15.3957705583
210	-1.75179696462
211	-1.90430334366
212	-1.41695227183
213	-1.75179696462
214	-1.75880048766
215	-1.58291269666
216	-1.55917782588
217	-1.75880048766
218	-1.58291269666
219	-1.62223295589
220	-1.69828560442
221	-13.6107678382
222	-1.55917782588
223	-1.75880048766
224	-15.5596687891
225	-1.55917782588
226	-9.63168385267
227	-1.41695227183
228	-1.55917782588
229	-1.75880048766
230	-14.4939671153
231	-1.75179696462
232	-5.3480704468
233	-1.32233255914
234	-1.62223295589
235	-1.75880048766
236	-1.58291269666
237	-6.30912646818
238	-1.69828560442
239	-1.32233255914
240	-1.92350685114
241	-4.87695696398
242	-1.58291269666
243	-1.75179696462
244	-2.07908395323
245	-1.41695227183
246	-1.75179696462
247	-2.07908395323
248	-15.4596436226
249	-1.62223295589
250	-1.75880048766
251	-26.7614536028
252	-1.55917782588
253	-2.07908395323
254	-1.25305213426
255	-6.02271540211
256	-1.90430334366
257	-1.41695227183
258	-1.75179696462
259	-1.75880048766
260	-1.41695227183
261	-6.11443635475
262	-1.69828560442
263	-1.32233255914
264	-1.62223295589
265	-1.75880048766
266	-14.7292106962
267	-1.55917782588
268	-1.69828560442
269	-16.4860432489
270	-11.0008317991
271	-1.75880048766
272	-1.41695227183
273	-1.55917782588
274	-1.75880048766
275	-1.58291269666
276	-1.55917782588
277	-1.75880048766
278	-1.41695227183
279	-1.62223295589
280	-6.02597624068
281	-1.41695227183
282	-1.55917782588
283	-1.90430334366
284	-1.32233255914
285	-1.55917782588
286	-1.75880048766
287	-15.362964237
288	-1.75179696462
289	-4.51540922778
290	-1.58291269666
291	-1.55917782588
292	-1.90430334366
293	-26.6444348327
294	-1.75179696462
295	-5.07074255683
296	-14.7930826107
297	-1.62223295589
298	-4.55906893156
299	-1.58291269666
300	-1.75179696462
301	-5.07074255683
302	-1.32233255914
303	-1.92350685114
304	-1.69828560442
305	-26.9472048697
306	-9.88363335389
307	-5.33816801278
308	-16.3933926586
309	-1.62223295589
310	-2.07908395323
311	-1.32233255914
312	-4.55638049771
313	-1.90430334366
314	-31.5139180645
315	-4.79520177404
316	-6.90565520252
317	-15.19906438
318	-7.35457727509
319	-5.2491074518
320	-1.58291269666
321	-1.62223295589
322	-7.66395869201
323	-15.1990638823
324	-6.27833404803
325	-1.90430334366
326	-1.32233255914
327	-4.76532607199
328	-1.75880048766
329	-40.6844846025
330	-1.55917782588
331	-1.75880048766
332	-1.25305213426
333	-1.62223295589
334	-2.07908395323
335	-40.0804476398
336	-1.92350685114
337	-1.69828560442
338	-28.5155093863
339	-1.55917782588
340	-1.75880048766
341	-13.6107678382
342	-5.13709096017
343	-2.07908395323
344	-17.3342365315
345	-4.53530649248
346	-1.69828560442
347	-14.5578421703
348	-1.55917782588
349	-5.28677168955
350	-1.41695227183
351	-1.55917782588
352	-6.02923809645
353	-1.25305213426
354	-1.75179696462
355	-6.02597624068
356	-1.41695227183
357	-1.55917782588
358	-5.14050392327
359	-14.5578443517
360	-1.55917782588
361	-1.90430334366
362	-13.6107678382
363	-5.51848519587
364	-1.69828560442
365	-14.251987884
366	-1.55917782588
367	-1.90430334366
368	-1.41695227183
369	-1.75179696462
370	-1.75880048766
371	-1.32233255914
372	-1.92350685114
373	-1.90430334366
374	-17.1985138105
375	-4.76532607199
376	-1.69828560442
377	-1.25305213426
378	-1.75179696462
379	-5.47612591093
380	-14.5578421703
381	-1.55917782588
382	-2.07908395323
383	-1.25305213426
384	-1.92350685114
385	-1.75880048766
386	-1.41695227183
387	-7.31654442115
388	-4.87132177525
389	-1.25305213426
390	-1.92350685114
391	-1.69828560442
392	-1.32233255914
393	-1.62223295589
394	-2.07908395323
395	-1.32233255914
396	-1.92350685114
397	-9.04066083403
398	-1.25305213426
399	-1.55917782588
400	-1.69828560442
401	-13.8460109115
402	-1.75179696462
403	-1.75880048766
404	-1.41695227183
405	-6.02222029624
406	-1.75880048766
407	-1.25305213426
408	-1.92350685114
409	-1.69828560442
410	-14.7292106962
411	-1.75179696462
412	-5.2491074518
413	-1.58291269666
414	-1.92350685114
415	-5.3480704468
416	-1.25305213426
417	-1.62223295589
418	-5.75560740166
419	-1.41695227183
420	-1.62223295589
421	-1.75880048766
422	-1.25305213426
423	-5.39810571513
424	-1.90430334366
425	-15.5596682911
426	-5.75857364801
427	-7.52475443959
428	-1.41695227183
429	-13.1249887942
430	-5.07074255683
431	-1.58291269666
432	-1.62223295589
433	-2.07908395323
434	-1.58291269666
435	-1.75179696462
436	-1.69828560442
437	-1.32233255914
438	-1.92350685114
439	-4.55906893156
440	-1.32233255914
441	-8.97277437692
442	-1.75880048766
443	-15.1351911888
444	-1.62223295589
445	-8.17915140426
446	-1.41695227183
447	-1.75179696462
448	-1.75880048766
449	-30.3627741748
450	-1.55917782588
451	-6.23671295952
452	-1.41695227183
453	-1.55917782588
454	-10.9067394048
455	-13.8460083489
456	-1.55917782588
457	-4.28760527794
458	-15.5842431432
459	-1.92350685114
460	-6.02923809645
461	-1.32233255914
462	-1.62223295589
463	-1.69828560442
464	-1.32233255914
465	-6.79064747165
466	-1.69828560442
467	-14.5578443517
468	-5.39810571513
469	-2.07908395323
470	-1.25305213426
