#Site	lnL	
0	-3.41396436078
1	-3.81778491723
2	-11.8593856404
3	-3.27527252658
4	-3.5220563717
5	-5.49864240028
6	-3.54088279554
7	-3.37702387563
8	-7.36957809983
9	-3.41396436078
10	-3.5220563717
11	-5.26535054898
12	-3.54088279554
13	-3.65439089401
14	-6.98384576624
15	-3.41396436078
16	-7.74667635262
17	-5.26535054898
18	-3.27527252658
19	-3.81778491723
20	-5.00423095468
21	-7.90623809105
22	-3.5220563717
23	-5.49864240028
24	-6.86222013374
25	-8.38128375817
26	-5.26535054898
27	-3.27527252658
28	-3.65439089401
29	-5.00423095468
30	-3.27527252658
31	-9.92856379868
32	-5.26535054898
33	-3.41396436078
34	-3.81778491723
35	-5.49864240028
36	-3.41396436078
37	-8.01643058778
38	-5.00423095468
39	-3.27527252658
40	-14.4363659144
41	-6.79087027041
42	-3.54088279554
43	-6.39552356844
44	-5.00423095468
45	-3.41396436078
46	-3.81778491723
47	-7.82512137749
48	-3.27527252658
49	-3.5220563717
50	-6.43967658439
51	-3.69806380526
52	-3.81778491723
53	-7.15877261845
54	-10.2672718948
55	-3.37702387563
56	-7.00081912164
57	-3.69806380526
58	-3.37702387563
59	-5.00423095468
60	-3.69806380526
61	-3.65439089401
62	-5.26535054898
63	-3.27527252658
64	-3.5220563717
65	-5.00423095468
66	-7.90623809105
67	-6.94938975977
68	-7.93100873208
69	-3.41396436078
70	-6.30070433429
71	-6.54608030092
72	-3.54088279554
73	-3.81778491723
74	-6.79391944806
75	-10.7699184107
76	-12.5392506845
77	-5.00423095468
78	-13.5655860715
79	-3.37702387563
80	-6.79391944806
81	-3.54088279554
82	-3.5220563717
83	-6.66044902124
84	-3.41396436078
85	-13.4490614453
86	-5.26535054898
87	-10.5824187406
88	-3.37702387563
89	-7.94045729144
90	-3.27527252658
91	-3.81778491723
92	-5.49864240028
93	-3.54088279554
94	-8.40558655171
95	-9.99247834013
96	-3.27527252658
97	-3.81778491723
98	-6.25469552372
99	-6.97271657929
100	-3.65439089401
101	-5.49864240028
102	-3.27527252658
103	-6.31569297366
104	-5.00423095468
105	-3.54088279554
106	-3.65439089401
107	-6.79087027041
108	-3.41396436078
109	-9.56007120332
110	-5.77995472352
111	-3.69806380526
112	-9.46492489983
113	-8.04059828883
114	-3.69806380526
115	-6.53904583657
116	-5.26535054898
117	-3.41396436078
118	-6.91017484494
119	-7.15877261845
120	-12.8762207669
121	-3.81778491723
122	-5.49864240028
123	-3.41396436078
124	-6.75526998507
125	-5.00423095468
126	-3.54088279554
127	-7.74076803065
128	-5.49864240028
129	-3.54088279554
130	-3.65439089401
131	-5.77995472352
132	-3.54088279554
133	-3.65439089401
134	-5.77995472352
135	-6.9079104447
136	-3.5220563717
137	-5.26535054898
138	-3.41396436078
139	-6.39552356844
140	-5.77995472352
141	-3.41396436078
142	-7.33487856091
143	-7.36957809983
144	-3.27527252658
145	-7.74667635262
146	-6.36415290351
147	-3.41396436078
148	-3.5220563717
149	-6.35546779164
150	-3.54088279554
151	-3.81778491723
152	-6.43967658439
153	-6.9079104447
154	-3.81778491723
155	-6.68141289062
156	-3.27527252658
157	-9.47676544026
158	-6.98384576624
159	-3.54088279554
160	-9.61772797669
161	-5.77995472352
162	-3.69806380526
163	-6.71556439806
164	-10.7552611528
165	-3.27527252658
166	-3.37702387563
167	-5.00423095468
168	-3.27527252658
169	-3.37702387563
170	-8.14929761344
171	-3.27527252658
172	-3.65439089401
173	-5.00423095468
174	-6.94969156824
175	-3.5220563717
176	-5.26535054898
177	-3.54088279554
178	-3.5220563717
179	-5.00423095468
180	-3.41396436078
181	-10.013081219
182	-6.98384576624
183	-3.69806380526
184	-3.5220563717
185	-7.94045729144
186	-3.27527252658
187	-11.8343358435
188	-6.35546779164
189	-10.4486142327
190	-3.81778491723
191	-5.26535054898
192	-11.3306525977
193	-3.81778491723
194	-5.26535054898
195	-3.27527252658
196	-3.81778491723
197	-7.90934080807
198	-3.54088279554
199	-3.37702387563
200	-8.09385964495
201	-8.53763629914
202	-6.41392712476
203	-7.00835580208
204	-3.41396436078
205	-6.50498094823
206	-5.49864240028
207	-10.4486142327
208	-3.65439089401
209	-5.00423095468
210	-7.92246510693
211	-9.5483021846
212	-5.00423095468
213	-3.69806380526
214	-3.65439089401
215	-9.34860393889
216	-3.27527252658
217	-3.81778491723
218	-5.49864240028
219	-3.54088279554
220	-3.5220563717
221	-6.55626494486
222	-3.54088279554
223	-3.37702387563
224	-5.77995472352
225	-3.54088279554
226	-3.37702387563
227	-6.35546779164
228	-6.58483839785
229	-3.5220563717
230	-5.49864240028
231	-3.69806380526
232	-3.65439089401
233	-5.49864240028
234	-3.54088279554
235	-3.5220563717
236	-5.26535054898
237	-7.92246510693
238	-3.65439089401
239	-5.26535054898
240	-3.69806380526
241	-3.81778491723
242	-5.26535054898
243	-3.27527252658
244	-3.5220563717
245	-5.00423095468
246	-6.57076910561
247	-3.81778491723
248	-6.68141289062
249	-10.1175646089
250	-14.995946081
251	-8.3566091913
252	-3.69806380526
253	-6.31569297366
254	-5.00423095468
255	-6.58483839785
256	-3.5220563717
257	-5.00423095468
258	-3.41396436078
259	-6.31569297366
260	-5.00423095468
261	-3.41396436078
262	-3.81778491723
263	-5.26535054898
264	-3.69806380526
265	-3.65439089401
266	-6.27688197328
267	-3.27527252658
268	-3.5220563717
269	-6.35546779164
270	-7.07111425632
271	-3.5220563717
272	-6.36415290351
273	-3.69806380526
274	-3.81778491723
275	-5.49864240028
276	-7.96006705315
277	-6.39552356844
278	-5.00423095468
279	-7.92246510693
280	-3.37702387563
281	-5.00423095468
282	-3.54088279554
283	-3.5220563717
284	-5.49864240028
285	-3.54088279554
286	-3.37702387563
287	-10.1325159015
288	-11.2932332659
289	-6.53904583657
290	-5.00423095468
291	-3.69806380526
292	-3.65439089401
293	-5.49864240028
294	-8.04711746015
295	-15.843010231
296	-5.00423095468
297	-3.69806380526
298	-3.65439089401
299	-5.77995472352
300	-3.69806380526
301	-3.5220563717
302	-5.77995472352
303	-3.41396436078
304	-6.35267260123
305	-5.00423095468
306	-3.54088279554
307	-6.35267260123
308	-5.26535054898
309	-3.69806380526
310	-3.65439089401
311	-5.26535054898
312	-3.69806380526
313	-3.5220563717
314	-5.00423095468
315	-3.41396436078
316	-10.8517598014
317	-6.89889842229
318	-3.27527252658
319	-6.30070433429
320	-8.31344879768
321	-6.46339608691
322	-3.81778491723
323	-11.3868957557
324	-3.41396436078
325	-3.37702387563
326	-5.00423095468
327	-3.27527252658
328	-3.37702387563
329	-11.3293007383
330	-10.6831871299
331	-3.37702387563
332	-5.77995472352
333	-3.27527252658
334	-3.37702387563
335	-5.26535054898
336	-3.41396436078
337	-3.37702387563
338	-5.26535054898
339	-7.07111425632
340	-3.37702387563
341	-7.90934080807
342	-3.54088279554
343	-6.92180062309
344	-7.00835580208
345	-3.54088279554
346	-3.81778491723
347	-7.71118453269
348	-3.69806380526
349	-9.87248849255
350	-8.52224935137
351	-3.41396436078
352	-6.50498094823
353	-5.26535054898
354	-6.47536173613
355	-3.5220563717
356	-5.26535054898
357	-3.54088279554
358	-9.59770791913
359	-6.85132330601
360	-3.41396436078
361	-3.81778491723
362	-5.00423095468
363	-3.27527252658
364	-3.65439089401
365	-6.55626494486
366	-9.49508004003
367	-10.120205617
368	-5.26535054898
369	-3.41396436078
370	-9.56007120332
371	-5.49864240028
372	-3.54088279554
373	-3.37702387563
374	-5.26535054898
375	-9.71739116905
376	-3.37702387563
377	-6.68141289062
378	-8.13753144434
379	-10.8510502942
380	-5.26535054898
381	-3.41396436078
382	-3.65439089401
383	-5.77995472352
384	-3.41396436078
385	-3.37702387563
386	-5.26535054898
387	-3.69806380526
388	-3.37702387563
389	-5.26535054898
390	-11.0682999276
391	-3.81778491723
392	-8.23991801293
393	-11.2932332659
394	-3.5220563717
395	-7.71118453269
396	-3.27527252658
397	-3.81778491723
398	-6.36415290351
399	-3.41396436078
400	-3.65439089401
401	-5.49864240028
402	-3.69806380526
403	-3.65439089401
404	-5.49864240028
405	-10.1175646089
406	-3.5220563717
407	-9.23109321359
408	-3.41396436078
409	-3.37702387563
410	-6.36415290351
411	-7.07111425632
412	-7.76794065066
413	-6.25469552372
414	-6.57076910561
415	-3.37702387563
416	-5.49864240028
417	-6.50810121091
418	-3.81778491723
419	-5.00423095468
420	-3.69806380526
421	-3.5220563717
422	-7.71118453269
423	-3.69806380526
424	-3.37702387563
425	-5.49864240028
426	-3.27527252658
427	-3.37702387563
428	-5.77995472352
429	-8.53763629914
430	-10.2240208912
431	-5.77995472352
432	-3.41396436078
433	-3.65439089401
434	-5.00423095468
435	-3.41396436078
436	-3.37702387563
437	-5.00423095468
438	-3.54088279554
439	-6.50498094823
440	-8.65642491978
441	-11.2932332659
442	-3.81778491723
443	-5.49864240028
444	-3.27527252658
445	-6.94938975977
446	-5.00423095468
447	-3.54088279554
448	-9.81825086691
449	-5.00423095468
450	-3.27527252658
451	-3.37702387563
452	-5.26535054898
453	-3.69806380526
454	-3.37702387563
455	-6.25469552372
456	-6.98889512536
457	-3.5220563717
458	-5.00423095468
459	-3.41396436078
460	-6.39552356844
461	-5.77995472352
462	-10.4860873899
463	-3.65439089401
464	-10.1587431771
465	-3.41396436078
466	-6.82189463801
467	-5.00423095468
468	-3.27527252658
469	-15.7018769271
470	-5.00423095468
