#Site	lnL	
0	-5.5160806996
1	-2.00841391174
2	-8.04023752806
3	-5.59361546657
4	-7.82671287112
5	-1.43956290377
6	-6.03328761476
7	-2.00841391174
8	-1.58491007486
9	-4.58870726298
10	-1.82264606642
11	-1.72314505549
12	-1.69823401238
13	-7.92156328621
14	-1.72314505549
15	-1.81909682223
16	-6.88308867187
17	-6.63319421564
18	-2.0278704561
19	-1.82264606642
20	-6.63069829694
21	-4.58870726298
22	-7.92156328621
23	-1.72314505549
24	-5.23749081484
25	-2.00841391174
26	-1.58491007486
27	-9.7226966104
28	-8.24241219125
29	-1.58491007486
30	-1.69823401238
31	-2.17483819622
32	-10.6081651455
33	-1.69823401238
34	-7.14115384265
35	-8.40329681789
36	-7.97335950691
37	-2.00841391174
38	-1.58491007486
39	-2.0278704561
40	-2.00841391174
41	-6.36829551989
42	-1.69823401238
43	-2.17483819622
44	-1.58491007486
45	-1.69823401238
46	-5.64573163334
47	-6.66672025727
48	-1.69823401238
49	-7.93539602439
50	-1.54056347811
51	-5.59648803197
52	-1.95317683007
53	-6.66155281391
54	-6.03572368694
55	-1.82264606642
56	-1.43956290377
57	-5.59361546657
58	-2.00841391174
59	-1.43956290377
60	-2.0278704561
61	-6.06816793841
62	-1.72314505549
63	-1.69823401238
64	-1.82264606642
65	-1.43956290377
66	-1.69823401238
67	-1.82264606642
68	-1.54056347811
69	-1.87075378904
70	-8.15036082725
71	-1.43956290377
72	-1.81909682223
73	-5.49207117648
74	-1.58491007486
75	-4.58870726298
76	-8.0732323404
77	-1.43956290377
78	-8.42931225973
79	-1.95317683007
80	-7.89567850741
81	-1.69823401238
82	-2.00841391174
83	-6.32623163289
84	-2.0278704561
85	-2.00841391174
86	-13.7534431595
87	-1.81909682223
88	-1.82264606642
89	-1.54056347811
90	-1.81909682223
91	-1.95317683007
92	-1.72314505549
93	-2.0278704561
94	-1.95317683007
95	-1.43956290377
96	-1.81909682223
97	-6.34853708433
98	-1.72314505549
99	-9.7226966104
100	-1.82264606642
101	-1.58491007486
102	-1.69823401238
103	-4.48678551255
104	-1.58491007486
105	-1.81909682223
106	-2.00841391174
107	-1.72314505549
108	-1.69823401238
109	-1.82264606642
110	-1.43956290377
111	-1.69823401238
112	-1.82264606642
113	-1.58491007486
114	-1.69823401238
115	-6.62266122421
116	-1.43956290377
117	-6.22283380246
118	-6.64887718981
119	-1.43956290377
120	-1.69823401238
121	-1.95317683007
122	-12.7125876957
123	-9.4460568698
124	-1.95317683007
125	-6.66155281391
126	-2.0278704561
127	-2.17483819622
128	-1.58491007486
129	-1.81909682223
130	-1.95317683007
131	-1.54056347811
132	-2.0278704561
133	-1.82264606642
134	-1.43956290377
135	-1.81909682223
136	-5.85078963338
137	-6.63319421564
138	-2.0278704561
139	-2.00841391174
140	-19.3733493311
141	-6.5785530006
142	-6.73502133883
143	-5.64157861445
144	-2.0278704561
145	-2.00841391174
146	-1.72314505549
147	-11.4648425869
148	-4.41924690782
149	-1.54056347811
150	-1.81909682223
151	-1.82264606642
152	-1.72314505549
153	-6.88038496041
154	-1.95317683007
155	-9.29639781801
156	-4.60474256321
157	-1.95317683007
158	-1.58491007486
159	-1.87075378904
160	-6.70305319971
161	-1.72314505549
162	-2.0278704561
163	-2.17483819622
164	-11.754005452
165	-6.56605166251
166	-7.92156328621
167	-6.62301927933
168	-5.24343787179
169	-12.1350280497
170	-1.43956290377
171	-6.51725646321
172	-2.00841391174
173	-12.2625152292
174	-1.81909682223
175	-5.05104748272
176	-7.65524062339
177	-1.81909682223
178	-1.95317683007
179	-1.43956290377
180	-1.69823401238
181	-1.95317683007
182	-6.66672025727
183	-1.81909682223
184	-1.82264606642
185	-5.64371206462
186	-1.81909682223
187	-2.00841391174
188	-7.35925000184
189	-1.81909682223
190	-8.27114422173
191	-1.72314505549
192	-1.81909682223
193	-1.82264606642
194	-1.58491007486
195	-1.87075378904
196	-2.00841391174
197	-5.64157861445
198	-10.1158279438
199	-1.82264606642
200	-1.58491007486
201	-1.81909682223
202	-1.95317683007
203	-5.64371206462
204	-4.58870726298
205	-1.95317683007
206	-12.3244465887
207	-2.0278704561
208	-1.95317683007
209	-19.0028966024
210	-5.59648803197
211	-5.40876215116
212	-1.54056347811
213	-4.60474256321
214	-4.48678551255
215	-1.54056347811
216	-1.81909682223
217	-2.17483819622
218	-7.63806193154
219	-8.66741943403
220	-5.05104748272
221	-6.35776336379
222	-1.87075378904
223	-5.04316087196
224	-1.43956290377
225	-1.81909682223
226	-1.95317683007
227	-1.43956290377
228	-6.03572368694
229	-16.5882316702
230	-8.01633587167
231	-1.81909682223
232	-5.06002046083
233	-1.72314505549
234	-9.03994593508
235	-5.4214864123
236	-1.43956290377
237	-1.69823401238
238	-12.5193507716
239	-1.43956290377
240	-6.95653590701
241	-1.95317683007
242	-6.62301927933
243	-1.87075378904
244	-1.95317683007
245	-1.43956290377
246	-5.23749081484
247	-5.49207117648
248	-1.54056347811
249	-1.87075378904
250	-1.95317683007
251	-7.06788616326
252	-1.87075378904
253	-6.7940846964
254	-6.32623163289
255	-1.69823401238
256	-9.79717725813
257	-10.9953117256
258	-6.8271500079
259	-2.00841391174
260	-1.72314505549
261	-1.87075378904
262	-4.42153238772
263	-1.58491007486
264	-1.81909682223
265	-5.85348141812
266	-8.40329681789
267	-1.87075378904
268	-7.71882036951
269	-1.58491007486
270	-1.87075378904
271	-1.82264606642
272	-7.61356065287
273	-1.81909682223
274	-1.95317683007
275	-1.58491007486
276	-10.9462863684
277	-1.95317683007
278	-1.72314505549
279	-1.69823401238
280	-5.85078963338
281	-7.32028638658
282	-1.87075378904
283	-1.95317683007
284	-7.89567850741
285	-2.0278704561
286	-6.06816793841
287	-1.43956290377
288	-1.87075378904
289	-2.17483819622
290	-1.43956290377
291	-6.53444997936
292	-1.95317683007
293	-5.64157861445
294	-1.69823401238
295	-1.95317683007
296	-1.54056347811
297	-2.0278704561
298	-1.95317683007
299	-7.35925000184
300	-1.69823401238
301	-10.9930606747
302	-13.0188295464
303	-1.81909682223
304	-1.82264606642
305	-1.58491007486
306	-5.65543141707
307	-2.17483819622
308	-1.43956290377
309	-1.69823401238
310	-1.82264606642
311	-6.36829551989
312	-1.87075378904
313	-2.00841391174
314	-6.67727591548
315	-4.59662604742
316	-1.82264606642
317	-1.54056347811
318	-1.69823401238
319	-4.48678551255
320	-1.58491007486
321	-1.81909682223
322	-4.41924690782
323	-1.54056347811
324	-1.81909682223
325	-5.10976543595
326	-8.09996476731
327	-1.81909682223
328	-2.17483819622
329	-1.58491007486
330	-6.23520965285
331	-4.41081323488
332	-5.68684089896
333	-6.5785530006
334	-2.17483819622
335	-10.3076126834
336	-6.03328761476
337	-2.17483819622
338	-1.54056347811
339	-5.29690164326
340	-1.82264606642
341	-10.9626662392
342	-2.0278704561
343	-4.41081323488
344	-1.43956290377
345	-5.59361546657
346	-1.82264606642
347	-5.68684089896
348	-1.87075378904
349	-1.95317683007
350	-9.00482477412
351	-1.69823401238
352	-2.17483819622
353	-1.72314505549
354	-1.69823401238
355	-1.95317683007
356	-5.67340073356
357	-2.0278704561
358	-5.39402636113
359	-6.62301927933
360	-4.58870726298
361	-2.17483819622
362	-6.36829551989
363	-1.69823401238
364	-1.82264606642
365	-14.0104915881
366	-1.87075378904
367	-2.17483819622
368	-1.43956290377
369	-8.30122428626
370	-2.17483819622
371	-9.00482477412
372	-1.87075378904
373	-2.17483819622
374	-1.43956290377
375	-1.87075378904
376	-1.95317683007
377	-7.99629752003
378	-2.0278704561
379	-2.00841391174
380	-8.37552577207
381	-5.59648803197
382	-2.17483819622
383	-13.2864928365
384	-4.60474256321
385	-5.04316087196
386	-7.59573338864
387	-2.0278704561
388	-2.17483819622
389	-7.11202982895
390	-1.81909682223
391	-2.00841391174
392	-6.88980281925
393	-1.87075378904
394	-1.95317683007
395	-1.58491007486
396	-1.81909682223
397	-2.17483819622
398	-1.43956290377
399	-2.0278704561
400	-9.86861093366
401	-1.72314505549
402	-6.02382605503
403	-2.00841391174
404	-6.65919711668
405	-1.69823401238
406	-7.09544828198
407	-1.54056347811
408	-1.81909682223
409	-1.82264606642
410	-7.65524062339
411	-5.58425880488
412	-2.17483819622
413	-1.72314505549
414	-1.81909682223
415	-5.93454848955
416	-1.43956290377
417	-1.69823401238
418	-2.17483819622
419	-11.7275850756
420	-6.02382605503
421	-6.03985123204
422	-7.065361863
423	-8.25926529814
424	-7.14987221179
425	-1.58491007486
426	-1.69823401238
427	-6.60698364556
428	-1.54056347811
429	-2.0278704561
430	-4.42153238772
431	-7.65524062339
432	-1.87075378904
433	-1.82264606642
434	-7.32028638658
435	-1.69823401238
436	-5.10976543595
437	-6.88980281925
438	-5.259404066
439	-6.02319826857
440	-6.36829551989
441	-2.0278704561
442	-2.17483819622
443	-1.58491007486
444	-2.0278704561
445	-7.15988422194
446	-1.58491007486
447	-1.81909682223
448	-6.09117056721
449	-1.54056347811
450	-1.87075378904
451	-5.05104748272
452	-1.43956290377
453	-2.0278704561
454	-1.82264606642
455	-15.0566414044
456	-2.0278704561
457	-8.99931387045
458	-11.0987938293
459	-1.87075378904
460	-2.00841391174
461	-1.43956290377
462	-1.81909682223
463	-6.37868030029
464	-5.64371206462
465	-2.0278704561
466	-1.82264606642
467	-1.43956290377
468	-1.81909682223
469	-1.95317683007
470	-8.05577925323
