#Site	lnL	
0	-1.63987190078
1	-5.69384710549
2	-2.29741921066
3	-1.57038461838
4	-1.86088816856
5	-8.54624129114
6	-5.49803692566
7	-1.86088816856
8	-4.50578345377
9	-1.67522784915
10	-5.20478514942
11	-2.75563311452
12	-4.57594796436
13	-7.21371672888
14	-5.23157892328
15	-1.67522784915
16	-5.91677340141
17	-2.13392619627
18	-2.06564390254
19	-1.86088816856
20	-9.73361467036
21	-1.67522784915
22	-1.86088816856
23	-8.86098034541
24	-8.4916662742
25	-1.82256331829
26	-7.67152024236
27	-1.67522784915
28	-9.5231882104
29	-2.29741921066
30	-2.06564390254
31	-2.27040199571
32	-5.67156072752
33	-5.68000533821
34	-4.81033106462
35	-2.2518504933
36	-2.06564390254
37	-1.86088816856
38	-2.13392619627
39	-1.63987190078
40	-5.44290050806
41	-2.2518504933
42	-1.67522784915
43	-1.82256331829
44	-4.50578345377
45	-1.63987190078
46	-1.82256331829
47	-2.13392619627
48	-1.57038461838
49	-1.82256331829
50	-4.50578345377
51	-1.57038461838
52	-2.27040199571
53	-9.98276442084
54	-1.57038461838
55	-1.7384712183
56	-2.13392619627
57	-1.63987190078
58	-2.27040199571
59	-4.50578345377
60	-5.07913809256
61	-1.86088816856
62	-4.08096927587
63	-1.57038461838
64	-7.25229475985
65	-2.2518504933
66	-2.06564390254
67	-1.7384712183
68	-4.46814166557
69	-1.57038461838
70	-5.27888649213
71	-6.75237481736
72	-1.57038461838
73	-1.82256331829
74	-8.53268593669
75	-2.06564390254
76	-1.82256331829
77	-2.2518504933
78	-1.57038461838
79	-6.44382712645
80	-2.13392619627
81	-1.63987190078
82	-9.44172444324
83	-4.46814166557
84	-6.2287163438
85	-1.86088816856
86	-6.18794812989
87	-2.06564390254
88	-8.39935983937
89	-2.2518504933
90	-1.57038461838
91	-2.27040199571
92	-2.13392619627
93	-6.16971952824
94	-1.82256331829
95	-2.75563311452
96	-1.63987190078
97	-4.74579118835
98	-2.29741921066
99	-1.57038461838
100	-1.7384712183
101	-4.50578345377
102	-1.67522784915
103	-6.72520817399
104	-5.96024304027
105	-5.55612350114
106	-1.82256331829
107	-2.75563311452
108	-1.67522784915
109	-2.27040199571
110	-2.75563311452
111	-1.67522784915
112	-1.82256331829
113	-5.04994816267
114	-1.67522784915
115	-1.86088816856
116	-2.2518504933
117	-1.67522784915
118	-1.86088816856
119	-2.75563311452
120	-1.67522784915
121	-2.27040199571
122	-2.13392619627
123	-8.27287535389
124	-4.81033106462
125	-4.50578345377
126	-5.97051647437
127	-7.25241557243
128	-5.75303051002
129	-9.67298891721
130	-2.27040199571
131	-4.46814166557
132	-1.57038461838
133	-5.91677340141
134	-8.61399569764
135	-1.57038461838
136	-1.7384712183
137	-2.29741921066
138	-9.19728101672
139	-1.86088816856
140	-6.18346093818
141	-1.67522784915
142	-1.7384712183
143	-4.93621388193
144	-2.06564390254
145	-1.86088816856
146	-2.29741921066
147	-8.20376128858
148	-5.42416417194
149	-5.63737301223
150	-1.57038461838
151	-1.86088816856
152	-4.06975359829
153	-2.06564390254
154	-1.86088816856
155	-2.2518504933
156	-1.67522784915
157	-5.43734719166
158	-5.72371282407
159	-1.63987190078
160	-11.1935440623
161	-5.63737301223
162	-1.57038461838
163	-4.30211906119
164	-2.2518504933
165	-1.57038461838
166	-5.73407095492
167	-11.1252002088
168	-5.68000533821
169	-4.30211906119
170	-9.78893992588
171	-6.23429262672
172	-5.44290050806
173	-2.75563311452
174	-2.06564390254
175	-1.7384712183
176	-2.2518504933
177	-1.63987190078
178	-1.7384712183
179	-2.29741921066
180	-1.63987190078
181	-5.91677340141
182	-2.2518504933
183	-1.63987190078
184	-1.86088816856
185	-2.2518504933
186	-1.63987190078
187	-5.95457210058
188	-7.48478845828
189	-1.67522784915
190	-4.77435472126
191	-8.00394352438
192	-6.90928231238
193	-1.7384712183
194	-6.18794812989
195	-7.95788854791
196	-1.82256331829
197	-2.13392619627
198	-2.06564390254
199	-2.27040199571
200	-2.29741921066
201	-1.67522784915
202	-7.51324551904
203	-5.23157892328
204	-2.06564390254
205	-5.78584153778
206	-2.2518504933
207	-15.5901802431
208	-4.58028497249
209	-2.29741921066
210	-1.57038461838
211	-1.82256331829
212	-5.21753729234
213	-6.19387544831
214	-6.39187664051
215	-11.1964493047
216	-1.67522784915
217	-1.86088816856
218	-2.13392619627
219	-1.63987190078
220	-1.86088816856
221	-2.2518504933
222	-2.06564390254
223	-1.86088816856
224	-7.18788897984
225	-7.99419408886
226	-1.7384712183
227	-2.2518504933
228	-1.67522784915
229	-4.30211906119
230	-8.04457405589
231	-1.63987190078
232	-2.27040199571
233	-2.2518504933
234	-2.06564390254
235	-7.24398540359
236	-9.76943997107
237	-5.55612350114
238	-2.27040199571
239	-2.13392619627
240	-8.54961946097
241	-5.92392411317
242	-2.75563311452
243	-1.67522784915
244	-1.86088816856
245	-2.13392619627
246	-7.62461148224
247	-1.7384712183
248	-5.19188821974
249	-1.63987190078
250	-2.27040199571
251	-8.99985681731
252	-2.06564390254
253	-1.86088816856
254	-5.4674802569
255	-1.57038461838
256	-9.68763687776
257	-11.1504982319
258	-6.93937855385
259	-1.7384712183
260	-5.68136795727
261	-1.63987190078
262	-4.58028497249
263	-2.13392619627
264	-1.63987190078
265	-11.034691945
266	-2.2518504933
267	-1.67522784915
268	-5.93575002542
269	-7.00220194578
270	-4.57202635152
271	-5.80351369953
272	-2.13392619627
273	-7.60665949774
274	-1.7384712183
275	-4.45419188772
276	-1.57038461838
277	-1.7384712183
278	-2.2518504933
279	-1.57038461838
280	-6.14875534009
281	-5.72371282407
282	-7.90220133417
283	-1.86088816856
284	-2.2518504933
285	-12.7791232528
286	-9.71929906349
287	-6.15324410869
288	-2.06564390254
289	-1.86088816856
290	-6.78104064729
291	-1.67522784915
292	-1.86088816856
293	-13.0706165727
294	-1.67522784915
295	-1.82256331829
296	-6.26694949257
297	-1.57038461838
298	-5.43734719166
299	-2.75563311452
300	-2.06564390254
301	-6.66790460688
302	-2.75563311452
303	-1.57038461838
304	-1.86088816856
305	-7.58698194873
306	-1.67522784915
307	-1.7384712183
308	-6.41775928772
309	-1.57038461838
310	-1.7384712183
311	-5.59066602829
312	-6.26553511531
313	-1.82256331829
314	-6.96800531429
315	-2.06564390254
316	-8.85532612795
317	-7.47732710857
318	-1.63987190078
319	-6.14875534009
320	-2.29741921066
321	-2.06564390254
322	-4.77435472126
323	-5.46377568907
324	-1.63987190078
325	-1.86088816856
326	-8.78991160527
327	-1.57038461838
328	-5.92392411317
329	-2.2518504933
330	-5.0490418511
331	-2.27040199571
332	-7.98505180993
333	-2.06564390254
334	-1.86088816856
335	-2.75563311452
336	-1.63987190078
337	-1.82256331829
338	-2.75563311452
339	-2.06564390254
340	-4.58028497249
341	-2.2518504933
342	-2.06564390254
343	-1.82256331829
344	-2.13392619627
345	-2.06564390254
346	-7.99504188284
347	-2.75563311452
348	-1.57038461838
349	-1.7384712183
350	-5.75303051002
351	-5.72494388362
352	-4.30211906119
353	-9.9473381807
354	-9.10286196996
355	-8.7559866009
356	-5.46377568907
357	-9.03545346695
358	-8.44462865057
359	-2.29741921066
360	-1.67522784915
361	-7.48067246175
362	-7.61740001391
363	-8.4916662742
364	-1.82256331829
365	-2.75563311452
366	-6.19981576971
367	-8.14745939991
368	-2.13392619627
369	-1.63987190078
370	-4.74579118835
371	-5.18217096752
372	-6.28123453586
373	-4.77435472126
374	-2.75563311452
375	-1.57038461838
376	-1.7384712183
377	-5.96024304027
378	-6.02760063902
379	-1.86088816856
380	-7.91550215369
381	-1.57038461838
382	-1.7384712183
383	-2.29741921066
384	-2.06564390254
385	-4.29603564513
386	-2.13392619627
387	-1.67522784915
388	-2.27040199571
389	-2.75563311452
390	-1.63987190078
391	-1.82256331829
392	-4.50578345377
393	-9.50852684797
394	-11.177804345
395	-9.31350864322
396	-1.63987190078
397	-1.7384712183
398	-2.29741921066
399	-1.67522784915
400	-2.27040199571
401	-2.29741921066
402	-1.63987190078
403	-1.82256331829
404	-5.04994816267
405	-1.57038461838
406	-2.27040199571
407	-2.75563311452
408	-6.16971952824
409	-1.82256331829
410	-2.29741921066
411	-1.63987190078
412	-1.7384712183
413	-2.29741921066
414	-1.67522784915
415	-1.7384712183
416	-2.13392619627
417	-1.57038461838
418	-9.64209765573
419	-2.13392619627
420	-1.57038461838
421	-2.27040199571
422	-2.75563311452
423	-1.67522784915
424	-1.82256331829
425	-2.13392619627
426	-1.57038461838
427	-2.27040199571
428	-4.46814166557
429	-1.63987190078
430	-1.82256331829
431	-2.29741921066
432	-1.57038461838
433	-1.86088816856
434	-2.2518504933
435	-1.67522784915
436	-8.18108770529
437	-7.39179715853
438	-4.57202635152
439	-1.82256331829
440	-5.94515096465
441	-11.7179486006
442	-2.27040199571
443	-5.96024304027
444	-5.07913809256
445	-1.7384712183
446	-5.23157892328
447	-1.57038461838
448	-1.82256331829
449	-6.27480128994
450	-1.57038461838
451	-1.7384712183
452	-2.13392619627
453	-1.63987190078
454	-1.82256331829
455	-2.29741921066
456	-2.06564390254
457	-7.74373846818
458	-2.75563311452
459	-1.67522784915
460	-1.7384712183
461	-5.23157892328
462	-5.07913809256
463	-5.92392411317
464	-5.19188821974
465	-2.06564390254
466	-1.86088816856
467	-2.13392619627
468	-1.57038461838
469	-2.27040199571
470	-4.32920042842
