# log_p 	 lnL 	 
0.0	-1766.52382043	
-0.287682072452	-1766.45279222	
-0.510825623766	-1766.37586212	
-0.69314718056	-1766.29868433	
-0.847297860387	-1766.22059283	
-0.980829253012	-1766.13903793	
-1.09861228867	-1766.05176161	
-1.20397280433	-1765.95763283	
-1.29928298413	-1765.85672893	
-1.38629436112	-1765.75003948	
-1.46633706879	-1765.63905954	
-1.54044504095	-1765.52543319	
-1.60943791243	-1765.41071106	
-1.67397643357	-1765.29622184	
-1.73460105539	-1765.18302849	
-1.79175946923	-1765.07193586	
-1.8458266905	-1764.96352346	
-1.89711998489	-1764.85818651	
-1.94591014906	-1764.75617596	
-1.99243016469	-1764.6576333	
-2.03688192726	-1764.56261912	
-2.07944154168	-1764.47113534	
-2.1202635362	-1764.38314235	
-2.15948424935	-1764.29857172	
-2.19722457734	-1764.21733566	
-2.23359222151	-1764.13933391	
-2.26868354132	-1764.0644587	
-2.30258509299	-1763.99259836	
-2.33537491582	-1763.92363984	
-2.36712361413	-1763.85747051	
-2.3978952728	-1763.7939794	
-2.42774823595	-1763.73305806	
-2.45673577282	-1763.67460109	
-2.48490664979	-1763.61850656	
-2.51230562398	-1763.56467613	
-2.53897387106	-1763.51301524	
-2.56494935746	-1763.46343309	
-2.59026716545	-1763.41584261	
-2.61495977804	-1763.37016044	
-2.63905732962	-1763.3263068	
-2.66258782703	-1763.28420541	
-2.68557734525	-1763.24378337	
-2.7080502011	-1763.20497102	
-2.73002910782	-1763.16770185	
-2.75153531304	-1763.13191233	
-2.77258872224	-1763.09754183	
-2.79320800944	-1763.06453245	
-2.81341071676	-1763.03282893	
-2.83321334406	-1763.00237851	
-2.85263142991	-1762.97313084	
-2.87167962488	-1762.94503783	
-2.8903717579	-1762.91805358	
-2.90872089656	-1762.89213426	
-2.92673940207	-1762.86723801	
-2.94443897917	-1762.84332486	
-2.96183072188	-1762.82035662	
-2.97892515524	-1762.79829679	
-2.99573227355	-1762.77711052	
-3.01226157551	-1762.75676447	
-3.02852209638	-1762.73722679	
-3.04452243772	-1762.71846702	
-3.06027079469	-1762.70045602	
-3.07577498123	-1762.68316592	
-3.09104245336	-1762.66657005	
-3.10608033072	-1762.65064289	
-3.12089541651	-1762.63536001	
-3.13549421593	-1762.62069801	
-3.14988295338	-1762.60663449	
-3.16406758837	-1762.59314797	
-3.17805383035	-1762.58021789	
-3.19184715248	-1762.56782452	
-3.20545280454	-1762.55594897	
-3.21887582487	-1762.5445731	
-3.23212105162	-1762.53367953	
-3.24519313319	-1762.52325156	
-3.25809653802	-1762.51327317	
-3.2708355638	-1762.50372901	
-3.28341434601	-1762.49460429	
-3.295836866	-1762.48588485	
-3.3081069586	-1762.47755705	
-3.32022831913	-1762.46960781	
-3.33220451018	-1762.46202454	
-3.34403896782	-1762.45479513	
-3.35573500759	-1762.44790796	
-3.36729582999	-1762.44135183	
-3.37872452581	-1762.43511596	
-3.39002408106	-1762.42918999	
-3.40119738166	-1762.42356394	
-3.41224721785	-1762.41822821	
-3.42317628838	-1762.41317353	
-3.43398720449	-1762.40839099	
-3.4446824936	-1762.403872	
-3.45526460293	-1762.39960828	
-3.4657359028	-1762.39559184	
-3.47609868984	-1762.39181499	
-3.48635519	-1762.38827031	
-3.49650756147	-1762.38495063	
-3.50655789732	-1762.38184905	
-3.51650822817	-1762.37895889	
-3.52636052462	-1762.37627372	
-3.53611669956	-1762.37378733	
-3.54577861047	-1762.3714937	
-3.55534806149	-1762.36938704	
-3.56482680544	-1762.36746176	
-3.57421654579	-1762.36571244	
-3.58351893846	-1762.36413384	
-3.59273559356	-1762.36272092	
-3.60186807712	-1762.36146877	
-3.61091791264	-1762.36037268	
-3.61988658263	-1762.35942807	
-3.62877553004	-1762.35863052	
-3.63758615973	-1762.35797573	
-3.6463198397	-1762.35745958	
-3.65497790244	-1762.35707805	
-3.66356164613	-1762.35682726	
-3.6720723358	-1762.35670344	
-3.68051120444	-1762.35670296	
-3.68887945411	-1762.35682229	
-3.69717825693	-1762.35705801	
-3.70540875607	-1762.35740681	
-3.7135720667	-1762.35786549	
-3.72166927694	-1762.35843093	
-3.72970144863	-1762.35910012	
-3.73766961828	-1762.35987013	
-3.74557479779	-1762.36073813	
-3.75341797525	-1762.36170138	
-3.76120011569	-1762.3627572	
-3.76892216179	-1762.363903	
-3.77658503453	-1762.36513629	
-3.78418963392	-1762.36645461	
-3.79173683955	-1762.3678556	
-3.79922751128	-1762.36933698	
-3.80666248977	-1762.37089651	
-3.81404259707	-1762.37253202	
-3.82136863716	-1762.37424142	
-3.82864139649	-1762.37602266	
-3.83586164446	-1762.37787376	
-3.84303013394	-1762.37979279	
-3.85014760171	-1762.38177789	
-3.85721476893	-1762.38382723	
-3.86423234159	-1762.38593904	
-3.87120101091	-1762.38811161	
-3.87812145375	-1762.39034327	
-3.88499433304	-1762.39263239	
-3.89182029811	-1762.39497739	
-3.8985999851	-1762.39737674	
-3.90533401728	-1762.39982895	
-3.91202300543	-1762.40233255	
-3.91866754815	-1762.40488614	
-3.92526823218	-1762.40748835	
-3.93182563272	-1762.41013782	
-3.93834031375	-1762.41283327	
-3.94481282825	-1762.41557342	
-3.95124371858	-1762.41835705	
-3.95763351668	-1762.42118294	
-3.96398274436	-1762.42404994	
-3.97029191355	-1762.42695689	
-3.97656152657	-1762.42990271	
-3.98279207632	-1762.4328863	
-3.98898404656	-1762.43590661	
-3.99513791214	-1762.43896263	
-4.00125413916	-1762.44205335	
-4.00733318523	-1762.4451778	
-4.01337549969	-1762.44833504	
-4.01938152375	-1762.45152414	
-4.02535169074	-1762.45474421	
-4.03128642625	-1762.45799437	
-4.03718614838	-1762.46127376	
-4.04305126783	-1762.46458156	
-4.04888218815	-1762.46791695	
-4.05467930583	-1762.47127914	
-4.06044301055	-1762.47466737	
-4.06617368526	-1762.47808088	
-4.07187170637	-1762.48151893	
-4.07753744391	-1762.48498082	
-4.08317126162	-1762.48846585	
-4.08877351717	-1762.49197333	
-4.09434456222	-1762.49550261	
-4.0998847426	-1762.49905303	
-4.10539439841	-1762.50262398	
-4.11087386417	-1762.50621482	
-4.11632346894	-1762.50982496	
-4.12174353641	-1762.51345382	
-4.12713438505	-1762.51710083	
-4.13249632819	-1762.52076542	
-4.13782967416	-1762.52444705	
-4.14313472639	-1762.52814519	
-4.14841178349	-1762.53185932	
-4.15366113938	-1762.53558894	
-4.15888308336	-1762.53933355	
-4.16407790024	-1762.54309267	
-4.1692458704	-1762.54686583	
-4.1743872699	-1762.55065257	
-4.17950237056	-1762.55445244	
-4.18459144007	-1762.558265	
-4.18965474203	-1762.56208982	
-4.19469253606	-1762.56592649	
-4.19970507788	-1762.5697746	
-4.20469261939	-1762.57363375	
-4.20965540873	-1762.57750355	
-4.21459369037	-1762.58138361	
-4.21950770518	-1762.58527358	
-4.22439769047	-1762.58917308	
-4.22926388012	-1762.59308177	
-4.2341065046	-1762.59699929	
-4.23892579103	-1762.6009253	
-4.2437219633	-1762.60485949	
-4.24849524205	-1762.60880152	
-4.25324584481	-1762.61275108	
-4.257973986	-1762.61670786	
-4.26267987704	-1762.62067156	
-4.26736372635	-1762.62464188	
-4.27202573946	-1762.62861854	
-4.27666611902	-1762.63260127	
-4.28128506487	-1762.63658977	
-4.28588277412	-1762.64058379	
-4.29045944115	-1762.64458306	
-4.29501525768	-1762.64858733	
-4.29955041285	-1762.65259634	
-4.3040650932	-1762.65660985	
-4.30855948279	-1762.66062763	
-4.31303376319	-1762.66464943	
-4.31748811354	-1762.66867504	
-4.3219227106	-1762.67270421	
-4.32633772881	-1762.67673675	
-4.33073334029	-1762.68077243	
-4.33510971489	-1762.68481105	
-4.33946702026	-1762.68885239	
-4.34380542185	-1762.69289627	
-4.348125083	-1762.69694248	
-4.3524261649	-1762.70099084	
-4.35670882669	-1762.70504116	
-4.36097322548	-1762.70909326	
-4.36521951636	-1762.71314696	
-4.36944785247	-1762.71720208	
-4.373658385	-1762.72125845	
-4.37785126326	-1762.72531592	
-4.38202663467	-1762.72937431	
-4.38618464482	-1762.73343346	
-4.39032543749	-1762.73749323	
-4.39444915467	-1762.74155345	
-4.39855593663	-1762.74561399	
-4.40264592188	-1762.74967469	
-4.40671924726	-1762.75373541	
-4.41077604796	-1762.75779601	
-4.4148164575	-1762.76185637	
-4.4188406078	-1762.76591633	
-4.42284862919	-1762.76997578	
-4.42684065046	-1762.77403459	
-4.43081679884	-1762.77809263	
-4.43477720006	-1762.78214978	
-4.43872197835	-1762.78620593	
-4.44265125649	-1762.79026095	
-4.44656515581	-1762.79431473	
-4.45046379623	-1762.79836717	
-4.45434729625	-1762.80241815	
-4.45821577303	-1762.80646757	
-4.46206934235	-1762.81051533	
-4.46590811865	-1762.81456131	
-4.46973221509	-1762.81860543	
-4.47354174351	-1762.82264759	
-4.47733681448	-1762.82668769	
-4.48111753732	-1762.83072564	
-4.48488402011	-1762.83476134	
-4.48863636973	-1762.83879472	
-4.49237469184	-1762.84282569	
-4.49609909093	-1762.84685415	
-4.49980967033	-1762.85088003	
-4.50350653221	-1762.85490325	
-4.50718977763	-1762.85892372	
-4.51085950652	-1762.86294138	
-4.51451581772	-1762.86695614	
-4.518158809	-1762.87096793	
-4.52178857705	-1762.87497668	
-4.52540521752	-1762.87898232	
-4.52900882502	-1762.88298479	
-4.53259949315	-1762.88698401	
-4.5361773145	-1762.89097991	
-4.53974238067	-1762.89497244	
-4.54329478227	-1762.89896153	
-4.54683460898	-1762.90294713	
-4.55036194949	-1762.90692916	
-4.5538768916	-1762.91090758	
-4.55737952215	-1762.91488233	
-4.56086992709	-1762.91885334	
-4.56434819147	-1762.92282057	
-4.56781439944	-1762.92678397	
-4.57126863431	-1762.93074348	
-4.5747109785	-1762.93469904	
-4.5781415136	-1762.93865063	
-4.58156032035	-1762.94259817	
-4.58496747867	-1762.94654163	
-4.58836306767	-1762.95048097	
-4.59174716566	-1762.95441613	
-4.59511985013	-1762.95834707	
-4.59848119784	-1762.96227376	
-4.60183128472	-1762.96619614	
-4.60517018599	-1762.97011419	
-4.60849797608	-1762.97402785	
-4.61181472871	-1762.9779371	
-4.61512051684	-1762.98184188	
-4.61841541274	-1762.98574218	
-4.62169948794	-1762.98963795	
-4.62497281328	-1762.99352915	
-4.62823545892	-1762.99741576	
-4.63148749431	-1763.00129773	
-4.63472898823	-1763.00517505	
-4.63796000881	-1763.00904767	
-4.64118062351	-1763.01291557	
-4.64439089914	-1763.01677871	
-4.64759090187	-1763.02063708	
-4.65078069724	-1763.02449063	
-4.65396035016	-1763.02833934	
-4.65712992492	-1763.03218319	
-4.66028948521	-1763.03602215	
-4.66343909411	-1763.0398562	
-4.66657881412	-1763.04368531	
-4.66970870713	-1763.04750945	
-4.67282883446	-1763.05132861	
-4.67593925688	-1763.05514276	
-4.67904003455	-1763.05895187	
-4.68213122712	-1763.06275594	
-4.68521289366	-1763.06655493	
-4.6882850927	-1763.07034884	
-4.69134788223	-1763.07413763	
-4.69440131972	-1763.07792129	
-4.6974454621	-1763.0816998	
-4.70048036579	-1763.08547315	
-4.70350608671	-1763.08924131	
-4.70652268025	-1763.09300428	
-4.70953020131	-1763.09676202	
-4.71252870431	-1763.10051454	
-4.71551824316	-1763.10426182	
-4.7184988713	-1763.10800383	
-4.72147064168	-1763.11174057	
-4.72443360681	-1763.11547202	
-4.72738781871	-1763.11919817	
-4.73033332894	-1763.122919	
-4.73327018862	-1763.12663452	
-4.73619844839	-1763.13034469	
-4.7391181585	-1763.13404952	
-4.74202936871	-1763.13774898	
-4.74493212836	-1763.14144308	
-4.74782648639	-1763.1451318	
-4.75071249128	-1763.14881513	
-4.75359019111	-1763.15249306	
-4.75645963353	-1763.15616559	
-4.75932086582	-1763.1598327	
-4.7621739348	-1763.16349438	
-4.76501888693	-1763.16715064	
-4.76785576827	-1763.17080145	
-4.77068462447	-1763.17444682	
-4.77350550081	-1763.17808674	
-4.77631844218	-1763.18172121	
-4.77912349311	-1763.1853502	
-4.78192069773	-1763.18897373	
-4.78471009982	-1763.19259178	
-4.78749174278	-1763.19620435	
-4.79026566966	-1763.19981144	
-4.79303192316	-1763.20341304	
-4.7957905456	-1763.20700914	
-4.79854157897	-1763.21059975	
-4.80128506491	-1763.21418486	
-4.80402104473	-1763.21776446	
-4.80674955939	-1763.22133856	
-4.8094706495	-1763.22490714	
-4.81218435537	-1763.22847021	
-4.81489071697	-1763.23202777	
-4.81758977394	-1763.23557982	
-4.82028156561	-1763.23912634	
-4.82296613098	-1763.24266734	
-4.82564350875	-1763.24620283	
-4.8283137373	-1763.24973279	
-4.83097685472	-1763.25325723	
-4.83363289878	-1763.25677614	
-4.83628190695	-1763.26028954	
-4.83892391641	-1763.26379741	
-4.84155896405	-1763.26729975	
-4.84418708646	-1763.27079657	
-4.84680831994	-1763.27428787	
-4.84942270051	-1763.27777364	
-4.85203026392	-1763.2812539	
-4.85463104562	-1763.28472863	
-4.8572250808	-1763.28819785	
-4.85981240436	-1763.29166154	
-4.86239305096	-1763.29511973	
-4.86496705495	-1763.29857239	
-4.86753445046	-1763.30201955	
-4.87009527132	-1763.30546119	
-4.87264955112	-1763.30889732	
-4.8751973232	-1763.31232795	
-4.87773862063	-1763.31575308	
-4.88027347623	-1763.31917271	
-4.88280192259	-1763.32258684	
-4.88532399202	-1763.32599547	
-4.88783971662	-1763.32939861	
-4.89034912822	-1763.33279627	
-4.89285225844	-1763.33618844	
-4.89534913864	-1763.33957513	
-4.89783979995	-1763.34295634	
-4.90032427328	-1763.34633208	
-4.90280258929	-1763.34970235	
-4.90527477844	-1763.35306716	
-4.90774087093	-1763.3564265	
-4.91020089677	-1763.35978039	
-4.91265488574	-1763.36312883	
-4.91510286737	-1763.36647181	
-4.91754487103	-1763.36980936	
-4.91998092583	-1763.37314147	
-4.92241106068	-1763.37646814	
-4.92483530429	-1763.37978939	
-4.92725368516	-1763.38310521	
-4.92966623156	-1763.38641562	
-4.93207297159	-1763.38972061	
-4.93447393313	-1763.3930202	
-4.93686914386	-1763.39631438	
-4.93925863125	-1763.39960317	
-4.94164242261	-1763.40288657	
-4.94402054501	-1763.40616458	
-4.94639302537	-1763.40943722	
-4.94875989038	-1763.41270448	
-4.95112116656	-1763.41596638	
-4.95347688026	-1763.41922292	
-4.9558270576	-1763.4224741	
-4.95817172456	-1763.42571994	
-4.96051090691	-1763.42896043	
-4.96284463026	-1763.43219559	
-4.96517292002	-1763.43542542	
-4.96749580144	-1763.43864993	
-4.96981329958	-1763.44186913	
-4.97212543933	-1763.44508301	
-4.97443224543	-1763.44829159	
-4.97673374242	-1763.45149488	
-4.97902995468	-1763.45469288	
-4.98132090643	-1763.4578856	
-4.98360662171	-1763.46107305	
-4.98588712441	-1763.46425523	
-4.98816243824	-1763.46743214	
-4.99043258678	-1763.47060381	
-4.99269759341	-1763.47377023	
-4.99495748138	-1763.47693141	
-4.99721227376	-1763.48008736	
-4.9994619935	-1763.48323809	
-5.00170666335	-1763.48638361	
-5.00394630595	-1763.48952391	
-5.00618094375	-1763.49265901	
-5.00841059907	-1763.49578892	
-5.0106352941	-1763.49891365	
-5.01285505083	-1763.5020332	
-5.01506989116	-1763.50514757	
-5.01727983681	-1763.50825679	
-5.01948490937	-1763.51136085	
-5.02168513028	-1763.51445976	
-5.02388052085	-1763.51755353	
-5.02607110223	-1763.52064218	
-5.02825689545	-1763.5237257	
-5.03043792139	-1763.5268041	
-5.03261420082	-1763.5298774	
-5.03478575433	-1763.5329456	
-5.03695260241	-1763.53600871	
-5.03911476542	-1763.53906673	
-5.04127226356	-1763.54211968	
-5.04342511692	-1763.54516757	
-5.04557334546	-1763.54821039	
-5.047716969	-1763.55124817	
-5.04985600725	-1763.55428091	
-5.05199047978	-1763.55730861	
-5.05412040604	-1763.56033128	
-5.05624580535	-1763.56334894	
-5.05836669692	-1763.56636159	
-5.06048309982	-1763.56936924	
-5.06259503303	-1763.5723719	
-5.06470251537	-1763.57536958	
-5.06680556556	-1763.57836228	
-5.06890420222	-1763.58135001	
-5.07099844382	-1763.58433279	
-5.07308830874	-1763.58731062	
-5.07517381523	-1763.5902835	
-5.07725498144	-1763.59325146	
-5.07933182538	-1763.59621448	
-5.08140436498	-1763.5991726	
-5.08347261805	-1763.60212581	
-5.08553660227	-1763.60507412	
-5.08759633523	-1763.60801754	
-5.08965183441	-1763.61095607	
-5.09170311719	-1763.61388974	
-5.09375020081	-1763.61681854	
-5.09579310244	-1763.61974249	
-5.09783183913	-1763.62266159	
-5.09986642782	-1763.62557586	
-5.10189688537	-1763.62848529	
-5.10392322852	-1763.63138991	
-5.1059454739	-1763.63428971	
-5.10796363806	-1763.63718471	
-5.10997773743	-1763.64007491	
-5.11198778836	-1763.64296033	
-5.11399380708	-1763.64584097	
-5.11599580975	-1763.64871685	
-5.11799381242	-1763.65158796	
-5.11998783102	-1763.65445433	
-5.12197788143	-1763.65731595	
-5.1239639794	-1763.66017284	
-5.12594614061	-1763.663025	
-5.12792438062	-1763.66587245	
-5.12989871492	-1763.6687152	
-5.13186915891	-1763.67155324	
-5.13383572788	-1763.67438659	
-5.13579843705	-1763.67721527	
-5.13775730154	-1763.68003927	
-5.13971233637	-1763.68285861	
-5.1416635565	-1763.68567329	
-5.14361097679	-1763.68848333	
-5.145554612	-1763.69128873	
-5.14749447681	-1763.69408951	
-5.14943058584	-1763.69688566	
-5.15136295359	-1763.6996772	
-5.1532915945	-1763.70246414	
-5.15521652291	-1763.70524649	
-5.15713775309	-1763.70802426	
-5.15905529921	-1763.71079744	
-5.1609691754	-1763.71356607	
-5.16287939565	-1763.71633013	
-5.16478597392	-1763.71908964	
-5.16668892407	-1763.72184462	
-5.16858825987	-1763.72459506	
-5.17048399504	-1763.72734098	
-5.17237614319	-1763.73008238	
-5.17426471788	-1763.73281928	
-5.17614973257	-1763.73555168	
-5.17803120067	-1763.73827959	
-5.1799091355	-1763.74100302	
-5.18178355029	-1763.74372198	
-5.18365445823	-1763.74643648	
-5.1855218724	-1763.74914653	
-5.18738580584	-1763.75185213	
-5.18924627149	-1763.75455329	
-5.19110328224	-1763.75725003	
-5.19295685089	-1763.75994235	
-5.19480699018	-1763.76263025	
-5.19665371277	-1763.76531376	
-5.19849703127	-1763.76799287	
-5.20033695819	-1763.7706676	
-5.202173506	-1763.77333795	
-5.20400668708	-1763.77600394	
-5.20583651375	-1763.77866556	
-5.20766299828	-1763.78132284	
-5.20948615284	-1763.78397577	
-5.21130598956	-1763.78662437	
-5.21312252048	-1763.78926865	
-5.21493575761	-1763.79190861	
-5.21674571285	-1763.79454426	
-5.21855239808	-1763.79717562	
-5.22035582508	-1763.79980268	
-5.22215600558	-1763.80242547	
-5.22395295126	-1763.80504398	
-5.22574667371	-1763.80765822	
-5.22753718449	-1763.81026821	
-5.22932449506	-1763.81287395	
-5.23110861685	-1763.81547545	
-5.23288956123	-1763.81807272	
-5.23466733947	-1763.82066577	
-5.23644196283	-1763.8232546	
-5.23821344248	-1763.82583923	
-5.23998178954	-1763.82841966	
-5.24174701506	-1763.8309959	
-5.24350913005	-1763.83356796	
-5.24526814546	-1763.83613584	
-5.24702407216	-1763.83869957	
-5.24877692099	-1763.84125914	
-5.25052670271	-1763.84381456	
-5.25227342805	-1763.84636584	
-5.25401710765	-1763.84891299	
-5.25575775213	-1763.85145602	
-5.25749537203	-1763.85399493	
-5.25922997784	-1763.85652974	
-5.26096158	-1763.85906045	
-5.2626901889	-1763.86158707	
-5.26441581487	-1763.86410961	
-5.26613846818	-1763.86662808	
-5.26785815906	-1763.86914248	
-5.26957489768	-1763.87165283	
-5.27128869416	-1763.87415913	
-5.27299955856	-1763.87666138	
-5.27470750091	-1763.87915961	
-5.27641253116	-1763.88165381	
-5.27811465923	-1763.88414399	
-5.27981389498	-1763.88663017	
-5.28151024823	-1763.88911235	
-5.28320372874	-1763.89159053	
-5.28489434622	-1763.89406473	
-5.28658211033	-1763.89653496	
-5.28826703069	-1763.89900121	
-5.28994911688	-1763.90146351	
-5.2916283784	-1763.90392186	
-5.29330482472	-1763.90637626	
-5.29497846528	-1763.90882672	
-5.29664930945	-1763.91127326	
-5.29831736655	-1763.91371588	
-5.29998264587	-1763.91615459	
-5.30164515664	-1763.91858939	
-5.30330490806	-1763.9210203	
-5.30496190927	-1763.92344731	
-5.30661616936	-1763.92587045	
-5.3082676974	-1763.92828972	
-5.30991650239	-1763.93070512	
-5.3115625933	-1763.93311666	
-5.31320597904	-1763.93552435	
-5.3148466685	-1763.9379282	
-5.3164846705	-1763.94032822	
-5.31811999384	-1763.94272442	
-5.31975264727	-1763.94511679	
-5.32138263948	-1763.94750535	
-5.32300997914	-1763.94989011	
-5.32463467487	-1763.95227108	
-5.32625673524	-1763.95464826	
-5.32787616879	-1763.95702166	
-5.32949298402	-1763.95939128	
-5.33110718937	-1763.96175715	
-5.33271879327	-1763.96411925	
-5.33432780407	-1763.96647761	
-5.33593423012	-1763.96883222	
-5.3375380797	-1763.9711831	
-5.33913936107	-1763.97353025	
-5.34073808243	-1763.97587369	
-5.34233425196	-1763.97821341	
-5.3439278778	-1763.98054943	
-5.34551896803	-1763.98288175	
-5.34710753072	-1763.98521038	
-5.34869357387	-1763.98753533	
-5.35027710548	-1763.98985661	
-5.35185813348	-1763.99217422	
-5.35343666577	-1763.99448817	
-5.35501271022	-1763.99679847	
-5.35658627467	-1763.99910513	
-5.3581573669	-1764.00140814	
-5.35972599468	-1764.00370753	
-5.36129216571	-1764.00600329	
-5.36285588769	-1764.00829544	
-5.36441716825	-1764.01058399	
-5.36597601502	-1764.01286893	
-5.36753243557	-1764.01515027	
-5.36908643744	-1764.01742803	
-5.37063802813	-1764.01970222	
-5.37218721511	-1764.02197283	
-5.37373400583	-1764.02423987	
-5.37527840768	-1764.02650336	
-5.37682042804	-1764.0287633	
-5.37836007422	-1764.03101969	
-5.37989735354	-1764.03327255	
-5.38143227326	-1764.03552188	
-5.38296484061	-1764.03776769	
-5.38449506279	-1764.04000999	
-5.38602294697	-1764.04224878	
-5.38754850028	-1764.04448406	
-5.38907172982	-1764.04671586	
-5.39059264266	-1764.04894416	
-5.39211124583	-1764.05116899	
-5.39362754635	-1764.05339035	
-5.39514155118	-1764.05560824	
-5.39665326727	-1764.05782267	
-5.39816270152	-1764.06003365	
-5.39966986081	-1764.06224118	
-5.40117475199	-1764.06444528	
-5.40267738187	-1764.06664595	
-5.40417775725	-1764.06884319	
-5.40567588487	-1764.07103702	
-5.40717177146	-1764.07322744	
-5.40866542372	-1764.07541445	
-5.4101568483	-1764.07759807	
-5.41164605186	-1764.07977829	
-5.41313304098	-1764.08195514	
-5.41461782224	-1764.08412861	
-5.4161004022	-1764.08629871	
-5.41758078737	-1764.08846545	
-5.41905898424	-1764.09062883	
-5.42053499927	-1764.09278886	
-5.42200883889	-1764.09494555	
-5.4234805095	-1764.0970989	
-5.42495001748	-1764.09924893	
-5.42641736918	-1764.10139563	
-5.4278825709	-1764.10353902	
-5.42934562895	-1764.1056791	
-5.43080654959	-1764.10781588	
-5.43226533906	-1764.10994936	
-5.43372200355	-1764.11207955	
-5.43517654927	-1764.11420645	
-5.43662898235	-1764.11633009	
-5.43807930892	-1764.11845045	
-5.4395275351	-1764.12056755	
-5.44097366695	-1764.12268139	
-5.44241771052	-1764.12479198	
-5.44385967184	-1764.12689933	
-5.4452995569	-1764.12900345	
-5.44673737167	-1764.13110433	
-5.44817312209	-1764.13320198	
-5.44960681409	-1764.13529642	
-5.45103845357	-1764.13738765	
-5.45246804638	-1764.13947567	
-5.45389559837	-1764.1415605	
-5.45532111536	-1764.14364213	
-5.45674460314	-1764.14572057	
-5.45816606749	-1764.14779584	
-5.45958551414	-1764.14986793	
-5.46100294883	-1764.15193686	
-5.46241837723	-1764.15400262	
-5.46383180503	-1764.15606523	
-5.46524323786	-1764.15812469	
-5.46665268137	-1764.16018101	
-5.46806014114	-1764.16223419	
-5.46946562274	-1764.16428425	
-5.47086913175	-1764.16633118	
-5.47227067367	-1764.16837499	
-5.47367025403	-1764.17041569	
-5.47506787829	-1764.17245329	
-5.47646355193	-1764.17448778	
-5.47785728038	-1764.17651919	
-5.47924906905	-1764.17854751	
-5.48063892334	-1764.18057274	
-5.48202684862	-1764.18259491	
-5.48341285022	-1764.184614	
-5.48479693349	-1764.18663003	
-5.48617910372	-1764.18864301	
-5.48755936619	-1764.19065294	
-5.48893772616	-1764.19265982	
-5.49031418887	-1764.19466366	
-5.49168875953	-1764.19666447	
-5.49306144334	-1764.19866225	
-5.49443224547	-1764.20065702	
-5.49580117108	-1764.20264877	
-5.49716822529	-1764.20463751	
-5.49853341322	-1764.20662324	
-5.49989673995	-1764.20860599	
-5.50125821054	-1764.21058574	
-5.50261783006	-1764.2125625	
-5.50397560352	-1764.21453629	
-5.50533153593	-1764.2165071	
-5.50668563228	-1764.21847494	
-5.50803789753	-1764.22043982	
-5.50938833663	-1764.22240175	
-5.5107369545	-1764.22436073	
-5.51208375605	-1764.22631676	
-5.51342874616	-1764.22826985	
-5.51477192971	-1764.23022001	
-5.51611331154	-1764.23216724	
-5.51745289646	-1764.23411155	
-5.51879068931	-1764.23605295	
-5.52012669485	-1764.23799143	
-5.52146091786	-1764.23992702	
-5.5227933631	-1764.2418597	
-5.52412403528	-1764.24378949	
-5.52545293913	-1764.24571639	
-5.52678007934	-1764.2476404	
-5.52810546058	-1764.24956155	
-5.52942908751	-1764.25147982	
-5.53075096477	-1764.25339522	
-5.53207109697	-1764.25530777	
-5.53338948873	-1764.25721746	
-5.53470614461	-1764.25912431	
-5.53602106919	-1764.26102831	
-5.53733426702	-1764.26292947	
-5.53864574262	-1764.2648278	
-5.5399555005	-1764.26672331	
-5.54126354516	-1764.26861599	
-5.54256988107	-1764.27050586	
-5.5438745127	-1764.27239292	
-5.54517744448	-1764.27427717	
-5.54647868084	-1764.27615862	
-5.54777822618	-1764.27803728	
-5.5490760849	-1764.27991315	
-5.55037226136	-1764.28178624	
-5.55166675992	-1764.28365655	
-5.55295958492	-1764.28552408	
-5.55425074069	-1764.28738885	
-5.55554023152	-1764.28925086	
-5.5568280617	-1764.29111011	
-5.55811423551	-1764.29296661	
-5.5593987572	-1764.29482037	
-5.56068163102	-1764.29667138	
-5.56196286117	-1764.29851966	
-5.56324245188	-1764.30036521	
-5.56452040732	-1764.30220803	
-5.56579673168	-1764.30404813	
-5.56707142911	-1764.30588552	
-5.56834450376	-1764.3077202	
-5.56961595975	-1764.30955218	
-5.57088580119	-1764.31138145	
-5.57215403218	-1764.31320803	
-5.57342065679	-1764.31503193	
-5.5746856791	-1764.31685314	
-5.57594910315	-1764.31867167	
-5.57721093297	-1764.32048753	
-5.57847117258	-1764.32230072	
-5.57972982599	-1764.32411125	
-5.58098689718	-1764.32591912	
-5.58224239012	-1764.32772433	
-5.58349630878	-1764.3295269	
-5.5847486571	-1764.33132683	
-5.585999439	-1764.33312411	
-5.5872486584	-1764.33491877	
-5.5884963192	-1764.3367108	
-5.58974242528	-1764.3385002	
-5.59098698051	-1764.34028699	
-5.59222998875	-1764.34207116	
-5.59347145384	-1764.34385273	
-5.5947113796	-1764.34563169	
-5.59594976985	-1764.34740805	
-5.59718662839	-1764.34918182	
-5.598421959	-1764.35095301	
-5.59965576545	-1764.35272161	
-5.60088805149	-1764.35448763	
-5.60211882088	-1764.35625108	
-5.60334807733	-1764.35801196	
-5.60457582457	-1764.35977027	
-5.6058020663	-1764.36152603	
-5.60702680619	-1764.36327923	
-5.60825004793	-1764.36502988	
-5.60947179518	-1764.36677799	
-5.61069205159	-1764.36852356	
-5.61191082078	-1764.37026659	
-5.61312810639	-1764.3720071	
-5.61434391201	-1764.37374508	
-5.61555824124	-1764.37548053	
-5.61677109767	-1764.37721347	
-5.61798248485	-1764.3789439	
-5.61919240636	-1764.38067183	
-5.62040086572	-1764.38239725	
-5.62160786647	-1764.38412017	
-5.62281341212	-1764.38584061	
-5.62401750619	-1764.38755855	
-5.62522015215	-1764.38927401	
-5.6264213535	-1764.39098699	
-5.62762111369	-1764.3926975	
-5.62881943618	-1764.39440554	
-5.63001632442	-1764.39611112	
-5.63121178182	-1764.39781423	
-5.63240581181	-1764.39951489	
-5.6335984178	-1764.4012131	
-5.63478960317	-1764.40290886	
-5.6359793713	-1764.40460218	
-5.63716772557	-1764.40629307	
-5.63835466933	-1764.40798152	
-5.63954020593	-1764.40966754	
-5.64072433869	-1764.41135114	
-5.64190707094	-1764.41303232	
-5.64308840598	-1764.41471109	
-5.64426834712	-1764.41638744	
-5.64544689764	-1764.41806139	
-5.64662406082	-1764.41973294	
-5.64779983991	-1764.4214021	
-5.64897423816	-1764.42306886	
-5.65014725882	-1764.42473323	
-5.65131890512	-1764.42639522	
-5.65248918027	-1764.42805483	
-5.65365808747	-1764.42971206	
-5.65482562993	-1764.43136693	
-5.65599181082	-1764.43301943	
-5.65715663332	-1764.43466957	
-5.65832010058	-1764.43631735	
-5.65948221576	-1764.43796277	
-5.660642982	-1764.43960585	
-5.66180240242	-1764.44124659	
-5.66296048014	-1764.44288499	
-5.66411721826	-1764.44452105	
-5.66527261989	-1764.44615478	
-5.66642668811	-1764.44778618	
-5.66757942599	-1764.44941526	
-5.6687308366	-1764.45104202	
-5.66988092298	-1764.45266647	
-5.67102968818	-1764.45428861	
-5.67217713524	-1764.45590844	
-5.67332326717	-1764.45752597	
-5.67446808699	-1764.45914121	
-5.67561159769	-1764.46075415	
-5.67675380227	-1764.4623648	
-5.6778947037	-1764.46397317	
-5.67903430497	-1764.46557926	
-5.68017260902	-1764.46718307	
-5.6813096188	-1764.46878461	
-5.68244533727	-1764.47038388	
-5.68357976734	-1764.47198089	
-5.68471291194	-1764.47357564	
-5.68584477397	-1764.47516813	
-5.68697535634	-1764.47675838	
-5.68810466194	-1764.47834637	
-5.68923269364	-1764.47993212	
-5.69035945432	-1764.48151564	
-5.69148494685	-1764.48309691	
-5.69260917406	-1764.48467596	
-5.6937321388	-1764.48625278	
-5.69485384391	-1764.48782738	
-5.69597429221	-1764.48939976	
-5.69709348651	-1764.49096992	
-5.69821142961	-1764.49253788	
-5.69932812431	-1764.49410363	
-5.70044357339	-1764.49566717	
-5.70155777963	-1764.49722852	
-5.7026707458	-1764.49878767	
-5.70378247466	-1764.50034463	
-5.70489296894	-1764.5018994	
-5.70600223139	-1764.50345199	
-5.70711026475	-1764.5050024	
-5.70821707172	-1764.50655064	
-5.70932265503	-1764.50809671	
-5.71042701737	-1764.50964061	
-5.71153016145	-1764.51118234	
-5.71263208993	-1764.51272192	
-5.71373280551	-1764.51425934	
-5.71483231084	-1764.51579461	
-5.71593060859	-1764.51732773	
-5.71702770141	-1764.51885871	
-5.71812359193	-1764.52038755	
-5.71921828279	-1764.52191425	
-5.72031177661	-1764.52343882	
-5.72140407601	-1764.52496127	
-5.72249518359	-1764.52648158	
-5.72358510195	-1764.52799978	
-5.72467383369	-1764.52951586	
-5.72576138137	-1764.53102983	
-5.72684774759	-1764.53254168	
-5.72793293489	-1764.53405144	
-5.72901694583	-1764.53555909	
-5.73009978297	-1764.53706464	
-5.73118144884	-1764.5385681	
-5.73226194598	-1764.54006946	
-5.7333412769	-1764.54156875	
-5.73441944412	-1764.54306594	
-5.73549645015	-1764.54456106	
-5.73657229748	-1764.5460541	
-5.73764698861	-1764.54754507	
-5.73872052602	-1764.54903398	
-5.73979291218	-1764.55052081	
-5.74086414956	-1764.55200559	
-5.74193424062	-1764.55348831	
-5.74300318781	-1764.55496898	
-5.74407099357	-1764.55644759	
-5.74513766034	-1764.55792416	
-5.74620319054	-1764.55939869	
-5.7472675866	-1764.56087118	
-5.74833085092	-1764.56234163	
-5.74939298591	-1764.56381005	
-5.75045399397	-1764.56527645	
-5.75151387748	-1764.56674082	
-5.75257263883	-1764.56820316	
-5.75363028038	-1764.56966349	
-5.75468680452	-1764.57112181	
-5.75574221359	-1764.57257812	
-5.75679650994	-1764.57403242	
-5.75784969593	-1764.57548471	
-5.75890177388	-1764.57693501	
-5.75995274612	-1764.57838331	
-5.76100261499	-1764.57982962	
-5.76205138278	-1764.58127394	
-5.76309905181	-1764.58271627	
-5.76414562438	-1764.58415662	
-5.76519110278	-1764.58559499	
-5.7662354893	-1764.58703139	
-5.76727878622	-1764.58846582	
-5.76832099579	-1764.58989827	
-5.7693621203	-1764.59132877	
-5.770402162	-1764.5927573	
-5.77144112313	-1764.59418387	
-5.77247900594	-1764.59560849	
-5.77351581267	-1764.59703116	
-5.77455154554	-1764.59845188	
-5.77558620679	-1764.59987066	
-5.77661979861	-1764.6012875	
-5.77765232322	-1764.6027024	
-5.77868378283	-1764.60411536	
-5.77971417962	-1764.6055264	
-5.78074351579	-1764.6069355	
-5.78177179352	-1764.60834269	
-5.78279901497	-1764.60974795	
-5.78382518233	-1764.6111513	
-5.78485029774	-1764.61255273	
-5.78587436337	-1764.61395225	
-5.78689738137	-1764.61534987	
-5.78791935386	-1764.61674558	
-5.788940283	-1764.61813939	
-5.7899601709	-1764.61953131	
-5.79097901969	-1764.62092133	
-5.79199683148	-1764.62230946	
-5.79301360838	-1764.6236957	
-5.7940293525	-1764.62508006	
-5.79504406593	-1764.62646254	
-5.79605775077	-1764.62784314	
-5.79707040908	-1764.62922187	
-5.79808204295	-1764.63059872	
-5.79909265446	-1764.63197371	
-5.80010224566	-1764.63334683	
-5.80111081862	-1764.6347181	
-5.80211837538	-1764.6360875	
-5.80312491799	-1764.63745505	
-5.80413044849	-1764.63882075	
-5.80513496892	-1764.6401846	
-5.80613848129	-1764.64154661	
-5.80714098764	-1764.64290677	
-5.80814248998	-1764.6442651	
-5.80914299031	-1764.64562158	
