#Site	lnL	
0	-1.76305490682
1	-1.94594611616
2	-1.45318913098
3	-1.9282829283
4	-5.08373668405
5	-1.45318913098
6	-1.82930291744
7	-8.80897799356
8	-1.60481406009
9	-1.66017109337
10	-6.24730856078
11	-1.45318913098
12	-1.66017109337
13	-6.28446169174
14	-1.69288150775
15	-1.82930291744
16	-1.83404106835
17	-6.32289530628
18	-1.76305490682
19	-9.40251774593
20	-6.44617984509
21	-1.76305490682
22	-5.12879184871
23	-1.54556341538
24	-1.9282829283
25	-1.83404106835
26	-1.54556341538
27	-7.54242375841
28	-2.12652121318
29	-1.45318913098
30	-1.9282829283
31	-2.01819434444
32	-1.54556341538
33	-5.38954785568
34	-5.0732259541
35	-6.44617984509
36	-1.82930291744
37	-5.1846836929
38	-6.62008092413
39	-1.66017109337
40	-7.12379943787
41	-1.54556341538
42	-1.9282829283
43	-2.12652121318
44	-1.45318913098
45	-1.82930291744
46	-2.12652121318
47	-1.69288150775
48	-1.66017109337
49	-1.94594611616
50	-7.47614544429
51	-1.9282829283
52	-2.01819434444
53	-8.04461294987
54	-1.76305490682
55	-2.01819434444
56	-1.54556341538
57	-1.76305490682
58	-2.01819434444
59	-7.21853355982
60	-1.66017109337
61	-2.12652121318
62	-1.69288150775
63	-1.76305490682
64	-1.83404106835
65	-6.31249171719
66	-1.66017109337
67	-2.12652121318
68	-6.64403931789
69	-8.18565091534
70	-5.46840197342
71	-1.69288150775
72	-5.37668717637
73	-2.12652121318
74	-1.69288150775
75	-1.76305490682
76	-2.01819434444
77	-1.69288150775
78	-1.82930291744
79	-6.1914167166
80	-6.32289530628
81	-13.2768956642
82	-1.83404106835
83	-1.45318913098
84	-5.49489684555
85	-1.94594611616
86	-1.54556341538
87	-1.66017109337
88	-2.01819434444
89	-8.24916796194
90	-1.66017109337
91	-6.1914167166
92	-6.6314519623
93	-1.76305490682
94	-4.40167377865
95	-1.69288150775
96	-1.9282829283
97	-1.94594611616
98	-1.45318913098
99	-4.70684506415
100	-2.01819434444
101	-5.62737491593
102	-1.66017109337
103	-1.94594611616
104	-7.20607567187
105	-6.53931745356
106	-5.4874758466
107	-1.69288150775
108	-1.66017109337
109	-8.37678264471
110	-1.60481406009
111	-1.66017109337
112	-2.01819434444
113	-1.45318913098
114	-6.39582989896
115	-5.05266006501
116	-6.39403068242
117	-1.9282829283
118	-6.87368811737
119	-1.54556341538
120	-1.82930291744
121	-2.12652121318
122	-15.5254375015
123	-1.76305490682
124	-2.01819434444
125	-5.62778735718
126	-1.66017109337
127	-1.83404106835
128	-1.54556341538
129	-1.9282829283
130	-5.14697639199
131	-1.54556341538
132	-1.66017109337
133	-1.83404106835
134	-1.45318913098
135	-1.66017109337
136	-1.94594611616
137	-6.44617984509
138	-1.76305490682
139	-1.83404106835
140	-11.9864616336
141	-1.66017109337
142	-1.83404106835
143	-5.61674600456
144	-1.9282829283
145	-6.16420926532
146	-9.30078289502
147	-1.76305490682
148	-4.40167377865
149	-1.45318913098
150	-1.76305490682
151	-1.83404106835
152	-9.70333875921
153	-5.75199793329
154	-7.7097061899
155	-1.60481406009
156	-1.82930291744
157	-2.01819434444
158	-8.22764038034
159	-8.1175108385
160	-1.94594611616
161	-1.69288150775
162	-5.45053201165
163	-6.05010155933
164	-1.60481406009
165	-6.80349736524
166	-1.83404106835
167	-7.21853355982
168	-1.76305490682
169	-5.12879184871
170	-1.60481406009
171	-1.82930291744
172	-6.83504769512
173	-13.1344602165
174	-5.36162776842
175	-2.01819434444
176	-7.20607567187
177	-1.9282829283
178	-6.09603845526
179	-1.60481406009
180	-1.82930291744
181	-2.12652121318
182	-1.54556341538
183	-8.3144145032
184	-1.94594611616
185	-1.54556341538
186	-10.0963086134
187	-1.83404106835
188	-7.3907437903
189	-1.76305490682
190	-1.83404106835
191	-1.60481406009
192	-1.9282829283
193	-1.94594611616
194	-6.32190767525
195	-1.66017109337
196	-1.94594611616
197	-1.54556341538
198	-6.80349736524
199	-5.85544793723
200	-1.54556341538
201	-1.9282829283
202	-1.83404106835
203	-7.46852838534
204	-5.38954785568
205	-2.12652121318
206	-1.45318913098
207	-1.9282829283
208	-9.41751749161
209	-1.45318913098
210	-1.66017109337
211	-2.01819434444
212	-1.54556341538
213	-1.66017109337
214	-5.12879184871
215	-11.240691575
216	-1.76305490682
217	-17.4819418012
218	-1.60481406009
219	-1.76305490682
220	-4.40167377865
221	-7.33686897624
222	-1.76305490682
223	-6.03457419555
224	-1.69288150775
225	-1.9282829283
226	-2.12652121318
227	-1.69288150775
228	-8.72669110826
229	-6.1914167166
230	-7.39349863589
231	-1.9282829283
232	-5.05266006501
233	-1.69288150775
234	-1.66017109337
235	-10.1835646161
236	-9.30637789407
237	-1.9282829283
238	-1.94594611616
239	-6.6314519623
240	-9.56564272947
241	-5.4874758466
242	-1.69288150775
243	-1.9282829283
244	-1.83404106835
245	-6.32289530628
246	-1.76305490682
247	-2.01819434444
248	-7.99347747036
249	-1.9282829283
250	-1.94594611616
251	-1.60481406009
252	-1.76305490682
253	-5.42604463564
254	-5.62778735718
255	-1.76305490682
256	-2.01819434444
257	-1.69288150775
258	-1.76305490682
259	-5.42604463564
260	-1.45318913098
261	-1.76305490682
262	-1.83404106835
263	-1.60481406009
264	-1.9282829283
265	-2.12652121318
266	-1.54556341538
267	-1.9282829283
268	-7.82025737824
269	-5.62517037896
270	-1.82930291744
271	-9.39886681174
272	-7.33230788917
273	-1.76305490682
274	-2.01819434444
275	-5.62778735718
276	-1.82930291744
277	-2.01819434444
278	-8.24916796194
279	-1.9282829283
280	-1.83404106835
281	-1.45318913098
282	-1.9282829283
283	-5.09531841094
284	-7.702195686
285	-1.82930291744
286	-1.83404106835
287	-7.39349863589
288	-4.71485544827
289	-5.42604463564
290	-5.61674600456
291	-6.39582989896
292	-1.83404106835
293	-1.45318913098
294	-1.66017109337
295	-2.12652121318
296	-7.21899694387
297	-1.82930291744
298	-5.40381231467
299	-1.60481406009
300	-1.9282829283
301	-1.94594611616
302	-16.8856116567
303	-8.54145890187
304	-1.83404106835
305	-1.60481406009
306	-1.82930291744
307	-1.94594611616
308	-6.6437088272
309	-1.76305490682
310	-1.94594611616
311	-1.69288150775
312	-1.82930291744
313	-1.83404106835
314	-6.64403931789
315	-1.9282829283
316	-2.01819434444
317	-1.54556341538
318	-4.72288857006
319	-6.51051193345
320	-1.45318913098
321	-1.76305490682
322	-7.74073153453
323	-8.87601529419
324	-1.9282829283
325	-5.84209230317
326	-1.69288150775
327	-1.66017109337
328	-6.03457419555
329	-1.54556341538
330	-1.82930291744
331	-1.94594611616
332	-7.41263654115
333	-1.76305490682
334	-2.01819434444
335	-1.69288150775
336	-1.9282829283
337	-1.94594611616
338	-1.45318913098
339	-1.66017109337
340	-6.95485236061
341	-1.60481406009
342	-1.82930291744
343	-6.05010155933
344	-1.60481406009
345	-5.51406911602
346	-1.83404106835
347	-1.60481406009
348	-5.72971886519
349	-2.01819434444
350	-6.31249171719
351	-1.66017109337
352	-1.83404106835
353	-1.69288150775
354	-1.9282829283
355	-1.83404106835
356	-6.6314519623
357	-5.38356480845
358	-1.94594611616
359	-1.69288150775
360	-5.37668717637
361	-1.83404106835
362	-1.45318913098
363	-1.76305490682
364	-2.12652121318
365	-1.54556341538
366	-1.66017109337
367	-4.43755645397
368	-1.45318913098
369	-1.82930291744
370	-1.83404106835
371	-7.16169685885
372	-6.15204589814
373	-6.28446169174
374	-1.60481406009
375	-5.49489684555
376	-1.83404106835
377	-7.64326049025
378	-1.82930291744
379	-6.09603845526
380	-11.1062230152
381	-11.88604444
382	-1.83404106835
383	-5.61674600456
384	-1.9282829283
385	-2.01819434444
386	-5.61674600456
387	-1.66017109337
388	-2.01819434444
389	-1.60481406009
390	-1.66017109337
391	-10.1468352469
392	-1.69288150775
393	-12.4325187453
394	-1.94594611616
395	-1.69288150775
396	-11.8094759124
397	-1.94594611616
398	-7.21535225377
399	-1.82930291744
400	-1.94594611616
401	-1.54556341538
402	-5.36162776842
403	-5.12879184871
404	-6.45240565544
405	-5.71084580801
406	-4.42498228241
407	-1.69288150775
408	-1.76305490682
409	-6.1914167166
410	-1.60481406009
411	-5.37668717637
412	-2.01819434444
413	-1.45318913098
414	-6.39582989896
415	-2.01819434444
416	-1.60481406009
417	-1.76305490682
418	-1.83404106835
419	-1.54556341538
420	-1.76305490682
421	-5.05266006501
422	-6.62642370047
423	-5.71084580801
424	-6.03457419555
425	-5.62517037896
426	-5.74011935773
427	-2.01819434444
428	-6.32190767525
429	-5.36162776842
430	-5.1846836929
431	-1.69288150775
432	-1.76305490682
433	-5.14697639199
434	-1.54556341538
435	-1.82930291744
436	-1.83404106835
437	-1.69288150775
438	-1.82930291744
439	-6.80235791208
440	-1.60481406009
441	-1.66017109337
442	-1.94594611616
443	-1.69288150775
444	-1.82930291744
445	-2.12652121318
446	-1.45318913098
447	-5.43900500137
448	-1.83404106835
449	-7.10326098759
450	-1.82930291744
451	-7.83472797791
452	-7.3907437903
453	-1.82930291744
454	-1.94594611616
455	-1.54556341538
456	-1.66017109337
457	-1.83404106835
458	-1.54556341538
459	-1.66017109337
460	-5.0732259541
461	-15.0863877264
462	-5.7497059191
463	-2.01819434444
464	-6.6437088272
465	-1.66017109337
466	-2.12652121318
467	-6.64403931789
468	-1.76305490682
469	-5.0732259541
470	-1.69288150775
