#Site	lnL	
0	-1.65328031192
1	-2.1861262466
2	-12.5310379764
3	-1.50934058733
4	-5.80997693526
5	-1.59738785188
6	-9.36089444968
7	-8.60862417296
8	-1.75284763306
9	-1.65328031192
10	-1.89170966789
11	-1.50753070911
12	-1.75020612232
13	-2.00039971043
14	-7.81824345728
15	-1.65328031192
16	-1.89170966789
17	-1.50753070911
18	-1.50934058733
19	-2.1861262466
20	-1.37474705488
21	-6.15881913288
22	-9.07875148168
23	-1.59738785188
24	-5.82235202144
25	-2.00039971043
26	-1.50753070911
27	-1.50934058733
28	-2.00039971043
29	-7.15356748169
30	-1.50934058733
31	-5.10945024902
32	-1.50753070911
33	-1.65328031192
34	-5.55697276611
35	-1.59738785188
36	-1.65328031192
37	-2.00039971043
38	-1.37474705488
39	-1.50934058733
40	-6.96183483001
41	-1.37474705488
42	-1.75020612232
43	-5.10945024902
44	-1.37474705488
45	-1.65328031192
46	-2.1861262466
47	-1.50753070911
48	-6.04337466673
49	-7.93897168903
50	-5.32284734432
51	-1.91700629974
52	-2.1861262466
53	-1.50753070911
54	-1.65328031192
55	-1.72925611717
56	-1.59738785188
57	-1.91700629974
58	-1.72925611717
59	-1.37474705488
60	-1.91700629974
61	-2.00039971043
62	-1.50753070911
63	-1.50934058733
64	-1.89170966789
65	-1.37474705488
66	-1.65328031192
67	-6.31407240115
68	-5.86746687541
69	-1.65328031192
70	-4.42382632477
71	-9.94293117539
72	-1.75020612232
73	-2.1861262466
74	-1.50753070911
75	-10.9836187257
76	-2.00039971043
77	-6.57986598715
78	-1.65328031192
79	-1.72925611717
80	-1.50753070911
81	-1.75020612232
82	-5.66590550615
83	-7.0713731592
84	-1.65328031192
85	-10.0829273856
86	-1.50753070911
87	-1.75020612232
88	-1.72925611717
89	-1.59738785188
90	-1.50934058733
91	-6.1588116356
92	-6.67348501897
93	-1.75020612232
94	-7.0440291525
95	-1.59738785188
96	-1.50934058733
97	-2.1861262466
98	-6.58580287736
99	-1.50934058733
100	-2.00039971043
101	-1.59738785188
102	-1.50934058733
103	-4.4580028795
104	-6.66380108946
105	-1.75020612232
106	-2.00039971043
107	-1.37474705488
108	-1.65328031192
109	-6.57151519602
110	-8.48392222686
111	-1.91700629974
112	-6.55085534276
113	-5.32284734432
114	-1.91700629974
115	-7.81842697675
116	-1.50753070911
117	-5.30535461178
118	-6.71657513744
119	-6.93913412986
120	-1.50934058733
121	-2.1861262466
122	-1.59738785188
123	-1.65328031192
124	-2.1861262466
125	-1.37474705488
126	-5.8357501621
127	-5.79279095512
128	-1.59738785188
129	-1.75020612232
130	-5.76693453811
131	-1.75284763306
132	-1.75020612232
133	-2.00039971043
134	-1.75284763306
135	-1.91700629974
136	-1.89170966789
137	-1.50753070911
138	-1.65328031192
139	-5.10945024902
140	-1.75284763306
141	-1.65328031192
142	-2.1861262466
143	-7.44699819569
144	-6.12891240662
145	-4.92567835731
146	-11.0881867819
147	-1.65328031192
148	-1.89170966789
149	-5.31636248599
150	-1.75020612232
151	-2.1861262466
152	-5.32284734432
153	-5.88058580596
154	-2.1861262466
155	-1.37474705488
156	-1.50934058733
157	-2.00039971043
158	-9.88729675066
159	-1.75020612232
160	-2.1861262466
161	-11.4384208627
162	-1.91700629974
163	-2.00039971043
164	-10.0580896293
165	-1.50934058733
166	-1.72925611717
167	-1.37474705488
168	-9.3685391293
169	-1.72925611717
170	-1.59738785188
171	-1.50934058733
172	-2.00039971043
173	-5.84770632491
174	-10.3787039223
175	-1.89170966789
176	-1.50753070911
177	-1.75020612232
178	-4.92567835731
179	-1.37474705488
180	-5.82182722947
181	-4.51596777721
182	-6.37330621432
183	-1.91700629974
184	-4.92567835731
185	-6.67348501897
186	-1.50934058733
187	-4.43597289125
188	-5.31636248599
189	-1.50934058733
190	-12.7281570455
191	-6.33196132678
192	-4.80216414415
193	-4.98848442393
194	-7.42861021243
195	-1.50934058733
196	-2.1861262466
197	-1.37474705488
198	-6.14743570643
199	-1.72925611717
200	-1.75284763306
201	-1.75020612232
202	-1.72925611717
203	-6.50230380888
204	-1.65328031192
205	-5.1916445715
206	-1.59738785188
207	-5.82235202144
208	-2.00039971043
209	-1.37474705488
210	-6.17279064546
211	-5.45209664177
212	-1.37474705488
213	-1.91700629974
214	-2.00039971043
215	-5.84770632491
216	-7.19003722312
217	-2.1861262466
218	-1.59738785188
219	-1.75020612232
220	-1.89170966789
221	-5.35575888302
222	-1.75020612232
223	-4.92431101241
224	-1.75284763306
225	-5.31422527427
226	-1.72925611717
227	-5.31636248599
228	-1.50934058733
229	-1.89170966789
230	-1.59738785188
231	-7.03136267904
232	-6.59785407403
233	-5.83737149424
234	-1.75020612232
235	-1.89170966789
236	-1.50753070911
237	-6.17279064546
238	-4.94102083649
239	-1.50753070911
240	-1.91700629974
241	-2.1861262466
242	-1.50753070911
243	-1.50934058733
244	-1.89170966789
245	-1.37474705488
246	-5.50970236503
247	-2.1861262466
248	-5.84770632491
249	-1.91700629974
250	-6.59374247133
251	-1.37474705488
252	-5.35104161329
253	-7.788120243
254	-1.37474705488
255	-5.52805490194
256	-4.92567835731
257	-1.37474705488
258	-6.05471404917
259	-4.4580028795
260	-1.37474705488
261	-1.65328031192
262	-2.1861262466
263	-1.50753070911
264	-1.91700629974
265	-2.00039971043
266	-7.48178499921
267	-1.50934058733
268	-1.89170966789
269	-1.59738785188
270	-8.77523421802
271	-1.89170966789
272	-6.13096175634
273	-1.91700629974
274	-6.85303387267
275	-1.59738785188
276	-1.91700629974
277	-1.89170966789
278	-1.37474705488
279	-9.26719274923
280	-1.72925611717
281	-1.37474705488
282	-1.75020612232
283	-6.55345851857
284	-1.59738785188
285	-1.75020612232
286	-1.72925611717
287	-7.78277128269
288	-1.65328031192
289	-8.72066218751
290	-1.37474705488
291	-5.35104161329
292	-2.00039971043
293	-1.59738785188
294	-6.90613725234
295	-6.55238581324
296	-6.66380108946
297	-1.91700629974
298	-2.00039971043
299	-7.81824345728
300	-1.91700629974
301	-1.89170966789
302	-1.75284763306
303	-1.65328031192
304	-4.51596777721
305	-7.77660114235
306	-1.75020612232
307	-4.51596777721
308	-1.50753070911
309	-8.5009338466
310	-2.00039971043
311	-1.50753070911
312	-1.91700629974
313	-1.89170966789
314	-1.37474705488
315	-1.65328031192
316	-2.1861262466
317	-6.42010948639
318	-1.50934058733
319	-4.42382632477
320	-1.37474705488
321	-4.79918423778
322	-2.1861262466
323	-6.66665984357
324	-6.90613725234
325	-1.72925611717
326	-15.028151432
327	-1.50934058733
328	-1.72925611717
329	-1.50753070911
330	-6.66352533084
331	-1.72925611717
332	-1.75284763306
333	-1.50934058733
334	-1.72925611717
335	-1.50753070911
336	-1.65328031192
337	-1.72925611717
338	-1.50753070911
339	-5.96790910388
340	-1.72925611717
341	-7.48879010691
342	-1.75020612232
343	-5.6247995375
344	-10.4567383159
345	-1.75020612232
346	-5.55697276611
347	-6.67770824886
348	-1.91700629974
349	-7.58303733562
350	-20.6110628885
351	-1.65328031192
352	-2.00039971043
353	-1.50753070911
354	-5.30535461178
355	-1.89170966789
356	-1.50753070911
357	-1.75020612232
358	-6.65797137523
359	-6.67391906259
360	-1.65328031192
361	-9.77628124399
362	-1.37474705488
363	-6.96644693346
364	-2.00039971043
365	-8.55305508759
366	-1.50934058733
367	-11.0175661527
368	-1.50753070911
369	-1.65328031192
370	-6.57151519602
371	-1.59738785188
372	-1.75020612232
373	-1.72925611717
374	-7.43971263952
375	-1.50934058733
376	-6.55238581324
377	-1.37474705488
378	-1.50934058733
379	-6.55345851857
380	-1.50753070911
381	-1.65328031192
382	-6.13809981661
383	-5.86746687541
384	-1.65328031192
385	-6.55238581324
386	-1.50753070911
387	-5.88058580596
388	-4.92431101241
389	-1.50753070911
390	-1.91700629974
391	-13.2979307935
392	-1.50753070911
393	-1.65328031192
394	-1.89170966789
395	-8.67882333748
396	-6.15927315559
397	-7.67546721354
398	-9.70850899014
399	-1.65328031192
400	-2.00039971043
401	-1.59738785188
402	-1.91700629974
403	-2.00039971043
404	-5.83737149424
405	-1.91700629974
406	-1.89170966789
407	-1.59738785188
408	-5.30535461178
409	-1.72925611717
410	-6.13096175634
411	-8.67133286676
412	-5.76693453811
413	-9.75224112509
414	-1.65328031192
415	-4.92431101241
416	-7.44723366738
417	-4.8539604711
418	-2.1861262466
419	-1.37474705488
420	-1.91700629974
421	-10.3365682365
422	-6.67770824886
423	-1.91700629974
424	-1.72925611717
425	-1.59738785188
426	-1.50934058733
427	-1.72925611717
428	-1.75284763306
429	-7.34823185047
430	-1.72925611717
431	-1.75284763306
432	-1.65328031192
433	-2.00039971043
434	-1.37474705488
435	-1.65328031192
436	-1.72925611717
437	-1.37474705488
438	-1.75020612232
439	-5.1916445715
440	-1.75284763306
441	-1.65328031192
442	-2.1861262466
443	-7.85343565184
444	-1.50934058733
445	-5.76693453811
446	-1.37474705488
447	-1.75020612232
448	-4.92567835731
449	-1.37474705488
450	-1.50934058733
451	-1.72925611717
452	-5.83264677709
453	-1.91700629974
454	-1.72925611717
455	-6.04876743385
456	-1.65328031192
457	-1.89170966789
458	-1.37474705488
459	-1.65328031192
460	-5.10945024902
461	-1.75284763306
462	-6.66352533084
463	-2.00039971043
464	-8.5427263699
465	-1.65328031192
466	-5.66590550615
467	-17.4655108915
468	-1.50934058733
469	-11.0627284077
470	-1.37474705488
