#Site	lnL	
0	-7.12224854449
1	-2.27123475208
2	-2.27098733299
3	-2.18633496469
4	-1.98270681777
5	-2.26708404199
6	-1.90405189202
7	-1.98270681777
8	-8.87988974752
9	-2.18633496469
10	-6.87775766114
11	-2.27098733299
12	-2.18633496469
13	-5.5935651408
14	-2.27098733299
15	-6.43246037676
16	-5.5935651408
17	-4.83417658956
18	-1.95058817591
19	-7.02486826528
20	-4.88268650232
21	-5.77626449049
22	-2.03001357415
23	-10.6984915906
24	-5.90341944513
25	-1.98270681777
26	-2.02634660765
27	-1.95058817591
28	-1.98270681777
29	-6.63481412821
30	-1.95058817591
31	-2.27123475208
32	-2.26708404199
33	-6.51769293613
34	-6.87589930455
35	-2.26708404199
36	-1.90405189202
37	-2.27123475208
38	-5.69820925755
39	-5.60430828676
40	-9.83421480499
41	-2.26708404199
42	-5.86746249261
43	-4.84136854239
44	-6.63481412821
45	-6.89817978028
46	-4.87744966461
47	-2.27098733299
48	-5.01169544821
49	-5.5935651408
50	-8.58201651738
51	-5.01169544821
52	-2.27508640572
53	-2.27098733299
54	-5.60201890864
55	-2.27508640572
56	-2.02634660765
57	-6.66669605318
58	-1.98270681777
59	-2.26708404199
60	-1.90405189202
61	-2.27508640572
62	-1.97907593746
63	-2.18633496469
64	-2.27508640572
65	-2.02634660765
66	-2.18136000641
67	-1.98270681777
68	-1.97907593746
69	-2.18633496469
70	-2.03001357415
71	-5.92345519991
72	-1.95058817591
73	-2.27123475208
74	-2.26708404199
75	-2.18136000641
76	-2.27508640572
77	-5.65574268571
78	-2.18136000641
79	-1.98270681777
80	-2.26708404199
81	-2.18136000641
82	-1.98270681777
83	-1.97907593746
84	-1.90405189202
85	-5.6725435171
86	-2.26708404199
87	-2.18633496469
88	-4.84136854239
89	-8.06396359698
90	-1.90405189202
91	-7.67443267997
92	-6.40215536542
93	-2.18136000641
94	-2.27508640572
95	-6.2963316886
96	-1.90405189202
97	-5.64828467509
98	-2.26708404199
99	-4.92738669788
100	-2.27123475208
101	-1.97907593746
102	-1.95058817591
103	-2.03001357415
104	-5.65431697921
105	-1.90405189202
106	-2.27508640572
107	-2.02634660765
108	-1.95058817591
109	-7.96572135793
110	-2.02634660765
111	-1.90405189202
112	-6.42323455726
113	-6.39947499902
114	-2.18136000641
115	-1.98270681777
116	-2.27098733299
117	-2.18136000641
118	-1.98270681777
119	-7.26552620968
120	-2.18136000641
121	-4.87744966461
122	-2.02634660765
123	-1.95058817591
124	-2.27123475208
125	-2.02634660765
126	-1.95058817591
127	-1.98270681777
128	-2.26708404199
129	-1.95058817591
130	-2.27123475208
131	-6.38373782059
132	-1.95058817591
133	-2.03001357415
134	-5.65574268571
135	-2.18633496469
136	-2.27508640572
137	-2.27098733299
138	-10.5749197484
139	-5.72939567627
140	-2.27098733299
141	-1.90405189202
142	-2.27123475208
143	-1.97907593746
144	-1.95058817591
145	-2.27123475208
146	-1.97907593746
147	-1.95058817591
148	-6.48489173773
149	-9.68094971251
150	-2.18136000641
151	-6.39612129389
152	-7.26552620968
153	-1.95058817591
154	-5.5935651408
155	-2.02634660765
156	-8.77852073104
157	-5.68498691709
158	-2.27098733299
159	-1.95058817591
160	-7.50788498656
161	-1.97907593746
162	-2.18136000641
163	-1.98270681777
164	-2.26708404199
165	-6.55380300903
166	-1.98270681777
167	-6.63481412821
168	-2.18136000641
169	-5.69306681889
170	-2.26708404199
171	-9.26890051417
172	-2.27508640572
173	-5.69820925755
174	-1.90405189202
175	-2.27123475208
176	-2.27098733299
177	-8.78158753338
178	-2.27123475208
179	-4.88268650232
180	-2.18136000641
181	-11.0180034924
182	-1.97907593746
183	-5.77626449049
184	-2.03001357415
185	-1.97907593746
186	-6.4616129836
187	-5.5935651408
188	-2.26708404199
189	-6.06171828153
190	-2.03001357415
191	-4.79115870865
192	-2.18633496469
193	-6.28719429774
194	-2.02634660765
195	-1.95058817591
196	-6.53038623408
197	-1.97907593746
198	-2.18633496469
199	-2.27123475208
200	-2.02634660765
201	-1.95058817591
202	-6.3782577456
203	-6.39947499902
204	-1.95058817591
205	-5.64513646678
206	-6.29294421237
207	-1.95058817591
208	-2.03001357415
209	-5.678608126
210	-2.18633496469
211	-8.95216763188
212	-4.83417658956
213	-1.95058817591
214	-6.60380403446
215	-2.02634660765
216	-5.82521885264
217	-1.98270681777
218	-2.02634660765
219	-2.18633496469
220	-2.03001357415
221	-2.26708404199
222	-6.81092525342
223	-2.27123475208
224	-1.97907593746
225	-2.18633496469
226	-2.03001357415
227	-8.72613852722
228	-2.18633496469
229	-5.65020868895
230	-1.97907593746
231	-2.18136000641
232	-1.98270681777
233	-5.92345519991
234	-2.18633496469
235	-5.72939567627
236	-2.02634660765
237	-1.95058817591
238	-2.03001357415
239	-1.97907593746
240	-5.82471356774
241	-5.6725435171
242	-1.97907593746
243	-1.90405189202
244	-2.03001357415
245	-4.84693227391
246	-6.4616129836
247	-2.27123475208
248	-1.97907593746
249	-2.18633496469
250	-6.42323455726
251	-4.79115870865
252	-1.95058817591
253	-2.03001357415
254	-4.84693227391
255	-1.90405189202
256	-2.27123475208
257	-2.27098733299
258	-1.90405189202
259	-2.27508640572
260	-2.26708404199
261	-2.18136000641
262	-5.64828467509
263	-2.26708404199
264	-1.90405189202
265	-2.27508640572
266	-1.97907593746
267	-7.16709535522
268	-2.27508640572
269	-2.02634660765
270	-2.18136000641
271	-2.27508640572
272	-6.42830366384
273	-9.11352516533
274	-1.98270681777
275	-7.93238029948
276	-2.18633496469
277	-2.27123475208
278	-2.02634660765
279	-1.95058817591
280	-2.27123475208
281	-2.27098733299
282	-1.95058817591
283	-2.27508640572
284	-4.79115870865
285	-6.43517269667
286	-6.42323455726
287	-1.97907593746
288	-2.18633496469
289	-2.27508640572
290	-1.97907593746
291	-1.95058817591
292	-2.27123475208
293	-14.5069654521
294	-8.46920278506
295	-2.27508640572
296	-4.79115870865
297	-1.95058817591
298	-5.64513646678
299	-1.97907593746
300	-8.10631013525
301	-1.98270681777
302	-1.97907593746
303	-7.16660009141
304	-2.27508640572
305	-5.65431697921
306	-1.90405189202
307	-7.31018754656
308	-2.02634660765
309	-7.83073702069
310	-2.03001357415
311	-14.82085915
312	-5.79080936689
313	-2.27508640572
314	-1.97907593746
315	-1.95058817591
316	-1.98270681777
317	-8.76464718312
318	-1.90405189202
319	-8.52642161789
320	-7.97126100013
321	-1.95058817591
322	-1.98270681777
323	-10.5638584359
324	-1.90405189202
325	-2.27123475208
326	-2.27098733299
327	-1.95058817591
328	-2.03001357415
329	-1.97907593746
330	-1.90405189202
331	-2.27508640572
332	-4.79115870865
333	-1.90405189202
334	-7.72640708343
335	-1.97907593746
336	-8.78158753338
337	-6.29061497899
338	-8.76464718312
339	-2.18136000641
340	-2.27123475208
341	-2.27098733299
342	-1.95058817591
343	-2.27508640572
344	-5.65023186802
345	-2.18136000641
346	-6.28719429774
347	-2.02634660765
348	-1.90405189202
349	-2.27508640572
350	-10.607702477
351	-1.95058817591
352	-1.98270681777
353	-2.02634660765
354	-1.90405189202
355	-1.98270681777
356	-1.97907593746
357	-2.18633496469
358	-2.27123475208
359	-8.17429399156
360	-2.18136000641
361	-1.98270681777
362	-13.4772614608
363	-15.2039508729
364	-1.98270681777
365	-11.3433738867
366	-2.18633496469
367	-2.03001357415
368	-2.26708404199
369	-1.90405189202
370	-8.13033391628
371	-5.45946844517
372	-1.90405189202
373	-11.4407159447
374	-5.45946844517
375	-1.90405189202
376	-8.16880305101
377	-10.607702477
378	-5.01169544821
379	-1.98270681777
380	-1.97907593746
381	-12.4948222808
382	-2.27508640572
383	-5.45946844517
384	-6.50506567501
385	-1.98270681777
386	-7.67206212022
387	-1.95058817591
388	-6.76704056132
389	-5.65023186802
390	-2.18136000641
391	-1.98270681777
392	-9.5986127565
393	-2.18633496469
394	-10.4310849339
395	-2.27098733299
396	-1.90405189202
397	-10.6736783023
398	-1.97907593746
399	-4.92738669788
400	-2.03001357415
401	-2.26708404199
402	-1.90405189202
403	-2.27508640572
404	-2.27098733299
405	-2.18633496469
406	-1.98270681777
407	-6.38059370141
408	-2.18136000641
409	-2.03001357415
410	-2.26708404199
411	-1.95058817591
412	-6.87775766114
413	-6.40215536542
414	-6.51769293613
415	-2.03001357415
416	-2.26708404199
417	-5.79971634864
418	-6.28719429774
419	-2.02634660765
420	-6.70463878312
421	-2.03001357415
422	-8.063910003
423	-2.18136000641
424	-2.03001357415
425	-2.27098733299
426	-2.18136000641
427	-1.98270681777
428	-4.79115870865
429	-5.01169544821
430	-1.98270681777
431	-7.72541919257
432	-1.90405189202
433	-2.27508640572
434	-1.97907593746
435	-1.95058817591
436	-2.03001357415
437	-5.69820925755
438	-2.18136000641
439	-12.2162491256
440	-7.67786054787
441	-5.90341944513
442	-8.2207377569
443	-1.97907593746
444	-2.18136000641
445	-1.98270681777
446	-1.97907593746
447	-2.18633496469
448	-1.98270681777
449	-1.97907593746
450	-1.95058817591
451	-4.84136854239
452	-4.88268650232
453	-2.18136000641
454	-2.27508640572
455	-2.27098733299
456	-5.85176698595
457	-6.56934312132
458	-5.678608126
459	-5.79080936689
460	-4.87744966461
461	-19.6917177947
462	-6.06515993261
463	-1.98270681777
464	-2.02634660765
465	-1.90405189202
466	-2.27508640572
467	-2.02634660765
468	-2.18136000641
469	-2.03001357415
470	-5.59913162101
