#Site	lnL	
0	-1.56527197852
1	-2.21399704322
2	-1.93520779422
3	-1.56527197852
4	-1.66126039582
5	-1.43613900648
6	-1.48414454644
7	-2.00221051508
8	-6.68987145611
9	-1.79463337656
10	-1.75295343615
11	-1.93520779422
12	-1.56527197852
13	-6.26814969276
14	-1.51441410706
15	-1.48414454644
16	-7.13032486586
17	-12.5269324531
18	-1.99453996518
19	-1.66126039582
20	-1.51441410706
21	-4.88024510196
22	-7.13032486586
23	-4.91895117211
24	-5.92631177918
25	-2.21399704322
26	-5.02617915055
27	-1.79463337656
28	-5.61109164232
29	-12.2476754548
30	-1.48414454644
31	-6.85621352562
32	-6.67333992779
33	-1.48414454644
34	-6.07285776339
35	-1.73845186366
36	-5.09092352978
37	-1.66126039582
38	-5.06545067065
39	-4.92785733593
40	-1.75295343615
41	-9.73824758764
42	-1.56527197852
43	-1.75295343615
44	-1.51441410706
45	-1.48414454644
46	-2.21399704322
47	-5.45674919276
48	-1.48414454644
49	-1.66126039582
50	-1.51441410706
51	-1.48414454644
52	-2.21399704322
53	-1.93520779422
54	-1.79463337656
55	-1.75295343615
56	-1.51441410706
57	-1.79463337656
58	-2.00221051508
59	-1.51441410706
60	-1.48414454644
61	-4.45337569048
62	-7.06058545768
63	-10.4779893738
64	-7.13201877974
65	-1.93520779422
66	-1.79463337656
67	-4.93088557084
68	-6.64973397411
69	-1.48414454644
70	-1.66126039582
71	-1.43613900648
72	-1.99453996518
73	-2.00221051508
74	-1.51441410706
75	-1.48414454644
76	-1.75295343615
77	-1.51441410706
78	-1.99453996518
79	-5.45411660828
80	-6.12118676454
81	-1.48414454644
82	-1.66126039582
83	-1.93520779422
84	-5.92631177918
85	-5.93932787389
86	-11.6166836607
87	-1.56527197852
88	-6.26814969276
89	-11.5088744615
90	-1.48414454644
91	-4.73180024847
92	-9.47568399289
93	-4.92785733593
94	-6.35539933786
95	-1.73845186366
96	-1.48414454644
97	-1.66126039582
98	-1.73845186366
99	-1.99453996518
100	-6.25969763137
101	-1.93520779422
102	-1.48414454644
103	-1.66126039582
104	-1.51441410706
105	-1.56527197852
106	-1.66126039582
107	-1.93520779422
108	-1.99453996518
109	-1.75295343615
110	-1.43613900648
111	-1.79463337656
112	-5.81025425165
113	-1.43613900648
114	-7.07940419401
115	-1.75295343615
116	-7.68657924378
117	-4.79753906194
118	-2.00221051508
119	-6.5339161074
120	-1.79463337656
121	-2.21399704322
122	-5.23956909087
123	-1.56527197852
124	-6.58365836626
125	-1.93520779422
126	-6.16086636641
127	-6.49474900819
128	-6.65102551399
129	-1.56527197852
130	-1.75295343615
131	-6.65102551399
132	-1.56527197852
133	-2.21399704322
134	-1.43613900648
135	-6.52270792437
136	-4.49035502217
137	-1.93520779422
138	-1.79463337656
139	-1.66126039582
140	-1.93520779422
141	-5.07913562864
142	-1.66126039582
143	-1.51441410706
144	-6.66463171338
145	-1.75295343615
146	-5.45674919276
147	-6.29932306389
148	-5.69640304045
149	-1.43613900648
150	-4.79753906194
151	-2.00221051508
152	-5.42892133866
153	-1.99453996518
154	-2.21399704322
155	-1.51441410706
156	-4.88024510196
157	-8.47101688805
158	-1.51441410706
159	-1.48414454644
160	-5.77910953784
161	-1.73845186366
162	-1.48414454644
163	-2.00221051508
164	-6.21706716563
165	-1.48414454644
166	-5.81025425165
167	-6.12118676454
168	-1.48414454644
169	-5.45411660828
170	-7.35836456385
171	-1.56527197852
172	-1.66126039582
173	-1.43613900648
174	-1.56527197852
175	-1.75295343615
176	-1.93520779422
177	-1.48414454644
178	-2.21399704322
179	-1.51441410706
180	-1.99453996518
181	-1.75295343615
182	-6.10610079237
183	-1.56527197852
184	-1.66126039582
185	-1.73845186366
186	-1.79463337656
187	-1.66126039582
188	-1.51441410706
189	-1.48414454644
190	-1.66126039582
191	-1.51441410706
192	-8.64954177785
193	-1.66126039582
194	-1.73845186366
195	-1.99453996518
196	-1.66126039582
197	-6.97381101428
198	-1.56527197852
199	-1.75295343615
200	-6.5339161074
201	-1.79463337656
202	-1.75295343615
203	-1.51441410706
204	-5.07913562864
205	-8.07384932634
206	-1.73845186366
207	-1.56527197852
208	-2.00221051508
209	-1.51441410706
210	-6.60686088373
211	-1.75295343615
212	-11.9023265468
213	-5.92631177918
214	-8.54966816733
215	-1.73845186366
216	-1.48414454644
217	-6.69995848103
218	-1.51441410706
219	-1.79463337656
220	-1.75295343615
221	-5.02617915055
222	-1.79463337656
223	-12.2739224055
224	-1.51441410706
225	-4.79753906194
226	-1.66126039582
227	-1.93520779422
228	-5.92631177918
229	-1.75295343615
230	-1.51441410706
231	-1.56527197852
232	-1.66126039582
233	-1.51441410706
234	-1.48414454644
235	-4.98659292377
236	-1.43613900648
237	-1.79463337656
238	-1.75295343615
239	-6.75744523249
240	-1.48414454644
241	-2.21399704322
242	-1.51441410706
243	-1.48414454644
244	-5.69640304045
245	-1.73845186366
246	-6.78944163735
247	-6.97504780136
248	-1.51441410706
249	-1.79463337656
250	-5.69640304045
251	-6.12118676454
252	-1.56527197852
253	-2.21399704322
254	-1.73845186366
255	-1.48414454644
256	-2.21399704322
257	-6.24920931622
258	-1.79463337656
259	-1.75295343615
260	-1.51441410706
261	-10.4118919575
262	-1.66126039582
263	-6.68987145611
264	-1.56527197852
265	-6.15282751127
266	-1.43613900648
267	-1.56527197852
268	-6.08044665656
269	-1.93520779422
270	-5.97425845744
271	-6.28088259262
272	-6.21706716563
273	-1.99453996518
274	-1.66126039582
275	-6.49236707245
276	-1.48414454644
277	-2.00221051508
278	-6.55819388515
279	-1.99453996518
280	-6.08044665656
281	-1.93520779422
282	-1.56527197852
283	-11.6499491208
284	-12.1750810194
285	-1.48414454644
286	-8.50422195265
287	-6.12118676454
288	-1.79463337656
289	-1.66126039582
290	-1.93520779422
291	-6.50289137325
292	-1.75295343615
293	-9.68757596836
294	-6.29932306389
295	-5.81025425165
296	-5.23956909087
297	-1.79463337656
298	-2.00221051508
299	-1.93520779422
300	-1.79463337656
301	-1.75295343615
302	-1.93520779422
303	-1.48414454644
304	-1.66126039582
305	-1.51441410706
306	-1.48414454644
307	-1.66126039582
308	-11.19458692
309	-1.56527197852
310	-1.66126039582
311	-1.51441410706
312	-1.56527197852
313	-5.71628336189
314	-1.93520779422
315	-6.49953308572
316	-5.64052016993
317	-11.8336229718
318	-1.48414454644
319	-1.75295343615
320	-5.22983601629
321	-1.48414454644
322	-1.75295343615
323	-1.43613900648
324	-1.48414454644
325	-2.00221051508
326	-1.51441410706
327	-7.04153424887
328	-2.21399704322
329	-4.93741456182
330	-5.8530609933
331	-1.66126039582
332	-1.93520779422
333	-5.57180820369
334	-2.00221051508
335	-11.3745786797
336	-1.79463337656
337	-9.1761680779
338	-1.51441410706
339	-5.95607027634
340	-2.00221051508
341	-7.07802589805
342	-1.48414454644
343	-1.66126039582
344	-1.73845186366
345	-1.79463337656
346	-4.73180024847
347	-1.51441410706
348	-1.48414454644
349	-4.55055873693
350	-1.73845186366
351	-1.48414454644
352	-1.66126039582
353	-13.2303197088
354	-1.56527197852
355	-1.75295343615
356	-7.3203626521
357	-5.31195423285
358	-1.75295343615
359	-1.51441410706
360	-1.48414454644
361	-8.5109971359
362	-5.42892133866
363	-1.48414454644
364	-6.51602103297
365	-1.93520779422
366	-4.92785733593
367	-1.75295343615
368	-1.51441410706
369	-1.99453996518
370	-14.0908324478
371	-4.93741456182
372	-1.79463337656
373	-2.21399704322
374	-1.43613900648
375	-1.79463337656
376	-2.21399704322
377	-1.43613900648
378	-1.79463337656
379	-1.75295343615
380	-1.93520779422
381	-6.49953308572
382	-6.66749030119
383	-1.73845186366
384	-1.48414454644
385	-6.35512283844
386	-5.96786246186
387	-1.79463337656
388	-1.75295343615
389	-7.41095316681
390	-1.56527197852
391	-4.45337569048
392	-1.93520779422
393	-1.99453996518
394	-2.00221051508
395	-5.6855636082
396	-4.79753906194
397	-7.13032486586
398	-6.64973397411
399	-1.48414454644
400	-1.75295343615
401	-5.90274371009
402	-1.99453996518
403	-2.00221051508
404	-1.43613900648
405	-1.56527197852
406	-5.5028199872
407	-1.51441410706
408	-6.38797087842
409	-8.83084879955
410	-1.43613900648
411	-1.48414454644
412	-1.66126039582
413	-9.86805509409
414	-1.79463337656
415	-10.1045902732
416	-1.73845186366
417	-6.29171374338
418	-2.21399704322
419	-1.93520779422
420	-5.07913562864
421	-1.75295343615
422	-6.98824192341
423	-5.77089352606
424	-2.00221051508
425	-1.51441410706
426	-1.79463337656
427	-2.21399704322
428	-12.3533247403
429	-4.79753906194
430	-6.4102190083
431	-1.51441410706
432	-1.48414454644
433	-2.00221051508
434	-6.12118676454
435	-1.99453996518
436	-4.55055873693
437	-6.63823357976
438	-7.264161353
439	-2.00221051508
440	-1.51441410706
441	-1.48414454644
442	-6.26814969276
443	-1.73845186366
444	-1.99453996518
445	-4.55055873693
446	-1.51441410706
447	-1.99453996518
448	-9.23904747925
449	-1.51441410706
450	-1.99453996518
451	-1.66126039582
452	-8.86652197587
453	-1.48414454644
454	-2.21399704322
455	-1.73845186366
456	-1.99453996518
457	-6.76263072235
458	-6.75163883917
459	-1.99453996518
460	-5.69640304045
461	-6.5339161074
462	-1.99453996518
463	-6.65741904769
464	-1.51441410706
465	-5.5369180471
466	-6.15282751127
467	-7.18179542512
468	-1.56527197852
469	-1.66126039582
470	-1.43613900648
