# log_p 	 lnL 	 
0.0	-1694.7259599	
-0.287682072452	-1694.6706845	
-0.510825623766	-1694.66857211	
-0.69314718056	-1694.68243302	
-0.847297860387	-1694.70157829	
-0.980829253012	-1694.72216474	
-1.09861228867	-1694.74285196	
-1.20397280433	-1694.76327698	
-1.29928298413	-1694.78341622	
-1.38629436112	-1694.80332696	
-1.46633706879	-1694.82305616	
-1.54044504095	-1694.84261831	
-1.60943791243	-1694.86199827	
-1.67397643357	-1694.88116091	
-1.73460105539	-1694.90006061	
-1.79175946923	-1694.91864852	
-1.8458266905	-1694.9368775	
-1.89711998489	-1694.95470513	
-1.94591014906	-1694.9720952	
-1.99243016469	-1694.98901833	
-2.03688192726	-1695.00545187	
-2.07944154168	-1695.0213795	
-2.1202635362	-1695.03679063	
-2.15948424935	-1695.05167969	
-2.19722457734	-1695.06604542	
-2.23359222151	-1695.07989021	
-2.26868354132	-1695.09321946	
-2.30258509299	-1695.10604105	
-2.33537491582	-1695.1183648	
-2.36712361413	-1695.13020209	
-2.3978952728	-1695.14156549	
-2.42774823595	-1695.1524684	
-2.45673577282	-1695.16292487	
-2.48490664979	-1695.17294931	
-2.51230562398	-1695.18255637	
-2.53897387106	-1695.19176072	
-2.56494935746	-1695.20057702	
-2.59026716545	-1695.20901974	
-2.61495977804	-1695.21710314	
-2.63905732962	-1695.22484118	
-2.66258782703	-1695.23224749	
-2.68557734525	-1695.23933533	
-2.7080502011	-1695.24611756	
-2.73002910782	-1695.25260662	
-2.75153531304	-1695.25881454	
-2.77258872224	-1695.26475292	
-2.79320800944	-1695.27043292	
-2.81341071676	-1695.27586528	
-2.83321334406	-1695.28106033	
-2.85263142991	-1695.28602796	
-2.87167962488	-1695.29077768	
-2.8903717579	-1695.2953186	
-2.90872089656	-1695.29965944	
-2.92673940207	-1695.30380856	
-2.94443897917	-1695.30777396	
-2.96183072188	-1695.31156329	
-2.97892515524	-1695.31518388	
-2.99573227355	-1695.31864273	
-3.01226157551	-1695.32194654	
-3.02852209638	-1695.32510172	
-3.04452243772	-1695.3281144	
-3.06027079469	-1695.33099043	
-3.07577498123	-1695.33373541	
-3.09104245336	-1695.3363547	
-3.10608033072	-1695.33885342	
-3.12089541651	-1695.34123646	
-3.13549421593	-1695.34350852	
-3.14988295338	-1695.34567406	
-3.16406758837	-1695.34773737	
-3.17805383035	-1695.34970255	
-3.19184715248	-1695.35157353	
-3.20545280454	-1695.35335404	
-3.21887582487	-1695.35504768	
-3.23212105162	-1695.3566579	
-3.24519313319	-1695.35818796	
-3.25809653802	-1695.35964104	
-3.2708355638	-1695.36102014	
-3.28341434601	-1695.36232814	
-3.295836866	-1695.36356782	
-3.3081069586	-1695.36474183	
-3.32022831913	-1695.36585271	
-3.33220451018	-1695.36690288	
-3.34403896782	-1695.36789469	
-3.35573500759	-1695.36883038	
-3.36729582999	-1695.36971208	
-3.37872452581	-1695.37054185	
-3.39002408106	-1695.37132168	
-3.40119738166	-1695.37205345	
-3.41224721785	-1695.37273898	
-3.42317628838	-1695.37338001	
-3.43398720449	-1695.37397823	
-3.4446824936	-1695.37453523	
-3.45526460293	-1695.37505257	
-3.4657359028	-1695.37553172	
-3.47609868984	-1695.37597411	
-3.48635519	-1695.37638111	
-3.49650756147	-1695.37675404	
-3.50655789732	-1695.37709415	
-3.51650822817	-1695.37740267	
-3.52636052462	-1695.37768077	
-3.53611669956	-1695.37792956	
-3.54577861047	-1695.37815014	
-3.55534806149	-1695.37834353	
-3.56482680544	-1695.37851075	
-3.57421654579	-1695.37865275	
-3.58351893846	-1695.37877046	
-3.59273559356	-1695.37886478	
-3.60186807712	-1695.37893655	
-3.61091791264	-1695.37898662	
-3.61988658263	-1695.37901577	
-3.62877553004	-1695.37902478	
-3.63758615973	-1695.37901437	
-3.6463198397	-1695.37898528	
-3.65497790244	-1695.37893817	
-3.66356164613	-1695.37887371	
-3.6720723358	-1695.37879254	
-3.68051120444	-1695.37869528	
-3.68887945411	-1695.37858251	
-3.69717825693	-1695.37845481	
-3.70540875607	-1695.37831273	
-3.7135720667	-1695.3781568	
-3.72166927694	-1695.37798753	
-3.72970144863	-1695.37780541	
-3.73766961828	-1695.37761093	
-3.74557479779	-1695.37740454	
-3.75341797525	-1695.37718669	
-3.76120011569	-1695.37695781	
-3.76892216179	-1695.3767183	
-3.77658503453	-1695.37646858	
-3.78418963392	-1695.37620902	
-3.79173683955	-1695.37594	
-3.79922751128	-1695.37566188	
-3.80666248977	-1695.37537501	
-3.81404259707	-1695.37507971	
-3.82136863716	-1695.37477632	
-3.82864139649	-1695.37446515	
-3.83586164446	-1695.3741465	
-3.84303013394	-1695.37382067	
-3.85014760171	-1695.37348793	
-3.85721476893	-1695.37314856	
-3.86423234159	-1695.37280282	
-3.87120101091	-1695.37245096	
-3.87812145375	-1695.37209325	
-3.88499433304	-1695.3717299	
-3.89182029811	-1695.37136116	
-3.8985999851	-1695.37098725	
-3.90533401728	-1695.37060837	
-3.91202300543	-1695.37022475	
-3.91866754815	-1695.36983657	
-3.92526823218	-1695.36944404	
-3.93182563272	-1695.36904735	
-3.93834031375	-1695.36864667	
-3.94481282825	-1695.36824218	
-3.95124371858	-1695.36783406	
-3.95763351668	-1695.36742246	
-3.96398274436	-1695.36700756	
-3.97029191355	-1695.36658949	
-3.97656152657	-1695.36616842	
-3.98279207632	-1695.36574448	
-3.98898404656	-1695.36531781	
-3.99513791214	-1695.36488856	
-4.00125413916	-1695.36445685	
-4.00733318523	-1695.36402281	
-4.01337549969	-1695.36358656	
-4.01938152375	-1695.36314821	
-4.02535169074	-1695.3627079	
-4.03128642625	-1695.36226571	
-4.03718614838	-1695.36182177	
-4.04305126783	-1695.36137618	
-4.04888218815	-1695.36092904	
-4.05467930583	-1695.36048044	
-4.06044301055	-1695.36003048	
-4.06617368526	-1695.35957925	
-4.07187170637	-1695.35912684	
-4.07753744391	-1695.35867333	
-4.08317126162	-1695.35821882	
-4.08877351717	-1695.35776337	
-4.09434456222	-1695.35730706	
-4.0998847426	-1695.35684998	
-4.10539439841	-1695.35639219	
-4.11087386417	-1695.35593376	
-4.11632346894	-1695.35547476	
-4.12174353641	-1695.35501526	
-4.12713438505	-1695.35455532	
-4.13249632819	-1695.354095	
-4.13782967416	-1695.35363437	
-4.14313472639	-1695.35317347	
-4.14841178349	-1695.35271237	
-4.15366113938	-1695.35225112	
-4.15888308336	-1695.35178977	
-4.16407790024	-1695.35132837	
-4.1692458704	-1695.35086698	
-4.1743872699	-1695.35040563	
-4.17950237056	-1695.34994437	
-4.18459144007	-1695.34948326	
-4.18965474203	-1695.34902232	
-4.19469253606	-1695.34856161	
-4.19970507788	-1695.34810116	
-4.20469261939	-1695.34764101	
-4.20965540873	-1695.3471812	
-4.21459369037	-1695.34672176	
-4.21950770518	-1695.34626273	
-4.22439769047	-1695.34580415	
-4.22926388012	-1695.34534604	
-4.2341065046	-1695.34488844	
-4.23892579103	-1695.34443137	
-4.2437219633	-1695.34397488	
-4.24849524205	-1695.34351897	
-4.25324584481	-1695.34306369	
-4.257973986	-1695.34260906	
-4.26267987704	-1695.34215511	
-4.26736372635	-1695.34170185	
-4.27202573946	-1695.34124932	
-4.27666611902	-1695.34079753	
-4.28128506487	-1695.34034651	
-4.28588277412	-1695.33989628	
-4.29045944115	-1695.33944686	
-4.29501525768	-1695.33899827	
-4.29955041285	-1695.33855053	
-4.3040650932	-1695.33810365	
-4.30855948279	-1695.33765766	
-4.31303376319	-1695.33721257	
-4.31748811354	-1695.3367684	
-4.3219227106	-1695.33632516	
-4.32633772881	-1695.33588287	
-4.33073334029	-1695.33544154	
-4.33510971489	-1695.33500119	
-4.33946702026	-1695.33456184	
-4.34380542185	-1695.33412348	
-4.348125083	-1695.33368614	
-4.3524261649	-1695.33324983	
-4.35670882669	-1695.33281456	
-4.36097322548	-1695.33238034	
-4.36521951636	-1695.33194718	
-4.36944785247	-1695.33151509	
-4.373658385	-1695.33108408	
-4.37785126326	-1695.33065416	
-4.38202663467	-1695.33022534	
-4.38618464482	-1695.32979762	
-4.39032543749	-1695.32937102	
-4.39444915467	-1695.32894554	
-4.39855593663	-1695.32852119	
-4.40264592188	-1695.32809797	
-4.40671924726	-1695.3276759	
-4.41077604796	-1695.32725497	
-4.4148164575	-1695.3268352	
-4.4188406078	-1695.32641659	
-4.42284862919	-1695.32599914	
-4.42684065046	-1695.32558286	
-4.43081679884	-1695.32516776	
-4.43477720006	-1695.32475384	
-4.43872197835	-1695.3243411	
-4.44265125649	-1695.32392954	
-4.44656515581	-1695.32351918	
-4.45046379623	-1695.32311001	
-4.45434729625	-1695.32270203	
-4.45821577303	-1695.32229526	
-4.46206934235	-1695.32188968	
-4.46590811865	-1695.32148531	
-4.46973221509	-1695.32108215	
-4.47354174351	-1695.3206802	
-4.47733681448	-1695.32027945	
-4.48111753732	-1695.31987992	
-4.48488402011	-1695.31948161	
-4.48863636973	-1695.3190845	
-4.49237469184	-1695.31868861	
-4.49609909093	-1695.31829394	
-4.49980967033	-1695.31790049	
-4.50350653221	-1695.31750825	
-4.50718977763	-1695.31711723	
-4.51085950652	-1695.31672743	
-4.51451581772	-1695.31633885	
-4.518158809	-1695.31595148	
-4.52178857705	-1695.31556533	
-4.52540521752	-1695.3151804	
-4.52900882502	-1695.31479669	
-4.53259949315	-1695.3144142	
-4.5361773145	-1695.31403292	
-4.53974238067	-1695.31365285	
-4.54329478227	-1695.313274	
-4.54683460898	-1695.31289636	
-4.55036194949	-1695.31251993	
-4.5538768916	-1695.31214472	
-4.55737952215	-1695.31177071	
-4.56086992709	-1695.31139791	
-4.56434819147	-1695.31102632	
-4.56781439944	-1695.31065593	
-4.57126863431	-1695.31028674	
-4.5747109785	-1695.30991876	
-4.5781415136	-1695.30955197	
-4.58156032035	-1695.30918638	
-4.58496747867	-1695.30882199	
-4.58836306767	-1695.30845879	
-4.59174716566	-1695.30809677	
-4.59511985013	-1695.30773595	
-4.59848119784	-1695.30737631	
-4.60183128472	-1695.30701786	
-4.60517018599	-1695.30666058	
-4.60849797608	-1695.30630449	
-4.61181472871	-1695.30594957	
-4.61512051684	-1695.30559582	
-4.61841541274	-1695.30524325	
-4.62169948794	-1695.30489184	
-4.62497281328	-1695.30454159	
-4.62823545892	-1695.30419251	
-4.63148749431	-1695.30384459	
-4.63472898823	-1695.30349782	
-4.63796000881	-1695.30315221	
-4.64118062351	-1695.30280775	
-4.64439089914	-1695.30246443	
-4.64759090187	-1695.30212226	
-4.65078069724	-1695.30178122	
-4.65396035016	-1695.30144133	
-4.65712992492	-1695.30110257	
-4.66028948521	-1695.30076494	
-4.66343909411	-1695.30042844	
-4.66657881412	-1695.30009306	
-4.66970870713	-1695.29975881	
-4.67282883446	-1695.29942567	
-4.67593925688	-1695.29909364	
-4.67904003455	-1695.29876273	
-4.68213122712	-1695.29843292	
-4.68521289366	-1695.29810422	
-4.6882850927	-1695.29777662	
-4.69134788223	-1695.29745012	
-4.69440131972	-1695.29712471	
-4.6974454621	-1695.29680038	
-4.70048036579	-1695.29647715	
-4.70350608671	-1695.296155	
-4.70652268025	-1695.29583392	
-4.70953020131	-1695.29551393	
-4.71252870431	-1695.295195	
-4.71551824316	-1695.29487714	
-4.7184988713	-1695.29456035	
-4.72147064168	-1695.29424462	
-4.72443360681	-1695.29392995	
-4.72738781871	-1695.29361633	
-4.73033332894	-1695.29330375	
-4.73327018862	-1695.29299223	
-4.73619844839	-1695.29268175	
-4.7391181585	-1695.29237231	
-4.74202936871	-1695.2920639	
-4.74493212836	-1695.29175652	
-4.74782648639	-1695.29145017	
-4.75071249128	-1695.29114485	
-4.75359019111	-1695.29084054	
-4.75645963353	-1695.29053725	
-4.75932086582	-1695.29023498	
-4.7621739348	-1695.28993371	
-4.76501888693	-1695.28963345	
-4.76785576827	-1695.28933419	
-4.77068462447	-1695.28903593	
-4.77350550081	-1695.28873866	
-4.77631844218	-1695.28844238	
-4.77912349311	-1695.28814709	
-4.78192069773	-1695.28785278	
-4.78471009982	-1695.28755945	
-4.78749174278	-1695.2872671	
-4.79026566966	-1695.28697571	
-4.79303192316	-1695.2866853	
-4.7957905456	-1695.28639585	
-4.79854157897	-1695.28610736	
-4.80128506491	-1695.28581982	
-4.80402104473	-1695.28553324	
-4.80674955939	-1695.28524761	
-4.8094706495	-1695.28496292	
-4.81218435537	-1695.28467918	
-4.81489071697	-1695.28439637	
-4.81758977394	-1695.2841145	
-4.82028156561	-1695.28383356	
-4.82296613098	-1695.28355354	
-4.82564350875	-1695.28327445	
-4.8283137373	-1695.28299628	
-4.83097685472	-1695.28271902	
-4.83363289878	-1695.28244268	
-4.83628190695	-1695.28216725	
-4.83892391641	-1695.28189272	
-4.84155896405	-1695.28161909	
-4.84418708646	-1695.28134636	
-4.84680831994	-1695.28107452	
-4.84942270051	-1695.28080358	
-4.85203026392	-1695.28053352	
-4.85463104562	-1695.28026435	
-4.8572250808	-1695.27999605	
-4.85981240436	-1695.27972864	
-4.86239305096	-1695.27946209	
-4.86496705495	-1695.27919641	
-4.86753445046	-1695.2789316	
-4.87009527132	-1695.27866766	
-4.87264955112	-1695.27840457	
-4.8751973232	-1695.27814233	
-4.87773862063	-1695.27788095	
-4.88027347623	-1695.27762042	
-4.88280192259	-1695.27736073	
-4.88532399202	-1695.27710188	
-4.88783971662	-1695.27684387	
-4.89034912822	-1695.27658669	
-4.89285225844	-1695.27633035	
-4.89534913864	-1695.27607483	
-4.89783979995	-1695.27582013	
-4.90032427328	-1695.27556626	
-4.90280258929	-1695.27531321	
-4.90527477844	-1695.27506096	
-4.90774087093	-1695.27480953	
-4.91020089677	-1695.27455891	
-4.91265488574	-1695.27430909	
-4.91510286737	-1695.27406007	
-4.91754487103	-1695.27381185	
-4.91998092583	-1695.27356442	
-4.92241106068	-1695.27331778	
-4.92483530429	-1695.27307193	
-4.92725368516	-1695.27282687	
-4.92966623156	-1695.27258258	
-4.93207297159	-1695.27233908	
-4.93447393313	-1695.27209635	
-4.93686914386	-1695.27185438	
-4.93925863125	-1695.27161319	
-4.94164242261	-1695.27137276	
-4.94402054501	-1695.2711331	
-4.94639302537	-1695.27089419	
-4.94875989038	-1695.27065603	
-4.95112116656	-1695.27041863	
-4.95347688026	-1695.27018198	
-4.9558270576	-1695.26994608	
-4.95817172456	-1695.26971091	
-4.96051090691	-1695.26947649	
-4.96284463026	-1695.2692428	
-4.96517292002	-1695.26900985	
-4.96749580144	-1695.26877763	
-4.96981329958	-1695.26854613	
-4.97212543933	-1695.26831536	
-4.97443224543	-1695.26808532	
-4.97673374242	-1695.26785599	
-4.97902995468	-1695.26762737	
-4.98132090643	-1695.26739947	
-4.98360662171	-1695.26717228	
-4.98588712441	-1695.26694579	
-4.98816243824	-1695.26672001	
-4.99043258678	-1695.26649492	
-4.99269759341	-1695.26627054	
-4.99495748138	-1695.26604685	
-4.99721227376	-1695.26582385	
-4.9994619935	-1695.26560155	
-5.00170666335	-1695.26537992	
-5.00394630595	-1695.26515899	
-5.00618094375	-1695.26493873	
-5.00841059907	-1695.26471915	
-5.0106352941	-1695.26450024	
-5.01285505083	-1695.26428201	
-5.01506989116	-1695.26406444	
-5.01727983681	-1695.26384755	
-5.01948490937	-1695.26363131	
-5.02168513028	-1695.26341574	
-5.02388052085	-1695.26320083	
-5.02607110223	-1695.26298657	
-5.02825689545	-1695.26277296	
-5.03043792139	-1695.26256001	
-5.03261420082	-1695.2623477	
-5.03478575433	-1695.26213603	
-5.03695260241	-1695.26192501	
-5.03911476542	-1695.26171463	
-5.04127226356	-1695.26150488	
-5.04342511692	-1695.26129577	
-5.04557334546	-1695.26108729	
-5.047716969	-1695.26087944	
-5.04985600725	-1695.26067222	
-5.05199047978	-1695.26046562	
-5.05412040604	-1695.26025964	
-5.05624580535	-1695.26005428	
-5.05836669692	-1695.25984953	
-5.06048309982	-1695.2596454	
-5.06259503303	-1695.25944188	
-5.06470251537	-1695.25923897	
-5.06680556556	-1695.25903666	
-5.06890420222	-1695.25883496	
-5.07099844382	-1695.25863386	
-5.07308830874	-1695.25843335	
-5.07517381523	-1695.25823345	
-5.07725498144	-1695.25803413	
-5.07933182538	-1695.25783541	
-5.08140436498	-1695.25763728	
-5.08347261805	-1695.25743973	
-5.08553660227	-1695.25724277	
-5.08759633523	-1695.25704638	
-5.08965183441	-1695.25685058	
-5.09170311719	-1695.25665536	
-5.09375020081	-1695.2564607	
-5.09579310244	-1695.25626662	
-5.09783183913	-1695.25607312	
-5.09986642782	-1695.25588017	
-5.10189688537	-1695.2556878	
-5.10392322852	-1695.25549598	
-5.1059454739	-1695.25530473	
-5.10796363806	-1695.25511403	
-5.10997773743	-1695.25492389	
-5.11198778836	-1695.25473431	
-5.11399380708	-1695.25454527	
-5.11599580975	-1695.25435679	
-5.11799381242	-1695.25416885	
-5.11998783102	-1695.25398146	
-5.12197788143	-1695.25379461	
-5.1239639794	-1695.2536083	
-5.12594614061	-1695.25342252	
-5.12792438062	-1695.25323729	
-5.12989871492	-1695.25305259	
-5.13186915891	-1695.25286842	
-5.13383572788	-1695.25268477	
-5.13579843705	-1695.25250166	
-5.13775730154	-1695.25231907	
-5.13971233637	-1695.25213701	
-5.1416635565	-1695.25195546	
-5.14361097679	-1695.25177444	
-5.145554612	-1695.25159393	
-5.14749447681	-1695.25141394	
-5.14943058584	-1695.25123446	
-5.15136295359	-1695.25105549	
-5.1532915945	-1695.25087703	
-5.15521652291	-1695.25069907	
-5.15713775309	-1695.25052162	
-5.15905529921	-1695.25034468	
-5.1609691754	-1695.25016823	
-5.16287939565	-1695.24999228	
-5.16478597392	-1695.24981683	
-5.16668892407	-1695.24964188	
-5.16858825987	-1695.24946741	
-5.17048399504	-1695.24929344	
-5.17237614319	-1695.24911996	
-5.17426471788	-1695.24894696	
-5.17614973257	-1695.24877445	
-5.17803120067	-1695.24860242	
-5.1799091355	-1695.24843087	
-5.18178355029	-1695.2482598	
-5.18365445823	-1695.24808921	
-5.1855218724	-1695.24791909	
-5.18738580584	-1695.24774945	
-5.18924627149	-1695.24758028	
-5.19110328224	-1695.24741157	
-5.19295685089	-1695.24724334	
-5.19480699018	-1695.24707557	
-5.19665371277	-1695.24690827	
-5.19849703127	-1695.24674143	
-5.20033695819	-1695.24657505	
-5.202173506	-1695.24640913	
-5.20400668708	-1695.24624366	
-5.20583651375	-1695.24607865	
-5.20766299828	-1695.2459141	
-5.20948615284	-1695.24575	
-5.21130598956	-1695.24558634	
-5.21312252048	-1695.24542314	
-5.21493575761	-1695.24526038	
-5.21674571285	-1695.24509806	
-5.21855239808	-1695.24493619	
-5.22035582508	-1695.24477476	
-5.22215600558	-1695.24461377	
-5.22395295126	-1695.24445322	
-5.22574667371	-1695.2442931	
-5.22753718449	-1695.24413342	
-5.22932449506	-1695.24397417	
-5.23110861685	-1695.24381535	
-5.23288956123	-1695.24365696	
-5.23466733947	-1695.243499	
-5.23644196283	-1695.24334146	
-5.23821344248	-1695.24318435	
-5.23998178954	-1695.24302766	
-5.24174701506	-1695.2428714	
-5.24350913005	-1695.24271555	
-5.24526814546	-1695.24256012	
-5.24702407216	-1695.24240511	
-5.24877692099	-1695.24225051	
-5.25052670271	-1695.24209633	
-5.25227342805	-1695.24194255	
-5.25401710765	-1695.24178919	
-5.25575775213	-1695.24163623	
-5.25749537203	-1695.24148369	
-5.25922997784	-1695.24133154	
-5.26096158	-1695.24117981	
-5.2626901889	-1695.24102847	
-5.26441581487	-1695.24087753	
-5.26613846818	-1695.240727	
-5.26785815906	-1695.24057686	
-5.26957489768	-1695.24042712	
-5.27128869416	-1695.24027777	
-5.27299955856	-1695.24012882	
-5.27470750091	-1695.23998025	
-5.27641253116	-1695.23983208	
-5.27811465923	-1695.2396843	
-5.27981389498	-1695.2395369	
-5.28151024823	-1695.23938989	
-5.28320372874	-1695.23924327	
-5.28489434622	-1695.23909702	
-5.28658211033	-1695.23895116	
-5.28826703069	-1695.23880568	
-5.28994911688	-1695.23866058	
-5.2916283784	-1695.23851585	
-5.29330482472	-1695.23837151	
-5.29497846528	-1695.23822753	
-5.29664930945	-1695.23808393	
-5.29831736655	-1695.2379407	
-5.29998264587	-1695.23779784	
-5.30164515664	-1695.23765535	
-5.30330490806	-1695.23751323	
-5.30496190927	-1695.23737147	
-5.30661616936	-1695.23723008	
-5.3082676974	-1695.23708905	
-5.30991650239	-1695.23694838	
-5.3115625933	-1695.23680807	
-5.31320597904	-1695.23666813	
-5.3148466685	-1695.23652854	
-5.3164846705	-1695.23638931	
-5.31811999384	-1695.23625043	
-5.31975264727	-1695.23611191	
-5.32138263948	-1695.23597374	
-5.32300997914	-1695.23583592	
-5.32463467487	-1695.23569846	
-5.32625673524	-1695.23556134	
-5.32787616879	-1695.23542457	
-5.32949298402	-1695.23528814	
-5.33110718937	-1695.23515206	
-5.33271879327	-1695.23501633	
-5.33432780407	-1695.23488094	
-5.33593423012	-1695.23474588	
-5.3375380797	-1695.23461117	
-5.33913936107	-1695.2344768	
-5.34073808243	-1695.23434277	
-5.34233425196	-1695.23420907	
-5.3439278778	-1695.23407571	
-5.34551896803	-1695.23394268	
-5.34710753072	-1695.23380998	
-5.34869357387	-1695.23367762	
-5.35027710548	-1695.23354558	
-5.35185813348	-1695.23341388	
-5.35343666577	-1695.2332825	
-5.35501271022	-1695.23315145	
-5.35658627467	-1695.23302073	
-5.3581573669	-1695.23289033	
-5.35972599468	-1695.23276025	
-5.36129216571	-1695.2326305	
-5.36285588769	-1695.23250107	
-5.36441716825	-1695.23237195	
-5.36597601502	-1695.23224316	
-5.36753243557	-1695.23211468	
-5.36908643744	-1695.23198652	
-5.37063802813	-1695.23185867	
-5.37218721511	-1695.23173114	
-5.37373400583	-1695.23160392	
-5.37527840768	-1695.23147702	
-5.37682042804	-1695.23135042	
-5.37836007422	-1695.23122414	
-5.37989735354	-1695.23109816	
-5.38143227326	-1695.23097249	
-5.38296484061	-1695.23084713	
-5.38449506279	-1695.23072207	
-5.38602294697	-1695.23059732	
-5.38754850028	-1695.23047287	
-5.38907172982	-1695.23034872	
-5.39059264266	-1695.23022487	
-5.39211124583	-1695.23010132	
-5.39362754635	-1695.22997808	
-5.39514155118	-1695.22985513	
-5.39665326727	-1695.22973247	
-5.39816270152	-1695.22961011	
-5.39966986081	-1695.22948805	
-5.40117475199	-1695.22936628	
-5.40267738187	-1695.22924481	
-5.40417775725	-1695.22912362	
-5.40567588487	-1695.22900273	
-5.40717177146	-1695.22888212	
-5.40866542372	-1695.22876181	
-5.4101568483	-1695.22864178	
-5.41164605186	-1695.22852204	
-5.41313304098	-1695.22840258	
-5.41461782224	-1695.22828341	
-5.4161004022	-1695.22816452	
-5.41758078737	-1695.22804592	
-5.41905898424	-1695.22792759	
-5.42053499927	-1695.22780955	
-5.42200883889	-1695.22769179	
-5.4234805095	-1695.2275743	
-5.42495001748	-1695.2274571	
-5.42641736918	-1695.22734017	
-5.4278825709	-1695.22722351	
-5.42934562895	-1695.22710714	
-5.43080654959	-1695.22699103	
-5.43226533906	-1695.2268752	
-5.43372200355	-1695.22675964	
-5.43517654927	-1695.22664435	
-5.43662898235	-1695.22652933	
-5.43807930892	-1695.22641459	
-5.4395275351	-1695.22630011	
-5.44097366695	-1695.22618589	
-5.44241771052	-1695.22607195	
-5.44385967184	-1695.22595827	
-5.4452995569	-1695.22584485	
-5.44673737167	-1695.2257317	
-5.44817312209	-1695.22561881	
-5.44960681409	-1695.22550619	
-5.45103845357	-1695.22539382	
-5.45246804638	-1695.22528172	
-5.45389559837	-1695.22516987	
-5.45532111536	-1695.22505828	
-5.45674460314	-1695.22494695	
-5.45816606749	-1695.22483588	
-5.45958551414	-1695.22472506	
-5.46100294883	-1695.2246145	
-5.46241837723	-1695.2245042	
-5.46383180503	-1695.22439414	
-5.46524323786	-1695.22428434	
-5.46665268137	-1695.22417479	
-5.46806014114	-1695.22406549	
-5.46946562274	-1695.22395644	
-5.47086913175	-1695.22384764	
-5.47227067367	-1695.22373909	
-5.47367025403	-1695.22363079	
-5.47506787829	-1695.22352273	
-5.47646355193	-1695.22341492	
-5.47785728038	-1695.22330736	
-5.47924906905	-1695.22320003	
-5.48063892334	-1695.22309296	
-5.48202684862	-1695.22298612	
-5.48341285022	-1695.22287953	
-5.48479693349	-1695.22277317	
-5.48617910372	-1695.22266706	
-5.48755936619	-1695.22256119	
-5.48893772616	-1695.22245555	
-5.49031418887	-1695.22235015	
-5.49168875953	-1695.222245	
-5.49306144334	-1695.22214007	
-5.49443224547	-1695.22203538	
-5.49580117108	-1695.22193093	
-5.49716822529	-1695.22182671	
-5.49853341322	-1695.22172272	
-5.49989673995	-1695.22161897	
-5.50125821054	-1695.22151545	
-5.50261783006	-1695.22141216	
-5.50397560352	-1695.2213091	
-5.50533153593	-1695.22120626	
-5.50668563228	-1695.22110366	
-5.50803789753	-1695.22100129	
-5.50938833663	-1695.22089914	
-5.5107369545	-1695.22079722	
-5.51208375605	-1695.22069552	
-5.51342874616	-1695.22059405	
-5.51477192971	-1695.2204928	
-5.51611331154	-1695.22039178	
-5.51745289646	-1695.22029098	
-5.51879068931	-1695.2201904	
-5.52012669485	-1695.22009004	
-5.52146091786	-1695.21998991	
-5.5227933631	-1695.21988999	
-5.52412403528	-1695.21979029	
-5.52545293913	-1695.21969081	
-5.52678007934	-1695.21959155	
-5.52810546058	-1695.21949251	
-5.52942908751	-1695.21939368	
-5.53075096477	-1695.21929507	
-5.53207109697	-1695.21919667	
-5.53338948873	-1695.21909849	
-5.53470614461	-1695.21900052	
-5.53602106919	-1695.21890276	
-5.53733426702	-1695.21880522	
-5.53864574262	-1695.21870789	
-5.5399555005	-1695.21861076	
-5.54126354516	-1695.21851385	
-5.54256988107	-1695.21841715	
-5.5438745127	-1695.21832066	
-5.54517744448	-1695.21822437	
-5.54647868084	-1695.2181283	
-5.54777822618	-1695.21803243	
-5.5490760849	-1695.21793676	
-5.55037226136	-1695.21784131	
-5.55166675992	-1695.21774605	
-5.55295958492	-1695.217651	
-5.55425074069	-1695.21755616	
-5.55554023152	-1695.21746152	
-5.5568280617	-1695.21736708	
-5.55811423551	-1695.21727284	
-5.5593987572	-1695.2171788	
-5.56068163102	-1695.21708497	
-5.56196286117	-1695.21699133	
-5.56324245188	-1695.21689789	
-5.56452040732	-1695.21680466	
-5.56579673168	-1695.21671162	
-5.56707142911	-1695.21661877	
-5.56834450376	-1695.21652613	
-5.56961595975	-1695.21643368	
-5.57088580119	-1695.21634142	
-5.57215403218	-1695.21624936	
-5.57342065679	-1695.2161575	
-5.5746856791	-1695.21606583	
-5.57594910315	-1695.21597435	
-5.57721093297	-1695.21588306	
-5.57847117258	-1695.21579197	
-5.57972982599	-1695.21570107	
-5.58098689718	-1695.21561035	
-5.58224239012	-1695.21551983	
-5.58349630878	-1695.2154295	
-5.5847486571	-1695.21533936	
-5.585999439	-1695.2152494	
-5.5872486584	-1695.21515964	
-5.5884963192	-1695.21507006	
-5.58974242528	-1695.21498066	
-5.59098698051	-1695.21489146	
-5.59222998875	-1695.21480243	
-5.59347145384	-1695.2147136	
-5.5947113796	-1695.21462495	
-5.59594976985	-1695.21453648	
-5.59718662839	-1695.21444819	
-5.598421959	-1695.21436009	
-5.59965576545	-1695.21427217	
-5.60088805149	-1695.21418443	
-5.60211882088	-1695.21409688	
-5.60334807733	-1695.2140095	
-5.60457582457	-1695.2139223	
-5.6058020663	-1695.21383528	
-5.60702680619	-1695.21374845	
-5.60825004793	-1695.21366179	
-5.60947179518	-1695.2135753	
-5.61069205159	-1695.213489	
-5.61191082078	-1695.21340287	
-5.61312810639	-1695.21331692	
-5.61434391201	-1695.21323114	
-5.61555824124	-1695.21314554	
-5.61677109767	-1695.21306011	
-5.61798248485	-1695.21297486	
-5.61919240636	-1695.21288978	
-5.62040086572	-1695.21280487	
-5.62160786647	-1695.21272014	
-5.62281341212	-1695.21263558	
-5.62401750619	-1695.21255119	
-5.62522015215	-1695.21246697	
-5.6264213535	-1695.21238292	
-5.62762111369	-1695.21229904	
-5.62881943618	-1695.21221533	
-5.63001632442	-1695.21213179	
-5.63121178182	-1695.21204842	
-5.63240581181	-1695.21196521	
-5.6335984178	-1695.21188218	
-5.63478960317	-1695.21179931	
-5.6359793713	-1695.2117166	
-5.63716772557	-1695.21163406	
-5.63835466933	-1695.21155169	
-5.63954020593	-1695.21146948	
-5.64072433869	-1695.21138744	
-5.64190707094	-1695.21130556	
-5.64308840598	-1695.21122385	
-5.64426834712	-1695.2111423	
-5.64544689764	-1695.21106091	
-5.64662406082	-1695.21097968	
-5.64779983991	-1695.21089861	
-5.64897423816	-1695.21081771	
-5.65014725882	-1695.21073696	
-5.65131890512	-1695.21065638	
-5.65248918027	-1695.21057595	
-5.65365808747	-1695.21049569	
-5.65482562993	-1695.21041558	
-5.65599181082	-1695.21033563	
-5.65715663332	-1695.21025584	
-5.65832010058	-1695.21017621	
-5.65948221576	-1695.21009673	
-5.660642982	-1695.21001741	
-5.66180240242	-1695.20993825	
-5.66296048014	-1695.20985924	
-5.66411721826	-1695.20978039	
-5.66527261989	-1695.20970169	
-5.66642668811	-1695.20962315	
-5.66757942599	-1695.20954476	
-5.6687308366	-1695.20946652	
-5.66988092298	-1695.20938844	
-5.67102968818	-1695.2093105	
-5.67217713524	-1695.20923272	
-5.67332326717	-1695.2091551	
-5.67446808699	-1695.20907762	
-5.67561159769	-1695.20900029	
-5.67675380227	-1695.20892312	
-5.6778947037	-1695.20884609	
-5.67903430497	-1695.20876921	
-5.68017260902	-1695.20869249	
-5.6813096188	-1695.20861591	
-5.68244533727	-1695.20853948	
-5.68357976734	-1695.20846319	
-5.68471291194	-1695.20838706	
-5.68584477397	-1695.20831107	
-5.68697535634	-1695.20823522	
-5.68810466194	-1695.20815953	
-5.68923269364	-1695.20808397	
-5.69035945432	-1695.20800857	
-5.69148494685	-1695.20793331	
-5.69260917406	-1695.20785819	
-5.6937321388	-1695.20778322	
-5.69485384391	-1695.20770839	
-5.69597429221	-1695.2076337	
-5.69709348651	-1695.20755916	
-5.69821142961	-1695.20748475	
-5.69932812431	-1695.2074105	
-5.70044357339	-1695.20733638	
-5.70155777963	-1695.2072624	
-5.7026707458	-1695.20718856	
-5.70378247466	-1695.20711487	
-5.70489296894	-1695.20704131	
-5.70600223139	-1695.2069679	
-5.70711026475	-1695.20689462	
-5.70821707172	-1695.20682148	
-5.70932265503	-1695.20674848	
-5.71042701737	-1695.20667562	
-5.71153016145	-1695.20660289	
-5.71263208993	-1695.20653031	
-5.71373280551	-1695.20645786	
-5.71483231084	-1695.20638554	
-5.71593060859	-1695.20631336	
-5.71702770141	-1695.20624132	
-5.71812359193	-1695.20616941	
-5.71921828279	-1695.20609764	
-5.72031177661	-1695.206026	
-5.72140407601	-1695.2059545	
-5.72249518359	-1695.20588313	
-5.72358510195	-1695.2058119	
-5.72467383369	-1695.20574079	
-5.72576138137	-1695.20566982	
-5.72684774759	-1695.20559899	
-5.72793293489	-1695.20552828	
-5.72901694583	-1695.2054577	
-5.73009978297	-1695.20538726	
-5.73118144884	-1695.20531695	
-5.73226194598	-1695.20524677	
-5.7333412769	-1695.20517672	
-5.73441944412	-1695.2051068	
-5.73549645015	-1695.205037	
-5.73657229748	-1695.20496734	
-5.73764698861	-1695.20489781	
-5.73872052602	-1695.2048284	
-5.73979291218	-1695.20475912	
-5.74086414956	-1695.20468997	
-5.74193424062	-1695.20462095	
-5.74300318781	-1695.20455205	
-5.74407099357	-1695.20448328	
-5.74513766034	-1695.20441464	
-5.74620319054	-1695.20434612	
-5.7472675866	-1695.20427773	
-5.74833085092	-1695.20420947	
-5.74939298591	-1695.20414133	
-5.75045399397	-1695.20407331	
-5.75151387748	-1695.20400542	
-5.75257263883	-1695.20393765	
-5.75363028038	-1695.20387	
-5.75468680452	-1695.20380248	
-5.75574221359	-1695.20373508	
-5.75679650994	-1695.20366781	
-5.75784969593	-1695.20360065	
-5.75890177388	-1695.20353362	
-5.75995274612	-1695.20346671	
-5.76100261499	-1695.20339992	
-5.76205138278	-1695.20333326	
-5.76309905181	-1695.20326671	
-5.76414562438	-1695.20320028	
-5.76519110278	-1695.20313398	
-5.7662354893	-1695.20306779	
-5.76727878622	-1695.20300172	
-5.76832099579	-1695.20293577	
-5.7693621203	-1695.20286994	
-5.770402162	-1695.20280423	
-5.77144112313	-1695.20273864	
-5.77247900594	-1695.20267316	
-5.77351581267	-1695.2026078	
-5.77455154554	-1695.20254256	
-5.77558620679	-1695.20247744	
-5.77661979861	-1695.20241243	
-5.77765232322	-1695.20234754	
-5.77868378283	-1695.20228276	
-5.77971417962	-1695.2022181	
-5.78074351579	-1695.20215355	
-5.78177179352	-1695.20208912	
-5.78279901497	-1695.20202481	
-5.78382518233	-1695.20196061	
-5.78485029774	-1695.20189652	
-5.78587436337	-1695.20183255	
-5.78689738137	-1695.20176869	
-5.78791935386	-1695.20170494	
-5.788940283	-1695.20164131	
-5.7899601709	-1695.20157779	
-5.79097901969	-1695.20151438	
-5.79199683148	-1695.20145108	
-5.79301360838	-1695.2013879	
-5.7940293525	-1695.20132482	
-5.79504406593	-1695.20126186	
-5.79605775077	-1695.20119901	
-5.79707040908	-1695.20113627	
-5.79808204295	-1695.20107364	
-5.79909265446	-1695.20101112	
-5.80010224566	-1695.2009487	
-5.80111081862	-1695.2008864	
-5.80211837538	-1695.20082421	
-5.80312491799	-1695.20076213	
-5.80413044849	-1695.20070015	
-5.80513496892	-1695.20063828	
-5.80613848129	-1695.20057652	
-5.80714098764	-1695.20051487	
-5.80814248998	-1695.20045333	
-5.80914299031	-1695.20039189	
