#Site	lnL	
0	-3.53615455053
1	-3.60228126835
2	-9.66642091863
3	-3.53615455053
4	-8.0931760552
5	-4.89943195578
6	-7.8851367059
7	-3.60228126835
8	-4.57722375971
9	-3.6835693668
10	-7.17992721031
11	-4.8212899942
12	-8.20768361517
13	-9.28681617612
14	-5.13745803305
15	-7.40695704565
16	-8.13334461493
17	-9.60669425241
18	-3.48753991757
19	-3.60228126835
20	-4.89943195578
21	-8.26957416171
22	-3.65326446771
23	-4.57722375971
24	-3.33554158191
25	-3.44290048707
26	-8.30000346824
27	-3.53615455053
28	-3.60228126835
29	-5.13745803305
30	-10.7328202447
31	-3.44290048707
32	-11.4219297545
33	-3.33554158191
34	-3.60228126835
35	-4.57722375971
36	-3.33554158191
37	-3.60228126835
38	-10.6814418831
39	-7.40695704565
40	-3.60228126835
41	-4.57722375971
42	-3.53615455053
43	-7.23262549376
44	-4.57722375971
45	-3.48753991757
46	-3.44290048707
47	-5.13745803305
48	-3.53615455053
49	-7.56287714128
50	-7.50689982284
51	-7.36392574158
52	-3.65326446771
53	-4.89943195578
54	-7.36392574158
55	-3.65326446771
56	-5.13745803305
57	-3.6835693668
58	-3.60228126835
59	-5.13745803305
60	-3.6835693668
61	-3.60228126835
62	-4.57722375971
63	-3.53615455053
64	-10.0435487827
65	-4.57722375971
66	-7.36392574158
67	-6.73323410773
68	-8.40876963111
69	-3.48753991757
70	-9.74805779295
71	-5.13745803305
72	-6.93172012675
73	-3.60228126835
74	-6.23716194259
75	-3.6835693668
76	-3.65326446771
77	-8.63680718762
78	-7.36392574158
79	-3.44290048707
80	-4.89943195578
81	-8.25749423582
82	-8.02865088222
83	-7.21338654916
84	-3.53615455053
85	-6.32420123016
86	-4.57722375971
87	-6.89948148764
88	-3.60228126835
89	-8.42391637773
90	-7.24574995214
91	-3.65326446771
92	-6.52619324465
93	-3.48753991757
94	-3.65326446771
95	-4.89943195578
96	-3.53615455053
97	-7.10931061911
98	-4.89943195578
99	-3.33554158191
100	-3.80795845008
101	-4.57722375971
102	-7.70064000104
103	-3.44290048707
104	-4.89943195578
105	-7.67203177335
106	-3.60228126835
107	-6.47808681647
108	-3.48753991757
109	-3.44290048707
110	-4.57722375971
111	-8.7068103781
112	-6.32852445201
113	-5.13745803305
114	-3.53615455053
115	-3.60228126835
116	-8.22416822704
117	-3.6835693668
118	-3.65326446771
119	-10.0288303079
120	-3.48753991757
121	-8.3583933746
122	-4.8212899942
123	-3.6835693668
124	-12.6426189261
125	-5.13745803305
126	-10.7559289278
127	-3.44290048707
128	-4.8212899942
129	-3.53615455053
130	-3.44290048707
131	-5.13745803305
132	-14.8976709354
133	-8.59368203344
134	-4.57722375971
135	-3.6835693668
136	-8.3486089566
137	-4.89943195578
138	-17.9564934188
139	-3.65326446771
140	-9.82807579973
141	-13.6465995899
142	-3.80795845008
143	-9.01462924156
144	-3.33554158191
145	-3.60228126835
146	-4.57722375971
147	-3.53615455053
148	-11.3957159347
149	-4.89943195578
150	-17.4458414558
151	-3.44290048707
152	-7.93544362591
153	-3.53615455053
154	-3.60228126835
155	-4.8212899942
156	-3.53615455053
157	-10.4067535736
158	-4.8212899942
159	-3.33554158191
160	-3.80795845008
161	-9.12525864566
162	-10.1385874684
163	-3.44290048707
164	-9.90178518063
165	-3.33554158191
166	-3.44290048707
167	-13.1951267337
168	-3.33554158191
169	-3.60228126835
170	-12.5828109613
171	-3.48753991757
172	-10.5091339007
173	-10.0692058992
174	-3.33554158191
175	-8.0931760552
176	-10.4015240492
177	-10.9059062606
178	-3.60228126835
179	-4.8212899942
180	-3.48753991757
181	-3.65326446771
182	-4.89943195578
183	-15.1982922602
184	-3.44290048707
185	-4.57722375971
186	-3.48753991757
187	-3.60228126835
188	-8.01127886711
189	-3.33554158191
190	-3.60228126835
191	-4.89943195578
192	-3.33554158191
193	-3.60228126835
194	-6.83365195358
195	-3.33554158191
196	-3.80795845008
197	-9.05739700223
198	-3.6835693668
199	-8.13334461493
200	-4.57722375971
201	-8.24824965667
202	-3.65326446771
203	-14.0580796146
204	-3.53615455053
205	-3.80795845008
206	-4.8212899942
207	-3.53615455053
208	-3.44290048707
209	-4.89943195578
210	-7.41910227767
211	-3.44290048707
212	-4.89943195578
213	-7.92550466793
214	-3.44290048707
215	-4.8212899942
216	-3.33554158191
217	-14.0317492191
218	-4.57722375971
219	-3.6835693668
220	-3.80795845008
221	-8.81874648667
222	-3.33554158191
223	-3.60228126835
224	-5.13745803305
225	-3.33554158191
226	-10.2465712226
227	-5.13745803305
228	-3.53615455053
229	-3.60228126835
230	-5.13745803305
231	-3.33554158191
232	-8.04027324492
233	-8.2374944744
234	-3.6835693668
235	-7.57293623259
236	-5.13745803305
237	-7.67203177335
238	-13.3728301181
239	-4.8212899942
240	-11.4564498959
241	-3.65326446771
242	-4.57722375971
243	-3.33554158191
244	-3.44290048707
245	-4.89943195578
246	-3.53615455053
247	-3.65326446771
248	-13.3957515181
249	-3.33554158191
250	-3.60228126835
251	-4.89943195578
252	-3.48753991757
253	-3.80795845008
254	-4.57722375971
255	-3.53615455053
256	-10.2465712226
257	-4.89943195578
258	-3.53615455053
259	-3.44290048707
260	-4.89943195578
261	-3.6835693668
262	-10.5397600821
263	-9.01462924156
264	-3.6835693668
265	-3.80795845008
266	-9.01552594044
267	-11.7436591878
268	-8.88240663457
269	-7.82476212247
270	-11.7188952708
271	-10.4027430813
272	-7.34086433787
273	-3.33554158191
274	-3.65326446771
275	-8.53746847836
276	-3.53615455053
277	-12.0726351606
278	-14.5586241217
279	-3.53615455053
280	-8.01934349357
281	-7.8651300845
282	-3.48753991757
283	-3.44290048707
284	-14.9649504977
285	-3.53615455053
286	-3.44290048707
287	-4.89943195578
288	-14.2799357694
289	-13.2194710163
290	-4.57722375971
291	-10.7559289278
292	-3.80795845008
293	-4.57722375971
294	-3.6835693668
295	-3.80795845008
296	-8.40876963111
297	-3.48753991757
298	-3.60228126835
299	-4.8212899942
300	-3.33554158191
301	-3.65326446771
302	-5.13745803305
303	-8.44830600829
304	-9.94403385918
305	-4.57722375971
306	-3.33554158191
307	-7.8051069762
308	-8.22416822704
309	-3.48753991757
310	-13.607516519
311	-5.13745803305
312	-3.33554158191
313	-15.0686730626
314	-4.8212899942
315	-3.53615455053
316	-12.6525329032
317	-4.57722375971
318	-3.48753991757
319	-3.60228126835
320	-4.89943195578
321	-9.05246084934
322	-3.44290048707
323	-4.89943195578
324	-10.6132054414
325	-3.60228126835
326	-8.2374944744
327	-3.53615455053
328	-3.80795845008
329	-5.13745803305
330	-3.6835693668
331	-19.878014374
332	-8.40876963111
333	-3.6835693668
334	-7.24784616302
335	-9.77039656455
336	-3.53615455053
337	-3.80795845008
338	-4.57722375971
339	-7.70064000104
340	-3.44290048707
341	-5.13745803305
342	-3.33554158191
343	-3.60228126835
344	-4.89943195578
345	-3.53615455053
346	-3.44290048707
347	-4.89943195578
348	-3.33554158191
349	-3.80795845008
350	-6.97017476868
351	-6.94469391971
352	-8.13334461493
353	-5.13745803305
354	-3.53615455053
355	-6.32852445201
356	-5.13745803305
357	-7.41910227767
358	-3.65326446771
359	-4.8212899942
360	-7.67203177335
361	-3.60228126835
362	-4.57722375971
363	-3.53615455053
364	-3.80795845008
365	-8.35705967037
366	-3.6835693668
367	-6.32420123016
368	-5.13745803305
369	-3.6835693668
370	-3.65326446771
371	-5.13745803305
372	-3.48753991757
373	-7.52726902297
374	-9.67459286487
375	-3.53615455053
376	-13.4995480776
377	-5.13745803305
378	-10.1293025108
379	-3.60228126835
380	-6.5215001785
381	-3.53615455053
382	-3.44290048707
383	-4.57722375971
384	-3.53615455053
385	-7.06673881095
386	-4.57722375971
387	-3.48753991757
388	-3.60228126835
389	-4.57722375971
390	-3.33554158191
391	-3.60228126835
392	-8.61423424307
393	-3.33554158191
394	-3.44290048707
395	-8.01127886711
396	-3.48753991757
397	-3.44290048707
398	-7.64818855043
399	-3.6835693668
400	-3.80795845008
401	-4.8212899942
402	-3.48753991757
403	-10.8142625244
404	-4.57722375971
405	-3.33554158191
406	-7.17992721031
407	-4.57722375971
408	-6.47078775027
409	-3.44290048707
410	-7.97388864985
411	-3.33554158191
412	-3.60228126835
413	-4.89943195578
414	-9.05246084934
415	-6.33744512043
416	-4.89943195578
417	-6.47683281235
418	-7.70967212072
419	-4.89943195578
420	-3.48753991757
421	-9.30126266976
422	-4.8212899942
423	-3.6835693668
424	-3.44290048707
425	-8.97426127953
426	-3.48753991757
427	-3.44290048707
428	-4.8212899942
429	-6.47683281235
430	-3.44290048707
431	-4.89943195578
432	-3.6835693668
433	-3.44290048707
434	-4.57722375971
435	-13.1247575977
436	-3.44290048707
437	-4.89943195578
438	-3.48753991757
439	-7.52726902297
440	-4.57722375971
441	-3.6835693668
442	-8.13334461493
443	-6.52619324465
444	-3.33554158191
445	-8.04027324492
446	-7.79403048598
447	-3.33554158191
448	-3.80795845008
449	-8.36840166909
450	-3.53615455053
451	-3.65326446771
452	-4.8212899942
453	-3.53615455053
454	-12.8734315943
455	-5.13745803305
456	-6.94469391971
457	-3.44290048707
458	-8.53746847836
459	-8.2067755129
460	-3.80795845008
461	-4.8212899942
462	-3.53615455053
463	-3.80795845008
464	-7.8651300845
465	-3.48753991757
466	-3.80795845008
467	-4.89943195578
468	-3.53615455053
469	-3.44290048707
470	-6.27636675426
