#Site	lnL	
0	-5.419918064
1	-5.56105593007
2	-5.55405460161
3	-1.5934673518
4	-5.14118130029
5	-1.63179263594
6	-7.80996829831
7	-5.22484951715
8	-1.63872465429
9	-8.99736100557
10	-5.54997099666
11	-2.13440630135
12	-2.08726744772
13	-2.28866138821
14	-1.83054905587
15	-1.5934673518
16	-1.77191503688
17	-5.55405460161
18	-2.08726744772
19	-1.75698657518
20	-1.63872465429
21	-8.47168775333
22	-1.97618734001
23	-1.63179263594
24	-1.5934673518
25	-1.77191503688
26	-6.07459827269
27	-1.78597135433
28	-2.28866138821
29	-4.58530982374
30	-1.5934673518
31	-1.75698657518
32	-5.38005474696
33	-2.08726744772
34	-1.97618734001
35	-1.63872465429
36	-1.5934673518
37	-1.97618734001
38	-1.63872465429
39	-4.65624076373
40	-13.9430255832
41	-2.13440630135
42	-1.5934673518
43	-1.77191503688
44	-1.63179263594
45	-1.78597135433
46	-8.76039219347
47	-6.35941998509
48	-10.1417895259
49	-1.77191503688
50	-8.21035149524
51	-5.35231083786
52	-1.75698657518
53	-1.83054905587
54	-1.78597135433
55	-1.75698657518
56	-9.79409941073
57	-1.59792422061
58	-2.28866138821
59	-4.83501469337
60	-6.57656696606
61	-2.28866138821
62	-5.34856039918
63	-1.59792422061
64	-1.75698657518
65	-9.27622769516
66	-1.59792422061
67	-5.6793797819
68	-5.6075233602
69	-6.5249647461
70	-1.77191503688
71	-8.84304503608
72	-2.08726744772
73	-2.28866138821
74	-1.63179263594
75	-1.78597135433
76	-9.50201992682
77	-2.13440630135
78	-1.59792422061
79	-5.22484951715
80	-6.64177031421
81	-1.5934673518
82	-11.1788496027
83	-5.28977345582
84	-2.08726744772
85	-5.11460135324
86	-2.13440630135
87	-1.78597135433
88	-1.77191503688
89	-1.63872465429
90	-1.5934673518
91	-9.48599626559
92	-1.63179263594
93	-5.93783245079
94	-5.58746175871
95	-8.41154338358
96	-1.5934673518
97	-9.88338115753
98	-6.34067517822
99	-1.5934673518
100	-5.45073952288
101	-1.63872465429
102	-5.419918064
103	-4.74488390419
104	-13.2357067619
105	-1.59792422061
106	-1.97618734001
107	-1.63179263594
108	-1.78597135433
109	-5.73819541248
110	-1.63872465429
111	-1.59792422061
112	-5.08624578013
113	-10.0327566237
114	-1.5934673518
115	-5.73819541248
116	-5.31814248079
117	-1.5934673518
118	-5.9539100946
119	-1.63872465429
120	-9.47388227666
121	-5.96527222194
122	-1.63872465429
123	-2.08726744772
124	-1.77191503688
125	-4.58530982374
126	-5.3445708027
127	-1.97618734001
128	-1.63179263594
129	-2.08726744772
130	-5.73132786604
131	-11.2395188649
132	-1.59792422061
133	-5.66864812964
134	-1.83054905587
135	-7.14997112506
136	-1.77191503688
137	-4.55637078932
138	-1.59792422061
139	-1.77191503688
140	-5.13417997183
141	-1.78597135433
142	-1.97618734001
143	-1.63872465429
144	-7.48427434352
145	-8.85933764317
146	-13.6170965772
147	-7.24708928051
148	-8.07895716039
149	-6.41136466706
150	-1.5934673518
151	-1.97618734001
152	-1.63179263594
153	-1.5934673518
154	-1.97618734001
155	-1.83054905587
156	-1.5934673518
157	-2.28866138821
158	-1.63872465429
159	-1.5934673518
160	-7.61930620411
161	-5.85915973431
162	-5.94539763911
163	-1.75698657518
164	-14.2009591834
165	-5.39277586533
166	-1.75698657518
167	-4.58530982374
168	-1.5934673518
169	-1.75698657518
170	-5.8675035461
171	-2.08726744772
172	-2.28866138821
173	-1.83054905587
174	-1.78597135433
175	-1.97618734001
176	-7.1735666068
177	-1.59792422061
178	-5.87116897004
179	-6.35941998509
180	-13.5883456784
181	-1.77191503688
182	-2.13440630135
183	-1.78597135433
184	-5.73132786604
185	-1.83054905587
186	-1.78597135433
187	-7.38310693708
188	-1.63872465429
189	-2.08726744772
190	-4.42064183628
191	-1.83054905587
192	-1.5934673518
193	-7.88244446193
194	-4.58530982374
195	-4.97141966975
196	-1.77191503688
197	-1.63872465429
198	-9.05400764688
199	-1.77191503688
200	-5.27296868614
201	-2.08726744772
202	-1.77191503688
203	-8.39220545129
204	-5.67347574774
205	-6.28197483569
206	-5.8675035461
207	-5.76355465475
208	-1.77191503688
209	-1.63872465429
210	-2.08726744772
211	-1.75698657518
212	-5.27296868614
213	-1.78597135433
214	-1.75698657518
215	-1.63872465429
216	-2.08726744772
217	-5.18229387201
218	-1.63872465429
219	-2.08726744772
220	-2.28866138821
221	-1.63179263594
222	-1.59792422061
223	-1.77191503688
224	-1.63179263594
225	-1.59792422061
226	-1.97618734001
227	-2.13440630135
228	-2.08726744772
229	-1.75698657518
230	-1.63179263594
231	-1.5934673518
232	-1.77191503688
233	-6.45236070275
234	-1.78597135433
235	-1.75698657518
236	-1.83054905587
237	-5.419918064
238	-6.38514685172
239	-2.13440630135
240	-1.59792422061
241	-1.75698657518
242	-7.65584498683
243	-1.59792422061
244	-1.97618734001
245	-1.83054905587
246	-2.08726744772
247	-5.22484951715
248	-1.63872465429
249	-1.78597135433
250	-1.75698657518
251	-1.63872465429
252	-1.59792422061
253	-12.2948133368
254	-1.63179263594
255	-1.5934673518
256	-1.75698657518
257	-1.63179263594
258	-1.78597135433
259	-6.90287333946
260	-1.63179263594
261	-1.5934673518
262	-2.28866138821
263	-1.63872465429
264	-7.80996829831
265	-1.77191503688
266	-5.9182679306
267	-6.56246061203
268	-9.46056414626
269	-2.13440630135
270	-1.59792422061
271	-4.92432597051
272	-2.13440630135
273	-8.27236606633
274	-1.75698657518
275	-8.18150405407
276	-1.59792422061
277	-1.75698657518
278	-1.63179263594
279	-1.5934673518
280	-7.58941092404
281	-1.63872465429
282	-5.3445708027
283	-1.97618734001
284	-5.55703712893
285	-1.59792422061
286	-1.75698657518
287	-1.63872465429
288	-5.419918064
289	-5.54997099666
290	-2.13440630135
291	-6.41282016472
292	-1.75698657518
293	-1.83054905587
294	-5.3445708027
295	-1.97618734001
296	-6.20544012571
297	-1.78597135433
298	-7.82764861053
299	-12.5890246448
300	-1.5934673518
301	-7.3816362911
302	-1.63179263594
303	-1.78597135433
304	-9.57678574894
305	-1.63872465429
306	-1.78597135433
307	-5.96527222194
308	-6.12728680962
309	-1.59792422061
310	-1.75698657518
311	-1.63872465429
312	-1.59792422061
313	-1.75698657518
314	-5.34856039918
315	-5.3445708027
316	-7.64472957199
317	-1.83054905587
318	-1.78597135433
319	-1.77191503688
320	-5.8675035461
321	-6.01297392212
322	-1.75698657518
323	-1.63179263594
324	-1.59792422061
325	-1.75698657518
326	-5.85298011395
327	-1.78597135433
328	-5.73132786604
329	-1.63179263594
330	-1.59792422061
331	-8.77326123891
332	-1.63872465429
333	-2.08726744772
334	-1.75698657518
335	-2.13440630135
336	-6.43284855189
337	-1.97618734001
338	-1.63872465429
339	-6.20180067938
340	-4.92432597051
341	-1.63872465429
342	-5.94539763911
343	-2.28866138821
344	-1.63872465429
345	-8.73037466593
346	-1.75698657518
347	-8.29717868792
348	-1.5934673518
349	-2.28866138821
350	-2.13440630135
351	-1.78597135433
352	-4.38178155236
353	-1.83054905587
354	-1.5934673518
355	-5.43113141661
356	-1.63872465429
357	-1.59792422061
358	-4.38178155236
359	-1.63179263594
360	-1.78597135433
361	-1.97618734001
362	-5.11663834405
363	-5.3445708027
364	-1.97618734001
365	-5.62434128459
366	-6.19737095704
367	-4.74488390419
368	-1.63179263594
369	-1.59792422061
370	-5.68642579306
371	-1.63179263594
372	-1.5934673518
373	-1.77191503688
374	-1.83054905587
375	-2.08726744772
376	-4.74488390419
377	-1.63179263594
378	-1.5934673518
379	-2.28866138821
380	-2.13440630135
381	-1.78597135433
382	-1.77191503688
383	-1.83054905587
384	-11.1194917049
385	-2.28866138821
386	-6.05019152493
387	-1.59792422061
388	-1.75698657518
389	-5.26831540197
390	-1.5934673518
391	-1.77191503688
392	-9.28990678518
393	-1.5934673518
394	-6.3171548353
395	-11.9135374793
396	-1.78597135433
397	-5.18229387201
398	-8.91147471554
399	-5.36387356652
400	-2.28866138821
401	-1.63179263594
402	-1.78597135433
403	-5.18229387201
404	-1.63872465429
405	-2.08726744772
406	-2.28866138821
407	-1.83054905587
408	-1.59792422061
409	-1.97618734001
410	-7.7900317235
411	-2.08726744772
412	-1.75698657518
413	-1.83054905587
414	-1.78597135433
415	-1.77191503688
416	-6.30671437652
417	-2.08726744772
418	-1.97618734001
419	-6.41136466706
420	-4.97141966975
421	-1.77191503688
422	-1.63179263594
423	-6.19737095704
424	-9.43299371215
425	-1.63179263594
426	-1.5934673518
427	-2.28866138821
428	-6.07459827269
429	-2.08726744772
430	-2.28866138821
431	-6.12728680962
432	-8.81613354042
433	-1.97618734001
434	-14.1178634837
435	-1.5934673518
436	-1.97618734001
437	-10.0805851308
438	-11.2450102797
439	-1.75698657518
440	-2.13440630135
441	-2.08726744772
442	-5.18229387201
443	-1.83054905587
444	-1.5934673518
445	-5.0806563126
446	-2.13440630135
447	-1.78597135433
448	-4.65406615662
449	-1.63179263594
450	-1.78597135433
451	-5.68642579306
452	-6.12803041233
453	-1.78597135433
454	-1.75698657518
455	-5.62434128459
456	-6.56246061203
457	-1.77191503688
458	-1.63872465429
459	-1.5934673518
460	-5.9539100946
461	-1.63179263594
462	-1.59792422061
463	-6.18638106638
464	-5.55703712893
465	-1.78597135433
466	-1.97618734001
467	-1.63872465429
468	-1.5934673518
469	-1.97618734001
470	-1.63872465429
