# log_p 	 lnL 	 
0.0	-1733.66270456	
-0.287682072452	-1732.76180384	
-0.510825623766	-1732.10684835	
-0.69314718056	-1731.61491021	
-0.847297860387	-1731.23233887	
-0.980829253012	-1730.92761707	
-1.09861228867	-1730.68170051	
-1.20397280433	-1730.4822221	
-1.29928298413	-1730.32050462	
-1.38629436112	-1730.19005199	
-1.46633706879	-1730.08576661	
-1.54044504095	-1730.00352245	
-1.60943791243	-1729.93991556	
-1.67397643357	-1729.89210617	
-1.73460105539	-1729.85771003	
-1.79175946923	-1729.83471796	
-1.8458266905	-1729.82143299	
-1.89711998489	-1729.81641944	
-1.94591014906	-1729.81846085	
-1.99243016469	-1729.82652489	
-2.03688192726	-1729.83973391	
-2.07944154168	-1729.85734035	
-2.1202635362	-1729.87870606	
-2.15948424935	-1729.90328507	
-2.19722457734	-1729.93060914	
-2.23359222151	-1729.96027572	
-2.26868354132	-1729.99193787	
-2.30258509299	-1730.02529587	
-2.33537491582	-1730.06009015	
-2.36712361413	-1730.09609542	
-2.3978952728	-1730.13311569	
-2.42774823595	-1730.17098015	
-2.45673577282	-1730.20953961	
-2.48490664979	-1730.2486636	
-2.51230562398	-1730.28823777	
-2.53897387106	-1730.32816181	
-2.56494935746	-1730.36834764	
-2.59026716545	-1730.40871779	
-2.61495977804	-1730.44920413	
-2.63905732962	-1730.48974666	
-2.66258782703	-1730.53029258	
-2.68557734525	-1730.57079538	
-2.7080502011	-1730.61121413	
-2.73002910782	-1730.65151283	
-2.75153531304	-1730.69165982	
-2.77258872224	-1730.73162731	
-2.79320800944	-1730.77139095	
-2.81341071676	-1730.81092943	
-2.83321334406	-1730.85022417	
-2.85263142991	-1730.88925902	
-2.87167962488	-1730.92801996	
-2.8903717579	-1730.96649494	
-2.90872089656	-1731.00467362	
-2.92673940207	-1731.04254721	
-2.94443897917	-1731.08010829	
-2.96183072188	-1731.1173507	
-2.97892515524	-1731.15426937	
-2.99573227355	-1731.19086023	
-3.01226157551	-1731.2271201	
-3.02852209638	-1731.26304661	
-3.04452243772	-1731.29863807	
-3.06027079469	-1731.33389347	
-3.07577498123	-1731.36881235	
-3.09104245336	-1731.40339475	
-3.10608033072	-1731.43764119	
-3.12089541651	-1731.47155259	
-3.13549421593	-1731.50513022	
-3.14988295338	-1731.53837568	
-3.16406758837	-1731.57129088	
-3.17805383035	-1731.60387793	
-3.19184715248	-1731.63613923	
-3.20545280454	-1731.66807731	
-3.21887582487	-1731.69969493	
-3.23212105162	-1731.73099496	
-3.24519313319	-1731.76198043	
-3.25809653802	-1731.79265447	
-3.2708355638	-1731.8230203	
-3.28341434601	-1731.85308122	
-3.295836866	-1731.88284063	
-3.3081069586	-1731.91230195	
-3.32022831913	-1731.94146866	
-3.33220451018	-1731.97034428	
-3.34403896782	-1731.99893236	
-3.35573500759	-1732.02723644	
-3.36729582999	-1732.05526011	
-3.37872452581	-1732.08300694	
-3.39002408106	-1732.11048051	
-3.40119738166	-1732.13768439	
-3.41224721785	-1732.16462214	
-3.42317628838	-1732.1912973	
-3.43398720449	-1732.21771341	
-3.4446824936	-1732.24387395	
-3.45526460293	-1732.26978243	
-3.4657359028	-1732.29544227	
-3.47609868984	-1732.32085691	
-3.48635519	-1732.34602972	
-3.49650756147	-1732.37096407	
-3.50655789732	-1732.39566327	
-3.51650822817	-1732.4201306	
-3.52636052462	-1732.4443693	
-3.53611669956	-1732.46838257	
-3.54577861047	-1732.49217358	
-3.55534806149	-1732.51574544	
-3.56482680544	-1732.53910123	
-3.57421654579	-1732.562244	
-3.58351893846	-1732.58517673	
-3.59273559356	-1732.60790238	
-3.60186807712	-1732.63042386	
-3.61091791264	-1732.65274403	
-3.61988658263	-1732.67486571	
-3.62877553004	-1732.6967917	
-3.63758615973	-1732.71852472	
-3.6463198397	-1732.74006748	
-3.65497790244	-1732.76142262	
-3.66356164613	-1732.78259276	
-3.6720723358	-1732.80358048	
-3.68051120444	-1732.82438829	
-3.68887945411	-1732.8450187	
-3.69717825693	-1732.86547414	
-3.70540875607	-1732.88575703	
-3.7135720667	-1732.90586973	
-3.72166927694	-1732.92581458	
-3.72970144863	-1732.94559387	
-3.73766961828	-1732.96520984	
-3.74557479779	-1732.98466473	
-3.75341797525	-1733.0039607	
-3.76120011569	-1733.02309991	
-3.76892216179	-1733.04208445	
-3.77658503453	-1733.0609164	
-3.78418963392	-1733.07959779	
-3.79173683955	-1733.09813064	
-3.79922751128	-1733.1165169	
-3.80666248977	-1733.13475852	
-3.81404259707	-1733.15285739	
-3.82136863716	-1733.17081539	
-3.82864139649	-1733.18863437	
-3.83586164446	-1733.20631612	
-3.84303013394	-1733.22386243	
-3.85014760171	-1733.24127504	
-3.85721476893	-1733.25855568	
-3.86423234159	-1733.27570604	
-3.87120101091	-1733.29272777	
-3.87812145375	-1733.30962251	
-3.88499433304	-1733.32639188	
-3.89182029811	-1733.34303744	
-3.8985999851	-1733.35956076	
-3.90533401728	-1733.37596336	
-3.91202300543	-1733.39224675	
-3.91866754815	-1733.4084124	
-3.92526823218	-1733.42446176	
-3.93182563272	-1733.44039627	
-3.93834031375	-1733.45621734	
-3.94481282825	-1733.47192634	
-3.95124371858	-1733.48752464	
-3.95763351668	-1733.50301357	
-3.96398274436	-1733.51839445	
-3.97029191355	-1733.53366858	
-3.97656152657	-1733.54883723	
-3.98279207632	-1733.56390166	
-3.98898404656	-1733.57886309	
-3.99513791214	-1733.59372274	
-4.00125413916	-1733.60848181	
-4.00733318523	-1733.62314147	
-4.01337549969	-1733.63770287	
-4.01938152375	-1733.65216716	
-4.02535169074	-1733.66653546	
-4.03128642625	-1733.68080886	
-4.03718614838	-1733.69498846	
-4.04305126783	-1733.70907532	
-4.04888218815	-1733.72307049	
-4.05467930583	-1733.73697501	
-4.06044301055	-1733.75078989	
-4.06617368526	-1733.76451615	
-4.07187170637	-1733.77815476	
-4.07753744391	-1733.79170671	
-4.08317126162	-1733.80517295	
-4.08877351717	-1733.81855441	
-4.09434456222	-1733.83185205	
-4.0998847426	-1733.84506675	
-4.10539439841	-1733.85819944	
-4.11087386417	-1733.87125099	
-4.11632346894	-1733.88422228	
-4.12174353641	-1733.89711418	
-4.12713438505	-1733.90992752	
-4.13249632819	-1733.92266315	
-4.13782967416	-1733.93532189	
-4.14313472639	-1733.94790456	
-4.14841178349	-1733.96041194	
-4.15366113938	-1733.97284484	
-4.15888308336	-1733.98520402	
-4.16407790024	-1733.99749026	
-4.1692458704	-1734.0097043	
-4.1743872699	-1734.02184689	
-4.17950237056	-1734.03391876	
-4.18459144007	-1734.04592065	
-4.18965474203	-1734.05785324	
-4.19469253606	-1734.06971726	
-4.19970507788	-1734.0815134	
-4.20469261939	-1734.09324232	
-4.20965540873	-1734.10490472	
-4.21459369037	-1734.11650125	
-4.21950770518	-1734.12803256	
-4.22439769047	-1734.13949931	
-4.22926388012	-1734.15090212	
-4.2341065046	-1734.16224164	
-4.23892579103	-1734.17351846	
-4.2437219633	-1734.18473322	
-4.24849524205	-1734.1958865	
-4.25324584481	-1734.2069789	
-4.257973986	-1734.21801102	
-4.26267987704	-1734.22898342	
-4.26736372635	-1734.23989668	
-4.27202573946	-1734.25075136	
-4.27666611902	-1734.26154802	
-4.28128506487	-1734.27228721	
-4.28588277412	-1734.28296946	
-4.29045944115	-1734.29359532	
-4.29501525768	-1734.3041653	
-4.29955041285	-1734.31467993	
-4.3040650932	-1734.32513972	
-4.30855948279	-1734.33554518	
-4.31303376319	-1734.34589681	
-4.31748811354	-1734.3561951	
-4.3219227106	-1734.36644054	
-4.32633772881	-1734.37663361	
-4.33073334029	-1734.38677479	
-4.33510971489	-1734.39686455	
-4.33946702026	-1734.40690334	
-4.34380542185	-1734.41689163	
-4.348125083	-1734.42682987	
-4.3524261649	-1734.4367185	
-4.35670882669	-1734.44655796	
-4.36097322548	-1734.4563487	
-4.36521951636	-1734.46609114	
-4.36944785247	-1734.4757857	
-4.373658385	-1734.4854328	
-4.37785126326	-1734.49503286	
-4.38202663467	-1734.50458628	
-4.38618464482	-1734.51409348	
-4.39032543749	-1734.52355485	
-4.39444915467	-1734.53297078	
-4.39855593663	-1734.54234166	
-4.40264592188	-1734.55166788	
-4.40671924726	-1734.56094983	
-4.41077604796	-1734.57018786	
-4.4148164575	-1734.57938237	
-4.4188406078	-1734.58853371	
-4.42284862919	-1734.59764224	
-4.42684065046	-1734.60670833	
-4.43081679884	-1734.61573233	
-4.43477720006	-1734.62471459	
-4.43872197835	-1734.63365546	
-4.44265125649	-1734.64255527	
-4.44656515581	-1734.65141437	
-4.45046379623	-1734.66023309	
-4.45434729625	-1734.66901176	
-4.45821577303	-1734.67775071	
-4.46206934235	-1734.68645026	
-4.46590811865	-1734.69511073	
-4.46973221509	-1734.70373244	
-4.47354174351	-1734.71231569	
-4.47733681448	-1734.7208608	
-4.48111753732	-1734.72936808	
-4.48488402011	-1734.73783781	
-4.48863636973	-1734.74627031	
-4.49237469184	-1734.75466587	
-4.49609909093	-1734.76302478	
-4.49980967033	-1734.77134732	
-4.50350653221	-1734.77963379	
-4.50718977763	-1734.78788446	
-4.51085950652	-1734.79609962	
-4.51451581772	-1734.80427954	
-4.518158809	-1734.8124245	
-4.52178857705	-1734.82053476	
-4.52540521752	-1734.82861059	
-4.52900882502	-1734.83665226	
-4.53259949315	-1734.84466003	
-4.5361773145	-1734.85263416	
-4.53974238067	-1734.8605749	
-4.54329478227	-1734.8684825	
-4.54683460898	-1734.87635723	
-4.55036194949	-1734.88419932	
-4.5538768916	-1734.89200902	
-4.55737952215	-1734.89978657	
-4.56086992709	-1734.90753222	
-4.56434819147	-1734.9152462	
-4.56781439944	-1734.92292875	
-4.57126863431	-1734.9305801	
-4.5747109785	-1734.93820048	
-4.5781415136	-1734.94579012	
-4.58156032035	-1734.95334925	
-4.58496747867	-1734.96087808	
-4.58836306767	-1734.96837685	
-4.59174716566	-1734.97584576	
-4.59511985013	-1734.98328503	
-4.59848119784	-1734.99069489	
-4.60183128472	-1734.99807554	
-4.60517018599	-1735.00542719	
-4.60849797608	-1735.01275005	
-4.61181472871	-1735.02004433	
-4.61512051684	-1735.02731022	
-4.61841541274	-1735.03454794	
-4.62169948794	-1735.04175768	
-4.62497281328	-1735.04893964	
-4.62823545892	-1735.05609402	
-4.63148749431	-1735.063221	
-4.63472898823	-1735.07032079	
-4.63796000881	-1735.07739357	
-4.64118062351	-1735.08443953	
-4.64439089914	-1735.09145886	
-4.64759090187	-1735.09845173	
-4.65078069724	-1735.10541835	
-4.65396035016	-1735.11235887	
-4.65712992492	-1735.11927349	
-4.66028948521	-1735.12616239	
-4.66343909411	-1735.13302573	
-4.66657881412	-1735.1398637	
-4.66970870713	-1735.14667646	
-4.67282883446	-1735.15346419	
-4.67593925688	-1735.16022705	
-4.67904003455	-1735.16696521	
-4.68213122712	-1735.17367885	
-4.68521289366	-1735.18036812	
-4.6882850927	-1735.18703318	
-4.69134788223	-1735.1936742	
-4.69440131972	-1735.20029135	
-4.6974454621	-1735.20688476	
-4.70048036579	-1735.21345462	
-4.70350608671	-1735.22000106	
-4.70652268025	-1735.22652424	
-4.70953020131	-1735.23302432	
-4.71252870431	-1735.23950145	
-4.71551824316	-1735.24595577	
-4.7184988713	-1735.25238744	
-4.72147064168	-1735.2587966	
-4.72443360681	-1735.2651834	
-4.72738781871	-1735.27154799	
-4.73033332894	-1735.2778905	
-4.73327018862	-1735.28421107	
-4.73619844839	-1735.29050986	
-4.7391181585	-1735.29678699	
-4.74202936871	-1735.30304261	
-4.74493212836	-1735.30927685	
-4.74782648639	-1735.31548985	
-4.75071249128	-1735.32168174	
-4.75359019111	-1735.32785265	
-4.75645963353	-1735.33400273	
-4.75932086582	-1735.34013209	
-4.7621739348	-1735.34624087	
-4.76501888693	-1735.35232919	
-4.76785576827	-1735.35839719	
-4.77068462447	-1735.36444499	
-4.77350550081	-1735.37047272	
-4.77631844218	-1735.37648049	
-4.77912349311	-1735.38246843	
-4.78192069773	-1735.38843667	
-4.78471009982	-1735.39438532	
-4.78749174278	-1735.40031451	
-4.79026566966	-1735.40622435	
-4.79303192316	-1735.41211497	
-4.7957905456	-1735.41798646	
-4.79854157897	-1735.42383897	
-4.80128506491	-1735.42967259	
-4.80402104473	-1735.43548744	
-4.80674955939	-1735.44128364	
-4.8094706495	-1735.44706129	
-4.81218435537	-1735.45282051	
-4.81489071697	-1735.4585614	
-4.81758977394	-1735.46428409	
-4.82028156561	-1735.46998866	
-4.82296613098	-1735.47567524	
-4.82564350875	-1735.48134393	
-4.8283137373	-1735.48699482	
-4.83097685472	-1735.49262804	
-4.83363289878	-1735.49824367	
-4.83628190695	-1735.50384183	
-4.83892391641	-1735.50942262	
-4.84155896405	-1735.51498613	
-4.84418708646	-1735.52053246	
-4.84680831994	-1735.52606173	
-4.84942270051	-1735.53157402	
-4.85203026392	-1735.53706943	
-4.85463104562	-1735.54254806	
-4.8572250808	-1735.54801	
-4.85981240436	-1735.55345536	
-4.86239305096	-1735.55888422	
-4.86496705495	-1735.56429668	
-4.86753445046	-1735.56969283	
-4.87009527132	-1735.57507276	
-4.87264955112	-1735.58043658	
-4.8751973232	-1735.58578436	
-4.87773862063	-1735.59111619	
-4.88027347623	-1735.59643218	
-4.88280192259	-1735.60173239	
-4.88532399202	-1735.60701693	
-4.88783971662	-1735.61228589	
-4.89034912822	-1735.61753933	
-4.89285225844	-1735.62277736	
-4.89534913864	-1735.62800006	
-4.89783979995	-1735.63320751	
-4.90032427328	-1735.6383998	
-4.90280258929	-1735.64357701	
-4.90527477844	-1735.64873921	
-4.90774087093	-1735.6538865	
-4.91020089677	-1735.65901896	
-4.91265488574	-1735.66413666	
-4.91510286737	-1735.66923969	
-4.91754487103	-1735.67432812	
-4.91998092583	-1735.67940204	
-4.92241106068	-1735.68446152	
-4.92483530429	-1735.68950664	
-4.92725368516	-1735.69453747	
-4.92966623156	-1735.6995541	
-4.93207297159	-1735.70455659	
-4.93447393313	-1735.70954503	
-4.93686914386	-1735.71451949	
-4.93925863125	-1735.71948004	
-4.94164242261	-1735.72442675	
-4.94402054501	-1735.72935971	
-4.94639302537	-1735.73427897	
-4.94875989038	-1735.73918462	
-4.95112116656	-1735.74407672	
-4.95347688026	-1735.74895535	
-4.9558270576	-1735.75382057	
-4.95817172456	-1735.75867245	
-4.96051090691	-1735.76351107	
-4.96284463026	-1735.7683365	
-4.96517292002	-1735.77314879	
-4.96749580144	-1735.77794802	
-4.96981329958	-1735.78273425	
-4.97212543933	-1735.78750756	
-4.97443224543	-1735.79226801	
-4.97673374242	-1735.79701566	
-4.97902995468	-1735.80175058	
-4.98132090643	-1735.80647283	
-4.98360662171	-1735.81118248	
-4.98588712441	-1735.81587959	
-4.98816243824	-1735.82056423	
-4.99043258678	-1735.82523645	
-4.99269759341	-1735.82989632	
-4.99495748138	-1735.83454391	
-4.99721227376	-1735.83917926	
-4.9994619935	-1735.84380246	
-5.00170666335	-1735.84841354	
-5.00394630595	-1735.85301258	
-5.00618094375	-1735.85759964	
-5.00841059907	-1735.86217477	
-5.0106352941	-1735.86673803	
-5.01285505083	-1735.87128949	
-5.01506989116	-1735.87582919	
-5.01727983681	-1735.8803572	
-5.01948490937	-1735.88487357	
-5.02168513028	-1735.88937836	
-5.02388052085	-1735.89387163	
-5.02607110223	-1735.89835344	
-5.02825689545	-1735.90282383	
-5.03043792139	-1735.90728286	
-5.03261420082	-1735.9117306	
-5.03478575433	-1735.91616708	
-5.03695260241	-1735.92059238	
-5.03911476542	-1735.92500653	
-5.04127226356	-1735.9294096	
-5.04342511692	-1735.93380163	
-5.04557334546	-1735.93818269	
-5.047716969	-1735.94255281	
-5.04985600725	-1735.94691206	
-5.05199047978	-1735.95126048	
-5.05412040604	-1735.95559813	
-5.05624580535	-1735.95992505	
-5.05836669692	-1735.96424131	
-5.06048309982	-1735.96854693	
-5.06259503303	-1735.97284199	
-5.06470251537	-1735.97712652	
-5.06680556556	-1735.98140058	
-5.06890420222	-1735.98566421	
-5.07099844382	-1735.98991746	
-5.07308830874	-1735.99416038	
-5.07517381523	-1735.99839302	
-5.07725498144	-1736.00261543	
-5.07933182538	-1736.00682765	
-5.08140436498	-1736.01102972	
-5.08347261805	-1736.01522171	
-5.08553660227	-1736.01940364	
-5.08759633523	-1736.02357557	
-5.08965183441	-1736.02773755	
-5.09170311719	-1736.03188961	
-5.09375020081	-1736.03603181	
-5.09579310244	-1736.04016419	
-5.09783183913	-1736.04428678	
-5.09986642782	-1736.04839965	
-5.10189688537	-1736.05250282	
-5.10392322852	-1736.05659635	
-5.1059454739	-1736.06068027	
-5.10796363806	-1736.06475463	
-5.10997773743	-1736.06881948	
-5.11198778836	-1736.07287485	
-5.11399380708	-1736.07692078	
-5.11599580975	-1736.08095733	
-5.11799381242	-1736.08498452	
-5.11998783102	-1736.08900241	
-5.12197788143	-1736.09301102	
-5.1239639794	-1736.09701041	
-5.12594614061	-1736.10100062	
-5.12792438062	-1736.10498167	
-5.12989871492	-1736.10895362	
-5.13186915891	-1736.1129165	
-5.13383572788	-1736.11687036	
-5.13579843705	-1736.12081522	
-5.13775730154	-1736.12475114	
-5.13971233637	-1736.12867814	
-5.1416635565	-1736.13259628	
-5.14361097679	-1736.13650557	
-5.145554612	-1736.14040608	
-5.14749447681	-1736.14429782	
-5.14943058584	-1736.14818084	
-5.15136295359	-1736.15205518	
-5.1532915945	-1736.15592087	
-5.15521652291	-1736.15977795	
-5.15713775309	-1736.16362645	
-5.15905529921	-1736.16746642	
-5.1609691754	-1736.17129789	
-5.16287939565	-1736.17512089	
-5.16478597392	-1736.17893546	
-5.16668892407	-1736.18274164	
-5.16858825987	-1736.18653946	
-5.17048399504	-1736.19032895	
-5.17237614319	-1736.19411015	
-5.17426471788	-1736.1978831	
-5.17614973257	-1736.20164783	
-5.17803120067	-1736.20540437	
-5.1799091355	-1736.20915276	
-5.18178355029	-1736.21289303	
-5.18365445823	-1736.21662521	
-5.1855218724	-1736.22034934	
-5.18738580584	-1736.22406545	
-5.18924627149	-1736.22777357	
-5.19110328224	-1736.23147374	
-5.19295685089	-1736.23516599	
-5.19480699018	-1736.23885035	
-5.19665371277	-1736.24252686	
-5.19849703127	-1736.24619554	
-5.20033695819	-1736.24985642	
-5.202173506	-1736.25350955	
-5.20400668708	-1736.25715494	
-5.20583651375	-1736.26079263	
-5.20766299828	-1736.26442266	
-5.20948615284	-1736.26804505	
-5.21130598956	-1736.27165983	
-5.21312252048	-1736.27526703	
-5.21493575761	-1736.27886669	
-5.21674571285	-1736.28245883	
-5.21855239808	-1736.28604349	
-5.22035582508	-1736.28962068	
-5.22215600558	-1736.29319045	
-5.22395295126	-1736.29675283	
-5.22574667371	-1736.30030783	
-5.22753718449	-1736.3038555	
-5.22932449506	-1736.30739585	
-5.23110861685	-1736.31092892	
-5.23288956123	-1736.31445474	
-5.23466733947	-1736.31797333	
-5.23644196283	-1736.32148473	
-5.23821344248	-1736.32498895	
-5.23998178954	-1736.32848604	
-5.24174701506	-1736.33197601	
-5.24350913005	-1736.33545889	
-5.24526814546	-1736.33893472	
-5.24702407216	-1736.34240351	
-5.24877692099	-1736.3458653	
-5.25052670271	-1736.34932011	
-5.25227342805	-1736.35276797	
-5.25401710765	-1736.35620891	
-5.25575775213	-1736.35964295	
-5.25749537203	-1736.36307012	
-5.25922997784	-1736.36649044	
-5.26096158	-1736.36990394	
-5.2626901889	-1736.37331065	
-5.26441581487	-1736.37671059	
-5.26613846818	-1736.38010379	
-5.26785815906	-1736.38349027	
-5.26957489768	-1736.38687006	
-5.27128869416	-1736.39024318	
-5.27299955856	-1736.39360966	
-5.27470750091	-1736.39696953	
-5.27641253116	-1736.4003228	
-5.27811465923	-1736.4036695	
-5.27981389498	-1736.40700966	
-5.28151024823	-1736.41034331	
-5.28320372874	-1736.41367046	
-5.28489434622	-1736.41699113	
-5.28658211033	-1736.42030537	
-5.28826703069	-1736.42361317	
-5.28994911688	-1736.42691458	
-5.2916283784	-1736.43020962	
-5.29330482472	-1736.4334983	
-5.29497846528	-1736.43678065	
-5.29664930945	-1736.4400567	
-5.29831736655	-1736.44332646	
-5.29998264587	-1736.44658996	
-5.30164515664	-1736.44984723	
-5.30330490806	-1736.45309828	
-5.30496190927	-1736.45634313	
-5.30661616936	-1736.45958182	
-5.3082676974	-1736.46281436	
-5.30991650239	-1736.46604078	
-5.3115625933	-1736.46926109	
-5.31320597904	-1736.47247532	
-5.3148466685	-1736.47568349	
-5.3164846705	-1736.47888562	
-5.31811999384	-1736.48208174	
-5.31975264727	-1736.48527186	
-5.32138263948	-1736.48845601	
-5.32300997914	-1736.4916342	
-5.32463467487	-1736.49480646	
-5.32625673524	-1736.49797281	
-5.32787616879	-1736.50113328	
-5.32949298402	-1736.50428787	
-5.33110718937	-1736.50743662	
-5.33271879327	-1736.51057953	
-5.33432780407	-1736.51371664	
-5.33593423012	-1736.51684797	
-5.3375380797	-1736.51997352	
-5.33913936107	-1736.52309333	
-5.34073808243	-1736.52620742	
-5.34233425196	-1736.52931579	
-5.3439278778	-1736.53241848	
-5.34551896803	-1736.5355155	
-5.34710753072	-1736.53860688	
-5.34869357387	-1736.54169263	
-5.35027710548	-1736.54477276	
-5.35185813348	-1736.54784731	
-5.35343666577	-1736.55091629	
-5.35501271022	-1736.55397972	
-5.35658627467	-1736.55703761	
-5.3581573669	-1736.56008999	
-5.35972599468	-1736.56313688	
-5.36129216571	-1736.56617829	
-5.36285588769	-1736.56921425	
-5.36441716825	-1736.57224476	
-5.36597601502	-1736.57526986	
-5.36753243557	-1736.57828955	
-5.36908643744	-1736.58130386	
-5.37063802813	-1736.58431281	
-5.37218721511	-1736.58731641	
-5.37373400583	-1736.59031468	
-5.37527840768	-1736.59330763	
-5.37682042804	-1736.59629529	
-5.37836007422	-1736.59927768	
-5.37989735354	-1736.60225481	
-5.38143227326	-1736.6052267	
-5.38296484061	-1736.60819336	
-5.38449506279	-1736.61115482	
-5.38602294697	-1736.61411109	
-5.38754850028	-1736.61706218	
-5.38907172982	-1736.62000813	
-5.39059264266	-1736.62294893	
-5.39211124583	-1736.62588461	
-5.39362754635	-1736.62881519	
-5.39514155118	-1736.63174069	
-5.39665326727	-1736.63466111	
-5.39816270152	-1736.63757648	
-5.39966986081	-1736.64048681	
-5.40117475199	-1736.64339212	
-5.40267738187	-1736.64629242	
-5.40417775725	-1736.64918774	
-5.40567588487	-1736.65207808	
-5.40717177146	-1736.65496347	
-5.40866542372	-1736.65784392	
-5.4101568483	-1736.66071944	
-5.41164605186	-1736.66359006	
-5.41313304098	-1736.66645578	
-5.41461782224	-1736.66931663	
-5.4161004022	-1736.67217261	
-5.41758078737	-1736.67502375	
-5.41905898424	-1736.67787006	
-5.42053499927	-1736.68071156	
-5.42200883889	-1736.68354825	
-5.4234805095	-1736.68638016	
-5.42495001748	-1736.68920731	
-5.42641736918	-1736.6920297	
-5.4278825709	-1736.69484735	
-5.42934562895	-1736.69766027	
-5.43080654959	-1736.70046849	
-5.43226533906	-1736.70327201	
-5.43372200355	-1736.70607086	
-5.43517654927	-1736.70886504	
-5.43662898235	-1736.71165457	
-5.43807930892	-1736.71443946	
-5.4395275351	-1736.71721973	
-5.44097366695	-1736.7199954	
-5.44241771052	-1736.72276648	
-5.44385967184	-1736.72553297	
-5.4452995569	-1736.72829491	
-5.44673737167	-1736.73105229	
-5.44817312209	-1736.73380514	
-5.44960681409	-1736.73655347	
-5.45103845357	-1736.73929729	
-5.45246804638	-1736.74203662	
-5.45389559837	-1736.74477146	
-5.45532111536	-1736.74750184	
-5.45674460314	-1736.75022777	
-5.45816606749	-1736.75294926	
-5.45958551414	-1736.75566633	
-5.46100294883	-1736.75837898	
-5.46241837723	-1736.76108724	
-5.46383180503	-1736.76379111	
-5.46524323786	-1736.76649061	
-5.46665268137	-1736.76918575	
-5.46806014114	-1736.77187655	
-5.46946562274	-1736.77456302	
-5.47086913175	-1736.77724516	
-5.47227067367	-1736.77992301	
-5.47367025403	-1736.78259655	
-5.47506787829	-1736.78526582	
-5.47646355193	-1736.78793083	
-5.47785728038	-1736.79059157	
-5.47924906905	-1736.79324808	
-5.48063892334	-1736.79590036	
-5.48202684862	-1736.79854842	
-5.48341285022	-1736.80119228	
-5.48479693349	-1736.80383195	
-5.48617910372	-1736.80646744	
-5.48755936619	-1736.80909876	
-5.48893772616	-1736.81172593	
-5.49031418887	-1736.81434896	
-5.49168875953	-1736.81696785	
-5.49306144334	-1736.81958264	
-5.49443224547	-1736.82219331	
-5.49580117108	-1736.82479989	
-5.49716822529	-1736.8274024	
-5.49853341322	-1736.83000083	
-5.49989673995	-1736.83259521	
-5.50125821054	-1736.83518554	
-5.50261783006	-1736.83777183	
-5.50397560352	-1736.84035411	
-5.50533153593	-1736.84293238	
-5.50668563228	-1736.84550664	
-5.50803789753	-1736.84807693	
-5.50938833663	-1736.85064323	
-5.5107369545	-1736.85320557	
-5.51208375605	-1736.85576396	
-5.51342874616	-1736.85831841	
-5.51477192971	-1736.86086893	
-5.51611331154	-1736.86341553	
-5.51745289646	-1736.86595823	
-5.51879068931	-1736.86849703	
-5.52012669485	-1736.87103194	
-5.52146091786	-1736.87356298	
-5.5227933631	-1736.87609016	
-5.52412403528	-1736.87861348	
-5.52545293913	-1736.88113297	
-5.52678007934	-1736.88364863	
-5.52810546058	-1736.88616046	
-5.52942908751	-1736.88866849	
-5.53075096477	-1736.89117273	
-5.53207109697	-1736.89367317	
-5.53338948873	-1736.89616984	
-5.53470614461	-1736.89866275	
-5.53602106919	-1736.9011519	
-5.53733426702	-1736.90363731	
-5.53864574262	-1736.90611898	
-5.5399555005	-1736.90859693	
-5.54126354516	-1736.91107117	
-5.54256988107	-1736.91354171	
-5.5438745127	-1736.91600855	
-5.54517744448	-1736.91847171	
-5.54647868084	-1736.9209312	
-5.54777822618	-1736.92338703	
-5.5490760849	-1736.92583921	
-5.55037226136	-1736.92828775	
-5.55166675992	-1736.93073266	
-5.55295958492	-1736.93317394	
-5.55425074069	-1736.93561162	
-5.55554023152	-1736.93804569	
-5.5568280617	-1736.94047618	
-5.55811423551	-1736.94290308	
-5.5593987572	-1736.94532641	
-5.56068163102	-1736.94774618	
-5.56196286117	-1736.9501624	
-5.56324245188	-1736.95257508	
-5.56452040732	-1736.95498422	
-5.56579673168	-1736.95738984	
-5.56707142911	-1736.95979195	
-5.56834450376	-1736.96219055	
-5.56961595975	-1736.96458566	
-5.57088580119	-1736.96697729	
-5.57215403218	-1736.96936544	
-5.57342065679	-1736.97175012	
-5.5746856791	-1736.97413135	
-5.57594910315	-1736.97650913	
-5.57721093297	-1736.97888347	
-5.57847117258	-1736.98125438	
-5.57972982599	-1736.98362188	
-5.58098689718	-1736.98598596	
-5.58224239012	-1736.98834664	
-5.58349630878	-1736.99070393	
-5.5847486571	-1736.99305784	
-5.585999439	-1736.99540837	
-5.5872486584	-1736.99775554	
-5.5884963192	-1737.00009935	
-5.58974242528	-1737.00243981	
-5.59098698051	-1737.00477694	
-5.59222998875	-1737.00711074	
-5.59347145384	-1737.00944121	
-5.5947113796	-1737.01176837	
-5.59594976985	-1737.01409223	
-5.59718662839	-1737.0164128	
-5.598421959	-1737.01873008	
-5.59965576545	-1737.02104408	
-5.60088805149	-1737.02335481	
-5.60211882088	-1737.02566229	
-5.60334807733	-1737.02796651	
-5.60457582457	-1737.03026749	
-5.6058020663	-1737.03256523	
-5.60702680619	-1737.03485975	
-5.60825004793	-1737.03715105	
-5.60947179518	-1737.03943914	
-5.61069205159	-1737.04172403	
-5.61191082078	-1737.04400572	
-5.61312810639	-1737.04628423	
-5.61434391201	-1737.04855957	
-5.61555824124	-1737.05083173	
-5.61677109767	-1737.05310074	
-5.61798248485	-1737.05536659	
-5.61919240636	-1737.0576293	
-5.62040086572	-1737.05988888	
-5.62160786647	-1737.06214533	
-5.62281341212	-1737.06439865	
-5.62401750619	-1737.06664887	
-5.62522015215	-1737.06889598	
-5.6264213535	-1737.07114	
-5.62762111369	-1737.07338092	
-5.62881943618	-1737.07561877	
-5.63001632442	-1737.07785355	
-5.63121178182	-1737.08008526	
-5.63240581181	-1737.08231391	
-5.6335984178	-1737.08453952	
-5.63478960317	-1737.08676208	
-5.6359793713	-1737.08898161	
-5.63716772557	-1737.09119812	
-5.63835466933	-1737.0934116	
-5.63954020593	-1737.09562208	
-5.64072433869	-1737.09782955	
-5.64190707094	-1737.10003402	
-5.64308840598	-1737.10223551	
-5.64426834712	-1737.10443402	
-5.64544689764	-1737.10662955	
-5.64662406082	-1737.10882212	
-5.64779983991	-1737.11101173	
-5.64897423816	-1737.11319839	
-5.65014725882	-1737.1153821	
-5.65131890512	-1737.11756288	
-5.65248918027	-1737.11974073	
-5.65365808747	-1737.12191565	
-5.65482562993	-1737.12408767	
-5.65599181082	-1737.12625677	
-5.65715663332	-1737.12842298	
-5.65832010058	-1737.13058629	
-5.65948221576	-1737.13274671	
-5.660642982	-1737.13490426	
-5.66180240242	-1737.13705893	
-5.66296048014	-1737.13921074	
-5.66411721826	-1737.14135969	
-5.66527261989	-1737.14350579	
-5.66642668811	-1737.14564905	
-5.66757942599	-1737.14778947	
-5.6687308366	-1737.14992706	
-5.66988092298	-1737.15206182	
-5.67102968818	-1737.15419377	
-5.67217713524	-1737.15632291	
-5.67332326717	-1737.15844925	
-5.67446808699	-1737.16057279	
-5.67561159769	-1737.16269355	
-5.67675380227	-1737.16481152	
-5.6778947037	-1737.16692671	
-5.67903430497	-1737.16903914	
-5.68017260902	-1737.1711488	
-5.6813096188	-1737.17325571	
-5.68244533727	-1737.17535987	
-5.68357976734	-1737.17746128	
-5.68471291194	-1737.17955996	
-5.68584477397	-1737.18165591	
-5.68697535634	-1737.18374914	
-5.68810466194	-1737.18583965	
-5.68923269364	-1737.18792746	
-5.69035945432	-1737.19001255	
-5.69148494685	-1737.19209496	
-5.69260917406	-1737.19417467	
-5.6937321388	-1737.19625169	
-5.69485384391	-1737.19832604	
-5.69597429221	-1737.20039772	
-5.69709348651	-1737.20246673	
-5.69821142961	-1737.20453309	
-5.69932812431	-1737.20659679	
-5.70044357339	-1737.20865784	
-5.70155777963	-1737.21071626	
-5.7026707458	-1737.21277204	
-5.70378247466	-1737.21482519	
-5.70489296894	-1737.21687572	
-5.70600223139	-1737.21892363	
-5.70711026475	-1737.22096894	
-5.70821707172	-1737.22301164	
-5.70932265503	-1737.22505175	
-5.71042701737	-1737.22708926	
-5.71153016145	-1737.22912419	
-5.71263208993	-1737.23115654	
-5.71373280551	-1737.23318632	
-5.71483231084	-1737.23521353	
-5.71593060859	-1737.23723818	
-5.71702770141	-1737.23926027	
-5.71812359193	-1737.24127982	
-5.71921828279	-1737.24329682	
-5.72031177661	-1737.24531128	
-5.72140407601	-1737.24732321	
-5.72249518359	-1737.24933262	
-5.72358510195	-1737.2513395	
-5.72467383369	-1737.25334387	
-5.72576138137	-1737.25534573	
-5.72684774759	-1737.25734509	
-5.72793293489	-1737.25934196	
-5.72901694583	-1737.26133633	
-5.73009978297	-1737.26332821	
-5.73118144884	-1737.26531762	
-5.73226194598	-1737.26730455	
-5.7333412769	-1737.26928901	
-5.73441944412	-1737.27127101	
-5.73549645015	-1737.27325055	
-5.73657229748	-1737.27522764	
-5.73764698861	-1737.27720228	
-5.73872052602	-1737.27917448	
-5.73979291218	-1737.28114425	
-5.74086414956	-1737.28311159	
-5.74193424062	-1737.2850765	
-5.74300318781	-1737.28703899	
-5.74407099357	-1737.28899907	
-5.74513766034	-1737.29095674	
-5.74620319054	-1737.29291201	
-5.7472675866	-1737.29486488	
-5.74833085092	-1737.29681536	
-5.74939298591	-1737.29876345	
-5.75045399397	-1737.30070916	
-5.75151387748	-1737.3026525	
-5.75257263883	-1737.30459346	
-5.75363028038	-1737.30653206	
-5.75468680452	-1737.3084683	
-5.75574221359	-1737.31040218	
-5.75679650994	-1737.31233372	
-5.75784969593	-1737.31426291	
-5.75890177388	-1737.31618976	
-5.75995274612	-1737.31811427	
-5.76100261499	-1737.32003646	
-5.76205138278	-1737.32195632	
-5.76309905181	-1737.32387387	
-5.76414562438	-1737.3257891	
-5.76519110278	-1737.32770202	
-5.7662354893	-1737.32961264	
-5.76727878622	-1737.33152096	
-5.76832099579	-1737.33342698	
-5.7693621203	-1737.33533072	
-5.770402162	-1737.33723218	
-5.77144112313	-1737.33913136	
-5.77247900594	-1737.34102826	
-5.77351581267	-1737.34292289	
-5.77455154554	-1737.34481527	
-5.77558620679	-1737.34670538	
-5.77661979861	-1737.34859324	
-5.77765232322	-1737.35047885	
-5.77868378283	-1737.35236221	
-5.77971417962	-1737.35424334	
-5.78074351579	-1737.35612224	
-5.78177179352	-1737.3579989	
-5.78279901497	-1737.35987334	
-5.78382518233	-1737.36174556	
-5.78485029774	-1737.36361556	
-5.78587436337	-1737.36548336	
-5.78689738137	-1737.36734895	
-5.78791935386	-1737.36921233	
-5.788940283	-1737.37107353	
-5.7899601709	-1737.37293253	
-5.79097901969	-1737.37478934	
-5.79199683148	-1737.37664397	
-5.79301360838	-1737.37849643	
-5.7940293525	-1737.38034671	
-5.79504406593	-1737.38219482	
-5.79605775077	-1737.38404078	
-5.79707040908	-1737.38588457	
-5.79808204295	-1737.38772621	
-5.79909265446	-1737.38956569	
-5.80010224566	-1737.39140304	
-5.80111081862	-1737.39323824	
-5.80211837538	-1737.3950713	
-5.80312491799	-1737.39690224	
-5.80413044849	-1737.39873105	
-5.80513496892	-1737.40055773	
-5.80613848129	-1737.4023823	
-5.80714098764	-1737.40420475	
-5.80814248998	-1737.4060251	
-5.80914299031	-1737.40784334	
