# log_p 	 lnL 	 
0.0	-1760.11510218	
-0.287682072452	-1759.94697651	
-0.510825623766	-1759.8975879	
-0.69314718056	-1759.92506126	
-0.847297860387	-1760.00159557	
-0.980829253012	-1760.1099053	
-1.09861228867	-1760.23913563	
-1.20397280433	-1760.38217473	
-1.29928298413	-1760.53415707	
-1.38629436112	-1760.69164475	
-1.46633706879	-1760.85215877	
-1.54044504095	-1761.0138918	
-1.60943791243	-1761.17552027	
-1.67397643357	-1761.33607512	
-1.73460105539	-1761.49484979	
-1.79175946923	-1761.65133328	
-1.8458266905	-1761.80516096	
-1.89711998489	-1761.95607805	
-1.94591014906	-1762.10391237	
-1.99243016469	-1762.24855406	
-2.03688192726	-1762.38994035	
-2.07944154168	-1762.52804404	
-2.1202635362	-1762.66286495	
-2.15948424935	-1762.79442331	
-2.19722457734	-1762.92275479	
-2.23359222151	-1763.04790672	
-2.26868354132	-1763.16993513	
-2.30258509299	-1763.28890248	
-2.33537491582	-1763.40487593	
-2.36712361413	-1763.51792592	
-2.3978952728	-1763.62812508	
-2.42774823595	-1763.73554741	
-2.45673577282	-1763.84026754	
-2.48490664979	-1763.94236023	
-2.51230562398	-1764.0418999	
-2.53897387106	-1764.13896031	
-2.56494935746	-1764.23361424	
-2.59026716545	-1764.32593333	
-2.61495977804	-1764.41598786	
-2.63905732962	-1764.50384663	
-2.66258782703	-1764.58957687	
-2.68557734525	-1764.67324414	
-2.7080502011	-1764.75491231	
-2.73002910782	-1764.83464349	
-2.75153531304	-1764.91249802	
-2.77258872224	-1764.98853448	
-2.79320800944	-1765.06280969	
-2.81341071676	-1765.13537869	
-2.83321334406	-1765.20629479	
-2.85263142991	-1765.2756096	
-2.87167962488	-1765.34337305	
-2.8903717579	-1765.40963339	
-2.90872089656	-1765.4744373	
-2.92673940207	-1765.53782987	
-2.94443897917	-1765.59985466	
-2.96183072188	-1765.66055374	
-2.97892515524	-1765.71996773	
-2.99573227355	-1765.77813588	
-3.01226157551	-1765.83509604	
-3.02852209638	-1765.89088478	
-3.04452243772	-1765.94553737	
-3.06027079469	-1765.99908788	
-3.07577498123	-1766.05156918	
-3.09104245336	-1766.10301299	
-3.10608033072	-1766.15344994	
-3.12089541651	-1766.20290958	
-3.13549421593	-1766.25142046	
-3.14988295338	-1766.2990101	
-3.16406758837	-1766.3457051	
-3.17805383035	-1766.39153114	
-3.19184715248	-1766.436513	
-3.20545280454	-1766.48067462	
-3.21887582487	-1766.52403911	
-3.23212105162	-1766.56662882	
-3.24519313319	-1766.60846531	
-3.25809653802	-1766.64956942	
-3.2708355638	-1766.6899613	
-3.28341434601	-1766.7296604	
-3.295836866	-1766.76868555	
-3.3081069586	-1766.80705492	
-3.32022831913	-1766.8447861	
-3.33220451018	-1766.8818961	
-3.34403896782	-1766.91840135	
-3.35573500759	-1766.95431777	
-3.36729582999	-1766.98966075	
-3.37872452581	-1767.02444518	
-3.39002408106	-1767.05868547	
-3.40119738166	-1767.09239557	
-3.41224721785	-1767.12558899	
-3.42317628838	-1767.1582788	
-3.43398720449	-1767.19047768	
-3.4446824936	-1767.22219788	
-3.45526460293	-1767.25345129	
-3.4657359028	-1767.28424943	
-3.47609868984	-1767.31460345	
-3.48635519	-1767.34452416	
-3.49650756147	-1767.37402206	
-3.50655789732	-1767.4031073	
-3.51650822817	-1767.43178975	
-3.52636052462	-1767.46007896	
-3.53611669956	-1767.48798421	
-3.54577861047	-1767.5155145	
-3.55534806149	-1767.54267855	
-3.56482680544	-1767.56948484	
-3.57421654579	-1767.5959416	
-3.58351893846	-1767.62205681	
-3.59273559356	-1767.64783822	
-3.60186807712	-1767.67329337	
-3.61091791264	-1767.69842955	
-3.61988658263	-1767.72325389	
-3.62877553004	-1767.74777328	
-3.63758615973	-1767.77199443	
-3.6463198397	-1767.79592385	
-3.65497790244	-1767.81956789	
-3.66356164613	-1767.8429327	
-3.6720723358	-1767.86602427	
-3.68051120444	-1767.88884842	
-3.68887945411	-1767.91141082	
-3.69717825693	-1767.93371698	
-3.70540875607	-1767.95577225	
-3.7135720667	-1767.97758186	
-3.72166927694	-1767.99915088	
-3.72970144863	-1768.02048425	
-3.73766961828	-1768.04158677	
-3.74557479779	-1768.06246312	
-3.75341797525	-1768.08311788	
-3.76120011569	-1768.10355546	
-3.76892216179	-1768.1237802	
-3.77658503453	-1768.14379631	
-3.78418963392	-1768.16360788	
-3.79173683955	-1768.18321892	
-3.79922751128	-1768.20263331	
-3.80666248977	-1768.22185486	
-3.81404259707	-1768.24088727	
-3.82136863716	-1768.25973413	
-3.82864139649	-1768.27839896	
-3.83586164446	-1768.29688519	
-3.84303013394	-1768.31519617	
-3.85014760171	-1768.33333516	
-3.85721476893	-1768.35130533	
-3.86423234159	-1768.36910978	
-3.87120101091	-1768.38675155	
-3.87812145375	-1768.40423359	
-3.88499433304	-1768.42155877	
-3.89182029811	-1768.43872992	
-3.8985999851	-1768.45574977	
-3.90533401728	-1768.47262101	
-3.91202300543	-1768.48934626	
-3.91866754815	-1768.50592806	
-3.92526823218	-1768.52236891	
-3.93182563272	-1768.53867126	
-3.93834031375	-1768.55483748	
-3.94481282825	-1768.5708699	
-3.95124371858	-1768.58677078	
-3.95763351668	-1768.60254236	
-3.96398274436	-1768.61818679	
-3.97029191355	-1768.6337062	
-3.97656152657	-1768.64910265	
-3.98279207632	-1768.66437818	
-3.98898404656	-1768.67953477	
-3.99513791214	-1768.69457434	
-4.00125413916	-1768.7094988	
-4.00733318523	-1768.72430999	
-4.01337549969	-1768.73900972	
-4.01938152375	-1768.75359977	
-4.02535169074	-1768.76808187	
-4.03128642625	-1768.7824577	
-4.03718614838	-1768.79672893	
-4.04305126783	-1768.81089719	
-4.04888218815	-1768.82496405	
-4.05467930583	-1768.83893108	
-4.06044301055	-1768.85279978	
-4.06617368526	-1768.86657166	
-4.07187170637	-1768.88024817	
-4.07753744391	-1768.89383073	
-4.08317126162	-1768.90732075	
-4.08877351717	-1768.92071958	
-4.09434456222	-1768.93402858	
-4.0998847426	-1768.94724904	
-4.10539439841	-1768.96038227	
-4.11087386417	-1768.97342951	
-4.11632346894	-1768.986392	
-4.12174353641	-1768.99927095	
-4.12713438505	-1769.01206754	
-4.13249632819	-1769.02478294	
-4.13782967416	-1769.03741828	
-4.14313472639	-1769.04997467	
-4.14841178349	-1769.06245322	
-4.15366113938	-1769.07485498	
-4.15888308336	-1769.08718102	
-4.16407790024	-1769.09943235	
-4.1692458704	-1769.11161	
-4.1743872699	-1769.12371495	
-4.17950237056	-1769.13574817	
-4.18459144007	-1769.14771062	
-4.18965474203	-1769.15960322	
-4.19469253606	-1769.17142691	
-4.19970507788	-1769.18318257	
-4.20469261939	-1769.19487108	
-4.20965540873	-1769.20649332	
-4.21459369037	-1769.21805014	
-4.21950770518	-1769.22954236	
-4.22439769047	-1769.24097081	
-4.22926388012	-1769.25233629	
-4.2341065046	-1769.26363958	
-4.23892579103	-1769.27488147	
-4.2437219633	-1769.28606271	
-4.24849524205	-1769.29718406	
-4.25324584481	-1769.30824623	
-4.257973986	-1769.31924995	
-4.26267987704	-1769.33019594	
-4.26736372635	-1769.34108487	
-4.27202573946	-1769.35191745	
-4.27666611902	-1769.36269432	
-4.28128506487	-1769.37341616	
-4.28588277412	-1769.38408361	
-4.29045944115	-1769.39469731	
-4.29501525768	-1769.40525787	
-4.29955041285	-1769.41576592	
-4.3040650932	-1769.42622205	
-4.30855948279	-1769.43662686	
-4.31303376319	-1769.44698094	
-4.31748811354	-1769.45728484	
-4.3219227106	-1769.46753915	
-4.32633772881	-1769.4777444	
-4.33073334029	-1769.48790115	
-4.33510971489	-1769.49800993	
-4.33946702026	-1769.50807126	
-4.34380542185	-1769.51808567	
-4.348125083	-1769.52805366	
-4.3524261649	-1769.53797574	
-4.35670882669	-1769.54785239	
-4.36097322548	-1769.55768409	
-4.36521951636	-1769.56747134	
-4.36944785247	-1769.57721459	
-4.373658385	-1769.58691431	
-4.37785126326	-1769.59657095	
-4.38202663467	-1769.60618496	
-4.38618464482	-1769.61575677	
-4.39032543749	-1769.62528683	
-4.39444915467	-1769.63477555	
-4.39855593663	-1769.64422335	
-4.40264592188	-1769.65363065	
-4.40671924726	-1769.66299786	
-4.41077604796	-1769.67232537	
-4.4148164575	-1769.68161358	
-4.4188406078	-1769.69086288	
-4.42284862919	-1769.70007364	
-4.42684065046	-1769.70924625	
-4.43081679884	-1769.71838107	
-4.43477720006	-1769.72747846	
-4.43872197835	-1769.7365388	
-4.44265125649	-1769.74556243	
-4.44656515581	-1769.7545497	
-4.45046379623	-1769.76350096	
-4.45434729625	-1769.77241653	
-4.45821577303	-1769.78129677	
-4.46206934235	-1769.79014199	
-4.46590811865	-1769.79895251	
-4.46973221509	-1769.80772867	
-4.47354174351	-1769.81647076	
-4.47733681448	-1769.82517911	
-4.48111753732	-1769.83385402	
-4.48488402011	-1769.84249578	
-4.48863636973	-1769.8511047	
-4.49237469184	-1769.85968107	
-4.49609909093	-1769.86822518	
-4.49980967033	-1769.8767373	
-4.50350653221	-1769.88521773	
-4.50718977763	-1769.89366674	
-4.51085950652	-1769.90208459	
-4.51451581772	-1769.91047157	
-4.518158809	-1769.91882793	
-4.52178857705	-1769.92715394	
-4.52540521752	-1769.93544986	
-4.52900882502	-1769.94371593	
-4.53259949315	-1769.95195242	
-4.5361773145	-1769.96015956	
-4.53974238067	-1769.96833761	
-4.54329478227	-1769.9764868	
-4.54683460898	-1769.98460737	
-4.55036194949	-1769.99269956	
-4.5538768916	-1770.0007636	
-4.55737952215	-1770.00879972	
-4.56086992709	-1770.01680813	
-4.56434819147	-1770.02478908	
-4.56781439944	-1770.03274277	
-4.57126863431	-1770.04066942	
-4.5747109785	-1770.04856925	
-4.5781415136	-1770.05644247	
-4.58156032035	-1770.06428929	
-4.58496747867	-1770.07210991	
-4.58836306767	-1770.07990453	
-4.59174716566	-1770.08767337	
-4.59511985013	-1770.0954166	
-4.59848119784	-1770.10313445	
-4.60183128472	-1770.11082708	
-4.60517018599	-1770.11849471	
-4.60849797608	-1770.12613751	
-4.61181472871	-1770.13375567	
-4.61512051684	-1770.14134938	
-4.61841541274	-1770.14891881	
-4.62169948794	-1770.15646415	
-4.62497281328	-1770.16398558	
-4.62823545892	-1770.17148327	
-4.63148749431	-1770.17895739	
-4.63472898823	-1770.18640812	
-4.63796000881	-1770.19383562	
-4.64118062351	-1770.20124006	
-4.64439089914	-1770.20862161	
-4.64759090187	-1770.21598043	
-4.65078069724	-1770.22331668	
-4.65396035016	-1770.23063052	
-4.65712992492	-1770.23792211	
-4.66028948521	-1770.2451916	
-4.66343909411	-1770.25243915	
-4.66657881412	-1770.25966491	
-4.66970870713	-1770.26686902	
-4.67282883446	-1770.27405165	
-4.67593925688	-1770.28121294	
-4.67904003455	-1770.28835302	
-4.68213122712	-1770.29547205	
-4.68521289366	-1770.30257017	
-4.6882850927	-1770.30964752	
-4.69134788223	-1770.31670423	
-4.69440131972	-1770.32374045	
-4.6974454621	-1770.33075631	
-4.70048036579	-1770.33775194	
-4.70350608671	-1770.34472748	
-4.70652268025	-1770.35168306	
-4.70953020131	-1770.35861881	
-4.71252870431	-1770.36553485	
-4.71551824316	-1770.37243132	
-4.7184988713	-1770.37930835	
-4.72147064168	-1770.38616604	
-4.72443360681	-1770.39300454	
-4.72738781871	-1770.39982396	
-4.73033332894	-1770.40662442	
-4.73327018862	-1770.41340604	
-4.73619844839	-1770.42016894	
-4.7391181585	-1770.42691323	
-4.74202936871	-1770.43363904	
-4.74493212836	-1770.44034647	
-4.74782648639	-1770.44703565	
-4.75071249128	-1770.45370667	
-4.75359019111	-1770.46035966	
-4.75645963353	-1770.46699472	
-4.75932086582	-1770.47361196	
-4.7621739348	-1770.48021148	
-4.76501888693	-1770.48679341	
-4.76785576827	-1770.49335783	
-4.77068462447	-1770.49990486	
-4.77350550081	-1770.5064346	
-4.77631844218	-1770.51294715	
-4.77912349311	-1770.51944261	
-4.78192069773	-1770.52592108	
-4.78471009982	-1770.53238267	
-4.78749174278	-1770.53882746	
-4.79026566966	-1770.54525557	
-4.79303192316	-1770.55166707	
-4.7957905456	-1770.55806208	
-4.79854157897	-1770.56444068	
-4.80128506491	-1770.57080297	
-4.80402104473	-1770.57714904	
-4.80674955939	-1770.58347898	
-4.8094706495	-1770.58979288	
-4.81218435537	-1770.59609084	
-4.81489071697	-1770.60237294	
-4.81758977394	-1770.60863928	
-4.82028156561	-1770.61488993	
-4.82296613098	-1770.62112499	
-4.82564350875	-1770.62734454	
-4.8283137373	-1770.63354867	
-4.83097685472	-1770.63973746	
-4.83363289878	-1770.64591099	
-4.83628190695	-1770.65206936	
-4.83892391641	-1770.65821263	
-4.84155896405	-1770.6643409	
-4.84418708646	-1770.67045424	
-4.84680831994	-1770.67655273	
-4.84942270051	-1770.68263645	
-4.85203026392	-1770.68870549	
-4.85463104562	-1770.69475991	
-4.8572250808	-1770.7007998	
-4.85981240436	-1770.70682523	
-4.86239305096	-1770.71283627	
-4.86496705495	-1770.71883301	
-4.86753445046	-1770.72481552	
-4.87009527132	-1770.73078386	
-4.87264955112	-1770.73673812	
-4.8751973232	-1770.74267837	
-4.87773862063	-1770.74860467	
-4.88027347623	-1770.75451711	
-4.88280192259	-1770.76041574	
-4.88532399202	-1770.76630065	
-4.88783971662	-1770.77217189	
-4.89034912822	-1770.77802954	
-4.89285225844	-1770.78387367	
-4.89534913864	-1770.78970434	
-4.89783979995	-1770.79552163	
-4.90032427328	-1770.80132559	
-4.90280258929	-1770.8071163	
-4.90527477844	-1770.81289382	
-4.90774087093	-1770.81865821	
-4.91020089677	-1770.82440954	
-4.91265488574	-1770.83014787	
-4.91510286737	-1770.83587327	
-4.91754487103	-1770.8415858	
-4.91998092583	-1770.84728551	
-4.92241106068	-1770.85297249	
-4.92483530429	-1770.85864677	
-4.92725368516	-1770.86430843	
-4.92966623156	-1770.86995753	
-4.93207297159	-1770.87559412	
-4.93447393313	-1770.88121826	
-4.93686914386	-1770.88683002	
-4.93925863125	-1770.89242945	
-4.94164242261	-1770.89801661	
-4.94402054501	-1770.90359156	
-4.94639302537	-1770.90915435	
-4.94875989038	-1770.91470504	
-4.95112116656	-1770.92024369	
-4.95347688026	-1770.92577035	
-4.9558270576	-1770.93128508	
-4.95817172456	-1770.93678793	
-4.96051090691	-1770.94227896	
-4.96284463026	-1770.94775821	
-4.96517292002	-1770.95322576	
-4.96749580144	-1770.95868164	
-4.96981329958	-1770.96412591	
-4.97212543933	-1770.96955863	
-4.97443224543	-1770.97497984	
-4.97673374242	-1770.9803896	
-4.97902995468	-1770.98578795	
-4.98132090643	-1770.99117495	
-4.98360662171	-1770.99655066	
-4.98588712441	-1771.00191511	
-4.98816243824	-1771.00726836	
-4.99043258678	-1771.01261046	
-4.99269759341	-1771.01794145	
-4.99495748138	-1771.02326139	
-4.99721227376	-1771.02857033	
-4.9994619935	-1771.0338683	
-5.00170666335	-1771.03915537	
-5.00394630595	-1771.04443157	
-5.00618094375	-1771.04969696	
-5.00841059907	-1771.05495157	
-5.0106352941	-1771.06019547	
-5.01285505083	-1771.06542868	
-5.01506989116	-1771.07065126	
-5.01727983681	-1771.07586326	
-5.01948490937	-1771.08106471	
-5.02168513028	-1771.08625566	
-5.02388052085	-1771.09143617	
-5.02607110223	-1771.09660626	
-5.02825689545	-1771.10176598	
-5.03043792139	-1771.10691539	
-5.03261420082	-1771.11205451	
-5.03478575433	-1771.1171834	
-5.03695260241	-1771.12230209	
-5.03911476542	-1771.12741063	
-5.04127226356	-1771.13250906	
-5.04342511692	-1771.13759742	
-5.04557334546	-1771.14267575	
-5.047716969	-1771.1477441	
-5.04985600725	-1771.1528025	
-5.05199047978	-1771.15785099	
-5.05412040604	-1771.16288962	
-5.05624580535	-1771.16791843	
-5.05836669692	-1771.17293745	
-5.06048309982	-1771.17794672	
-5.06259503303	-1771.18294628	
-5.06470251537	-1771.18793618	
-5.06680556556	-1771.19291645	
-5.06890420222	-1771.19788712	
-5.07099844382	-1771.20284825	
-5.07308830874	-1771.20779985	
-5.07517381523	-1771.21274198	
-5.07725498144	-1771.21767467	
-5.07933182538	-1771.22259796	
-5.08140436498	-1771.22751187	
-5.08347261805	-1771.23241646	
-5.08553660227	-1771.23731176	
-5.08759633523	-1771.24219779	
-5.08965183441	-1771.24707461	
-5.09170311719	-1771.25194224	
-5.09375020081	-1771.25680072	
-5.09579310244	-1771.26165008	
-5.09783183913	-1771.26649036	
-5.09986642782	-1771.2713216	
-5.10189688537	-1771.27614383	
-5.10392322852	-1771.28095708	
-5.1059454739	-1771.28576138	
-5.10796363806	-1771.29055678	
-5.10997773743	-1771.29534331	
-5.11198778836	-1771.30012099	
-5.11399380708	-1771.30488986	
-5.11599580975	-1771.30964996	
-5.11799381242	-1771.31440132	
-5.11998783102	-1771.31914396	
-5.12197788143	-1771.32387793	
-5.1239639794	-1771.32860326	
-5.12594614061	-1771.33331997	
-5.12792438062	-1771.3380281	
-5.12989871492	-1771.34272768	
-5.13186915891	-1771.34741875	
-5.13383572788	-1771.35210133	
-5.13579843705	-1771.35677545	
-5.13775730154	-1771.36144115	
-5.13971233637	-1771.36609845	
-5.1416635565	-1771.37074739	
-5.14361097679	-1771.375388	
-5.145554612	-1771.3800203	
-5.14749447681	-1771.38464434	
-5.14943058584	-1771.38926013	
-5.15136295359	-1771.3938677	
-5.1532915945	-1771.3984671	
-5.15521652291	-1771.40305834	
-5.15713775309	-1771.40764145	
-5.15905529921	-1771.41221647	
-5.1609691754	-1771.41678341	
-5.16287939565	-1771.42134233	
-5.16478597392	-1771.42589323	
-5.16668892407	-1771.43043614	
-5.16858825987	-1771.43497111	
-5.17048399504	-1771.43949814	
-5.17237614319	-1771.44401728	
-5.17426471788	-1771.44852855	
-5.17614973257	-1771.45303198	
-5.17803120067	-1771.45752759	
-5.1799091355	-1771.46201541	
-5.18178355029	-1771.46649547	
-5.18365445823	-1771.47096779	
-5.1855218724	-1771.47543241	
-5.18738580584	-1771.47988934	
-5.18924627149	-1771.48433862	
-5.19110328224	-1771.48878027	
-5.19295685089	-1771.49321432	
-5.19480699018	-1771.49764079	
-5.19665371277	-1771.50205971	
-5.19849703127	-1771.50647111	
-5.20033695819	-1771.510875	
-5.202173506	-1771.51527142	
-5.20400668708	-1771.51966039	
-5.20583651375	-1771.52404194	
-5.20766299828	-1771.52841609	
-5.20948615284	-1771.53278286	
-5.21130598956	-1771.53714229	
-5.21312252048	-1771.54149439	
-5.21493575761	-1771.54583919	
-5.21674571285	-1771.55017672	
-5.21855239808	-1771.55450699	
-5.22035582508	-1771.55883003	
-5.22215600558	-1771.56314587	
-5.22395295126	-1771.56745453	
-5.22574667371	-1771.57175604	
-5.22753718449	-1771.57605041	
-5.22932449506	-1771.58033767	
-5.23110861685	-1771.58461785	
-5.23288956123	-1771.58889096	
-5.23466733947	-1771.59315703	
-5.23644196283	-1771.59741608	
-5.23821344248	-1771.60166815	
-5.23998178954	-1771.60591323	
-5.24174701506	-1771.61015137	
-5.24350913005	-1771.61438259	
-5.24526814546	-1771.6186069	
-5.24702407216	-1771.62282432	
-5.24877692099	-1771.62703489	
-5.25052670271	-1771.63123862	
-5.25227342805	-1771.63543553	
-5.25401710765	-1771.63962565	
-5.25575775213	-1771.643809	
-5.25749537203	-1771.64798559	
-5.25922997784	-1771.65215546	
-5.26096158	-1771.65631861	
-5.2626901889	-1771.66047508	
-5.26441581487	-1771.66462488	
-5.26613846818	-1771.66876804	
-5.26785815906	-1771.67290457	
-5.26957489768	-1771.6770345	
-5.27128869416	-1771.68115785	
-5.27299955856	-1771.68527463	
-5.27470750091	-1771.68938487	
-5.27641253116	-1771.69348859	
-5.27811465923	-1771.69758581	
-5.27981389498	-1771.70167655	
-5.28151024823	-1771.70576083	
-5.28320372874	-1771.70983866	
-5.28489434622	-1771.71391008	
-5.28658211033	-1771.71797509	
-5.28826703069	-1771.72203372	
-5.28994911688	-1771.72608599	
-5.2916283784	-1771.73013191	
-5.29330482472	-1771.73417151	
-5.29497846528	-1771.73820481	
-5.29664930945	-1771.74223182	
-5.29831736655	-1771.74625257	
-5.29998264587	-1771.75026707	
-5.30164515664	-1771.75427534	
-5.30330490806	-1771.7582774	
-5.30496190927	-1771.76227328	
-5.30661616936	-1771.76626298	
-5.3082676974	-1771.77024652	
-5.30991650239	-1771.77422393	
-5.3115625933	-1771.77819523	
-5.31320597904	-1771.78216042	
-5.3148466685	-1771.78611954	
-5.3164846705	-1771.79007259	
-5.31811999384	-1771.79401961	
-5.31975264727	-1771.79796059	
-5.32138263948	-1771.80189557	
-5.32300997914	-1771.80582455	
-5.32463467487	-1771.80974756	
-5.32625673524	-1771.81366462	
-5.32787616879	-1771.81757574	
-5.32949298402	-1771.82148094	
-5.33110718937	-1771.82538024	
-5.33271879327	-1771.82927365	
-5.33432780407	-1771.83316119	
-5.33593423012	-1771.83704288	
-5.3375380797	-1771.84091874	
-5.33913936107	-1771.84478878	
-5.34073808243	-1771.84865301	
-5.34233425196	-1771.85251147	
-5.3439278778	-1771.85636416	
-5.34551896803	-1771.86021109	
-5.34710753072	-1771.8640523	
-5.34869357387	-1771.86788778	
-5.35027710548	-1771.87171757	
-5.35185813348	-1771.87554167	
-5.35343666577	-1771.8793601	
-5.35501271022	-1771.88317288	
-5.35658627467	-1771.88698002	
-5.3581573669	-1771.89078154	
-5.35972599468	-1771.89457746	
-5.36129216571	-1771.89836779	
-5.36285588769	-1771.90215255	
-5.36441716825	-1771.90593175	
-5.36597601502	-1771.90970541	
-5.36753243557	-1771.91347355	
-5.36908643744	-1771.91723617	
-5.37063802813	-1771.9209933	
-5.37218721511	-1771.92474495	
-5.37373400583	-1771.92849114	
-5.37527840768	-1771.93223188	
-5.37682042804	-1771.93596719	
-5.37836007422	-1771.93969708	
-5.37989735354	-1771.94342156	
-5.38143227326	-1771.94714066	
-5.38296484061	-1771.95085438	
-5.38449506279	-1771.95456275	
-5.38602294697	-1771.95826577	
-5.38754850028	-1771.96196346	
-5.38907172982	-1771.96565584	
-5.39059264266	-1771.96934292	
-5.39211124583	-1771.97302472	
-5.39362754635	-1771.97670124	
-5.39514155118	-1771.98037251	
-5.39665326727	-1771.98403854	
-5.39816270152	-1771.98769934	
-5.39966986081	-1771.99135492	
-5.40117475199	-1771.99500531	
-5.40267738187	-1771.99865051	
-5.40417775725	-1772.00229055	
-5.40567588487	-1772.00592542	
-5.40717177146	-1772.00955515	
-5.40866542372	-1772.01317976	
-5.4101568483	-1772.01679924	
-5.41164605186	-1772.02041363	
-5.41313304098	-1772.02402293	
-5.41461782224	-1772.02762715	
-5.4161004022	-1772.03122632	
-5.41758078737	-1772.03482043	
-5.41905898424	-1772.03840952	
-5.42053499927	-1772.04199358	
-5.42200883889	-1772.04557263	
-5.4234805095	-1772.0491467	
-5.42495001748	-1772.05271578	
-5.42641736918	-1772.05627989	
-5.4278825709	-1772.05983905	
-5.42934562895	-1772.06339327	
-5.43080654959	-1772.06694257	
-5.43226533906	-1772.07048694	
-5.43372200355	-1772.07402642	
-5.43517654927	-1772.07756101	
-5.43662898235	-1772.08109071	
-5.43807930892	-1772.08461556	
-5.4395275351	-1772.08813556	
-5.44097366695	-1772.09165071	
-5.44241771052	-1772.09516104	
-5.44385967184	-1772.09866656	
-5.4452995569	-1772.10216728	
-5.44673737167	-1772.10566321	
-5.44817312209	-1772.10915436	
-5.44960681409	-1772.11264075	
-5.45103845357	-1772.11612239	
-5.45246804638	-1772.11959929	
-5.45389559837	-1772.12307146	
-5.45532111536	-1772.12653892	
-5.45674460314	-1772.13000167	
-5.45816606749	-1772.13345974	
-5.45958551414	-1772.13691313	
-5.46100294883	-1772.14036185	
-5.46241837723	-1772.14380591	
-5.46383180503	-1772.14724533	
-5.46524323786	-1772.15068012	
-5.46665268137	-1772.1541103	
-5.46806014114	-1772.15753586	
-5.46946562274	-1772.16095683	
-5.47086913175	-1772.16437322	
-5.47227067367	-1772.16778503	
-5.47367025403	-1772.17119228	
-5.47506787829	-1772.17459498	
-5.47646355193	-1772.17799314	
-5.47785728038	-1772.18138678	
-5.47924906905	-1772.1847759	
-5.48063892334	-1772.18816052	
-5.48202684862	-1772.19154064	
-5.48341285022	-1772.19491628	
-5.48479693349	-1772.19828745	
-5.48617910372	-1772.20165417	
-5.48755936619	-1772.20501643	
-5.48893772616	-1772.20837426	
-5.49031418887	-1772.21172766	
-5.49168875953	-1772.21507664	
-5.49306144334	-1772.21842122	
-5.49443224547	-1772.22176141	
-5.49580117108	-1772.22509721	
-5.49716822529	-1772.22842864	
-5.49853341322	-1772.23175572	
-5.49989673995	-1772.23507844	
-5.50125821054	-1772.23839682	
-5.50261783006	-1772.24171087	
-5.50397560352	-1772.2450206	
-5.50533153593	-1772.24832603	
-5.50668563228	-1772.25162715	
-5.50803789753	-1772.25492399	
-5.50938833663	-1772.25821656	
-5.5107369545	-1772.26150485	
-5.51208375605	-1772.26478889	
-5.51342874616	-1772.26806869	
-5.51477192971	-1772.27134425	
-5.51611331154	-1772.27461559	
-5.51745289646	-1772.2778827	
-5.51879068931	-1772.28114562	
-5.52012669485	-1772.28440434	
-5.52146091786	-1772.28765888	
-5.5227933631	-1772.29090924	
-5.52412403528	-1772.29415543	
-5.52545293913	-1772.29739747	
-5.52678007934	-1772.30063537	
-5.52810546058	-1772.30386913	
-5.52942908751	-1772.30709877	
-5.53075096477	-1772.31032429	
-5.53207109697	-1772.31354571	
-5.53338948873	-1772.31676303	
-5.53470614461	-1772.31997626	
-5.53602106919	-1772.32318542	
-5.53733426702	-1772.32639052	
-5.53864574262	-1772.32959155	
-5.5399555005	-1772.33278854	
-5.54126354516	-1772.33598149	
-5.54256988107	-1772.33917041	
-5.5438745127	-1772.34235531	
-5.54517744448	-1772.3455362	
-5.54647868084	-1772.34871309	
-5.54777822618	-1772.351886	
-5.5490760849	-1772.35505491	
-5.55037226136	-1772.35821986	
-5.55166675992	-1772.36138085	
-5.55295958492	-1772.36453788	
-5.55425074069	-1772.36769096	
-5.55554023152	-1772.37084011	
-5.5568280617	-1772.37398534	
-5.55811423551	-1772.37712665	
-5.5593987572	-1772.38026405	
-5.56068163102	-1772.38339755	
-5.56196286117	-1772.38652716	
-5.56324245188	-1772.38965288	
-5.56452040732	-1772.39277474	
-5.56579673168	-1772.39589273	
-5.56707142911	-1772.39900687	
-5.56834450376	-1772.40211716	
-5.56961595975	-1772.40522362	
-5.57088580119	-1772.40832625	
-5.57215403218	-1772.41142506	
-5.57342065679	-1772.41452006	
-5.5746856791	-1772.41761125	
-5.57594910315	-1772.42069865	
-5.57721093297	-1772.42378227	
-5.57847117258	-1772.42686211	
-5.57972982599	-1772.42993819	
-5.58098689718	-1772.4330105	
-5.58224239012	-1772.43607907	
-5.58349630878	-1772.43914389	
-5.5847486571	-1772.44220498	
-5.585999439	-1772.44526234	
-5.5872486584	-1772.44831599	
-5.5884963192	-1772.45136593	
-5.58974242528	-1772.45441217	
-5.59098698051	-1772.45745472	
-5.59222998875	-1772.46049358	
-5.59347145384	-1772.46352877	
-5.5947113796	-1772.46656029	
-5.59594976985	-1772.46958815	
-5.59718662839	-1772.47261236	
-5.598421959	-1772.47563293	
-5.59965576545	-1772.47864986	
-5.60088805149	-1772.48166317	
-5.60211882088	-1772.48467285	
-5.60334807733	-1772.48767893	
-5.60457582457	-1772.49068141	
-5.6058020663	-1772.49368029	
-5.60702680619	-1772.49667558	
-5.60825004793	-1772.49966729	
-5.60947179518	-1772.50265544	
-5.61069205159	-1772.50564002	
-5.61191082078	-1772.50862104	
-5.61312810639	-1772.51159852	
-5.61434391201	-1772.51457246	
-5.61555824124	-1772.51754287	
-5.61677109767	-1772.52050975	
-5.61798248485	-1772.52347312	
-5.61919240636	-1772.52643297	
-5.62040086572	-1772.52938933	
-5.62160786647	-1772.53234219	
-5.62281341212	-1772.53529157	
-5.62401750619	-1772.53823747	
-5.62522015215	-1772.54117989	
-5.6264213535	-1772.54411886	
-5.62762111369	-1772.54705436	
-5.62881943618	-1772.54998642	
-5.63001632442	-1772.55291504	
-5.63121178182	-1772.55584022	
-5.63240581181	-1772.55876198	
-5.6335984178	-1772.56168032	
-5.63478960317	-1772.56459525	
-5.6359793713	-1772.56750677	
-5.63716772557	-1772.5704149	
-5.63835466933	-1772.57331964	
-5.63954020593	-1772.57622099	
-5.64072433869	-1772.57911897	
-5.64190707094	-1772.58201358	
-5.64308840598	-1772.58490483	
-5.64426834712	-1772.58779273	
-5.64544689764	-1772.59067728	
-5.64662406082	-1772.59355849	
-5.64779983991	-1772.59643637	
-5.64897423816	-1772.59931092	
-5.65014725882	-1772.60218216	
-5.65131890512	-1772.60505008	
-5.65248918027	-1772.6079147	
-5.65365808747	-1772.61077602	
-5.65482562993	-1772.61363406	
-5.65599181082	-1772.6164888	
-5.65715663332	-1772.61934028	
-5.65832010058	-1772.62218848	
-5.65948221576	-1772.62503342	
-5.660642982	-1772.6278751	
-5.66180240242	-1772.63071353	
-5.66296048014	-1772.63354872	
-5.66411721826	-1772.63638068	
-5.66527261989	-1772.63920941	
-5.66642668811	-1772.64203491	
-5.66757942599	-1772.6448572	
-5.6687308366	-1772.64767628	
-5.66988092298	-1772.65049216	
-5.67102968818	-1772.65330484	
-5.67217713524	-1772.65611433	
-5.67332326717	-1772.65892064	
-5.67446808699	-1772.66172378	
-5.67561159769	-1772.66452375	
-5.67675380227	-1772.66732055	
-5.6778947037	-1772.6701142	
-5.67903430497	-1772.67290469	
-5.68017260902	-1772.67569205	
-5.6813096188	-1772.67847627	
-5.68244533727	-1772.68125735	
-5.68357976734	-1772.68403532	
-5.68471291194	-1772.68681016	
-5.68584477397	-1772.6895819	
-5.68697535634	-1772.69235053	
-5.68810466194	-1772.69511606	
-5.68923269364	-1772.6978785	
-5.69035945432	-1772.70063785	
-5.69148494685	-1772.70339412	
-5.69260917406	-1772.70614732	
-5.6937321388	-1772.70889745	
-5.69485384391	-1772.71164453	
-5.69597429221	-1772.71438854	
-5.69709348651	-1772.71712951	
-5.69821142961	-1772.71986744	
-5.69932812431	-1772.72260233	
-5.70044357339	-1772.72533419	
-5.70155777963	-1772.72806302	
-5.7026707458	-1772.73078884	
-5.70378247466	-1772.73351165	
-5.70489296894	-1772.73623145	
-5.70600223139	-1772.73894825	
-5.70711026475	-1772.74166205	
-5.70821707172	-1772.74437287	
-5.70932265503	-1772.7470807	
-5.71042701737	-1772.74978556	
-5.71153016145	-1772.75248745	
-5.71263208993	-1772.75518638	
-5.71373280551	-1772.75788235	
-5.71483231084	-1772.76057536	
-5.71593060859	-1772.76326543	
-5.71702770141	-1772.76595256	
-5.71812359193	-1772.76863675	
-5.71921828279	-1772.77131801	
-5.72031177661	-1772.77399635	
-5.72140407601	-1772.77667178	
-5.72249518359	-1772.77934429	
-5.72358510195	-1772.78201389	
-5.72467383369	-1772.7846806	
-5.72576138137	-1772.78734441	
-5.72684774759	-1772.79000533	
-5.72793293489	-1772.79266337	
-5.72901694583	-1772.79531853	
-5.73009978297	-1772.79797082	
-5.73118144884	-1772.80062024	
-5.73226194598	-1772.8032668	
-5.7333412769	-1772.80591051	
-5.73441944412	-1772.80855136	
-5.73549645015	-1772.81118938	
-5.73657229748	-1772.81382455	
-5.73764698861	-1772.81645689	
-5.73872052602	-1772.8190864	
-5.73979291218	-1772.82171309	
-5.74086414956	-1772.82433697	
-5.74193424062	-1772.82695803	
-5.74300318781	-1772.82957629	
-5.74407099357	-1772.83219175	
-5.74513766034	-1772.83480441	
-5.74620319054	-1772.83741428	
-5.7472675866	-1772.84002137	
-5.74833085092	-1772.84262568	
-5.74939298591	-1772.84522722	
-5.75045399397	-1772.84782599	
-5.75151387748	-1772.85042199	
-5.75257263883	-1772.85301524	
-5.75363028038	-1772.85560574	
-5.75468680452	-1772.85819349	
-5.75574221359	-1772.8607785	
-5.75679650994	-1772.86336077	
-5.75784969593	-1772.86594031	
-5.75890177388	-1772.86851712	
-5.75995274612	-1772.87109121	
-5.76100261499	-1772.87366259	
-5.76205138278	-1772.87623126	
-5.76309905181	-1772.87879722	
-5.76414562438	-1772.88136048	
-5.76519110278	-1772.88392104	
-5.7662354893	-1772.88647892	
-5.76727878622	-1772.88903411	
-5.76832099579	-1772.89158662	
-5.7693621203	-1772.89413646	
-5.770402162	-1772.89668362	
-5.77144112313	-1772.89922812	
-5.77247900594	-1772.90176996	
-5.77351581267	-1772.90430915	
-5.77455154554	-1772.90684568	
-5.77558620679	-1772.90937958	
-5.77661979861	-1772.91191083	
-5.77765232322	-1772.91443944	
-5.77868378283	-1772.91696543	
-5.77971417962	-1772.91948879	
-5.78074351579	-1772.92200953	
-5.78177179352	-1772.92452766	
-5.78279901497	-1772.92704317	
-5.78382518233	-1772.92955608	
-5.78485029774	-1772.93206639	
-5.78587436337	-1772.9345741	
-5.78689738137	-1772.93707922	
-5.78791935386	-1772.93958176	
-5.788940283	-1772.94208171	
-5.7899601709	-1772.94457909	
-5.79097901969	-1772.94707389	
-5.79199683148	-1772.94956613	
-5.79301360838	-1772.9520558	
-5.7940293525	-1772.95454292	
-5.79504406593	-1772.95702748	
-5.79605775077	-1772.95950949	
-5.79707040908	-1772.96198897	
-5.79808204295	-1772.9644659	
-5.79909265446	-1772.96694029	
-5.80010224566	-1772.96941216	
-5.80111081862	-1772.9718815	
-5.80211837538	-1772.97434832	
-5.80312491799	-1772.97681263	
-5.80413044849	-1772.97927442	
-5.80513496892	-1772.98173371	
-5.80613848129	-1772.98419049	
-5.80714098764	-1772.98664478	
-5.80814248998	-1772.98909657	
-5.80914299031	-1772.99154588	
