#Site	lnL	
0	-1.99213795448
1	-8.19897696888
2	-2.04350476171
3	-2.14809275204
4	-2.01344214664
5	-1.85561087581
6	-6.92708529485
7	-6.71790986156
8	-5.48964029142
9	-5.93578185945
10	-5.92264034111
11	-2.20271760416
12	-1.99213795448
13	-2.23458121162
14	-5.56078521519
15	-1.93426093381
16	-1.88288859062
17	-2.04350476171
18	-2.14809275204
19	-2.01344214664
20	-1.85561087581
21	-1.99213795448
22	-1.88288859062
23	-1.98427835223
24	-1.99213795448
25	-2.23458121162
26	-1.98427835223
27	-1.99213795448
28	-4.59755861183
29	-5.54532865154
30	-2.14809275204
31	-1.88288859062
32	-1.98427835223
33	-1.80881755609
34	-1.88288859062
35	-2.20271760416
36	-1.93426093381
37	-2.23458121162
38	-1.85561087581
39	-1.80881755609
40	-2.01344214664
41	-5.48964029142
42	-4.73937557375
43	-6.57642418065
44	-1.85561087581
45	-1.93426093381
46	-1.88288859062
47	-1.98427835223
48	-7.81413273604
49	-2.01344214664
50	-1.98427835223
51	-5.30348472775
52	-1.88288859062
53	-9.67229760063
54	-1.93426093381
55	-9.1575740558
56	-8.46359836992
57	-1.93426093381
58	-2.01344214664
59	-1.98427835223
60	-1.93426093381
61	-2.07345869839
62	-8.49872446234
63	-1.99213795448
64	-2.23458121162
65	-1.98427835223
66	-1.99213795448
67	-1.88288859062
68	-6.62433531937
69	-1.99213795448
70	-2.01344214664
71	-1.85561087581
72	-5.29008168396
73	-1.88288859062
74	-2.20271760416
75	-6.59849847369
76	-2.07345869839
77	-2.20271760416
78	-2.14809275204
79	-1.88288859062
80	-1.85561087581
81	-1.99213795448
82	-8.58875866652
83	-2.04350476171
84	-2.14809275204
85	-2.07345869839
86	-1.85561087581
87	-2.14809275204
88	-2.07345869839
89	-1.98427835223
90	-1.80881755609
91	-2.07345869839
92	-2.04350476171
93	-1.80881755609
94	-1.88288859062
95	-10.3827204827
96	-1.80881755609
97	-8.9047075823
98	-1.85561087581
99	-5.61161100756
100	-6.89071746769
101	-6.93677580622
102	-1.93426093381
103	-2.01344214664
104	-2.20271760416
105	-6.54140561479
106	-2.07345869839
107	-5.2342127096
108	-4.78318696037
109	-2.01344214664
110	-6.47127752535
111	-1.93426093381
112	-8.50129836378
113	-2.04350476171
114	-1.99213795448
115	-2.07345869839
116	-1.85561087581
117	-1.80881755609
118	-2.07345869839
119	-1.85561087581
120	-6.66456557244
121	-7.11925114973
122	-8.42030268318
123	-2.14809275204
124	-2.23458121162
125	-1.85561087581
126	-1.99213795448
127	-9.33420063655
128	-1.98427835223
129	-1.99213795448
130	-2.01344214664
131	-4.64440565975
132	-1.93426093381
133	-5.1489133805
134	-4.64440565975
135	-1.80881755609
136	-8.25099322737
137	-1.85561087581
138	-5.30348472775
139	-5.49429521494
140	-1.98427835223
141	-2.14809275204
142	-6.51320418588
143	-1.98427835223
144	-1.93426093381
145	-5.79894208901
146	-10.3021875018
147	-2.14809275204
148	-6.74356401883
149	-2.04350476171
150	-6.64905587985
151	-5.1489133805
152	-5.2342127096
153	-1.93426093381
154	-9.19420805237
155	-5.83986973814
156	-5.33932738413
157	-2.23458121162
158	-13.8769301297
159	-4.75073172658
160	-10.1300464342
161	-13.9422643316
162	-1.99213795448
163	-1.88288859062
164	-8.31064034096
165	-4.73937557375
166	-13.7231899847
167	-1.98427835223
168	-1.80881755609
169	-2.07345869839
170	-1.98427835223
171	-1.80881755609
172	-2.01344214664
173	-2.04350476171
174	-1.80881755609
175	-6.87122011831
176	-2.20271760416
177	-5.30348472775
178	-5.1489133805
179	-1.85561087581
180	-6.54140561479
181	-2.07345869839
182	-2.20271760416
183	-1.80881755609
184	-2.01344214664
185	-5.96966688604
186	-2.14809275204
187	-2.01344214664
188	-2.04350476171
189	-1.93426093381
190	-2.01344214664
191	-2.04350476171
192	-1.93426093381
193	-2.07345869839
194	-2.20271760416
195	-1.99213795448
196	-1.88288859062
197	-2.20271760416
198	-1.80881755609
199	-4.64467478587
200	-2.20271760416
201	-8.7054792537
202	-1.88288859062
203	-1.85561087581
204	-9.05147577748
205	-5.91433770751
206	-9.99023050677
207	-10.107605509
208	-5.9249559153
209	-5.2342127096
210	-5.99353006655
211	-1.88288859062
212	-1.85561087581
213	-1.80881755609
214	-1.88288859062
215	-2.20271760416
216	-1.99213795448
217	-2.01344214664
218	-1.98427835223
219	-1.80881755609
220	-2.01344214664
221	-2.04350476171
222	-1.99213795448
223	-1.88288859062
224	-2.04350476171
225	-5.94704827641
226	-2.23458121162
227	-9.8560832078
228	-1.99213795448
229	-5.85698905473
230	-2.04350476171
231	-1.93426093381
232	-9.93076415715
233	-2.04350476171
234	-1.93426093381
235	-1.88288859062
236	-1.85561087581
237	-8.44675995186
238	-9.63020675157
239	-1.85561087581
240	-6.90656275319
241	-6.51812574694
242	-1.85561087581
243	-2.14809275204
244	-2.23458121162
245	-2.04350476171
246	-1.80881755609
247	-2.07345869839
248	-1.98427835223
249	-1.99213795448
250	-2.07345869839
251	-2.04350476171
252	-5.30348472775
253	-2.07345869839
254	-2.04350476171
255	-2.14809275204
256	-5.43809819697
257	-5.25614383507
258	-1.80881755609
259	-5.91433770751
260	-2.20271760416
261	-2.14809275204
262	-6.50789473228
263	-10.5379345474
264	-2.14809275204
265	-2.01344214664
266	-8.32159076639
267	-2.14809275204
268	-2.01344214664
269	-1.98427835223
270	-2.14809275204
271	-7.46803271797
272	-6.56479371605
273	-1.80881755609
274	-1.88288859062
275	-1.98427835223
276	-2.14809275204
277	-2.01344214664
278	-1.98427835223
279	-1.93426093381
280	-2.01344214664
281	-1.85561087581
282	-1.99213795448
283	-2.01344214664
284	-7.225659626
285	-1.93426093381
286	-1.88288859062
287	-6.61871369724
288	-12.362881211
289	-6.5489954232
290	-4.63794059989
291	-6.07279583349
292	-2.01344214664
293	-5.96197718062
294	-1.80881755609
295	-1.88288859062
296	-6.62433531937
297	-9.93686428656
298	-2.23458121162
299	-4.64440565975
300	-6.06487435638
301	-6.71790986156
302	-4.64440565975
303	-1.93426093381
304	-1.88288859062
305	-5.54532865154
306	-1.93426093381
307	-2.07345869839
308	-1.98427835223
309	-1.99213795448
310	-2.07345869839
311	-2.20271760416
312	-1.93426093381
313	-2.01344214664
314	-2.20271760416
315	-2.14809275204
316	-2.23458121162
317	-2.04350476171
318	-11.4040615463
319	-5.9249559153
320	-1.85561087581
321	-2.14809275204
322	-1.88288859062
323	-8.30791025533
324	-4.78318696037
325	-2.07345869839
326	-1.85561087581
327	-4.78318696037
328	-8.50129836378
329	-5.54532865154
330	-1.99213795448
331	-5.51097491068
332	-1.85561087581
333	-7.80346866516
334	-2.07345869839
335	-10.9378467462
336	-1.93426093381
337	-2.01344214664
338	-1.85561087581
339	-1.80881755609
340	-5.13220483675
341	-12.8138567652
342	-1.93426093381
343	-2.23458121162
344	-12.2676535394
345	-1.80881755609
346	-2.23458121162
347	-8.42030268318
348	-6.70966800018
349	-2.23458121162
350	-2.04350476171
351	-1.80881755609
352	-2.01344214664
353	-6.8610887121
354	-7.24308276142
355	-1.88288859062
356	-2.20271760416
357	-5.6474888739
358	-2.01344214664
359	-1.98427835223
360	-1.99213795448
361	-2.07345869839
362	-4.63794059989
363	-1.99213795448
364	-4.59755861183
365	-1.98427835223
366	-1.80881755609
367	-6.77504112321
368	-1.98427835223
369	-1.99213795448
370	-1.88288859062
371	-7.70181741598
372	-1.99213795448
373	-6.68452318245
374	-11.3193616629
375	-2.14809275204
376	-2.23458121162
377	-5.8491358442
378	-5.9437914806
379	-6.77504112321
380	-1.85561087581
381	-1.80881755609
382	-2.23458121162
383	-2.04350476171
384	-1.99213795448
385	-2.01344214664
386	-1.85561087581
387	-1.80881755609
388	-2.01344214664
389	-7.47246724564
390	-1.93426093381
391	-2.23458121162
392	-1.85561087581
393	-1.80881755609
394	-2.07345869839
395	-2.20271760416
396	-2.14809275204
397	-5.79243231561
398	-1.98427835223
399	-1.93426093381
400	-1.88288859062
401	-2.20271760416
402	-7.629649415
403	-4.64467478587
404	-6.81313153107
405	-1.99213795448
406	-2.07345869839
407	-1.98427835223
408	-1.80881755609
409	-2.07345869839
410	-2.04350476171
411	-6.65050758912
412	-10.1186289725
413	-5.90190972397
414	-1.80881755609
415	-1.88288859062
416	-6.61871369724
417	-1.99213795448
418	-2.01344214664
419	-1.85561087581
420	-5.30348472775
421	-11.1789599241
422	-2.04350476171
423	-1.99213795448
424	-6.39533836598
425	-1.85561087581
426	-2.14809275204
427	-2.23458121162
428	-2.20271760416
429	-7.62197924618
430	-1.88288859062
431	-1.98427835223
432	-1.80881755609
433	-2.23458121162
434	-2.04350476171
435	-1.99213795448
436	-2.01344214664
437	-7.16682237065
438	-1.93426093381
439	-7.44371087796
440	-4.65278364701
441	-1.99213795448
442	-1.88288859062
443	-1.85561087581
444	-6.85731705303
445	-2.07345869839
446	-2.04350476171
447	-1.80881755609
448	-2.07345869839
449	-2.04350476171
450	-2.14809275204
451	-1.88288859062
452	-1.85561087581
453	-1.93426093381
454	-2.07345869839
455	-1.98427835223
456	-7.90041856629
457	-2.01344214664
458	-1.98427835223
459	-6.11135447372
460	-2.07345869839
461	-7.7851767095
462	-1.99213795448
463	-2.23458121162
464	-6.56220321769
465	-1.80881755609
466	-2.07345869839
467	-2.04350476171
468	-1.80881755609
469	-2.01344214664
470	-5.56078521519
