# log_p 	 lnL 	 
0.0	-1685.51605876	
-0.287682072452	-1685.40326797	
-0.510825623766	-1685.24455498	
-0.69314718056	-1685.06399916	
-0.847297860387	-1684.87930946	
-0.980829253012	-1684.69991061	
-1.09861228867	-1684.5304008	
-1.20397280433	-1684.37222272	
-1.29928298413	-1684.22509914	
-1.38629436112	-1684.08808935	
-1.46633706879	-1683.96018126	
-1.54044504095	-1683.84053569	
-1.60943791243	-1683.72853351	
-1.67397643357	-1683.62373608	
-1.73460105539	-1683.5258225	
-1.79175946923	-1683.43453335	
-1.8458266905	-1683.34963076	
-1.89711998489	-1683.27087482	
-1.94591014906	-1683.19801267	
-1.99243016469	-1683.13077598	
-2.03688192726	-1683.06888325	
-2.07944154168	-1683.01204435	
-2.1202635362	-1682.95996569	
-2.15948424935	-1682.91235513	
-2.19722457734	-1682.86892607	
-2.23359222151	-1682.82940074	
-2.26868354132	-1682.79351255	
-2.30258509299	-1682.76100773	
-2.33537491582	-1682.73164626	
-2.36712361413	-1682.70520237	
-2.3978952728	-1682.68146453	
-2.42774823595	-1682.6602353	
-2.45673577282	-1682.64133081	
-2.48490664979	-1682.62458027	
-2.51230562398	-1682.60982522	
-2.53897387106	-1682.59691888	
-2.56494935746	-1682.58572539	
-2.59026716545	-1682.57611906	
-2.61495977804	-1682.56798372	
-2.63905732962	-1682.56121194	
-2.66258782703	-1682.55570446	
-2.68557734525	-1682.55136951	
-2.7080502011	-1682.54812226	
-2.73002910782	-1682.54588428	
-2.75153531304	-1682.54458302	
-2.77258872224	-1682.54415134	
-2.79320800944	-1682.54452712	
-2.81341071676	-1682.54565282	
-2.83321334406	-1682.54747513	
-2.85263142991	-1682.54994465	
-2.87167962488	-1682.55301554	
-2.8903717579	-1682.5566453	
-2.90872089656	-1682.56079445	
-2.92673940207	-1682.56542634	
-2.94443897917	-1682.57050689	
-2.96183072188	-1682.57600443	
-2.97892515524	-1682.58188949	
-2.99573227355	-1682.58813464	
-3.01226157551	-1682.59471432	
-3.02852209638	-1682.60160475	
-3.04452243772	-1682.60878372	
-3.06027079469	-1682.61623055	
-3.07577498123	-1682.62392592	
-3.09104245336	-1682.6318518	
-3.10608033072	-1682.63999135	
-3.12089541651	-1682.64832884	
-3.13549421593	-1682.65684956	
-3.14988295338	-1682.66553976	
-3.16406758837	-1682.67438655	
-3.17805383035	-1682.6833779	
-3.19184715248	-1682.69250252	
-3.20545280454	-1682.70174985	
-3.21887582487	-1682.71110999	
-3.23212105162	-1682.72057366	
-3.24519313319	-1682.73013215	
-3.25809653802	-1682.73977731	
-3.2708355638	-1682.74950148	
-3.28341434601	-1682.75929747	
-3.295836866	-1682.76915854	
-3.3081069586	-1682.77907836	
-3.32022831913	-1682.78905098	
-3.33220451018	-1682.7990708	
-3.34403896782	-1682.80913259	
-3.35573500759	-1682.8192314	
-3.36729582999	-1682.82936261	
-3.37872452581	-1682.83952185	
-3.39002408106	-1682.84970502	
-3.40119738166	-1682.85990828	
-3.41224721785	-1682.870128	
-3.42317628838	-1682.88036077	
-3.43398720449	-1682.8906034	
-3.4446824936	-1682.90085286	
-3.45526460293	-1682.91110632	
-3.4657359028	-1682.92136113	
-3.47609868984	-1682.93161476	
-3.48635519	-1682.94186488	
-3.49650756147	-1682.95210925	
-3.50655789732	-1682.9623458	
-3.51650822817	-1682.97257257	
-3.52636052462	-1682.98278772	
-3.53611669956	-1682.99298951	
-3.54577861047	-1683.00317633	
-3.55534806149	-1683.01334665	
-3.56482680544	-1683.02349902	
-3.57421654579	-1683.03363211	
-3.58351893846	-1683.04374466	
-3.59273559356	-1683.05383548	
-3.60186807712	-1683.06390346	
-3.61091791264	-1683.07394756	
-3.61988658263	-1683.0839668	
-3.62877553004	-1683.09396028	
-3.63758615973	-1683.10392714	
-3.6463198397	-1683.11386658	
-3.65497790244	-1683.12377787	
-3.66356164613	-1683.1336603	
-3.6720723358	-1683.14351323	
-3.68051120444	-1683.15333605	
-3.68887945411	-1683.16312821	
-3.69717825693	-1683.17288918	
-3.70540875607	-1683.18261849	
-3.7135720667	-1683.19231569	
-3.72166927694	-1683.20198035	
-3.72970144863	-1683.21161211	
-3.73766961828	-1683.22121062	
-3.74557479779	-1683.23077554	
-3.75341797525	-1683.24030659	
-3.76120011569	-1683.2498035	
-3.76892216179	-1683.25926603	
-3.77658503453	-1683.26869394	
-3.78418963392	-1683.27808706	
-3.79173683955	-1683.28744518	
-3.79922751128	-1683.29676817	
-3.80666248977	-1683.30605587	
-3.81404259707	-1683.31530817	
-3.82136863716	-1683.32452495	
-3.82864139649	-1683.33370614	
-3.83586164446	-1683.34285165	
-3.84303013394	-1683.35196142	
-3.85014760171	-1683.36103541	
-3.85721476893	-1683.37007358	
-3.86423234159	-1683.37907591	
-3.87120101091	-1683.38804238	
-3.87812145375	-1683.396973	
-3.88499433304	-1683.40586778	
-3.89182029811	-1683.41472673	
-3.8985999851	-1683.42354988	
-3.90533401728	-1683.43233727	
-3.91202300543	-1683.44108895	
-3.91866754815	-1683.44980496	
-3.92526823218	-1683.45848537	
-3.93182563272	-1683.46713024	
-3.93834031375	-1683.47573964	
-3.94481282825	-1683.48431366	
-3.95124371858	-1683.49285238	
-3.95763351668	-1683.50135589	
-3.96398274436	-1683.50982428	
-3.97029191355	-1683.51825766	
-3.97656152657	-1683.52665613	
-3.98279207632	-1683.53501979	
-3.98898404656	-1683.54334876	
-3.99513791214	-1683.55164316	
-4.00125413916	-1683.5599031	
-4.00733318523	-1683.56812872	
-4.01337549969	-1683.57632012	
-4.01938152375	-1683.58447745	
-4.02535169074	-1683.59260084	
-4.03128642625	-1683.60069041	
-4.03718614838	-1683.60874631	
-4.04305126783	-1683.61676868	
-4.04888218815	-1683.62475764	
-4.05467930583	-1683.63271336	
-4.06044301055	-1683.64063596	
-4.06617368526	-1683.6485256	
-4.07187170637	-1683.65638242	
-4.07753744391	-1683.66420658	
-4.08317126162	-1683.67199821	
-4.08877351717	-1683.67975747	
-4.09434456222	-1683.68748452	
-4.0998847426	-1683.69517949	
-4.10539439841	-1683.70284256	
-4.11087386417	-1683.71047387	
-4.11632346894	-1683.71807357	
-4.12174353641	-1683.72564182	
-4.12713438505	-1683.73317878	
-4.13249632819	-1683.7406846	
-4.13782967416	-1683.74815943	
-4.14313472639	-1683.75560344	
-4.14841178349	-1683.76301678	
-4.15366113938	-1683.7703996	
-4.15888308336	-1683.77775207	
-4.16407790024	-1683.78507433	
-4.1692458704	-1683.79236655	
-4.1743872699	-1683.79962889	
-4.17950237056	-1683.80686149	
-4.18459144007	-1683.81406451	
-4.18965474203	-1683.82123812	
-4.19469253606	-1683.82838246	
-4.19970507788	-1683.83549769	
-4.20469261939	-1683.84258397	
-4.20965540873	-1683.84964145	
-4.21459369037	-1683.85667029	
-4.21950770518	-1683.86367063	
-4.22439769047	-1683.87064263	
-4.22926388012	-1683.87758645	
-4.2341065046	-1683.88450224	
-4.23892579103	-1683.89139014	
-4.2437219633	-1683.89825032	
-4.24849524205	-1683.90508291	
-4.25324584481	-1683.91188808	
-4.257973986	-1683.91866596	
-4.26267987704	-1683.92541671	
-4.26736372635	-1683.93214048	
-4.27202573946	-1683.93883742	
-4.27666611902	-1683.94550766	
-4.28128506487	-1683.95215137	
-4.28588277412	-1683.95876867	
-4.29045944115	-1683.96535972	
-4.29501525768	-1683.97192467	
-4.29955041285	-1683.97846365	
-4.3040650932	-1683.9849768	
-4.30855948279	-1683.99146428	
-4.31303376319	-1683.99792621	
-4.31748811354	-1684.00436275	
-4.3219227106	-1684.01077402	
-4.32633772881	-1684.01716017	
-4.33073334029	-1684.02352134	
-4.33510971489	-1684.02985767	
-4.33946702026	-1684.03616928	
-4.34380542185	-1684.04245632	
-4.348125083	-1684.04871892	
-4.3524261649	-1684.05495721	
-4.35670882669	-1684.06117133	
-4.36097322548	-1684.06736141	
-4.36521951636	-1684.07352759	
-4.36944785247	-1684.07966998	
-4.373658385	-1684.08578873	
-4.37785126326	-1684.09188396	
-4.38202663467	-1684.0979558	
-4.38618464482	-1684.10400438	
-4.39032543749	-1684.11002982	
-4.39444915467	-1684.11603225	
-4.39855593663	-1684.1220118	
-4.40264592188	-1684.12796859	
-4.40671924726	-1684.13390274	
-4.41077604796	-1684.13981437	
-4.4148164575	-1684.14570362	
-4.4188406078	-1684.1515706	
-4.42284862919	-1684.15741542	
-4.42684065046	-1684.16323822	
-4.43081679884	-1684.1690391	
-4.43477720006	-1684.1748182	
-4.43872197835	-1684.18057561	
-4.44265125649	-1684.18631147	
-4.44656515581	-1684.19202588	
-4.45046379623	-1684.19771896	
-4.45434729625	-1684.20339083	
-4.45821577303	-1684.2090416	
-4.46206934235	-1684.21467138	
-4.46590811865	-1684.22028028	
-4.46973221509	-1684.22586842	
-4.47354174351	-1684.2314359	
-4.47733681448	-1684.23698284	
-4.48111753732	-1684.24250934	
-4.48488402011	-1684.24801551	
-4.48863636973	-1684.25350146	
-4.49237469184	-1684.2589673	
-4.49609909093	-1684.26441313	
-4.49980967033	-1684.26983905	
-4.50350653221	-1684.27524518	
-4.50718977763	-1684.28063161	
-4.51085950652	-1684.28599846	
-4.51451581772	-1684.29134581	
-4.518158809	-1684.29667378	
-4.52178857705	-1684.30198246	
-4.52540521752	-1684.30727196	
-4.52900882502	-1684.31254237	
-4.53259949315	-1684.31779379	
-4.5361773145	-1684.32302632	
-4.53974238067	-1684.32824007	
-4.54329478227	-1684.33343511	
-4.54683460898	-1684.33861157	
-4.55036194949	-1684.34376952	
-4.5538768916	-1684.34890906	
-4.55737952215	-1684.35403029	
-4.56086992709	-1684.3591333	
-4.56434819147	-1684.36421819	
-4.56781439944	-1684.36928504	
-4.57126863431	-1684.37433395	
-4.5747109785	-1684.37936501	
-4.5781415136	-1684.38437831	
-4.58156032035	-1684.38937394	
-4.58496747867	-1684.39435199	
-4.58836306767	-1684.39931255	
-4.59174716566	-1684.4042557	
-4.59511985013	-1684.40918154	
-4.59848119784	-1684.41409015	
-4.60183128472	-1684.41898161	
-4.60517018599	-1684.42385602	
-4.60849797608	-1684.42871346	
-4.61181472871	-1684.433554	
-4.61512051684	-1684.43837775	
-4.61841541274	-1684.44318478	
-4.62169948794	-1684.44797516	
-4.62497281328	-1684.452749	
-4.62823545892	-1684.45750636	
-4.63148749431	-1684.46224733	
-4.63472898823	-1684.46697198	
-4.63796000881	-1684.47168041	
-4.64118062351	-1684.47637269	
-4.64439089914	-1684.48104889	
-4.64759090187	-1684.4857091	
-4.65078069724	-1684.49035339	
-4.65396035016	-1684.49498185	
-4.65712992492	-1684.49959454	
-4.66028948521	-1684.50419155	
-4.66343909411	-1684.50877295	
-4.66657881412	-1684.51333882	
-4.66970870713	-1684.51788922	
-4.67282883446	-1684.52242425	
-4.67593925688	-1684.52694396	
-4.67904003455	-1684.53144844	
-4.68213122712	-1684.53593776	
-4.68521289366	-1684.54041198	
-4.6882850927	-1684.54487118	
-4.69134788223	-1684.54931544	
-4.69440131972	-1684.55374482	
-4.6974454621	-1684.55815939	
-4.70048036579	-1684.56255923	
-4.70350608671	-1684.5669444	
-4.70652268025	-1684.57131498	
-4.70953020131	-1684.57567103	
-4.71252870431	-1684.58001262	
-4.71551824316	-1684.58433981	
-4.7184988713	-1684.58865268	
-4.72147064168	-1684.5929513	
-4.72443360681	-1684.59723572	
-4.72738781871	-1684.60150602	
-4.73033332894	-1684.60576227	
-4.73327018862	-1684.61000451	
-4.73619844839	-1684.61423283	
-4.7391181585	-1684.61844729	
-4.74202936871	-1684.62264794	
-4.74493212836	-1684.62683486	
-4.74782648639	-1684.63100811	
-4.75071249128	-1684.63516775	
-4.75359019111	-1684.63931383	
-4.75645963353	-1684.64344644	
-4.75932086582	-1684.64756562	
-4.7621739348	-1684.65167143	
-4.76501888693	-1684.65576395	
-4.76785576827	-1684.65984322	
-4.77068462447	-1684.66390931	
-4.77350550081	-1684.66796228	
-4.77631844218	-1684.67200219	
-4.77912349311	-1684.67602909	
-4.78192069773	-1684.68004305	
-4.78471009982	-1684.68404412	
-4.78749174278	-1684.68803237	
-4.79026566966	-1684.69200784	
-4.79303192316	-1684.6959706	
-4.7957905456	-1684.69992071	
-4.79854157897	-1684.70385821	
-4.80128506491	-1684.70778317	
-4.80402104473	-1684.71169564	
-4.80674955939	-1684.71559567	
-4.8094706495	-1684.71948333	
-4.81218435537	-1684.72335867	
-4.81489071697	-1684.72722174	
-4.81758977394	-1684.73107259	
-4.82028156561	-1684.73491128	
-4.82296613098	-1684.73873786	
-4.82564350875	-1684.74255239	
-4.8283137373	-1684.74635492	
-4.83097685472	-1684.7501455	
-4.83363289878	-1684.75392418	
-4.83628190695	-1684.75769102	
-4.83892391641	-1684.76144606	
-4.84155896405	-1684.76518936	
-4.84418708646	-1684.76892097	
-4.84680831994	-1684.77264094	
-4.84942270051	-1684.77634931	
-4.85203026392	-1684.78004615	
-4.85463104562	-1684.7837315	
-4.8572250808	-1684.7874054	
-4.85981240436	-1684.79106791	
-4.86239305096	-1684.79471908	
-4.86496705495	-1684.79835895	
-4.86753445046	-1684.80198758	
-4.87009527132	-1684.805605	
-4.87264955112	-1684.80921128	
-4.8751973232	-1684.81280645	
-4.87773862063	-1684.81639057	
-4.88027347623	-1684.81996367	
-4.88280192259	-1684.82352581	
-4.88532399202	-1684.82707704	
-4.88783971662	-1684.83061739	
-4.89034912822	-1684.83414692	
-4.89285225844	-1684.83766567	
-4.89534913864	-1684.84117369	
-4.89783979995	-1684.84467101	
-4.90032427328	-1684.84815769	
-4.90280258929	-1684.85163377	
-4.90527477844	-1684.8550993	
-4.90774087093	-1684.85855431	
-4.91020089677	-1684.86199885	
-4.91265488574	-1684.86543297	
-4.91510286737	-1684.86885671	
-4.91754487103	-1684.87227011	
-4.91998092583	-1684.87567321	
-4.92241106068	-1684.87906606	
-4.92483530429	-1684.8824487	
-4.92725368516	-1684.88582116	
-4.92966623156	-1684.8891835	
-4.93207297159	-1684.89253576	
-4.93447393313	-1684.89587797	
-4.93686914386	-1684.89921017	
-4.93925863125	-1684.90253242	
-4.94164242261	-1684.90584474	
-4.94402054501	-1684.90914717	
-4.94639302537	-1684.91243977	
-4.94875989038	-1684.91572256	
-4.95112116656	-1684.9189956	
-4.95347688026	-1684.92225891	
-4.9558270576	-1684.92551253	
-4.95817172456	-1684.92875651	
-4.96051090691	-1684.93199089	
-4.96284463026	-1684.9352157	
-4.96517292002	-1684.93843098	
-4.96749580144	-1684.94163677	
-4.96981329958	-1684.94483311	
-4.97212543933	-1684.94802003	
-4.97443224543	-1684.95119758	
-4.97673374242	-1684.95436578	
-4.97902995468	-1684.95752469	
-4.98132090643	-1684.96067433	
-4.98360662171	-1684.96381474	
-4.98588712441	-1684.96694595	
-4.98816243824	-1684.97006802	
-4.99043258678	-1684.97318096	
-4.99269759341	-1684.97628482	
-4.99495748138	-1684.97937963	
-4.99721227376	-1684.98246543	
-4.9994619935	-1684.98554225	
-5.00170666335	-1684.98861013	
-5.00394630595	-1684.9916691	
-5.00618094375	-1684.9947192	
-5.00841059907	-1684.99776047	
-5.0106352941	-1685.00079293	
-5.01285505083	-1685.00381663	
-5.01506989116	-1685.00683159	
-5.01727983681	-1685.00983785	
-5.01948490937	-1685.01283544	
-5.02168513028	-1685.0158244	
-5.02388052085	-1685.01880476	
-5.02607110223	-1685.02177656	
-5.02825689545	-1685.02473982	
-5.03043792139	-1685.02769458	
-5.03261420082	-1685.03064087	
-5.03478575433	-1685.03357873	
-5.03695260241	-1685.03650819	
-5.03911476542	-1685.03942927	
-5.04127226356	-1685.04234202	
-5.04342511692	-1685.04524646	
-5.04557334546	-1685.04814263	
-5.047716969	-1685.05103055	
-5.04985600725	-1685.05391026	
-5.05199047978	-1685.05678179	
-5.05412040604	-1685.05964517	
-5.05624580535	-1685.06250044	
-5.05836669692	-1685.06534761	
-5.06048309982	-1685.06818673	
-5.06259503303	-1685.07101782	
-5.06470251537	-1685.07384091	
-5.06680556556	-1685.07665604	
-5.06890420222	-1685.07946323	
-5.07099844382	-1685.08226251	
-5.07308830874	-1685.08505392	
-5.07517381523	-1685.08783748	
-5.07725498144	-1685.09061322	
-5.07933182538	-1685.09338117	
-5.08140436498	-1685.09614137	
-5.08347261805	-1685.09889383	
-5.08553660227	-1685.10163859	
-5.08759633523	-1685.10437568	
-5.08965183441	-1685.10710512	
-5.09170311719	-1685.10982694	
-5.09375020081	-1685.11254118	
-5.09579310244	-1685.11524786	
-5.09783183913	-1685.117947	
-5.09986642782	-1685.12063865	
-5.10189688537	-1685.12332281	
-5.10392322852	-1685.12599953	
-5.1059454739	-1685.12866882	
-5.10796363806	-1685.13133072	
-5.10997773743	-1685.13398525	
-5.11198778836	-1685.13663244	
-5.11399380708	-1685.13927232	
-5.11599580975	-1685.14190491	
-5.11799381242	-1685.14453024	
-5.11998783102	-1685.14714834	
-5.12197788143	-1685.14975923	
-5.1239639794	-1685.15236294	
-5.12594614061	-1685.1549595	
-5.12792438062	-1685.15754893	
-5.12989871492	-1685.16013125	
-5.13186915891	-1685.1627065	
-5.13383572788	-1685.16527469	
-5.13579843705	-1685.16783586	
-5.13775730154	-1685.17039003	
-5.13971233637	-1685.17293722	
-5.1416635565	-1685.17547746	
-5.14361097679	-1685.17801078	
-5.145554612	-1685.18053719	
-5.14749447681	-1685.18305673	
-5.14943058584	-1685.18556942	
-5.15136295359	-1685.18807528	
-5.1532915945	-1685.19057434	
-5.15521652291	-1685.19306663	
-5.15713775309	-1685.19555216	
-5.15905529921	-1685.19803096	
-5.1609691754	-1685.20050305	
-5.16287939565	-1685.20296846	
-5.16478597392	-1685.20542721	
-5.16668892407	-1685.20787933	
-5.16858825987	-1685.21032484	
-5.17048399504	-1685.21276376	
-5.17237614319	-1685.21519612	
-5.17426471788	-1685.21762193	
-5.17614973257	-1685.22004123	
-5.17803120067	-1685.22245404	
-5.1799091355	-1685.22486037	
-5.18178355029	-1685.22726025	
-5.18365445823	-1685.2296537	
-5.1855218724	-1685.23204075	
-5.18738580584	-1685.23442142	
-5.18924627149	-1685.23679573	
-5.19110328224	-1685.23916371	
-5.19295685089	-1685.24152536	
-5.19480699018	-1685.24388073	
-5.19665371277	-1685.24622982	
-5.19849703127	-1685.24857267	
-5.20033695819	-1685.25090929	
-5.202173506	-1685.2532397	
-5.20400668708	-1685.25556393	
-5.20583651375	-1685.25788199	
-5.20766299828	-1685.26019392	
-5.20948615284	-1685.26249972	
-5.21130598956	-1685.26479943	
-5.21312252048	-1685.26709305	
-5.21493575761	-1685.26938062	
-5.21674571285	-1685.27166216	
-5.21855239808	-1685.27393768	
-5.22035582508	-1685.2762072	
-5.22215600558	-1685.27847075	
-5.22395295126	-1685.28072835	
-5.22574667371	-1685.28298002	
-5.22753718449	-1685.28522577	
-5.22932449506	-1685.28746563	
-5.23110861685	-1685.28969962	
-5.23288956123	-1685.29192775	
-5.23466733947	-1685.29415005	
-5.23644196283	-1685.29636654	
-5.23821344248	-1685.29857724	
-5.23998178954	-1685.30078217	
-5.24174701506	-1685.30298134	
-5.24350913005	-1685.30517478	
-5.24526814546	-1685.3073625	
-5.24702407216	-1685.30954453	
-5.24877692099	-1685.31172088	
-5.25052670271	-1685.31389158	
-5.25227342805	-1685.31605664	
-5.25401710765	-1685.31821608	
-5.25575775213	-1685.32036993	
-5.25749537203	-1685.32251819	
-5.25922997784	-1685.32466089	
-5.26096158	-1685.32679804	
-5.2626901889	-1685.32892968	
-5.26441581487	-1685.3310558	
-5.26613846818	-1685.33317644	
-5.26785815906	-1685.33529161	
-5.26957489768	-1685.33740133	
-5.27128869416	-1685.33950562	
-5.27299955856	-1685.34160449	
-5.27470750091	-1685.34369797	
-5.27641253116	-1685.34578606	
-5.27811465923	-1685.3478688	
-5.27981389498	-1685.3499462	
-5.28151024823	-1685.35201827	
-5.28320372874	-1685.35408503	
-5.28489434622	-1685.3561465	
-5.28658211033	-1685.3582027	
-5.28826703069	-1685.36025365	
-5.28994911688	-1685.36229936	
-5.2916283784	-1685.36433985	
-5.29330482472	-1685.36637514	
-5.29497846528	-1685.36840524	
-5.29664930945	-1685.37043017	
-5.29831736655	-1685.37244995	
-5.29998264587	-1685.3744646	
-5.30164515664	-1685.37647413	
-5.30330490806	-1685.37847856	
-5.30496190927	-1685.3804779	
-5.30661616936	-1685.38247218	
-5.3082676974	-1685.38446141	
-5.30991650239	-1685.3864456	
-5.3115625933	-1685.38842477	
-5.31320597904	-1685.39039895	
-5.3148466685	-1685.39236813	
-5.3164846705	-1685.39433235	
-5.31811999384	-1685.39629162	
-5.31975264727	-1685.39824595	
-5.32138263948	-1685.40019536	
-5.32300997914	-1685.40213987	
-5.32463467487	-1685.40407948	
-5.32625673524	-1685.40601423	
-5.32787616879	-1685.40794411	
-5.32949298402	-1685.40986916	
-5.33110718937	-1685.41178938	
-5.33271879327	-1685.41370479	
-5.33432780407	-1685.4156154	
-5.33593423012	-1685.41752124	
-5.3375380797	-1685.41942231	
-5.33913936107	-1685.42131864	
-5.34073808243	-1685.42321023	
-5.34233425196	-1685.42509711	
-5.3439278778	-1685.42697928	
-5.34551896803	-1685.42885676	
-5.34710753072	-1685.43072957	
-5.34869357387	-1685.43259773	
-5.35027710548	-1685.43446124	
-5.35185813348	-1685.43632012	
-5.35343666577	-1685.43817439	
-5.35501271022	-1685.44002407	
-5.35658627467	-1685.44186915	
-5.3581573669	-1685.44370967	
-5.35972599468	-1685.44554564	
-5.36129216571	-1685.44737707	
-5.36285588769	-1685.44920397	
-5.36441716825	-1685.45102636	
-5.36597601502	-1685.45284425	
-5.36753243557	-1685.45465766	
-5.36908643744	-1685.4564666	
-5.37063802813	-1685.45827109	
-5.37218721511	-1685.46007113	
-5.37373400583	-1685.46186676	
-5.37527840768	-1685.46365796	
-5.37682042804	-1685.46544478	
-5.37836007422	-1685.4672272	
-5.37989735354	-1685.46900526	
-5.38143227326	-1685.47077896	
-5.38296484061	-1685.47254832	
-5.38449506279	-1685.47431334	
-5.38602294697	-1685.47607405	
-5.38754850028	-1685.47783046	
-5.38907172982	-1685.47958258	
-5.39059264266	-1685.48133043	
-5.39211124583	-1685.48307401	
-5.39362754635	-1685.48481335	
-5.39514155118	-1685.48654845	
-5.39665326727	-1685.48827933	
-5.39816270152	-1685.49000599	
-5.39966986081	-1685.49172847	
-5.40117475199	-1685.49344676	
-5.40267738187	-1685.49516088	
-5.40417775725	-1685.49687084	
-5.40567588487	-1685.49857666	
-5.40717177146	-1685.50027835	
-5.40866542372	-1685.50197592	
-5.4101568483	-1685.50366939	
-5.41164605186	-1685.50535876	
-5.41313304098	-1685.50704405	
-5.41461782224	-1685.50872528	
-5.4161004022	-1685.51040245	
-5.41758078737	-1685.51207558	
-5.41905898424	-1685.51374468	
-5.42053499927	-1685.51540976	
-5.42200883889	-1685.51707084	
-5.4234805095	-1685.51872792	
-5.42495001748	-1685.52038103	
-5.42641736918	-1685.52203016	
-5.4278825709	-1685.52367534	
-5.42934562895	-1685.52531658	
-5.43080654959	-1685.52695388	
-5.43226533906	-1685.52858727	
-5.43372200355	-1685.53021675	
-5.43517654927	-1685.53184233	
-5.43662898235	-1685.53346403	
-5.43807930892	-1685.53508185	
-5.4395275351	-1685.53669582	
-5.44097366695	-1685.53830594	
-5.44241771052	-1685.53991222	
-5.44385967184	-1685.54151468	
-5.4452995569	-1685.54311332	
-5.44673737167	-1685.54470816	
-5.44817312209	-1685.54629921	
-5.44960681409	-1685.54788649	
-5.45103845357	-1685.54947	
-5.45246804638	-1685.55104975	
-5.45389559837	-1685.55262575	
-5.45532111536	-1685.55419803	
-5.45674460314	-1685.55576658	
-5.45816606749	-1685.55733142	
-5.45958551414	-1685.55889256	
-5.46100294883	-1685.56045002	
-5.46241837723	-1685.5620038	
-5.46383180503	-1685.56355391	
-5.46524323786	-1685.56510037	
-5.46665268137	-1685.56664318	
-5.46806014114	-1685.56818236	
-5.46946562274	-1685.56971792	
-5.47086913175	-1685.57124987	
-5.47227067367	-1685.57277822	
-5.47367025403	-1685.57430298	
-5.47506787829	-1685.57582416	
-5.47646355193	-1685.57734178	
-5.47785728038	-1685.57885583	
-5.47924906905	-1685.58036634	
-5.48063892334	-1685.58187332	
-5.48202684862	-1685.58337677	
-5.48341285022	-1685.5848767	
-5.48479693349	-1685.58637313	
-5.48617910372	-1685.58786607	
-5.48755936619	-1685.58935552	
-5.48893772616	-1685.5908415	
-5.49031418887	-1685.59232402	
-5.49168875953	-1685.59380308	
-5.49306144334	-1685.5952787	
-5.49443224547	-1685.59675089	
-5.49580117108	-1685.59821966	
-5.49716822529	-1685.59968502	
-5.49853341322	-1685.60114698	
-5.49989673995	-1685.60260554	
-5.50125821054	-1685.60406072	
-5.50261783006	-1685.60551254	
-5.50397560352	-1685.60696099	
-5.50533153593	-1685.60840609	
-5.50668563228	-1685.60984784	
-5.50803789753	-1685.61128627	
-5.50938833663	-1685.61272137	
-5.5107369545	-1685.61415316	
-5.51208375605	-1685.61558165	
-5.51342874616	-1685.61700685	
-5.51477192971	-1685.61842876	
-5.51611331154	-1685.6198474	
-5.51745289646	-1685.62126278	
-5.51879068931	-1685.6226749	
-5.52012669485	-1685.62408378	
-5.52146091786	-1685.62548942	
-5.5227933631	-1685.62689184	
-5.52412403528	-1685.62829104	
-5.52545293913	-1685.62968703	
-5.52678007934	-1685.63107983	
-5.52810546058	-1685.63246944	
-5.52942908751	-1685.63385586	
-5.53075096477	-1685.63523912	
-5.53207109697	-1685.63661922	
-5.53338948873	-1685.63799617	
-5.53470614461	-1685.63936998	
-5.53602106919	-1685.64074065	
-5.53733426702	-1685.6421082	
-5.53864574262	-1685.64347263	
-5.5399555005	-1685.64483396	
-5.54126354516	-1685.6461922	
-5.54256988107	-1685.64754734	
-5.5438745127	-1685.64889941	
-5.54517744448	-1685.6502484	
-5.54647868084	-1685.65159434	
-5.54777822618	-1685.65293722	
-5.5490760849	-1685.65427706	
-5.55037226136	-1685.65561387	
-5.55166675992	-1685.65694765	
-5.55295958492	-1685.65827841	
-5.55425074069	-1685.65960617	
-5.55554023152	-1685.66093092	
-5.5568280617	-1685.66225268	
-5.55811423551	-1685.66357147	
-5.5593987572	-1685.66488727	
-5.56068163102	-1685.66620012	
-5.56196286117	-1685.66751	
-5.56324245188	-1685.66881694	
-5.56452040732	-1685.67012094	
-5.56579673168	-1685.671422	
-5.56707142911	-1685.67272014	
-5.56834450376	-1685.67401537	
-5.56961595975	-1685.67530769	
-5.57088580119	-1685.67659712	
-5.57215403218	-1685.67788365	
-5.57342065679	-1685.6791673	
-5.5746856791	-1685.68044808	
-5.57594910315	-1685.681726	
-5.57721093297	-1685.68300105	
-5.57847117258	-1685.68427326	
-5.57972982599	-1685.68554263	
-5.58098689718	-1685.68680916	
-5.58224239012	-1685.68807287	
-5.58349630878	-1685.68933377	
-5.5847486571	-1685.69059185	
-5.585999439	-1685.69184714	
-5.5872486584	-1685.69309963	
-5.5884963192	-1685.69434933	
-5.58974242528	-1685.69559626	
-5.59098698051	-1685.69684042	
-5.59222998875	-1685.69808182	
-5.59347145384	-1685.69932047	
-5.5947113796	-1685.70055637	
-5.59594976985	-1685.70178953	
-5.59718662839	-1685.70301996	
-5.598421959	-1685.70424767	
-5.59965576545	-1685.70547267	
-5.60088805149	-1685.70669495	
-5.60211882088	-1685.70791454	
-5.60334807733	-1685.70913144	
-5.60457582457	-1685.71034565	
-5.6058020663	-1685.71155718	
-5.60702680619	-1685.71276605	
-5.60825004793	-1685.71397225	
-5.60947179518	-1685.7151758	
-5.61069205159	-1685.7163767	
-5.61191082078	-1685.71757496	
-5.61312810639	-1685.71877059	
-5.61434391201	-1685.7199636	
-5.61555824124	-1685.72115399	
-5.61677109767	-1685.72234176	
-5.61798248485	-1685.72352694	
-5.61919240636	-1685.72470952	
-5.62040086572	-1685.72588951	
-5.62160786647	-1685.72706691	
-5.62281341212	-1685.72824175	
-5.62401750619	-1685.72941402	
-5.62522015215	-1685.73058373	
-5.6264213535	-1685.73175088	
-5.62762111369	-1685.73291549	
-5.62881943618	-1685.73407756	
-5.63001632442	-1685.7352371	
-5.63121178182	-1685.73639412	
-5.63240581181	-1685.73754862	
-5.6335984178	-1685.7387006	
-5.63478960317	-1685.73985009	
-5.6359793713	-1685.74099707	
-5.63716772557	-1685.74214157	
-5.63835466933	-1685.74328359	
-5.63954020593	-1685.74442313	
-5.64072433869	-1685.7455602	
-5.64190707094	-1685.7466948	
-5.64308840598	-1685.74782696	
-5.64426834712	-1685.74895666	
-5.64544689764	-1685.75008392	
-5.64662406082	-1685.75120875	
-5.64779983991	-1685.75233114	
-5.64897423816	-1685.75345112	
-5.65014725882	-1685.75456868	
-5.65131890512	-1685.75568383	
-5.65248918027	-1685.75679658	
-5.65365808747	-1685.75790693	
-5.65482562993	-1685.7590149	
-5.65599181082	-1685.76012048	
-5.65715663332	-1685.76122369	
-5.65832010058	-1685.76232452	
-5.65948221576	-1685.763423	
-5.660642982	-1685.76451911	
-5.66180240242	-1685.76561288	
-5.66296048014	-1685.76670431	
-5.66411721826	-1685.76779339	
-5.66527261989	-1685.76888015	
-5.66642668811	-1685.76996458	
-5.66757942599	-1685.77104669	
-5.6687308366	-1685.7721265	
-5.66988092298	-1685.77320399	
-5.67102968818	-1685.77427919	
-5.67217713524	-1685.77535209	
-5.67332326717	-1685.77642271	
-5.67446808699	-1685.77749105	
-5.67561159769	-1685.77855711	
-5.67675380227	-1685.7796209	
-5.6778947037	-1685.78068243	
-5.67903430497	-1685.78174171	
-5.68017260902	-1685.78279873	
-5.6813096188	-1685.78385351	
-5.68244533727	-1685.78490606	
-5.68357976734	-1685.78595637	
-5.68471291194	-1685.78700446	
-5.68584477397	-1685.78805032	
-5.68697535634	-1685.78909398	
-5.68810466194	-1685.79013542	
-5.68923269364	-1685.79117467	
-5.69035945432	-1685.79221171	
-5.69148494685	-1685.79324657	
-5.69260917406	-1685.79427924	
-5.6937321388	-1685.79530974	
-5.69485384391	-1685.79633806	
-5.69597429221	-1685.79736422	
-5.69709348651	-1685.79838822	
-5.69821142961	-1685.79941006	
-5.69932812431	-1685.80042975	
-5.70044357339	-1685.8014473	
-5.70155777963	-1685.80246271	
-5.7026707458	-1685.80347598	
-5.70378247466	-1685.80448714	
-5.70489296894	-1685.80549617	
-5.70600223139	-1685.80650309	
-5.70711026475	-1685.80750789	
-5.70821707172	-1685.8085106	
-5.70932265503	-1685.8095112	
-5.71042701737	-1685.81050972	
-5.71153016145	-1685.81150614	
-5.71263208993	-1685.81250049	
-5.71373280551	-1685.81349276	
-5.71483231084	-1685.81448296	
-5.71593060859	-1685.81547109	
-5.71702770141	-1685.81645717	
-5.71812359193	-1685.81744119	
-5.71921828279	-1685.81842316	
-5.72031177661	-1685.81940309	
-5.72140407601	-1685.82038098	
-5.72249518359	-1685.82135684	
-5.72358510195	-1685.82233068	
-5.72467383369	-1685.82330249	
-5.72576138137	-1685.82427229	
-5.72684774759	-1685.82524007	
-5.72793293489	-1685.82620585	
-5.72901694583	-1685.82716963	
-5.73009978297	-1685.82813142	
-5.73118144884	-1685.82909121	
-5.73226194598	-1685.83004903	
-5.7333412769	-1685.83100486	
-5.73441944412	-1685.83195872	
-5.73549645015	-1685.83291061	
-5.73657229748	-1685.83386053	
-5.73764698861	-1685.8348085	
-5.73872052602	-1685.83575451	
-5.73979291218	-1685.83669858	
-5.74086414956	-1685.8376407	
-5.74193424062	-1685.83858089	
-5.74300318781	-1685.83951914	
-5.74407099357	-1685.84045547	
-5.74513766034	-1685.84138987	
-5.74620319054	-1685.84232235	
-5.7472675866	-1685.84325293	
-5.74833085092	-1685.84418159	
-5.74939298591	-1685.84510835	
-5.75045399397	-1685.84603322	
-5.75151387748	-1685.84695619	
-5.75257263883	-1685.84787727	
-5.75363028038	-1685.84879647	
-5.75468680452	-1685.84971379	
-5.75574221359	-1685.85062924	
-5.75679650994	-1685.85154283	
-5.75784969593	-1685.85245454	
-5.75890177388	-1685.8533644	
-5.75995274612	-1685.85427241	
-5.76100261499	-1685.85517857	
-5.76205138278	-1685.85608288	
-5.76309905181	-1685.85698535	
-5.76414562438	-1685.85788599	
-5.76519110278	-1685.8587848	
-5.7662354893	-1685.85968178	
-5.76727878622	-1685.86057695	
-5.76832099579	-1685.8614703	
-5.7693621203	-1685.86236183	
-5.770402162	-1685.86325157	
-5.77144112313	-1685.86413949	
-5.77247900594	-1685.86502563	
-5.77351581267	-1685.86590997	
-5.77455154554	-1685.86679252	
-5.77558620679	-1685.86767329	
-5.77661979861	-1685.86855228	
-5.77765232322	-1685.8694295	
-5.77868378283	-1685.87030495	
-5.77971417962	-1685.87117863	
-5.78074351579	-1685.87205055	
-5.78177179352	-1685.87292072	
-5.78279901497	-1685.87378914	
-5.78382518233	-1685.87465581	
-5.78485029774	-1685.87552074	
-5.78587436337	-1685.87638393	
-5.78689738137	-1685.87724538	
-5.78791935386	-1685.87810511	
-5.788940283	-1685.87896311	
-5.7899601709	-1685.8798194	
-5.79097901969	-1685.88067397	
-5.79199683148	-1685.88152682	
-5.79301360838	-1685.88237797	
-5.7940293525	-1685.88322742	
-5.79504406593	-1685.88407517	
-5.79605775077	-1685.88492122	
-5.79707040908	-1685.88576559	
-5.79808204295	-1685.88660827	
-5.79909265446	-1685.88744927	
-5.80010224566	-1685.88828859	
-5.80111081862	-1685.88912624	
-5.80211837538	-1685.88996223	
-5.80312491799	-1685.89079655	
-5.80413044849	-1685.89162921	
-5.80513496892	-1685.89246021	
-5.80613848129	-1685.89328956	
-5.80714098764	-1685.89411727	
-5.80814248998	-1685.89494333	
-5.80914299031	-1685.89576776	
