# log_p 	 lnL 	 
0.0	-1691.77600906	
-0.287682072452	-1691.50268639	
-0.510825623766	-1691.17384229	
-0.69314718056	-1690.82195052	
-0.847297860387	-1690.4719641	
-0.980829253012	-1690.13578599	
-1.09861228867	-1689.81883181	
-1.20397280433	-1689.52300972	
-1.29928298413	-1689.24819619	
-1.38629436112	-1688.99320971	
-1.46633706879	-1688.75645771	
-1.54044504095	-1688.53630962	
-1.60943791243	-1688.3312723	
-1.67397643357	-1688.14004617	
-1.73460105539	-1687.96152098	
-1.79175946923	-1687.7947472	
-1.8458266905	-1687.63890251	
-1.89711998489	-1687.49326184	
-1.94591014906	-1687.35717371	
-1.99243016469	-1687.23004304	
-2.03688192726	-1687.11131919	
-2.07944154168	-1687.00048802	
-2.1202635362	-1686.89706668	
-2.15948424935	-1686.80060031	
-2.19722457734	-1686.7106598	
-2.23359222151	-1686.62684036	
-2.26868354132	-1686.54876031	
-2.30258509299	-1686.47606023	
-2.33537491582	-1686.40840199	
-2.36712361413	-1686.34546796	
-2.3978952728	-1686.2869601	
-2.42774823595	-1686.23259907	
-2.45673577282	-1686.1821233	
-2.48490664979	-1686.13528807	
-2.51230562398	-1686.09186457	
-2.53897387106	-1686.05163902	
-2.56494935746	-1686.01441172	
-2.59026716545	-1685.97999617	
-2.61495977804	-1685.9482183	
-2.63905732962	-1685.91891558	
-2.66258782703	-1685.8919363	
-2.68557734525	-1685.86713883	
-2.7080502011	-1685.84439093	
-2.73002910782	-1685.82356911	
-2.75153531304	-1685.80455802	
-2.77258872224	-1685.78724988	
-2.79320800944	-1685.77154397	
-2.81341071676	-1685.75734611	
-2.83321334406	-1685.74456822	
-2.85263142991	-1685.7331279	
-2.87167962488	-1685.722948	
-2.8903717579	-1685.71395628	
-2.90872089656	-1685.70608508	
-2.92673940207	-1685.69927097	
-2.94443897917	-1685.69345446	
-2.96183072188	-1685.68857976	
-2.97892515524	-1685.6845945	
-2.99573227355	-1685.68144949	
-3.01226157551	-1685.67909854	
-3.02852209638	-1685.67749823	
-3.04452243772	-1685.6766077	
-3.06027079469	-1685.67638854	
-3.07577498123	-1685.67680458	
-3.09104245336	-1685.67782177	
-3.10608033072	-1685.679408	
-3.12089541651	-1685.68153303	
-3.13549421593	-1685.68416832	
-3.14988295338	-1685.68728697	
-3.16406758837	-1685.69086355	
-3.17805383035	-1685.69487407	
-3.19184715248	-1685.69929585	
-3.20545280454	-1685.70410746	
-3.21887582487	-1685.70928864	
-3.23212105162	-1685.71482019	
-3.24519313319	-1685.72068398	
-3.25809653802	-1685.72686281	
-3.2708355638	-1685.7333404	
-3.28341434601	-1685.74010132	
-3.295836866	-1685.74713094	
-3.3081069586	-1685.75441538	
-3.32022831913	-1685.76194147	
-3.33220451018	-1685.76969672	
-3.34403896782	-1685.77766924	
-3.35573500759	-1685.78584778	
-3.36729582999	-1685.7942216	
-3.37872452581	-1685.80278053	
-3.39002408106	-1685.81151488	
-3.40119738166	-1685.82041543	
-3.41224721785	-1685.8294734	
-3.42317628838	-1685.83868045	
-3.43398720449	-1685.84802863	
-3.4446824936	-1685.85751036	
-3.45526460293	-1685.86711842	
-3.4657359028	-1685.87684593	
-3.47609868984	-1685.88668633	
-3.48635519	-1685.89663336	
-3.49650756147	-1685.90668106	
-3.50655789732	-1685.91682372	
-3.51650822817	-1685.92705591	
-3.52636052462	-1685.93737243	
-3.53611669956	-1685.94776833	
-3.54577861047	-1685.95823886	
-3.55534806149	-1685.9687795	
-3.56482680544	-1685.97938593	
-3.57421654579	-1685.99005399	
-3.58351893846	-1686.00077975	
-3.59273559356	-1686.01155941	
-3.60186807712	-1686.02238936	
-3.61091791264	-1686.03326613	
-3.61988658263	-1686.04418641	
-3.62877553004	-1686.05514703	
-3.63758615973	-1686.06614495	
-3.6463198397	-1686.07717727	
-3.65497790244	-1686.08824119	
-3.66356164613	-1686.09933406	
-3.6720723358	-1686.11045332	
-3.68051120444	-1686.12159652	
-3.68887945411	-1686.13276132	
-3.69717825693	-1686.14394547	
-3.70540875607	-1686.15514681	
-3.7135720667	-1686.16636329	
-3.72166927694	-1686.17759291	
-3.72970144863	-1686.18883379	
-3.73766961828	-1686.20008411	
-3.74557479779	-1686.21134212	
-3.75341797525	-1686.22260615	
-3.76120011569	-1686.23387459	
-3.76892216179	-1686.24514591	
-3.77658503453	-1686.25641863	
-3.78418963392	-1686.26769134	
-3.79173683955	-1686.27896267	
-3.79922751128	-1686.29023134	
-3.80666248977	-1686.30149608	
-3.81404259707	-1686.3127557	
-3.82136863716	-1686.32400906	
-3.82864139649	-1686.33525505	
-3.83586164446	-1686.34649262	
-3.84303013394	-1686.35772074	
-3.85014760171	-1686.36893846	
-3.85721476893	-1686.38014484	
-3.86423234159	-1686.39133898	
-3.87120101091	-1686.40252004	
-3.87812145375	-1686.41368718	
-3.88499433304	-1686.42483962	
-3.89182029811	-1686.43597662	
-3.8985999851	-1686.44709743	
-3.90533401728	-1686.45820138	
-3.91202300543	-1686.4692878	
-3.91866754815	-1686.48035606	
-3.92526823218	-1686.49140554	
-3.93182563272	-1686.50243566	
-3.93834031375	-1686.51344587	
-3.94481282825	-1686.52443564	
-3.95124371858	-1686.53540444	
-3.95763351668	-1686.5463518	
-3.96398274436	-1686.55727725	
-3.97029191355	-1686.56818034	
-3.97656152657	-1686.57906065	
-3.98279207632	-1686.58991776	
-3.98898404656	-1686.6007513	
-3.99513791214	-1686.61156089	
-4.00125413916	-1686.62234618	
-4.00733318523	-1686.63310683	
-4.01337549969	-1686.64384251	
-4.01938152375	-1686.65455294	
-4.02535169074	-1686.66523781	
-4.03128642625	-1686.67589684	
-4.03718614838	-1686.68652978	
-4.04305126783	-1686.69713638	
-4.04888218815	-1686.7077164	
-4.05467930583	-1686.71826961	
-4.06044301055	-1686.72879581	
-4.06617368526	-1686.73929478	
-4.07187170637	-1686.74976636	
-4.07753744391	-1686.76021034	
-4.08317126162	-1686.77062658	
-4.08877351717	-1686.7810149	
-4.09434456222	-1686.79137516	
-4.0998847426	-1686.80170722	
-4.10539439841	-1686.81201095	
-4.11087386417	-1686.82228622	
-4.11632346894	-1686.83253293	
-4.12174353641	-1686.84275096	
-4.12713438505	-1686.85294023	
-4.13249632819	-1686.86310063	
-4.13782967416	-1686.87323209	
-4.14313472639	-1686.88333453	
-4.14841178349	-1686.89340788	
-4.15366113938	-1686.90345207	
-4.15888308336	-1686.91346706	
-4.16407790024	-1686.92345279	
-4.1692458704	-1686.93340921	
-4.1743872699	-1686.94333629	
-4.17950237056	-1686.953234	
-4.18459144007	-1686.9631023	
-4.18965474203	-1686.97294117	
-4.19469253606	-1686.98275059	
-4.19970507788	-1686.99253055	
-4.20469261939	-1687.00228105	
-4.20965540873	-1687.01200207	
-4.21459369037	-1687.02169362	
-4.21950770518	-1687.03135569	
-4.22439769047	-1687.04098831	
-4.22926388012	-1687.05059147	
-4.2341065046	-1687.06016519	
-4.23892579103	-1687.0697095	
-4.2437219633	-1687.07922441	
-4.24849524205	-1687.08870995	
-4.25324584481	-1687.09816615	
-4.257973986	-1687.10759304	
-4.26267987704	-1687.11699066	
-4.26736372635	-1687.12635903	
-4.27202573946	-1687.13569821	
-4.27666611902	-1687.14500823	
-4.28128506487	-1687.15428915	
-4.28588277412	-1687.163541	
-4.29045944115	-1687.17276384	
-4.29501525768	-1687.18195772	
-4.29955041285	-1687.19112269	
-4.3040650932	-1687.20025882	
-4.30855948279	-1687.20936615	
-4.31303376319	-1687.21844476	
-4.31748811354	-1687.2274947	
-4.3219227106	-1687.23651604	
-4.32633772881	-1687.24550885	
-4.33073334029	-1687.25447318	
-4.33510971489	-1687.26340912	
-4.33946702026	-1687.27231672	
-4.34380542185	-1687.28119607	
-4.348125083	-1687.29004724	
-4.3524261649	-1687.2988703	
-4.35670882669	-1687.30766533	
-4.36097322548	-1687.31643241	
-4.36521951636	-1687.32517161	
-4.36944785247	-1687.33388302	
-4.373658385	-1687.34256671	
-4.37785126326	-1687.35122277	
-4.38202663467	-1687.35985128	
-4.38618464482	-1687.36845232	
-4.39032543749	-1687.37702599	
-4.39444915467	-1687.38557236	
-4.39855593663	-1687.39409152	
-4.40264592188	-1687.40258356	
-4.40671924726	-1687.41104856	
-4.41077604796	-1687.41948662	
-4.4148164575	-1687.42789783	
-4.4188406078	-1687.43628227	
-4.42284862919	-1687.44464004	
-4.42684065046	-1687.45297122	
-4.43081679884	-1687.46127591	
-4.43477720006	-1687.46955419	
-4.43872197835	-1687.47780618	
-4.44265125649	-1687.48603194	
-4.44656515581	-1687.49423159	
-4.45046379623	-1687.50240521	
-4.45434729625	-1687.51055289	
-4.45821577303	-1687.51867474	
-4.46206934235	-1687.52677084	
-4.46590811865	-1687.5348413	
-4.46973221509	-1687.5428862	
-4.47354174351	-1687.55090564	
-4.47733681448	-1687.55889972	
-4.48111753732	-1687.56686854	
-4.48488402011	-1687.57481218	
-4.48863636973	-1687.58273076	
-4.49237469184	-1687.59062435	
-4.49609909093	-1687.59849307	
-4.49980967033	-1687.606337	
-4.50350653221	-1687.61415625	
-4.50718977763	-1687.62195091	
-4.51085950652	-1687.62972107	
-4.51451581772	-1687.63746684	
-4.518158809	-1687.64518831	
-4.52178857705	-1687.65288557	
-4.52540521752	-1687.66055874	
-4.52900882502	-1687.66820789	
-4.53259949315	-1687.67583313	
-4.5361773145	-1687.68343456	
-4.53974238067	-1687.69101227	
-4.54329478227	-1687.69856636	
-4.54683460898	-1687.70609692	
-4.55036194949	-1687.71360406	
-4.5538768916	-1687.72108787	
-4.55737952215	-1687.72854844	
-4.56086992709	-1687.73598587	
-4.56434819147	-1687.74340026	
-4.56781439944	-1687.7507917	
-4.57126863431	-1687.75816029	
-4.5747109785	-1687.76550612	
-4.5781415136	-1687.7728293	
-4.58156032035	-1687.78012991	
-4.58496747867	-1687.78740804	
-4.58836306767	-1687.79466381	
-4.59174716566	-1687.80189729	
-4.59511985013	-1687.80910859	
-4.59848119784	-1687.81629779	
-4.60183128472	-1687.82346499	
-4.60517018599	-1687.83061029	
-4.60849797608	-1687.83773378	
-4.61181472871	-1687.84483555	
-4.61512051684	-1687.8519157	
-4.61841541274	-1687.85897431	
-4.62169948794	-1687.86601149	
-4.62497281328	-1687.87302732	
-4.62823545892	-1687.88002189	
-4.63148749431	-1687.88699529	
-4.63472898823	-1687.89394763	
-4.63796000881	-1687.90087898	
-4.64118062351	-1687.90778944	
-4.64439089914	-1687.9146791	
-4.64759090187	-1687.92154805	
-4.65078069724	-1687.92839638	
-4.65396035016	-1687.93522418	
-4.65712992492	-1687.94203154	
-4.66028948521	-1687.94881854	
-4.66343909411	-1687.95558528	
-4.66657881412	-1687.96233185	
-4.66970870713	-1687.96905833	
-4.67282883446	-1687.97576481	
-4.67593925688	-1687.98245137	
-4.67904003455	-1687.98911811	
-4.68213122712	-1687.99576511	
-4.68521289366	-1688.00239246	
-4.6882850927	-1688.00900025	
-4.69134788223	-1688.01558855	
-4.69440131972	-1688.02215746	
-4.6974454621	-1688.02870706	
-4.70048036579	-1688.03523743	
-4.70350608671	-1688.04174867	
-4.70652268025	-1688.04824084	
-4.70953020131	-1688.05471405	
-4.71252870431	-1688.06116836	
-4.71551824316	-1688.06760387	
-4.7184988713	-1688.07402065	
-4.72147064168	-1688.08041879	
-4.72443360681	-1688.08679837	
-4.72738781871	-1688.09315947	
-4.73033332894	-1688.09950218	
-4.73327018862	-1688.10582657	
-4.73619844839	-1688.11213272	
-4.7391181585	-1688.11842072	
-4.74202936871	-1688.12469065	
-4.74493212836	-1688.13094258	
-4.74782648639	-1688.13717659	
-4.75071249128	-1688.14339276	
-4.75359019111	-1688.14959118	
-4.75645963353	-1688.15577191	
-4.75932086582	-1688.16193505	
-4.7621739348	-1688.16808065	
-4.76501888693	-1688.17420881	
-4.76785576827	-1688.18031959	
-4.77068462447	-1688.18641308	
-4.77350550081	-1688.19248935	
-4.77631844218	-1688.19854847	
-4.77912349311	-1688.20459052	
-4.78192069773	-1688.21061559	
-4.78471009982	-1688.21662373	
-4.78749174278	-1688.22261502	
-4.79026566966	-1688.22858955	
-4.79303192316	-1688.23454738	
-4.7957905456	-1688.24048858	
-4.79854157897	-1688.24641323	
-4.80128506491	-1688.2523214	
-4.80402104473	-1688.25821317	
-4.80674955939	-1688.2640886	
-4.8094706495	-1688.26994777	
-4.81218435537	-1688.27579074	
-4.81489071697	-1688.2816176	
-4.81758977394	-1688.2874284	
-4.82028156561	-1688.29322322	
-4.82296613098	-1688.29900213	
-4.82564350875	-1688.30476519	
-4.8283137373	-1688.31051249	
-4.83097685472	-1688.31624408	
-4.83363289878	-1688.32196003	
-4.83628190695	-1688.32766042	
-4.83892391641	-1688.33334531	
-4.84155896405	-1688.33901476	
-4.84418708646	-1688.34466885	
-4.84680831994	-1688.35030764	
-4.84942270051	-1688.3559312	
-4.85203026392	-1688.36153959	
-4.85463104562	-1688.36713288	
-4.8572250808	-1688.37271113	
-4.85981240436	-1688.37827442	
-4.86239305096	-1688.3838228	
-4.86496705495	-1688.38935634	
-4.86753445046	-1688.3948751	
-4.87009527132	-1688.40037915	
-4.87264955112	-1688.40586855	
-4.8751973232	-1688.41134336	
-4.87773862063	-1688.41680365	
-4.88027347623	-1688.42224948	
-4.88280192259	-1688.42768091	
-4.88532399202	-1688.43309801	
-4.88783971662	-1688.43850082	
-4.89034912822	-1688.44388943	
-4.89285225844	-1688.44926388	
-4.89534913864	-1688.45462424	
-4.89783979995	-1688.45997056	
-4.90032427328	-1688.46530292	
-4.90280258929	-1688.47062136	
-4.90527477844	-1688.47592595	
-4.90774087093	-1688.48121674	
-4.91020089677	-1688.4864938	
-4.91265488574	-1688.49175718	
-4.91510286737	-1688.49700694	
-4.91754487103	-1688.50224315	
-4.91998092583	-1688.50746585	
-4.92241106068	-1688.5126751	
-4.92483530429	-1688.51787097	
-4.92725368516	-1688.5230535	
-4.92966623156	-1688.52822276	
-4.93207297159	-1688.5333788	
-4.93447393313	-1688.53852167	
-4.93686914386	-1688.54365144	
-4.93925863125	-1688.54876815	
-4.94164242261	-1688.55387187	
-4.94402054501	-1688.55896264	
-4.94639302537	-1688.56404053	
-4.94875989038	-1688.56910558	
-4.95112116656	-1688.57415785	
-4.95347688026	-1688.57919739	
-4.9558270576	-1688.58422426	
-4.95817172456	-1688.58923851	
-4.96051090691	-1688.59424019	
-4.96284463026	-1688.59922936	
-4.96517292002	-1688.60420606	
-4.96749580144	-1688.60917035	
-4.96981329958	-1688.61412228	
-4.97212543933	-1688.6190619	
-4.97443224543	-1688.62398927	
-4.97673374242	-1688.62890443	
-4.97902995468	-1688.63380743	
-4.98132090643	-1688.63869833	
-4.98360662171	-1688.64357717	
-4.98588712441	-1688.64844401	
-4.98816243824	-1688.6532989	
-4.99043258678	-1688.65814187	
-4.99269759341	-1688.66297299	
-4.99495748138	-1688.6677923	
-4.99721227376	-1688.67259985	
-4.9994619935	-1688.67739569	
-5.00170666335	-1688.68217986	
-5.00394630595	-1688.68695242	
-5.00618094375	-1688.69171341	
-5.00841059907	-1688.69646288	
-5.0106352941	-1688.70120088	
-5.01285505083	-1688.70592745	
-5.01506989116	-1688.71064264	
-5.01727983681	-1688.71534649	
-5.01948490937	-1688.72003906	
-5.02168513028	-1688.72472038	
-5.02388052085	-1688.72939051	
-5.02607110223	-1688.73404948	
-5.02825689545	-1688.73869735	
-5.03043792139	-1688.74333416	
-5.03261420082	-1688.74795996	
-5.03478575433	-1688.75257478	
-5.03695260241	-1688.75717867	
-5.03911476542	-1688.76177168	
-5.04127226356	-1688.76635385	
-5.04342511692	-1688.77092522	
-5.04557334546	-1688.77548584	
-5.047716969	-1688.78003575	
-5.04985600725	-1688.78457499	
-5.05199047978	-1688.7891036	
-5.05412040604	-1688.79362164	
-5.05624580535	-1688.79812914	
-5.05836669692	-1688.80262613	
-5.06048309982	-1688.80711267	
-5.06259503303	-1688.8115888	
-5.06470251537	-1688.81605455	
-5.06680556556	-1688.82050998	
-5.06890420222	-1688.82495511	
-5.07099844382	-1688.82938999	
-5.07308830874	-1688.83381466	
-5.07517381523	-1688.83822916	
-5.07725498144	-1688.84263353	
-5.07933182538	-1688.84702781	
-5.08140436498	-1688.85141204	
-5.08347261805	-1688.85578626	
-5.08553660227	-1688.86015051	
-5.08759633523	-1688.86450483	
-5.08965183441	-1688.86884926	
-5.09170311719	-1688.87318383	
-5.09375020081	-1688.87750858	
-5.09579310244	-1688.88182356	
-5.09783183913	-1688.88612879	
-5.09986642782	-1688.89042433	
-5.10189688537	-1688.8947102	
-5.10392322852	-1688.89898644	
-5.1059454739	-1688.9032531	
-5.10796363806	-1688.9075102	
-5.10997773743	-1688.91175779	
-5.11198778836	-1688.9159959	
-5.11399380708	-1688.92022456	
-5.11599580975	-1688.92444383	
-5.11799381242	-1688.92865372	
-5.11998783102	-1688.93285428	
-5.12197788143	-1688.93704554	
-5.1239639794	-1688.94122754	
-5.12594614061	-1688.94540031	
-5.12792438062	-1688.9495639	
-5.12989871492	-1688.95371832	
-5.13186915891	-1688.95786363	
-5.13383572788	-1688.96199985	
-5.13579843705	-1688.96612702	
-5.13775730154	-1688.97024517	
-5.13971233637	-1688.97435434	
-5.1416635565	-1688.97845456	
-5.14361097679	-1688.98254586	
-5.145554612	-1688.98662828	
-5.14749447681	-1688.99070186	
-5.14943058584	-1688.99476662	
-5.15136295359	-1688.9988226	
-5.1532915945	-1689.00286983	
-5.15521652291	-1689.00690834	
-5.15713775309	-1689.01093818	
-5.15905529921	-1689.01495936	
-5.1609691754	-1689.01897192	
-5.16287939565	-1689.0229759	
-5.16478597392	-1689.02697133	
-5.16668892407	-1689.03095824	
-5.16858825987	-1689.03493665	
-5.17048399504	-1689.03890661	
-5.17237614319	-1689.04286814	
-5.17426471788	-1689.04682128	
-5.17614973257	-1689.05076605	
-5.17803120067	-1689.05470249	
-5.1799091355	-1689.05863062	
-5.18178355029	-1689.06255049	
-5.18365445823	-1689.06646211	
-5.1855218724	-1689.07036552	
-5.18738580584	-1689.07426075	
-5.18924627149	-1689.07814783	
-5.19110328224	-1689.08202679	
-5.19295685089	-1689.08589766	
-5.19480699018	-1689.08976047	
-5.19665371277	-1689.09361525	
-5.19849703127	-1689.09746202	
-5.20033695819	-1689.10130082	
-5.202173506	-1689.10513167	
-5.20400668708	-1689.10895461	
-5.20583651375	-1689.11276967	
-5.20766299828	-1689.11657686	
-5.20948615284	-1689.12037623	
-5.21130598956	-1689.12416779	
-5.21312252048	-1689.12795158	
-5.21493575761	-1689.13172763	
-5.21674571285	-1689.13549596	
-5.21855239808	-1689.1392566	
-5.22035582508	-1689.14300958	
-5.22215600558	-1689.14675492	
-5.22395295126	-1689.15049266	
-5.22574667371	-1689.15422281	
-5.22753718449	-1689.15794542	
-5.22932449506	-1689.1616605	
-5.23110861685	-1689.16536808	
-5.23288956123	-1689.16906819	
-5.23466733947	-1689.17276085	
-5.23644196283	-1689.1764461	
-5.23821344248	-1689.18012395	
-5.23998178954	-1689.18379444	
-5.24174701506	-1689.18745758	
-5.24350913005	-1689.19111341	
-5.24526814546	-1689.19476196	
-5.24702407216	-1689.19840324	
-5.24877692099	-1689.20203728	
-5.25052670271	-1689.20566411	
-5.25227342805	-1689.20928376	
-5.25401710765	-1689.21289624	
-5.25575775213	-1689.21650159	
-5.25749537203	-1689.22009983	
-5.25922997784	-1689.22369098	
-5.26096158	-1689.22727507	
-5.2626901889	-1689.23085212	
-5.26441581487	-1689.23442216	
-5.26613846818	-1689.23798522	
-5.26785815906	-1689.24154131	
-5.26957489768	-1689.24509046	
-5.27128869416	-1689.24863269	
-5.27299955856	-1689.25216803	
-5.27470750091	-1689.25569651	
-5.27641253116	-1689.25921814	
-5.27811465923	-1689.26273295	
-5.27981389498	-1689.26624096	
-5.28151024823	-1689.2697422	
-5.28320372874	-1689.27323669	
-5.28489434622	-1689.27672445	
-5.28658211033	-1689.28020551	
-5.28826703069	-1689.28367989	
-5.28994911688	-1689.28714761	
-5.2916283784	-1689.29060869	
-5.29330482472	-1689.29406316	
-5.29497846528	-1689.29751104	
-5.29664930945	-1689.30095235	
-5.29831736655	-1689.30438712	
-5.29998264587	-1689.30781536	
-5.30164515664	-1689.3112371	
-5.30330490806	-1689.31465236	
-5.30496190927	-1689.31806116	
-5.30661616936	-1689.32146353	
-5.3082676974	-1689.32485948	
-5.30991650239	-1689.32824904	
-5.3115625933	-1689.33163223	
-5.31320597904	-1689.33500907	
-5.3148466685	-1689.33837958	
-5.3164846705	-1689.34174378	
-5.31811999384	-1689.34510169	
-5.31975264727	-1689.34845334	
-5.32138263948	-1689.35179875	
-5.32300997914	-1689.35513793	
-5.32463467487	-1689.35847091	
-5.32625673524	-1689.36179771	
-5.32787616879	-1689.36511834	
-5.32949298402	-1689.36843284	
-5.33110718937	-1689.37174121	
-5.33271879327	-1689.37504348	
-5.33432780407	-1689.37833967	
-5.33593423012	-1689.3816298	
-5.3375380797	-1689.38491389	
-5.33913936107	-1689.38819195	
-5.34073808243	-1689.39146402	
-5.34233425196	-1689.39473011	
-5.3439278778	-1689.39799023	
-5.34551896803	-1689.40124441	
-5.34710753072	-1689.40449267	
-5.34869357387	-1689.40773502	
-5.35027710548	-1689.41097149	
-5.35185813348	-1689.41420209	
-5.35343666577	-1689.41742685	
-5.35501271022	-1689.42064578	
-5.35658627467	-1689.4238589	
-5.3581573669	-1689.42706623	
-5.35972599468	-1689.43026779	
-5.36129216571	-1689.4334636	
-5.36285588769	-1689.43665367	
-5.36441716825	-1689.43983803	
-5.36597601502	-1689.4430167	
-5.36753243557	-1689.44618968	
-5.36908643744	-1689.449357	
-5.37063802813	-1689.45251868	
-5.37218721511	-1689.45567474	
-5.37373400583	-1689.45882519	
-5.37527840768	-1689.46197005	
-5.37682042804	-1689.46510934	
-5.37836007422	-1689.46824308	
-5.37989735354	-1689.47137129	
-5.38143227326	-1689.47449397	
-5.38296484061	-1689.47761116	
-5.38449506279	-1689.48072286	
-5.38602294697	-1689.4838291	
-5.38754850028	-1689.48692989	
-5.38907172982	-1689.49002525	
-5.39059264266	-1689.49311519	
-5.39211124583	-1689.49619974	
-5.39362754635	-1689.49927891	
-5.39514155118	-1689.50235272	
-5.39665326727	-1689.50542118	
-5.39816270152	-1689.50848431	
-5.39966986081	-1689.51154213	
-5.40117475199	-1689.51459465	
-5.40267738187	-1689.51764189	
-5.40417775725	-1689.52068387	
-5.40567588487	-1689.5237206	
-5.40717177146	-1689.5267521	
-5.40866542372	-1689.52977839	
-5.4101568483	-1689.53279948	
-5.41164605186	-1689.53581539	
-5.41313304098	-1689.53882613	
-5.41461782224	-1689.54183173	
-5.4161004022	-1689.54483219	
-5.41758078737	-1689.54782753	
-5.41905898424	-1689.55081776	
-5.42053499927	-1689.55380292	
-5.42200883889	-1689.556783	
-5.4234805095	-1689.55975802	
-5.42495001748	-1689.56272801	
-5.42641736918	-1689.56569297	
-5.4278825709	-1689.56865292	
-5.42934562895	-1689.57160787	
-5.43080654959	-1689.57455785	
-5.43226533906	-1689.57750286	
-5.43372200355	-1689.58044293	
-5.43517654927	-1689.58337806	
-5.43662898235	-1689.58630827	
-5.43807930892	-1689.58923358	
-5.4395275351	-1689.592154	
-5.44097366695	-1689.59506955	
-5.44241771052	-1689.59798024	
-5.44385967184	-1689.60088608	
-5.4452995569	-1689.60378709	
-5.44673737167	-1689.60668329	
-5.44817312209	-1689.60957468	
-5.44960681409	-1689.61246129	
-5.45103845357	-1689.61534313	
-5.45246804638	-1689.6182202	
-5.45389559837	-1689.62109253	
-5.45532111536	-1689.62396014	
-5.45674460314	-1689.62682303	
-5.45816606749	-1689.62968121	
-5.45958551414	-1689.63253471	
-5.46100294883	-1689.63538353	
-5.46241837723	-1689.6382277	
-5.46383180503	-1689.64106721	
-5.46524323786	-1689.6439021	
-5.46665268137	-1689.64673236	
-5.46806014114	-1689.64955802	
-5.46946562274	-1689.65237909	
-5.47086913175	-1689.65519558	
-5.47227067367	-1689.65800751	
-5.47367025403	-1689.66081489	
-5.47506787829	-1689.66361772	
-5.47646355193	-1689.66641604	
-5.47785728038	-1689.66920984	
-5.47924906905	-1689.67199914	
-5.48063892334	-1689.67478396	
-5.48202684862	-1689.6775643	
-5.48341285022	-1689.68034019	
-5.48479693349	-1689.68311163	
-5.48617910372	-1689.68587864	
-5.48755936619	-1689.68864122	
-5.48893772616	-1689.6913994	
-5.49031418887	-1689.69415319	
-5.49168875953	-1689.69690259	
-5.49306144334	-1689.69964763	
-5.49443224547	-1689.7023883	
-5.49580117108	-1689.70512463	
-5.49716822529	-1689.70785663	
-5.49853341322	-1689.71058432	
-5.49989673995	-1689.71330769	
-5.50125821054	-1689.71602677	
-5.50261783006	-1689.71874157	
-5.50397560352	-1689.72145209	
-5.50533153593	-1689.72415836	
-5.50668563228	-1689.72686039	
-5.50803789753	-1689.72955818	
-5.50938833663	-1689.73225175	
-5.5107369545	-1689.7349411	
-5.51208375605	-1689.73762627	
-5.51342874616	-1689.74030724	
-5.51477192971	-1689.74298404	
-5.51611331154	-1689.74565668	
-5.51745289646	-1689.74832517	
-5.51879068931	-1689.75098952	
-5.52012669485	-1689.75364974	
-5.52146091786	-1689.75630585	
-5.5227933631	-1689.75895785	
-5.52412403528	-1689.76160577	
-5.52545293913	-1689.7642496	
-5.52678007934	-1689.76688936	
-5.52810546058	-1689.76952506	
-5.52942908751	-1689.77215672	
-5.53075096477	-1689.77478434	
-5.53207109697	-1689.77740793	
-5.53338948873	-1689.78002752	
-5.53470614461	-1689.7826431	
-5.53602106919	-1689.78525469	
-5.53733426702	-1689.7878623	
-5.53864574262	-1689.79046594	
-5.5399555005	-1689.79306563	
-5.54126354516	-1689.79566137	
-5.54256988107	-1689.79825317	
-5.5438745127	-1689.80084105	
-5.54517744448	-1689.80342501	
-5.54647868084	-1689.80600507	
-5.54777822618	-1689.80858124	
-5.5490760849	-1689.81115352	
-5.55037226136	-1689.81372194	
-5.55166675992	-1689.81628649	
-5.55295958492	-1689.81884719	
-5.55425074069	-1689.82140405	
-5.55554023152	-1689.82395709	
-5.5568280617	-1689.8265063	
-5.55811423551	-1689.82905171	
-5.5593987572	-1689.83159332	
-5.56068163102	-1689.83413114	
-5.56196286117	-1689.83666518	
-5.56324245188	-1689.83919546	
-5.56452040732	-1689.84172198	
-5.56579673168	-1689.84424475	
-5.56707142911	-1689.84676379	
-5.56834450376	-1689.8492791	
-5.56961595975	-1689.85179069	
-5.57088580119	-1689.85429857	
-5.57215403218	-1689.85680276	
-5.57342065679	-1689.85930326	
-5.5746856791	-1689.86180009	
-5.57594910315	-1689.86429325	
-5.57721093297	-1689.86678275	
-5.57847117258	-1689.8692686	
-5.57972982599	-1689.87175082	
-5.58098689718	-1689.8742294	
-5.58224239012	-1689.87670437	
-5.58349630878	-1689.87917573	
-5.5847486571	-1689.88164349	
-5.585999439	-1689.88410767	
-5.5872486584	-1689.88656826	
-5.5884963192	-1689.88902528	
-5.58974242528	-1689.89147874	
-5.59098698051	-1689.89392864	
-5.59222998875	-1689.89637501	
-5.59347145384	-1689.89881784	
-5.5947113796	-1689.90125715	
-5.59594976985	-1689.90369294	
-5.59718662839	-1689.90612523	
-5.598421959	-1689.90855402	
-5.59965576545	-1689.91097933	
-5.60088805149	-1689.91340115	
-5.60211882088	-1689.91581951	
-5.60334807733	-1689.91823441	
-5.60457582457	-1689.92064586	
-5.6058020663	-1689.92305386	
-5.60702680619	-1689.92545844	
-5.60825004793	-1689.92785959	
-5.60947179518	-1689.93025732	
-5.61069205159	-1689.93265165	
-5.61191082078	-1689.93504258	
-5.61312810639	-1689.93743012	
-5.61434391201	-1689.93981428	
-5.61555824124	-1689.94219507	
-5.61677109767	-1689.9445725	
-5.61798248485	-1689.94694658	
-5.61919240636	-1689.94931731	
-5.62040086572	-1689.9516847	
-5.62160786647	-1689.95404877	
-5.62281341212	-1689.95640951	
-5.62401750619	-1689.95876695	
-5.62522015215	-1689.96112108	
-5.6264213535	-1689.96347192	
-5.62762111369	-1689.96581948	
-5.62881943618	-1689.96816375	
-5.63001632442	-1689.97050476	
-5.63121178182	-1689.9728425	
-5.63240581181	-1689.975177	
-5.6335984178	-1689.97750825	
-5.63478960317	-1689.97983626	
-5.6359793713	-1689.98216105	
-5.63716772557	-1689.98448262	
-5.63835466933	-1689.98680097	
-5.63954020593	-1689.98911613	
-5.64072433869	-1689.99142808	
-5.64190707094	-1689.99373685	
-5.64308840598	-1689.99604244	
-5.64426834712	-1689.99834486	
-5.64544689764	-1690.00064412	
-5.64662406082	-1690.00294022	
-5.64779983991	-1690.00523318	
-5.64897423816	-1690.00752299	
-5.65014725882	-1690.00980968	
-5.65131890512	-1690.01209323	
-5.65248918027	-1690.01437368	
-5.65365808747	-1690.01665101	
-5.65482562993	-1690.01892525	
-5.65599181082	-1690.02119639	
-5.65715663332	-1690.02346444	
-5.65832010058	-1690.02572942	
-5.65948221576	-1690.02799133	
-5.660642982	-1690.03025018	
-5.66180240242	-1690.03250597	
-5.66296048014	-1690.03475871	
-5.66411721826	-1690.03700842	
-5.66527261989	-1690.03925509	
-5.66642668811	-1690.04149874	
-5.66757942599	-1690.04373937	
-5.6687308366	-1690.04597699	
-5.66988092298	-1690.04821161	
-5.67102968818	-1690.05044323	
-5.67217713524	-1690.05267187	
-5.67332326717	-1690.05489752	
-5.67446808699	-1690.0571202	
-5.67561159769	-1690.05933991	
-5.67675380227	-1690.06155667	
-5.6778947037	-1690.06377047	
-5.67903430497	-1690.06598133	
-5.68017260902	-1690.06818926	
-5.6813096188	-1690.07039425	
-5.68244533727	-1690.07259632	
-5.68357976734	-1690.07479547	
-5.68471291194	-1690.07699171	
-5.68584477397	-1690.07918506	
-5.68697535634	-1690.0813755	
-5.68810466194	-1690.08356306	
-5.68923269364	-1690.08574774	
-5.69035945432	-1690.08792954	
-5.69148494685	-1690.09010848	
-5.69260917406	-1690.09228456	
-5.6937321388	-1690.09445778	
-5.69485384391	-1690.09662815	
-5.69597429221	-1690.09879569	
-5.69709348651	-1690.10096039	
-5.69821142961	-1690.10312227	
-5.69932812431	-1690.10528133	
-5.70044357339	-1690.10743757	
-5.70155777963	-1690.10959101	
-5.7026707458	-1690.11174165	
-5.70378247466	-1690.11388949	
-5.70489296894	-1690.11603455	
-5.70600223139	-1690.11817683	
-5.70711026475	-1690.12031634	
-5.70821707172	-1690.12245308	
-5.70932265503	-1690.12458706	
-5.71042701737	-1690.12671828	
-5.71153016145	-1690.12884676	
-5.71263208993	-1690.1309725	
-5.71373280551	-1690.13309551	
-5.71483231084	-1690.13521578	
-5.71593060859	-1690.13733334	
-5.71702770141	-1690.13944818	
-5.71812359193	-1690.14156031	
-5.71921828279	-1690.14366974	
-5.72031177661	-1690.14577648	
-5.72140407601	-1690.14788052	
-5.72249518359	-1690.14998188	
-5.72358510195	-1690.15208056	
-5.72467383369	-1690.15417658	
-5.72576138137	-1690.15626993	
-5.72684774759	-1690.15836062	
-5.72793293489	-1690.16044865	
-5.72901694583	-1690.16253404	
-5.73009978297	-1690.16461679	
-5.73118144884	-1690.16669691	
-5.73226194598	-1690.1687744	
-5.7333412769	-1690.17084927	
-5.73441944412	-1690.17292152	
-5.73549645015	-1690.17499116	
-5.73657229748	-1690.1770582	
-5.73764698861	-1690.17912264	
-5.73872052602	-1690.18118449	
-5.73979291218	-1690.18324375	
-5.74086414956	-1690.18530043	
-5.74193424062	-1690.18735454	
-5.74300318781	-1690.18940608	
-5.74407099357	-1690.19145505	
-5.74513766034	-1690.19350147	
-5.74620319054	-1690.19554534	
-5.7472675866	-1690.19758667	
-5.74833085092	-1690.19962546	
-5.74939298591	-1690.20166171	
-5.75045399397	-1690.20369543	
-5.75151387748	-1690.20572664	
-5.75257263883	-1690.20775532	
-5.75363028038	-1690.2097815	
-5.75468680452	-1690.21180517	
-5.75574221359	-1690.21382634	
-5.75679650994	-1690.21584502	
-5.75784969593	-1690.21786121	
-5.75890177388	-1690.21987492	
-5.75995274612	-1690.22188616	
-5.76100261499	-1690.22389492	
-5.76205138278	-1690.22590121	
-5.76309905181	-1690.22790505	
-5.76414562438	-1690.22990643	
-5.76519110278	-1690.23190536	
-5.7662354893	-1690.23390185	
-5.76727878622	-1690.23589589	
-5.76832099579	-1690.23788751	
-5.7693621203	-1690.2398767	
-5.770402162	-1690.24186347	
-5.77144112313	-1690.24384782	
-5.77247900594	-1690.24582976	
-5.77351581267	-1690.24780929	
-5.77455154554	-1690.24978642	
-5.77558620679	-1690.25176116	
-5.77661979861	-1690.25373351	
-5.77765232322	-1690.25570347	
-5.77868378283	-1690.25767106	
-5.77971417962	-1690.25963627	
-5.78074351579	-1690.26159911	
-5.78177179352	-1690.26355958	
-5.78279901497	-1690.2655177	
-5.78382518233	-1690.26747347	
-5.78485029774	-1690.26942689	
-5.78587436337	-1690.27137796	
-5.78689738137	-1690.27332669	
-5.78791935386	-1690.2752731	
-5.788940283	-1690.27721717	
-5.7899601709	-1690.27915893	
-5.79097901969	-1690.28109836	
-5.79199683148	-1690.28303548	
-5.79301360838	-1690.2849703	
-5.7940293525	-1690.28690281	
-5.79504406593	-1690.28883303	
-5.79605775077	-1690.29076095	
-5.79707040908	-1690.29268659	
-5.79808204295	-1690.29460994	
-5.79909265446	-1690.29653101	
-5.80010224566	-1690.29844982	
-5.80111081862	-1690.30036635	
-5.80211837538	-1690.30228062	
-5.80312491799	-1690.30419263	
-5.80413044849	-1690.30610239	
-5.80513496892	-1690.30800991	
-5.80613848129	-1690.30991518	
-5.80714098764	-1690.3118182	
-5.80814248998	-1690.313719	
-5.80914299031	-1690.31561757	
