#Site	lnL	
0	-6.10066284597
1	-2.35800323713
2	-5.40173664612
3	-1.91528681269
4	-2.29103150028
5	-7.07195504301
6	-5.64193511507
7	-6.16321810909
8	-2.20800667021
9	-2.3550833635
10	-2.21485395744
11	-11.6405176957
12	-1.96679498432
13	-2.21485395744
14	-12.5424201037
15	-2.3550833635
16	-2.35800323713
17	-2.13811056442
18	-1.91528681269
19	-2.35800323713
20	-2.27260835157
21	-1.96679498432
22	-2.29103150028
23	-5.69711053241
24	-1.96679498432
25	-2.35800323713
26	-2.27260835157
27	-6.07332655989
28	-2.21485395744
29	-2.13811056442
30	-2.02463187591
31	-5.8496729259
32	-2.27260835157
33	-2.02463187591
34	-2.21485395744
35	-5.39239170928
36	-2.3550833635
37	-5.61433186008
38	-2.13811056442
39	-1.91528681269
40	-5.61433186008
41	-6.41002592057
42	-1.96679498432
43	-2.35800323713
44	-2.27260835157
45	-1.91528681269
46	-4.84772887329
47	-2.62380876595
48	-2.02463187591
49	-7.32633497743
50	-2.27260835157
51	-9.20376017547
52	-2.21485395744
53	-5.39239170928
54	-5.71331707695
55	-10.2881577607
56	-2.62380876595
57	-2.02463187591
58	-2.716651319
59	-2.20800667021
60	-6.07332655989
61	-2.35800323713
62	-2.20800667021
63	-1.91528681269
64	-5.64310066982
65	-2.62380876595
66	-2.02463187591
67	-2.21485395744
68	-2.27260835157
69	-6.12106009433
70	-10.4800569553
71	-6.42044907766
72	-1.91528681269
73	-2.716651319
74	-2.13811056442
75	-1.91528681269
76	-2.21485395744
77	-2.27260835157
78	-1.96679498432
79	-11.5235006739
80	-2.62380876595
81	-6.67472731544
82	-2.21485395744
83	-4.9986866833
84	-2.02463187591
85	-5.64496434391
86	-2.27260835157
87	-1.96679498432
88	-9.59071253659
89	-6.71756121533
90	-2.3550833635
91	-7.00516326097
92	-2.13811056442
93	-1.91528681269
94	-2.29103150028
95	-5.98350910461
96	-1.96679498432
97	-2.29103150028
98	-5.40173664612
99	-1.91528681269
100	-5.89766676598
101	-2.20800667021
102	-1.91528681269
103	-2.29103150028
104	-8.70199630983
105	-10.4029876859
106	-5.61433186008
107	-2.20800667021
108	-1.96679498432
109	-10.1236777818
110	-4.67729973931
111	-1.96679498432
112	-2.35800323713
113	-4.92412295135
114	-5.81760052491
115	-2.35800323713
116	-2.20800667021
117	-2.02463187591
118	-2.21485395744
119	-2.20800667021
120	-2.3550833635
121	-8.61607724683
122	-2.27260835157
123	-6.90019231693
124	-2.35800323713
125	-5.25803797108
126	-2.3550833635
127	-2.21485395744
128	-2.27260835157
129	-2.3550833635
130	-4.60574098204
131	-4.92412295135
132	-13.4895684869
133	-2.35800323713
134	-6.41002592057
135	-5.33510834057
136	-6.97634087184
137	-7.29760809374
138	-2.02463187591
139	-2.716651319
140	-2.13811056442
141	-2.3550833635
142	-2.21485395744
143	-4.92412295135
144	-2.02463187591
145	-6.68176411846
146	-5.68372696072
147	-1.91528681269
148	-2.35800323713
149	-2.27260835157
150	-2.3550833635
151	-2.21485395744
152	-2.13811056442
153	-2.02463187591
154	-5.21911967378
155	-11.6405176957
156	-1.91528681269
157	-10.8897545189
158	-11.6994797503
159	-5.33510834057
160	-5.1735855054
161	-10.8011196968
162	-1.96679498432
163	-2.21485395744
164	-2.27260835157
165	-5.33510834057
166	-5.1735855054
167	-2.13811056442
168	-2.3550833635
169	-2.35800323713
170	-5.68372696072
171	-7.70428879998
172	-2.35800323713
173	-2.13811056442
174	-1.91528681269
175	-7.58275835529
176	-7.71166736243
177	-2.3550833635
178	-2.716651319
179	-2.62380876595
180	-1.91528681269
181	-2.29103150028
182	-2.13811056442
183	-1.96679498432
184	-2.29103150028
185	-2.27260835157
186	-2.02463187591
187	-2.29103150028
188	-7.64301583604
189	-7.06207308446
190	-4.61849155249
191	-2.20800667021
192	-2.02463187591
193	-2.21485395744
194	-5.23661996907
195	-1.96679498432
196	-2.29103150028
197	-2.27260835157
198	-1.96679498432
199	-2.21485395744
200	-2.20800667021
201	-1.96679498432
202	-4.60574098204
203	-5.66755906046
204	-1.91528681269
205	-2.29103150028
206	-2.27260835157
207	-1.91528681269
208	-2.21485395744
209	-6.4065300072
210	-1.96679498432
211	-2.29103150028
212	-2.27260835157
213	-1.91528681269
214	-2.29103150028
215	-2.27260835157
216	-1.91528681269
217	-4.60574098204
218	-2.27260835157
219	-6.79200786703
220	-4.93430059477
221	-2.13811056442
222	-1.96679498432
223	-4.61849155249
224	-2.20800667021
225	-6.08565637355
226	-2.21485395744
227	-2.20800667021
228	-2.3550833635
229	-8.30591277741
230	-2.13811056442
231	-1.91528681269
232	-2.35800323713
233	-2.20800667021
234	-1.91528681269
235	-2.21485395744
236	-8.32556266828
237	-1.96679498432
238	-2.35800323713
239	-5.92480258647
240	-1.91528681269
241	-7.39250902999
242	-2.20800667021
243	-1.91528681269
244	-2.716651319
245	-7.05263272991
246	-2.02463187591
247	-2.21485395744
248	-2.27260835157
249	-1.91528681269
250	-6.42860798449
251	-2.62380876595
252	-1.96679498432
253	-11.7664147508
254	-2.13811056442
255	-1.91528681269
256	-9.50523507871
257	-5.71765434807
258	-1.91528681269
259	-9.53814962102
260	-7.93146623566
261	-1.91528681269
262	-9.30816711901
263	-2.13811056442
264	-5.33510834057
265	-4.84772887329
266	-2.13811056442
267	-2.02463187591
268	-2.716651319
269	-6.44811308907
270	-1.96679498432
271	-2.29103150028
272	-6.34015695093
273	-2.3550833635
274	-5.8496729259
275	-2.20800667021
276	-6.65520642628
277	-5.31093159454
278	-6.645902078
279	-1.96679498432
280	-2.29103150028
281	-2.27260835157
282	-1.96679498432
283	-5.56934773083
284	-2.13811056442
285	-1.91528681269
286	-2.35800323713
287	-2.13811056442
288	-2.3550833635
289	-6.2133133967
290	-2.27260835157
291	-2.3550833635
292	-2.35800323713
293	-2.13811056442
294	-2.3550833635
295	-7.00516326097
296	-2.13811056442
297	-1.96679498432
298	-5.21911967378
299	-13.8887577679
300	-7.11918344728
301	-6.33856872983
302	-2.20800667021
303	-2.3550833635
304	-2.35800323713
305	-7.98443079678
306	-1.91528681269
307	-2.35800323713
308	-4.68828625148
309	-1.91528681269
310	-2.29103150028
311	-6.42044907766
312	-6.42912026548
313	-6.95404425338
314	-2.27260835157
315	-2.02463187591
316	-5.12349021779
317	-6.42044907766
318	-1.96679498432
319	-8.23890825146
320	-2.20800667021
321	-1.91528681269
322	-5.5948690563
323	-2.13811056442
324	-2.02463187591
325	-2.29103150028
326	-6.00041823872
327	-6.07332655989
328	-7.47865474297
329	-2.27260835157
330	-2.02463187591
331	-6.65742938994
332	-4.92412295135
333	-2.3550833635
334	-2.716651319
335	-2.62380876595
336	-2.3550833635
337	-2.21485395744
338	-8.21731605999
339	-6.42912026548
340	-2.21485395744
341	-2.20800667021
342	-1.91528681269
343	-5.31093159454
344	-2.62380876595
345	-1.96679498432
346	-5.3216523533
347	-2.27260835157
348	-2.3550833635
349	-2.35800323713
350	-14.2875275899
351	-2.02463187591
352	-6.65742938994
353	-4.92412295135
354	-2.02463187591
355	-5.62990858495
356	-2.27260835157
357	-1.96679498432
358	-5.1735855054
359	-2.62380876595
360	-2.02463187591
361	-2.29103150028
362	-2.27260835157
363	-8.16548698507
364	-2.29103150028
365	-2.13811056442
366	-7.39804189323
367	-6.59202494113
368	-5.40173664612
369	-1.96679498432
370	-2.21485395744
371	-2.20800667021
372	-6.4195515478
373	-2.21485395744
374	-9.87614134317
375	-1.91528681269
376	-5.15663815238
377	-2.20800667021
378	-1.91528681269
379	-2.716651319
380	-2.27260835157
381	-5.0800025119
382	-2.21485395744
383	-5.65310886059
384	-1.91528681269
385	-5.12349021779
386	-5.69711053241
387	-6.37954434334
388	-2.21485395744
389	-2.27260835157
390	-2.02463187591
391	-5.91692531088
392	-2.62380876595
393	-1.91528681269
394	-7.86600051199
395	-2.20800667021
396	-6.12106009433
397	-2.29103150028
398	-5.92480258647
399	-6.79200786703
400	-5.89766676598
401	-2.13811056442
402	-1.91528681269
403	-2.716651319
404	-2.20800667021
405	-2.3550833635
406	-2.21485395744
407	-2.13811056442
408	-2.02463187591
409	-9.72680982678
410	-2.27260835157
411	-2.02463187591
412	-2.716651319
413	-2.27260835157
414	-1.91528681269
415	-13.232982468
416	-2.62380876595
417	-1.91528681269
418	-2.29103150028
419	-2.13811056442
420	-1.96679498432
421	-6.65742938994
422	-2.20800667021
423	-6.48531655466
424	-2.29103150028
425	-2.62380876595
426	-11.8390162431
427	-2.716651319
428	-2.62380876595
429	-8.18410076523
430	-6.2133133967
431	-6.00041823872
432	-2.02463187591
433	-8.9568439739
434	-2.20800667021
435	-1.91528681269
436	-2.35800323713
437	-2.27260835157
438	-2.02463187591
439	-2.21485395744
440	-7.45962663315
441	-6.84833773488
442	-6.89495297104
443	-5.62396573809
444	-2.02463187591
445	-2.29103150028
446	-2.20800667021
447	-5.33510834057
448	-7.61948698384
449	-2.20800667021
450	-5.81760052491
451	-2.35800323713
452	-2.20800667021
453	-1.96679498432
454	-7.80549425598
455	-2.27260835157
456	-2.02463187591
457	-2.29103150028
458	-6.6642518873
459	-1.91528681269
460	-8.74635063639
461	-2.27260835157
462	-2.3550833635
463	-2.716651319
464	-8.32485792758
465	-2.02463187591
466	-5.5439839214
467	-9.40528232525
468	-6.10066284597
469	-2.29103150028
470	-5.62396573809
