#Site	lnL	
0	-1.67093861568
1	-12.5187456251
2	-1.24818798658
3	-1.66801485808
4	-8.50616154679
5	-1.53046288905
6	-1.67093861568
7	-11.1509600333
8	-1.39197989448
9	-1.82682362469
10	-7.57244673336
11	-1.39454183595
12	-1.67093861568
13	-6.83950590576
14	-1.53046288905
15	-1.50439561824
16	-1.99641792233
17	-1.39454183595
18	-1.82682362469
19	-6.79507914995
20	-16.2564794135
21	-1.50439561824
22	-5.03772008375
23	-46.2559672017
24	-11.034140567
25	-1.99641792233
26	-1.24818798658
27	-1.67093861568
28	-5.40577938413
29	-1.53046288905
30	-7.32837857834
31	-1.82582255772
32	-1.39197989448
33	-1.50439561824
34	-7.19107314377
35	-16.5339610575
36	-1.50439561824
37	-1.82895629059
38	-15.8217094177
39	-1.50439561824
40	-5.44686749311
41	-1.39197989448
42	-7.31598661146
43	-1.65068946583
44	-1.39197989448
45	-5.31905459544
46	-1.82582255772
47	-18.6179639815
48	-1.50439561824
49	-1.82582255772
50	-1.39454183595
51	-5.76362323682
52	-10.0524655887
53	-1.39197989448
54	-10.0823661091
55	-5.88752445845
56	-18.3901370754
57	-1.66801485808
58	-1.99641792233
59	-17.8008120115
60	-1.66801485808
61	-1.82582255772
62	-16.2564794135
63	-6.24667164714
64	-6.33019136288
65	-17.746363944
66	-6.62095039269
67	-1.65068946583
68	-1.53046288905
69	-1.82682362469
70	-1.99641792233
71	-15.8217086439
72	-5.76362323682
73	-5.9275055362
74	-1.24818798658
75	-1.66801485808
76	-6.32724549287
77	-1.39454183595
78	-1.50439561824
79	-7.57244673336
80	-16.2564794135
81	-1.66801485808
82	-1.82582255772
83	-34.1365632136
84	-1.82682362469
85	-7.00801445335
86	-1.24818798658
87	-1.67093861568
88	-1.99641792233
89	-1.53046288905
90	-1.67093861568
91	-1.82895629059
92	-1.24818798658
93	-6.94257810115
94	-5.88447215494
95	-16.5260898013
96	-1.82682362469
97	-6.23805747098
98	-1.39197989448
99	-1.67093861568
100	-1.99641792233
101	-1.39197989448
102	-5.69729226473
103	-1.82895629059
104	-15.8295798921
105	-1.66801485808
106	-1.99641792233
107	-16.5260905947
108	-1.82682362469
109	-5.76119804939
110	-16.851113043
111	-1.67093861568
112	-1.82895629059
113	-1.53046288905
114	-1.66801485808
115	-1.82895629059
116	-16.7524822836
117	-1.82682362469
118	-5.42510595318
119	-1.39197989448
120	-1.50439561824
121	-1.65068946583
122	-1.24818798658
123	-6.261675
124	-1.65068946583
125	-16.8536748214
126	-1.82682362469
127	-1.82582255772
128	-16.1552871012
129	-1.50439561824
130	-1.82582255772
131	-1.39197989448
132	-1.67093861568
133	-1.99641792233
134	-1.24818798658
135	-6.63994746529
136	-5.88752445845
137	-16.2643500894
138	-5.91742353046
139	-1.65068946583
140	-1.39454183595
141	-6.06126892072
142	-6.30781540063
143	-16.1631575673
144	-1.66801485808
145	-1.82582255772
146	-1.24818798658
147	-1.82682362469
148	-1.65068946583
149	-1.39454183595
150	-6.62095039269
151	-1.82895629059
152	-1.53046288905
153	-1.82682362469
154	-1.82895629059
155	-1.53046288905
156	-1.82682362469
157	-1.82895629059
158	-1.24818798658
159	-1.67093861568
160	-8.09155442794
161	-16.4189045635
162	-1.67093861568
163	-1.65068946583
164	-1.39454183595
165	-1.82682362469
166	-1.82895629059
167	-1.24818798658
168	-1.67093861568
169	-1.99641792233
170	-15.8217094177
171	-6.24410971344
172	-1.82895629059
173	-1.39454183595
174	-1.67093861568
175	-1.99641792233
176	-16.4163426231
177	-1.50439561824
178	-1.65068946583
179	-17.1232854363
180	-1.50439561824
181	-1.65068946583
182	-31.6225374727
183	-1.66801485808
184	-1.82895629059
185	-18.3356893765
186	-1.82682362469
187	-1.65068946583
188	-17.1359494424
189	-1.66801485808
190	-8.73702512633
191	-1.24818798658
192	-1.50439561824
193	-5.44686749311
194	-1.24818798658
195	-1.66801485808
196	-8.96595327497
197	-16.6986170365
198	-1.50439561824
199	-1.82582255772
200	-1.24818798658
201	-1.50439561824
202	-1.82895629059
203	-17.1359492897
204	-1.50439561824
205	-1.82582255772
206	-1.53046288905
207	-1.50439561824
208	-1.82582255772
209	-34.7550150563
210	-6.63994746529
211	-1.65068946583
212	-1.39454183595
213	-1.82682362469
214	-1.82582255772
215	-1.39454183595
216	-1.82682362469
217	-7.21445533409
218	-18.6639584854
219	-1.66801485808
220	-1.82895629059
221	-16.1552863278
222	-1.82682362469
223	-6.61935167115
224	-1.53046288905
225	-1.66801485808
226	-1.65068946583
227	-1.39454183595
228	-1.50439561824
229	-5.60219811504
230	-1.53046288905
231	-1.50439561824
232	-1.82582255772
233	-1.39454183595
234	-1.67093861568
235	-1.82895629059
236	-16.7011786034
237	-1.50439561824
238	-1.99641792233
239	-1.39197989448
240	-1.66801485808
241	-5.03772008375
242	-1.39197989448
243	-6.26455703122
244	-1.99641792233
245	-1.39197989448
246	-6.26455703122
247	-5.5752103814
248	-16.749920343
249	-5.66126188414
250	-1.99641792233
251	-1.39454183595
252	-1.66801485808
253	-1.65068946583
254	-1.53046288905
255	-1.67093861568
256	-1.65068946583
257	-16.1631575742
258	-5.76362323682
259	-1.82582255772
260	-16.7524818997
261	-1.67093861568
262	-5.95578343108
263	-16.264350086
264	-1.66801485808
265	-1.82895629059
266	-1.53046288905
267	-6.56190710923
268	-1.82582255772
269	-1.24818798658
270	-1.67093861568
271	-1.99641792233
272	-1.53046288905
273	-1.66801485808
274	-6.61935167115
275	-30.6695349856
276	-1.66801485808
277	-1.82895629059
278	-31.4063310737
279	-1.50439561824
280	-5.38480210581
281	-47.1297991206
282	-1.82682362469
283	-1.99641792233
284	-1.53046288905
285	-1.82682362469
286	-5.76119804939
287	-17.0321943829
288	-1.82682362469
289	-6.83950590576
290	-16.2643500894
291	-1.66801485808
292	-1.99641792233
293	-1.24818798658
294	-1.50439561824
295	-1.82895629059
296	-1.53046288905
297	-5.35491460656
298	-1.82582255772
299	-16.7524818997
300	-1.50439561824
301	-5.34881890678
302	-1.53046288905
303	-1.50439561824
304	-1.65068946583
305	-1.24818798658
306	-1.50439561824
307	-1.99641792233
308	-1.53046288905
309	-1.50439561824
310	-5.03822943849
311	-17.1232858335
312	-6.63912621747
313	-1.82895629059
314	-1.53046288905
315	-5.91742353046
316	-1.65068946583
317	-1.53046288905
318	-1.66801485808
319	-1.65068946583
320	-1.53046288905
321	-1.50439561824
322	-1.82582255772
323	-1.24818798658
324	-6.24667164714
325	-1.65068946583
326	-1.39197989448
327	-6.06160209804
328	-1.82582255772
329	-1.53046288905
330	-1.67093861568
331	-1.99641792233
332	-16.8536748214
333	-1.82682362469
334	-5.40577938413
335	-1.39454183595
336	-1.66801485808
337	-1.82895629059
338	-1.39454183595
339	-1.50439561824
340	-6.02530081618
341	-1.39197989448
342	-6.64275271475
343	-6.30525346694
344	-1.24818798658
345	-1.66801485808
346	-6.83950590576
347	-16.5339610504
348	-15.2575936287
349	-1.65068946583
350	-16.5339610504
351	-1.66801485808
352	-1.82895629059
353	-16.4189041897
354	-1.82682362469
355	-1.82895629059
356	-33.2972352011
357	-11.8580979356
358	-1.82895629059
359	-16.1631575742
360	-1.50439561824
361	-5.4466256603
362	-1.24818798658
363	-1.66801485808
364	-5.72448523225
365	-1.39197989448
366	-6.63912621747
367	-1.99641792233
368	-1.39197989448
369	-1.66801485808
370	-12.1100137973
371	-1.53046288905
372	-1.67093861568
373	-1.65068946583
374	-16.1552871012
375	-1.50439561824
376	-1.65068946583
377	-15.8295798921
378	-1.66801485808
379	-1.82895629059
380	-18.3331274414
381	-1.50439561824
382	-1.65068946583
383	-16.7524818997
384	-1.67093861568
385	-1.82895629059
386	-1.39197989448
387	-1.66801485808
388	-7.00859464275
389	-1.53046288905
390	-1.50439561824
391	-11.8264409803
392	-1.39454183595
393	-1.67093861568
394	-1.65068946583
395	-16.749919966
396	-1.66801485808
397	-5.4466256603
398	-1.39454183595
399	-1.66801485808
400	-1.82895629059
401	-17.1207238927
402	-1.50439561824
403	-5.38531537992
404	-16.8511128853
405	-1.50439561824
406	-1.99641792233
407	-17.0347567024
408	-1.67093861568
409	-1.82895629059
410	-1.39197989448
411	-5.68690865414
412	-1.82895629059
413	-1.24818798658
414	-6.33789563629
415	-5.9275055362
416	-18.5476524051
417	-1.50439561824
418	-1.99641792233
419	-1.53046288905
420	-6.5439490399
421	-1.99641792233
422	-19.2507211432
423	-1.66801485808
424	-5.78295773772
425	-17.4029983325
426	-1.82682362469
427	-1.82582255772
428	-18.3356897833
429	-1.50439561824
430	-1.65068946583
431	-1.39197989448
432	-1.50439561824
433	-5.03772008375
434	-16.5260905947
435	-6.34802220739
436	-1.99641792233
437	-15.8217086439
438	-1.82682362469
439	-1.65068946583
440	-1.39454183595
441	-1.66801485808
442	-1.65068946583
443	-16.2564794135
444	-1.66801485808
445	-1.65068946583
446	-1.53046288905
447	-1.67093861568
448	-1.65068946583
449	-1.24818798658
450	-5.68723331749
451	-5.78295773772
452	-1.39197989448
453	-1.50439561824
454	-5.34881890678
455	-1.24818798658
456	-1.67093861568
457	-1.82895629059
458	-1.39454183595
459	-1.82682362469
460	-5.42510595318
461	-1.39454183595
462	-1.67093861568
463	-1.65068946583
464	-1.24818798658
465	-1.50439561824
466	-1.65068946583
467	-1.39197989448
468	-1.50439561824
469	-1.65068946583
470	-1.39197989448
