# log_p 	 lnL 	 
0.0	-1576.18518212	
-0.287682072452	-1576.18484997	
-0.510825623766	-1576.18457149	
-0.69314718056	-1576.1843525	
-0.847297860387	-1576.18418634	
-0.980829253012	-1576.18406565	
-1.09861228867	-1576.18398323	
-1.20397280433	-1576.1839322	
-1.29928298413	-1576.18390628	
-1.38629436112	-1576.18389999	
-1.46633706879	-1576.18390872	
-1.54044504095	-1576.18392871	
-1.60943791243	-1576.18395691	
-1.67397643357	-1576.18399094	
-1.73460105539	-1576.18402893	
-1.79175946923	-1576.18406943	
-1.8458266905	-1576.18411136	
-1.89711998489	-1576.18415386	
-1.94591014906	-1576.18419631	
-1.99243016469	-1576.18423824	
-2.03688192726	-1576.18427933	
-2.07944154168	-1576.18431933	
-2.1202635362	-1576.18435808	
-2.15948424935	-1576.18439546	
-2.19722457734	-1576.18443142	
-2.23359222151	-1576.18446592	
-2.26868354132	-1576.18449897	
-2.30258509299	-1576.18453057	
-2.33537491582	-1576.18456074	
-2.36712361413	-1576.18458954	
-2.3978952728	-1576.18461699	
-2.42774823595	-1576.18464316	
-2.45673577282	-1576.18466808	
-2.48490664979	-1576.18469181	
-2.51230562398	-1576.18471441	
-2.53897387106	-1576.18473592	
-2.56494935746	-1576.18475639	
-2.59026716545	-1576.18477589	
-2.61495977804	-1576.18479444	
-2.63905732962	-1576.18481211	
-2.66258782703	-1576.18482894	
-2.68557734525	-1576.18484497	
-2.7080502011	-1576.18486023	
-2.73002910782	-1576.18487478	
-2.75153531304	-1576.18488864	
-2.77258872224	-1576.18490185	
-2.79320800944	-1576.18491444	
-2.81341071676	-1576.18492645	
-2.83321334406	-1576.18493791	
-2.85263142991	-1576.18494884	
-2.87167962488	-1576.18495927	
-2.8903717579	-1576.18496923	
-2.90872089656	-1576.18497874	
-2.92673940207	-1576.18498781	
-2.94443897917	-1576.18499649	
-2.96183072188	-1576.18500477	
-2.97892515524	-1576.18501269	
-2.99573227355	-1576.18502026	
-3.01226157551	-1576.1850275	
-3.02852209638	-1576.18503442	
-3.04452243772	-1576.18504104	
-3.06027079469	-1576.18504738	
-3.07577498123	-1576.18505344	
-3.09104245336	-1576.18505924	
-3.10608033072	-1576.1850648	
-3.12089541651	-1576.18507011	
-3.13549421593	-1576.18507521	
-3.14988295338	-1576.18508008	
-3.16406758837	-1576.18508475	
-3.17805383035	-1576.18508923	
-3.19184715248	-1576.18509352	
-3.20545280454	-1576.18509763	
-3.21887582487	-1576.18510157	
-3.23212105162	-1576.18510535	
-3.24519313319	-1576.18510897	
-3.25809653802	-1576.18511244	
-3.2708355638	-1576.18511577	
-3.28341434601	-1576.18511896	
-3.295836866	-1576.18512202	
-3.3081069586	-1576.18512496	
-3.32022831913	-1576.18512777	
-3.33220451018	-1576.18513047	
-3.34403896782	-1576.18513307	
-3.35573500759	-1576.18513555	
-3.36729582999	-1576.18513794	
-3.37872452581	-1576.18514022	
-3.39002408106	-1576.18514242	
-3.40119738166	-1576.18514453	
-3.41224721785	-1576.18514655	
-3.42317628838	-1576.18514848	
-3.43398720449	-1576.18515034	
-3.4446824936	-1576.18515213	
-3.45526460293	-1576.18515384	
-3.4657359028	-1576.18515548	
-3.47609868984	-1576.18515705	
-3.48635519	-1576.18515856	
-3.49650756147	-1576.18516	
-3.50655789732	-1576.18516139	
-3.51650822817	-1576.18516272	
-3.52636052462	-1576.185164	
-3.53611669956	-1576.18516522	
-3.54577861047	-1576.18516639	
-3.55534806149	-1576.18516751	
-3.56482680544	-1576.18516858	
-3.57421654579	-1576.18516961	
-3.58351893846	-1576.18517059	
-3.59273559356	-1576.18517153	
-3.60186807712	-1576.18517243	
-3.61091791264	-1576.1851733	
-3.61988658263	-1576.18517412	
-3.62877553004	-1576.18517491	
-3.63758615973	-1576.18517566	
-3.6463198397	-1576.18517638	
-3.65497790244	-1576.18517706	
-3.66356164613	-1576.18517772	
-3.6720723358	-1576.18517834	
-3.68051120444	-1576.18517894	
-3.68887945411	-1576.1851795	
-3.69717825693	-1576.18518004	
-3.70540875607	-1576.18518055	
-3.7135720667	-1576.18518104	
-3.72166927694	-1576.1851815	
-3.72970144863	-1576.18518194	
-3.73766961828	-1576.18518236	
-3.74557479779	-1576.18518275	
-3.75341797525	-1576.18518312	
-3.76120011569	-1576.18518348	
-3.76892216179	-1576.18518381	
-3.77658503453	-1576.18518412	
-3.78418963392	-1576.18518442	
-3.79173683955	-1576.18518469	
-3.79922751128	-1576.18518495	
-3.80666248977	-1576.1851852	
-3.81404259707	-1576.18518542	
-3.82136863716	-1576.18518563	
-3.82864139649	-1576.18518583	
-3.83586164446	-1576.18518601	
-3.84303013394	-1576.18518618	
-3.85014760171	-1576.18518633	
-3.85721476893	-1576.18518647	
-3.86423234159	-1576.1851866	
-3.87120101091	-1576.18518672	
-3.87812145375	-1576.18518682	
-3.88499433304	-1576.18518691	
-3.89182029811	-1576.18518699	
-3.8985999851	-1576.18518706	
-3.90533401728	-1576.18518712	
-3.91202300543	-1576.18518717	
-3.91866754815	-1576.18518722	
-3.92526823218	-1576.18518725	
-3.93182563272	-1576.18518727	
-3.93834031375	-1576.18518728	
-3.94481282825	-1576.18518729	
-3.95124371858	-1576.18518728	
-3.95763351668	-1576.18518727	
-3.96398274436	-1576.18518725	
-3.97029191355	-1576.18518723	
-3.97656152657	-1576.18518719	
-3.98279207632	-1576.18518715	
-3.98898404656	-1576.1851871	
-3.99513791214	-1576.18518705	
-4.00125413916	-1576.18518699	
-4.00733318523	-1576.18518692	
-4.01337549969	-1576.18518685	
-4.01938152375	-1576.18518677	
-4.02535169074	-1576.18518669	
-4.03128642625	-1576.1851866	
-4.03718614838	-1576.18518651	
-4.04305126783	-1576.18518641	
-4.04888218815	-1576.18518631	
-4.05467930583	-1576.1851862	
-4.06044301055	-1576.18518609	
-4.06617368526	-1576.18518597	
-4.07187170637	-1576.18518585	
-4.07753744391	-1576.18518573	
-4.08317126162	-1576.1851856	
-4.08877351717	-1576.18518547	
-4.09434456222	-1576.18518533	
-4.0998847426	-1576.18518519	
-4.10539439841	-1576.18518505	
-4.11087386417	-1576.1851849	
-4.11632346894	-1576.18518475	
-4.12174353641	-1576.1851846	
-4.12713438505	-1576.18518445	
-4.13249632819	-1576.18518429	
-4.13782967416	-1576.18518413	
-4.14313472639	-1576.18518396	
-4.14841178349	-1576.1851838	
-4.15366113938	-1576.18518363	
-4.15888308336	-1576.18518346	
-4.16407790024	-1576.18518329	
-4.1692458704	-1576.18518311	
-4.1743872699	-1576.18518293	
-4.17950237056	-1576.18518275	
-4.18459144007	-1576.18518257	
-4.18965474203	-1576.18518239	
-4.19469253606	-1576.18518221	
-4.19970507788	-1576.18518202	
-4.20469261939	-1576.18518183	
-4.20965540873	-1576.18518164	
-4.21459369037	-1576.18518145	
-4.21950770518	-1576.18518126	
-4.22439769047	-1576.18518106	
-4.22926388012	-1576.18518087	
-4.2341065046	-1576.18518067	
-4.23892579103	-1576.18518048	
-4.2437219633	-1576.18518028	
-4.24849524205	-1576.18518008	
-4.25324584481	-1576.18517987	
-4.257973986	-1576.18517967	
-4.26267987704	-1576.18517947	
-4.26736372635	-1576.18517927	
-4.27202573946	-1576.18517906	
-4.27666611902	-1576.18517885	
-4.28128506487	-1576.18517865	
-4.28588277412	-1576.18517844	
-4.29045944115	-1576.18517823	
-4.29501525768	-1576.18517802	
-4.29955041285	-1576.18517781	
-4.3040650932	-1576.1851776	
-4.30855948279	-1576.18517739	
-4.31303376319	-1576.18517718	
-4.31748811354	-1576.18517697	
-4.3219227106	-1576.18517676	
-4.32633772881	-1576.18517655	
-4.33073334029	-1576.18517633	
-4.33510971489	-1576.18517612	
-4.33946702026	-1576.18517591	
-4.34380542185	-1576.18517569	
-4.348125083	-1576.18517548	
-4.3524261649	-1576.18517526	
-4.35670882669	-1576.18517505	
-4.36097322548	-1576.18517483	
-4.36521951636	-1576.18517462	
-4.36944785247	-1576.1851744	
-4.373658385	-1576.18517419	
-4.37785126326	-1576.18517397	
-4.38202663467	-1576.18517376	
-4.38618464482	-1576.18517354	
-4.39032543749	-1576.18517333	
-4.39444915467	-1576.18517311	
-4.39855593663	-1576.18517289	
-4.40264592188	-1576.18517268	
-4.40671924726	-1576.18517246	
-4.41077604796	-1576.18517225	
-4.4148164575	-1576.18517203	
-4.4188406078	-1576.18517182	
-4.42284862919	-1576.1851716	
-4.42684065046	-1576.18517138	
-4.43081679884	-1576.18517117	
-4.43477720006	-1576.18517095	
-4.43872197835	-1576.18517074	
-4.44265125649	-1576.18517052	
-4.44656515581	-1576.18517031	
-4.45046379623	-1576.18517009	
-4.45434729625	-1576.18516988	
-4.45821577303	-1576.18516967	
-4.46206934235	-1576.18516945	
-4.46590811865	-1576.18516924	
-4.46973221509	-1576.18516903	
-4.47354174351	-1576.18516881	
-4.47733681448	-1576.1851686	
-4.48111753732	-1576.18516839	
-4.48488402011	-1576.18516817	
-4.48863636973	-1576.18516796	
-4.49237469184	-1576.18516775	
-4.49609909093	-1576.18516754	
-4.49980967033	-1576.18516733	
-4.50350653221	-1576.18516712	
-4.50718977763	-1576.18516691	
-4.51085950652	-1576.1851667	
-4.51451581772	-1576.18516649	
-4.518158809	-1576.18516628	
-4.52178857705	-1576.18516607	
-4.52540521752	-1576.18516586	
-4.52900882502	-1576.18516565	
-4.53259949315	-1576.18516544	
-4.5361773145	-1576.18516523	
-4.53974238067	-1576.18516503	
-4.54329478227	-1576.18516482	
-4.54683460898	-1576.18516461	
-4.55036194949	-1576.18516441	
-4.5538768916	-1576.1851642	
-4.55737952215	-1576.185164	
-4.56086992709	-1576.18516379	
-4.56434819147	-1576.18516359	
-4.56781439944	-1576.18516338	
-4.57126863431	-1576.18516318	
-4.5747109785	-1576.18516298	
-4.5781415136	-1576.18516277	
-4.58156032035	-1576.18516257	
-4.58496747867	-1576.18516237	
-4.58836306767	-1576.18516217	
-4.59174716566	-1576.18516197	
-4.59511985013	-1576.18516177	
-4.59848119784	-1576.18516157	
-4.60183128472	-1576.18516137	
-4.60517018599	-1576.18516117	
-4.60849797608	-1576.18516097	
-4.61181472871	-1576.18516077	
-4.61512051684	-1576.18516058	
-4.61841541274	-1576.18516038	
-4.62169948794	-1576.18516018	
-4.62497281328	-1576.18515999	
-4.62823545892	-1576.18515979	
-4.63148749431	-1576.1851596	
-4.63472898823	-1576.1851594	
-4.63796000881	-1576.18515921	
-4.64118062351	-1576.18515902	
-4.64439089914	-1576.18515882	
-4.64759090187	-1576.18515863	
-4.65078069724	-1576.18515844	
-4.65396035016	-1576.18515825	
-4.65712992492	-1576.18515806	
-4.66028948521	-1576.18515786	
-4.66343909411	-1576.18515767	
-4.66657881412	-1576.18515749	
-4.66970870713	-1576.1851573	
-4.67282883446	-1576.18515711	
-4.67593925688	-1576.18515692	
-4.67904003455	-1576.18515673	
-4.68213122712	-1576.18515655	
-4.68521289366	-1576.18515636	
-4.6882850927	-1576.18515617	
-4.69134788223	-1576.18515599	
-4.69440131972	-1576.1851558	
-4.6974454621	-1576.18515562	
-4.70048036579	-1576.18515543	
-4.70350608671	-1576.18515525	
-4.70652268025	-1576.18515507	
-4.70953020131	-1576.18515489	
-4.71252870431	-1576.1851547	
-4.71551824316	-1576.18515452	
-4.7184988713	-1576.18515434	
-4.72147064168	-1576.18515416	
-4.72443360681	-1576.18515398	
-4.72738781871	-1576.1851538	
-4.73033332894	-1576.18515362	
-4.73327018862	-1576.18515345	
-4.73619844839	-1576.18515327	
-4.7391181585	-1576.18515309	
-4.74202936871	-1576.18515291	
-4.74493212836	-1576.18515274	
-4.74782648639	-1576.18515256	
-4.75071249128	-1576.18515239	
-4.75359019111	-1576.18515221	
-4.75645963353	-1576.18515204	
-4.75932086582	-1576.18515186	
-4.7621739348	-1576.18515169	
-4.76501888693	-1576.18515152	
-4.76785576827	-1576.18515135	
-4.77068462447	-1576.18515118	
-4.77350550081	-1576.185151	
-4.77631844218	-1576.18515083	
-4.77912349311	-1576.18515066	
-4.78192069773	-1576.18515049	
-4.78471009982	-1576.18515032	
-4.78749174278	-1576.18515016	
-4.79026566966	-1576.18514999	
-4.79303192316	-1576.18514982	
-4.7957905456	-1576.18514965	
-4.79854157897	-1576.18514949	
-4.80128506491	-1576.18514932	
-4.80402104473	-1576.18514915	
-4.80674955939	-1576.18514899	
-4.8094706495	-1576.18514882	
-4.81218435537	-1576.18514866	
-4.81489071697	-1576.1851485	
-4.81758977394	-1576.18514833	
-4.82028156561	-1576.18514817	
-4.82296613098	-1576.18514801	
-4.82564350875	-1576.18514785	
-4.8283137373	-1576.18514769	
-4.83097685472	-1576.18514752	
-4.83363289878	-1576.18514736	
-4.83628190695	-1576.1851472	
-4.83892391641	-1576.18514705	
-4.84155896405	-1576.18514689	
-4.84418708646	-1576.18514673	
-4.84680831994	-1576.18514657	
-4.84942270051	-1576.18514641	
-4.85203026392	-1576.18514626	
-4.85463104562	-1576.1851461	
-4.8572250808	-1576.18514594	
-4.85981240436	-1576.18514579	
-4.86239305096	-1576.18514563	
-4.86496705495	-1576.18514548	
-4.86753445046	-1576.18514532	
-4.87009527132	-1576.18514517	
-4.87264955112	-1576.18514502	
-4.8751973232	-1576.18514486	
-4.87773862063	-1576.18514471	
-4.88027347623	-1576.18514456	
-4.88280192259	-1576.18514441	
-4.88532399202	-1576.18514426	
-4.88783971662	-1576.18514411	
-4.89034912822	-1576.18514396	
-4.89285225844	-1576.18514381	
-4.89534913864	-1576.18514366	
-4.89783979995	-1576.18514351	
-4.90032427328	-1576.18514336	
-4.90280258929	-1576.18514321	
-4.90527477844	-1576.18514307	
-4.90774087093	-1576.18514292	
-4.91020089677	-1576.18514277	
-4.91265488574	-1576.18514263	
-4.91510286737	-1576.18514248	
-4.91754487103	-1576.18514234	
-4.91998092583	-1576.18514219	
-4.92241106068	-1576.18514205	
-4.92483530429	-1576.1851419	
-4.92725368516	-1576.18514176	
-4.92966623156	-1576.18514162	
-4.93207297159	-1576.18514148	
-4.93447393313	-1576.18514133	
-4.93686914386	-1576.18514119	
-4.93925863125	-1576.18514105	
-4.94164242261	-1576.18514091	
-4.94402054501	-1576.18514077	
-4.94639302537	-1576.18514063	
-4.94875989038	-1576.18514049	
-4.95112116656	-1576.18514035	
-4.95347688026	-1576.18514021	
-4.9558270576	-1576.18514007	
-4.95817172456	-1576.18513994	
-4.96051090691	-1576.1851398	
-4.96284463026	-1576.18513966	
-4.96517292002	-1576.18513952	
-4.96749580144	-1576.18513939	
-4.96981329958	-1576.18513925	
-4.97212543933	-1576.18513912	
-4.97443224543	-1576.18513898	
-4.97673374242	-1576.18513885	
-4.97902995468	-1576.18513871	
-4.98132090643	-1576.18513858	
-4.98360662171	-1576.18513845	
-4.98588712441	-1576.18513831	
-4.98816243824	-1576.18513818	
-4.99043258678	-1576.18513805	
-4.99269759341	-1576.18513792	
-4.99495748138	-1576.18513778	
-4.99721227376	-1576.18513765	
-4.9994619935	-1576.18513752	
-5.00170666335	-1576.18513739	
-5.00394630595	-1576.18513726	
-5.00618094375	-1576.18513713	
-5.00841059907	-1576.185137	
-5.0106352941	-1576.18513687	
-5.01285505083	-1576.18513675	
-5.01506989116	-1576.18513662	
-5.01727983681	-1576.18513649	
-5.01948490937	-1576.18513636	
-5.02168513028	-1576.18513624	
-5.02388052085	-1576.18513611	
-5.02607110223	-1576.18513598	
-5.02825689545	-1576.18513586	
-5.03043792139	-1576.18513573	
-5.03261420082	-1576.18513561	
-5.03478575433	-1576.18513548	
-5.03695260241	-1576.18513536	
-5.03911476542	-1576.18513523	
-5.04127226356	-1576.18513511	
-5.04342511692	-1576.18513499	
-5.04557334546	-1576.18513486	
-5.047716969	-1576.18513474	
-5.04985600725	-1576.18513462	
-5.05199047978	-1576.1851345	
-5.05412040604	-1576.18513438	
-5.05624580535	-1576.18513426	
-5.05836669692	-1576.18513414	
-5.06048309982	-1576.18513401	
-5.06259503303	-1576.18513389	
-5.06470251537	-1576.18513378	
-5.06680556556	-1576.18513366	
-5.06890420222	-1576.18513354	
-5.07099844382	-1576.18513342	
-5.07308830874	-1576.1851333	
-5.07517381523	-1576.18513318	
-5.07725498144	-1576.18513306	
-5.07933182538	-1576.18513295	
-5.08140436498	-1576.18513283	
-5.08347261805	-1576.18513271	
-5.08553660227	-1576.1851326	
-5.08759633523	-1576.18513248	
-5.08965183441	-1576.18513237	
-5.09170311719	-1576.18513225	
-5.09375020081	-1576.18513214	
-5.09579310244	-1576.18513202	
-5.09783183913	-1576.18513191	
-5.09986642782	-1576.18513179	
-5.10189688537	-1576.18513168	
-5.10392322852	-1576.18513157	
-5.1059454739	-1576.18513145	
-5.10796363806	-1576.18513134	
-5.10997773743	-1576.18513123	
-5.11198778836	-1576.18513112	
-5.11399380708	-1576.185131	
-5.11599580975	-1576.18513089	
-5.11799381242	-1576.18513078	
-5.11998783102	-1576.18513067	
-5.12197788143	-1576.18513056	
-5.1239639794	-1576.18513045	
-5.12594614061	-1576.18513034	
-5.12792438062	-1576.18513023	
-5.12989871492	-1576.18513012	
-5.13186915891	-1576.18513001	
-5.13383572788	-1576.1851299	
-5.13579843705	-1576.1851298	
-5.13775730154	-1576.18512969	
-5.13971233637	-1576.18512958	
-5.1416635565	-1576.18512947	
-5.14361097679	-1576.18512937	
-5.145554612	-1576.18512926	
-5.14749447681	-1576.18512915	
-5.14943058584	-1576.18512905	
-5.15136295359	-1576.18512894	
-5.1532915945	-1576.18512884	
-5.15521652291	-1576.18512873	
-5.15713775309	-1576.18512863	
-5.15905529921	-1576.18512852	
-5.1609691754	-1576.18512842	
-5.16287939565	-1576.18512831	
-5.16478597392	-1576.18512821	
-5.16668892407	-1576.1851281	
-5.16858825987	-1576.185128	
-5.17048399504	-1576.1851279	
-5.17237614319	-1576.1851278	
-5.17426471788	-1576.18512769	
-5.17614973257	-1576.18512759	
-5.17803120067	-1576.18512749	
-5.1799091355	-1576.18512739	
-5.18178355029	-1576.18512729	
-5.18365445823	-1576.18512719	
-5.1855218724	-1576.18512708	
-5.18738580584	-1576.18512698	
-5.18924627149	-1576.18512688	
-5.19110328224	-1576.18512678	
-5.19295685089	-1576.18512668	
-5.19480699018	-1576.18512659	
-5.19665371277	-1576.18512649	
-5.19849703127	-1576.18512639	
-5.20033695819	-1576.18512629	
-5.202173506	-1576.18512619	
-5.20400668708	-1576.18512609	
-5.20583651375	-1576.185126	
-5.20766299828	-1576.1851259	
-5.20948615284	-1576.1851258	
-5.21130598956	-1576.1851257	
-5.21312252048	-1576.18512561	
-5.21493575761	-1576.18512551	
-5.21674571285	-1576.18512541	
-5.21855239808	-1576.18512532	
-5.22035582508	-1576.18512522	
-5.22215600558	-1576.18512513	
-5.22395295126	-1576.18512503	
-5.22574667371	-1576.18512494	
-5.22753718449	-1576.18512484	
-5.22932449506	-1576.18512475	
-5.23110861685	-1576.18512465	
-5.23288956123	-1576.18512456	
-5.23466733947	-1576.18512447	
-5.23644196283	-1576.18512437	
-5.23821344248	-1576.18512428	
-5.23998178954	-1576.18512419	
-5.24174701506	-1576.18512409	
-5.24350913005	-1576.185124	
-5.24526814546	-1576.18512391	
-5.24702407216	-1576.18512382	
-5.24877692099	-1576.18512373	
-5.25052670271	-1576.18512364	
-5.25227342805	-1576.18512354	
-5.25401710765	-1576.18512345	
-5.25575775213	-1576.18512336	
-5.25749537203	-1576.18512327	
-5.25922997784	-1576.18512318	
-5.26096158	-1576.18512309	
-5.2626901889	-1576.185123	
-5.26441581487	-1576.18512291	
-5.26613846818	-1576.18512282	
-5.26785815906	-1576.18512273	
-5.26957489768	-1576.18512265	
-5.27128869416	-1576.18512256	
-5.27299955856	-1576.18512247	
-5.27470750091	-1576.18512238	
-5.27641253116	-1576.18512229	
-5.27811465923	-1576.18512221	
-5.27981389498	-1576.18512212	
-5.28151024823	-1576.18512203	
-5.28320372874	-1576.18512194	
-5.28489434622	-1576.18512186	
-5.28658211033	-1576.18512177	
-5.28826703069	-1576.18512168	
-5.28994911688	-1576.1851216	
-5.2916283784	-1576.18512151	
-5.29330482472	-1576.18512143	
-5.29497846528	-1576.18512134	
-5.29664930945	-1576.18512126	
-5.29831736655	-1576.18512117	
-5.29998264587	-1576.18512109	
-5.30164515664	-1576.185121	
-5.30330490806	-1576.18512092	
-5.30496190927	-1576.18512083	
-5.30661616936	-1576.18512075	
-5.3082676974	-1576.18512067	
-5.30991650239	-1576.18512058	
-5.3115625933	-1576.1851205	
-5.31320597904	-1576.18512042	
-5.3148466685	-1576.18512033	
-5.3164846705	-1576.18512025	
-5.31811999384	-1576.18512017	
-5.31975264727	-1576.18512009	
-5.32138263948	-1576.18512	
-5.32300997914	-1576.18511992	
-5.32463467487	-1576.18511984	
-5.32625673524	-1576.18511976	
-5.32787616879	-1576.18511968	
-5.32949298402	-1576.1851196	
-5.33110718937	-1576.18511952	
-5.33271879327	-1576.18511944	
-5.33432780407	-1576.18511936	
-5.33593423012	-1576.18511928	
-5.3375380797	-1576.1851192	
-5.33913936107	-1576.18511912	
-5.34073808243	-1576.18511904	
-5.34233425196	-1576.18511896	
-5.3439278778	-1576.18511888	
-5.34551896803	-1576.1851188	
-5.34710753072	-1576.18511872	
-5.34869357387	-1576.18511864	
-5.35027710548	-1576.18511856	
-5.35185813348	-1576.18511849	
-5.35343666577	-1576.18511841	
-5.35501271022	-1576.18511833	
-5.35658627467	-1576.18511825	
-5.3581573669	-1576.18511818	
-5.35972599468	-1576.1851181	
-5.36129216571	-1576.18511802	
-5.36285588769	-1576.18511794	
-5.36441716825	-1576.18511787	
-5.36597601502	-1576.18511779	
-5.36753243557	-1576.18511772	
-5.36908643744	-1576.18511764	
-5.37063802813	-1576.18511756	
-5.37218721511	-1576.18511749	
-5.37373400583	-1576.18511741	
-5.37527840768	-1576.18511734	
-5.37682042804	-1576.18511726	
-5.37836007422	-1576.18511719	
-5.37989735354	-1576.18511711	
-5.38143227326	-1576.18511704	
-5.38296484061	-1576.18511696	
-5.38449506279	-1576.18511689	
-5.38602294697	-1576.18511681	
-5.38754850028	-1576.18511674	
-5.38907172982	-1576.18511667	
-5.39059264266	-1576.18511659	
-5.39211124583	-1576.18511652	
-5.39362754635	-1576.18511645	
-5.39514155118	-1576.18511637	
-5.39665326727	-1576.1851163	
-5.39816270152	-1576.18511623	
-5.39966986081	-1576.18511616	
-5.40117475199	-1576.18511608	
-5.40267738187	-1576.18511601	
-5.40417775725	-1576.18511594	
-5.40567588487	-1576.18511587	
-5.40717177146	-1576.1851158	
-5.40866542372	-1576.18511573	
-5.4101568483	-1576.18511565	
-5.41164605186	-1576.18511558	
-5.41313304098	-1576.18511551	
-5.41461782224	-1576.18511544	
-5.4161004022	-1576.18511537	
-5.41758078737	-1576.1851153	
-5.41905898424	-1576.18511523	
-5.42053499927	-1576.18511516	
-5.42200883889	-1576.18511509	
-5.4234805095	-1576.18511502	
-5.42495001748	-1576.18511495	
-5.42641736918	-1576.18511488	
-5.4278825709	-1576.18511481	
-5.42934562895	-1576.18511474	
-5.43080654959	-1576.18511467	
-5.43226533906	-1576.18511461	
-5.43372200355	-1576.18511454	
-5.43517654927	-1576.18511447	
-5.43662898235	-1576.1851144	
-5.43807930892	-1576.18511433	
-5.4395275351	-1576.18511426	
-5.44097366695	-1576.1851142	
-5.44241771052	-1576.18511413	
-5.44385967184	-1576.18511406	
-5.4452995569	-1576.18511399	
-5.44673737167	-1576.18511393	
-5.44817312209	-1576.18511386	
-5.44960681409	-1576.18511379	
-5.45103845357	-1576.18511373	
-5.45246804638	-1576.18511366	
-5.45389559837	-1576.18511359	
-5.45532111536	-1576.18511353	
-5.45674460314	-1576.18511346	
-5.45816606749	-1576.1851134	
-5.45958551414	-1576.18511333	
-5.46100294883	-1576.18511326	
-5.46241837723	-1576.1851132	
-5.46383180503	-1576.18511313	
-5.46524323786	-1576.18511307	
-5.46665268137	-1576.185113	
-5.46806014114	-1576.18511294	
-5.46946562274	-1576.18511287	
-5.47086913175	-1576.18511281	
-5.47227067367	-1576.18511274	
-5.47367025403	-1576.18511268	
-5.47506787829	-1576.18511262	
-5.47646355193	-1576.18511255	
-5.47785728038	-1576.18511249	
-5.47924906905	-1576.18511242	
-5.48063892334	-1576.18511236	
-5.48202684862	-1576.1851123	
-5.48341285022	-1576.18511223	
-5.48479693349	-1576.18511217	
-5.48617910372	-1576.18511211	
-5.48755936619	-1576.18511205	
-5.48893772616	-1576.18511198	
-5.49031418887	-1576.18511192	
-5.49168875953	-1576.18511186	
-5.49306144334	-1576.1851118	
-5.49443224547	-1576.18511173	
-5.49580117108	-1576.18511167	
-5.49716822529	-1576.18511161	
-5.49853341322	-1576.18511155	
-5.49989673995	-1576.18511149	
-5.50125821054	-1576.18511143	
-5.50261783006	-1576.18511136	
-5.50397560352	-1576.1851113	
-5.50533153593	-1576.18511124	
-5.50668563228	-1576.18511118	
-5.50803789753	-1576.18511112	
-5.50938833663	-1576.18511106	
-5.5107369545	-1576.185111	
-5.51208375605	-1576.18511094	
-5.51342874616	-1576.18511088	
-5.51477192971	-1576.18511082	
-5.51611331154	-1576.18511076	
-5.51745289646	-1576.1851107	
-5.51879068931	-1576.18511064	
-5.52012669485	-1576.18511058	
-5.52146091786	-1576.18511052	
-5.5227933631	-1576.18511046	
-5.52412403528	-1576.1851104	
-5.52545293913	-1576.18511034	
-5.52678007934	-1576.18511028	
-5.52810546058	-1576.18511022	
-5.52942908751	-1576.18511017	
-5.53075096477	-1576.18511011	
-5.53207109697	-1576.18511005	
-5.53338948873	-1576.18510999	
-5.53470614461	-1576.18510993	
-5.53602106919	-1576.18510987	
-5.53733426702	-1576.18510982	
-5.53864574262	-1576.18510976	
-5.5399555005	-1576.1851097	
-5.54126354516	-1576.18510964	
-5.54256988107	-1576.18510959	
-5.5438745127	-1576.18510953	
-5.54517744448	-1576.18510947	
-5.54647868084	-1576.18510941	
-5.54777822618	-1576.18510936	
-5.5490760849	-1576.1851093	
-5.55037226136	-1576.18510924	
-5.55166675992	-1576.18510919	
-5.55295958492	-1576.18510913	
-5.55425074069	-1576.18510908	
-5.55554023152	-1576.18510902	
-5.5568280617	-1576.18510896	
-5.55811423551	-1576.18510891	
-5.5593987572	-1576.18510885	
-5.56068163102	-1576.1851088	
-5.56196286117	-1576.18510874	
-5.56324245188	-1576.18510868	
-5.56452040732	-1576.18510863	
-5.56579673168	-1576.18510857	
-5.56707142911	-1576.18510852	
-5.56834450376	-1576.18510846	
-5.56961595975	-1576.18510841	
-5.57088580119	-1576.18510835	
-5.57215403218	-1576.1851083	
-5.57342065679	-1576.18510825	
-5.5746856791	-1576.18510819	
-5.57594910315	-1576.18510814	
-5.57721093297	-1576.18510808	
-5.57847117258	-1576.18510803	
-5.57972982599	-1576.18510797	
-5.58098689718	-1576.18510792	
-5.58224239012	-1576.18510787	
-5.58349630878	-1576.18510781	
-5.5847486571	-1576.18510776	
-5.585999439	-1576.18510771	
-5.5872486584	-1576.18510765	
-5.5884963192	-1576.1851076	
-5.58974242528	-1576.18510755	
-5.59098698051	-1576.18510749	
-5.59222998875	-1576.18510744	
-5.59347145384	-1576.18510739	
-5.5947113796	-1576.18510734	
-5.59594976985	-1576.18510728	
-5.59718662839	-1576.18510723	
-5.598421959	-1576.18510718	
-5.59965576545	-1576.18510713	
-5.60088805149	-1576.18510708	
-5.60211882088	-1576.18510702	
-5.60334807733	-1576.18510697	
-5.60457582457	-1576.18510692	
-5.6058020663	-1576.18510687	
-5.60702680619	-1576.18510682	
-5.60825004793	-1576.18510677	
-5.60947179518	-1576.18510671	
-5.61069205159	-1576.18510666	
-5.61191082078	-1576.18510661	
-5.61312810639	-1576.18510656	
-5.61434391201	-1576.18510651	
-5.61555824124	-1576.18510646	
-5.61677109767	-1576.18510641	
-5.61798248485	-1576.18510636	
-5.61919240636	-1576.18510631	
-5.62040086572	-1576.18510626	
-5.62160786647	-1576.18510621	
-5.62281341212	-1576.18510616	
-5.62401750619	-1576.18510611	
-5.62522015215	-1576.18510606	
-5.6264213535	-1576.18510601	
-5.62762111369	-1576.18510596	
-5.62881943618	-1576.18510591	
-5.63001632442	-1576.18510586	
-5.63121178182	-1576.18510581	
-5.63240581181	-1576.18510576	
-5.6335984178	-1576.18510571	
-5.63478960317	-1576.18510566	
-5.6359793713	-1576.18510561	
-5.63716772557	-1576.18510556	
-5.63835466933	-1576.18510551	
-5.63954020593	-1576.18510546	
-5.64072433869	-1576.18510542	
-5.64190707094	-1576.18510537	
-5.64308840598	-1576.18510532	
-5.64426834712	-1576.18510527	
-5.64544689764	-1576.18510522	
-5.64662406082	-1576.18510517	
-5.64779983991	-1576.18510513	
-5.64897423816	-1576.18510508	
-5.65014725882	-1576.18510503	
-5.65131890512	-1576.18510498	
-5.65248918027	-1576.18510493	
-5.65365808747	-1576.18510489	
-5.65482562993	-1576.18510484	
-5.65599181082	-1576.18510479	
-5.65715663332	-1576.18510475	
-5.65832010058	-1576.1851047	
-5.65948221576	-1576.18510465	
-5.660642982	-1576.1851046	
-5.66180240242	-1576.18510456	
-5.66296048014	-1576.18510451	
-5.66411721826	-1576.18510446	
-5.66527261989	-1576.18510442	
-5.66642668811	-1576.18510437	
-5.66757942599	-1576.18510432	
-5.6687308366	-1576.18510428	
-5.66988092298	-1576.18510423	
-5.67102968818	-1576.18510418	
-5.67217713524	-1576.18510414	
-5.67332326717	-1576.18510409	
-5.67446808699	-1576.18510405	
-5.67561159769	-1576.185104	
-5.67675380227	-1576.18510395	
-5.6778947037	-1576.18510391	
-5.67903430497	-1576.18510386	
-5.68017260902	-1576.18510382	
-5.6813096188	-1576.18510377	
-5.68244533727	-1576.18510373	
-5.68357976734	-1576.18510368	
-5.68471291194	-1576.18510364	
-5.68584477397	-1576.18510359	
-5.68697535634	-1576.18510355	
-5.68810466194	-1576.1851035	
-5.68923269364	-1576.18510346	
-5.69035945432	-1576.18510341	
-5.69148494685	-1576.18510337	
-5.69260917406	-1576.18510332	
-5.6937321388	-1576.18510328	
-5.69485384391	-1576.18510323	
-5.69597429221	-1576.18510319	
-5.69709348651	-1576.18510315	
-5.69821142961	-1576.1851031	
-5.69932812431	-1576.18510306	
-5.70044357339	-1576.18510301	
-5.70155777963	-1576.18510297	
-5.7026707458	-1576.18510293	
-5.70378247466	-1576.18510288	
-5.70489296894	-1576.18510284	
-5.70600223139	-1576.1851028	
-5.70711026475	-1576.18510275	
-5.70821707172	-1576.18510271	
-5.70932265503	-1576.18510267	
-5.71042701737	-1576.18510262	
-5.71153016145	-1576.18510258	
-5.71263208993	-1576.18510254	
-5.71373280551	-1576.18510249	
-5.71483231084	-1576.18510245	
-5.71593060859	-1576.18510241	
-5.71702770141	-1576.18510236	
-5.71812359193	-1576.18510232	
-5.71921828279	-1576.18510228	
-5.72031177661	-1576.18510224	
-5.72140407601	-1576.18510219	
-5.72249518359	-1576.18510215	
-5.72358510195	-1576.18510211	
-5.72467383369	-1576.18510207	
-5.72576138137	-1576.18510203	
-5.72684774759	-1576.18510198	
-5.72793293489	-1576.18510194	
-5.72901694583	-1576.1851019	
-5.73009978297	-1576.18510186	
-5.73118144884	-1576.18510182	
-5.73226194598	-1576.18510178	
-5.7333412769	-1576.18510173	
-5.73441944412	-1576.18510169	
-5.73549645015	-1576.18510165	
-5.73657229748	-1576.18510161	
-5.73764698861	-1576.18510157	
-5.73872052602	-1576.18510153	
-5.73979291218	-1576.18510149	
-5.74086414956	-1576.18510145	
-5.74193424062	-1576.1851014	
-5.74300318781	-1576.18510136	
-5.74407099357	-1576.18510132	
-5.74513766034	-1576.18510128	
-5.74620319054	-1576.18510124	
-5.7472675866	-1576.1851012	
-5.74833085092	-1576.18510116	
-5.74939298591	-1576.18510112	
-5.75045399397	-1576.18510108	
-5.75151387748	-1576.18510104	
-5.75257263883	-1576.185101	
-5.75363028038	-1576.18510096	
-5.75468680452	-1576.18510092	
-5.75574221359	-1576.18510088	
-5.75679650994	-1576.18510084	
-5.75784969593	-1576.1851008	
-5.75890177388	-1576.18510076	
-5.75995274612	-1576.18510072	
-5.76100261499	-1576.18510068	
-5.76205138278	-1576.18510064	
-5.76309905181	-1576.1851006	
-5.76414562438	-1576.18510056	
-5.76519110278	-1576.18510052	
-5.7662354893	-1576.18510048	
-5.76727878622	-1576.18510045	
-5.76832099579	-1576.18510041	
-5.7693621203	-1576.18510037	
-5.770402162	-1576.18510033	
-5.77144112313	-1576.18510029	
-5.77247900594	-1576.18510025	
-5.77351581267	-1576.18510021	
-5.77455154554	-1576.18510017	
-5.77558620679	-1576.18510013	
-5.77661979861	-1576.1851001	
-5.77765232322	-1576.18510006	
-5.77868378283	-1576.18510002	
-5.77971417962	-1576.18509998	
-5.78074351579	-1576.18509994	
-5.78177179352	-1576.1850999	
-5.78279901497	-1576.18509987	
-5.78382518233	-1576.18509983	
-5.78485029774	-1576.18509979	
-5.78587436337	-1576.18509975	
-5.78689738137	-1576.18509971	
-5.78791935386	-1576.18509968	
-5.788940283	-1576.18509964	
-5.7899601709	-1576.1850996	
-5.79097901969	-1576.18509956	
-5.79199683148	-1576.18509953	
-5.79301360838	-1576.18509949	
-5.7940293525	-1576.18509945	
-5.79504406593	-1576.18509941	
-5.79605775077	-1576.18509938	
-5.79707040908	-1576.18509934	
-5.79808204295	-1576.1850993	
-5.79909265446	-1576.18509927	
-5.80010224566	-1576.18509923	
-5.80111081862	-1576.18509919	
-5.80211837538	-1576.18509916	
-5.80312491799	-1576.18509912	
-5.80413044849	-1576.18509908	
-5.80513496892	-1576.18509905	
-5.80613848129	-1576.18509901	
-5.80714098764	-1576.18509897	
-5.80814248998	-1576.18509894	
-5.80914299031	-1576.1850989	
