#Site	lnL	
0	-1.55010072423
1	-9.47385178063
2	-5.52164913012
3	-1.54736779073
4	-4.99186448695
5	-1.55349794557
6	-1.55010072423
7	-2.09334080858
8	-1.55659527811
9	-2.06780558852
10	-2.3636470608
11	-2.07549061282
12	-2.06780558852
13	-6.72158829843
14	-1.81800065504
15	-1.54736779073
16	-6.60784789656
17	-5.52164913012
18	-2.06780558852
19	-1.78277127231
20	-1.55659527811
21	-1.81064366835
22	-2.09334080858
23	-1.55349794557
24	-1.54736779073
25	-5.95772430118
26	-1.55349794557
27	-1.81064366835
28	-2.3636470608
29	-4.54824225619
30	-1.54736779073
31	-1.78277127231
32	-6.72093836068
33	-2.06780558852
34	-2.09334080858
35	-7.38273193445
36	-1.54736779073
37	-6.86495152981
38	-1.55659527811
39	-9.89777188885
40	-4.52068551736
41	-2.07549061282
42	-1.54736779073
43	-6.01363095785
44	-1.55349794557
45	-1.81064366835
46	-13.0136998525
47	-1.55659527811
48	-6.9522479197
49	-1.79929630021
50	-1.55659527811
51	-9.65863125749
52	-1.78277127231
53	-1.81800065504
54	-7.65586873723
55	-1.78277127231
56	-6.72093836068
57	-1.55010072423
58	-2.3636470608
59	-6.15670443506
60	-2.06780558852
61	-5.8165671681
62	-1.55659527811
63	-1.55010072423
64	-1.78277127231
65	-11.4105616395
66	-7.23927859593
67	-1.79929630021
68	-2.07549061282
69	-6.95180709831
70	-1.79929630021
71	-5.07670620743
72	-10.0504928333
73	-2.3636470608
74	-7.13876150091
75	-1.81064366835
76	-6.86495152981
77	-2.07549061282
78	-1.55010072423
79	-6.08782909304
80	-12.6893339133
81	-1.54736779073
82	-5.45724612661
83	-5.8837418041
84	-2.06780558852
85	-5.5316672432
86	-2.07549061282
87	-1.81064366835
88	-1.79929630021
89	-1.55659527811
90	-1.54736779073
91	-5.8165671681
92	-1.55349794557
93	-9.19368258019
94	-5.45724612661
95	-4.81581564865
96	-1.54736779073
97	-5.8165671681
98	-6.96769164446
99	-1.54736779073
100	-1.78277127231
101	-1.55659527811
102	-1.55010072423
103	-4.52068551736
104	-4.81581564865
105	-1.55010072423
106	-2.09334080858
107	-1.55349794557
108	-1.81064366835
109	-5.92921249953
110	-11.082838797
111	-1.55010072423
112	-5.49081273145
113	-5.7709069864
114	-1.54736779073
115	-5.92921249953
116	-5.32596406371
117	-7.34527675381
118	-1.78277127231
119	-1.55659527811
120	-5.78506261992
121	-2.09334080858
122	-1.55659527811
123	-7.56478068558
124	-8.11837448887
125	-4.54824225619
126	-1.55010072423
127	-2.09334080858
128	-5.94173668068
129	-2.06780558852
130	-2.09334080858
131	-7.95020605631
132	-1.55010072423
133	-6.09089657537
134	-4.51698833607
135	-2.06780558852
136	-1.79929630021
137	-4.51698833607
138	-1.55010072423
139	-1.79929630021
140	-5.07670620743
141	-1.81064366835
142	-2.09334080858
143	-1.55659527811
144	-1.81064366835
145	-4.71930958351
146	-5.06352088791
147	-1.55010072423
148	-14.359342162
149	-6.79919680419
150	-1.54736779073
151	-2.09334080858
152	-1.55349794557
153	-1.54736779073
154	-2.09334080858
155	-1.81800065504
156	-1.54736779073
157	-2.3636470608
158	-1.55659527811
159	-7.48071502517
160	-6.86834446736
161	-6.69447283123
162	-1.55010072423
163	-1.78277127231
164	-4.54824225619
165	-5.34011969724
166	-1.78277127231
167	-4.54824225619
168	-1.54736779073
169	-1.78277127231
170	-5.06352088791
171	-2.06780558852
172	-2.3636470608
173	-1.81800065504
174	-1.81064366835
175	-2.09334080858
176	-10.3798900292
177	-1.55010072423
178	-6.37821920816
179	-1.55659527811
180	-8.94360595644
181	-1.79929630021
182	-6.96769164446
183	-5.75728108121
184	-6.84369011053
185	-1.81800065504
186	-1.81064366835
187	-2.3636470608
188	-8.29167008349
189	-2.06780558852
190	-4.24490713544
191	-1.81800065504
192	-1.54736779073
193	-6.33267998918
194	-4.54824225619
195	-4.82893777893
196	-1.79929630021
197	-5.70140619333
198	-5.34011969724
199	-7.05279081924
200	-5.28215978187
201	-2.06780558852
202	-5.3638468086
203	-6.01833681809
204	-10.9291907712
205	-1.79929630021
206	-6.46899205455
207	-2.06780558852
208	-1.79929630021
209	-8.29167008349
210	-2.06780558852
211	-1.78277127231
212	-12.4729454887
213	-5.89836317083
214	-1.78277127231
215	-1.55659527811
216	-2.06780558852
217	-5.3638468086
218	-6.8634122688
219	-6.66897968214
220	-2.3636470608
221	-1.55349794557
222	-1.55010072423
223	-1.79929630021
224	-6.06143839525
225	-1.55010072423
226	-2.09334080858
227	-6.79919680419
228	-2.06780558852
229	-1.78277127231
230	-1.55349794557
231	-1.54736779073
232	-1.79929630021
233	-7.68966641908
234	-1.81064366835
235	-1.78277127231
236	-1.81800065504
237	-1.55010072423
238	-2.09334080858
239	-12.1468843536
240	-1.55010072423
241	-1.78277127231
242	-1.55349794557
243	-1.55010072423
244	-7.97782904615
245	-6.382967672
246	-2.06780558852
247	-5.43892836796
248	-1.55659527811
249	-1.81064366835
250	-1.78277127231
251	-1.55659527811
252	-6.3122988965
253	-6.27194862939
254	-1.55349794557
255	-1.54736779073
256	-1.78277127231
257	-1.55349794557
258	-1.81064366835
259	-2.09334080858
260	-1.55349794557
261	-6.93448491136
262	-2.3636470608
263	-1.55659527811
264	-1.55010072423
265	-5.3638468086
266	-1.55349794557
267	-1.81064366835
268	-6.81029976288
269	-2.07549061282
270	-1.55010072423
271	-8.37050922545
272	-2.07549061282
273	-2.06780558852
274	-1.78277127231
275	-1.81800065504
276	-1.55010072423
277	-5.71478119744
278	-1.55349794557
279	-1.54736779073
280	-1.78277127231
281	-1.55659527811
282	-5.8317209807
283	-2.09334080858
284	-6.62052946909
285	-13.4432170307
286	-1.78277127231
287	-1.55659527811
288	-1.55010072423
289	-6.83420119167
290	-8.35257463982
291	-6.92226150602
292	-7.60685235451
293	-1.81800065504
294	-8.0882669222
295	-2.09334080858
296	-2.07549061282
297	-1.81064366835
298	-8.64344587306
299	-8.29221411786
300	-5.95627740399
301	-9.66225579245
302	-7.13876150091
303	-7.21092581455
304	-8.8627759286
305	-5.81751915356
306	-1.81064366835
307	-2.09334080858
308	-1.81800065504
309	-1.55010072423
310	-1.78277127231
311	-1.55659527811
312	-1.55010072423
313	-6.14785139349
314	-6.34089441287
315	-5.8317209807
316	-4.69651100446
317	-1.81800065504
318	-5.75728108121
319	-1.79929630021
320	-1.55659527811
321	-1.55010072423
322	-1.78277127231
323	-5.94173668068
324	-1.55010072423
325	-1.78277127231
326	-7.09201822748
327	-1.81064366835
328	-6.84369011053
329	-1.55349794557
330	-1.55010072423
331	-8.66692460274
332	-1.55659527811
333	-2.06780558852
334	-1.78277127231
335	-2.07549061282
336	-6.75724181919
337	-2.09334080858
338	-9.09745456026
339	-6.0758992514
340	-4.69651100446
341	-1.55659527811
342	-1.55010072423
343	-2.3636470608
344	-1.55659527811
345	-6.29593355858
346	-6.57752342734
347	-8.1385803299
348	-1.54736779073
349	-2.3636470608
350	-2.07549061282
351	-1.81064366835
352	-4.18995492294
353	-1.81800065504
354	-1.54736779073
355	-5.23860723264
356	-1.55659527811
357	-1.55010072423
358	-4.18995492294
359	-7.13876150091
360	-1.81064366835
361	-5.54145694098
362	-5.06352088791
363	-5.8317209807
364	-2.09334080858
365	-6.49996582697
366	-1.81064366835
367	-9.31004971464
368	-1.55349794557
369	-1.55010072423
370	-1.79929630021
371	-6.28132693301
372	-1.54736779073
373	-1.79929630021
374	-7.11890217509
375	-2.06780558852
376	-4.52068551736
377	-1.55349794557
378	-1.54736779073
379	-2.3636470608
380	-2.07549061282
381	-1.81064366835
382	-7.05279081924
383	-1.81800065504
384	-4.56157568289
385	-2.3636470608
386	-10.225310812
387	-1.55010072423
388	-1.78277127231
389	-1.55659527811
390	-1.54736779073
391	-1.79929630021
392	-4.75951350974
393	-1.54736779073
394	-6.81029976288
395	-1.55349794557
396	-1.81064366835
397	-6.01363095785
398	-10.1222405322
399	-1.81064366835
400	-6.37406809561
401	-1.55349794557
402	-1.81064366835
403	-6.60784789656
404	-1.55659527811
405	-2.06780558852
406	-7.77221741416
407	-1.81800065504
408	-1.55010072423
409	-5.54145694098
410	-1.55659527811
411	-2.06780558852
412	-1.78277127231
413	-1.81800065504
414	-5.86565650973
415	-1.79929630021
416	-9.62045210874
417	-2.06780558852
418	-7.37832090601
419	-2.07549061282
420	-8.32064505158
421	-1.79929630021
422	-1.55349794557
423	-8.16692173402
424	-7.60685235451
425	-1.55349794557
426	-1.54736779073
427	-2.3636470608
428	-1.55349794557
429	-2.06780558852
430	-5.72739098346
431	-6.55713058343
432	-6.0758992514
433	-2.09334080858
434	-6.66634950705
435	-1.54736779073
436	-8.72898627675
437	-1.55659527811
438	-6.92226150602
439	-1.78277127231
440	-6.1238338999
441	-2.06780558852
442	-1.79929630021
443	-1.81800065504
444	-1.54736779073
445	-4.91514989842
446	-8.51586490787
447	-1.81064366835
448	-4.42164841004
449	-1.55349794557
450	-1.81064366835
451	-5.48025120756
452	-1.55349794557
453	-1.81064366835
454	-7.47345373732
455	-1.55349794557
456	-13.3046202346
457	-1.79929630021
458	-1.55659527811
459	-1.54736779073
460	-6.99544917237
461	-1.55349794557
462	-1.55010072423
463	-1.79929630021
464	-6.06143839525
465	-1.81064366835
466	-2.09334080858
467	-6.41086017021
468	-1.54736779073
469	-2.09334080858
470	-1.55659527811
