#Site	lnL	
0	-4.72397480859
1	-2.06372762562
2	-1.20055642099
3	-1.45161070849
4	-8.28750281283
5	-1.2344710298
6	-1.45161070849
7	-9.79169443184
8	-16.6913926211
9	-1.98639752538
10	-2.23774767537
11	-14.4642610283
12	-1.45161070849
13	-2.06372762562
14	-16.2236633842
15	-1.98639752538
16	-6.53506724774
17	-1.66828772701
18	-6.06907866171
19	-3.96028869713
20	-1.66828772701
21	-4.34552783092
22	-1.70391453262
23	-1.51685269175
24	-1.98639752538
25	-1.64827062656
26	-16.6155166094
27	-1.45161070849
28	-6.53506724774
29	-1.20055642099
30	-1.82277803563
31	-1.70391453262
32	-1.66828772701
33	-1.82277803563
34	-1.70391453262
35	-15.6432074145
36	-1.82277803563
37	-5.75412721182
38	-1.20055642099
39	-1.49772850131
40	-14.5772729445
41	-1.20055642099
42	-5.67783855641
43	-3.96028869713
44	-15.7948267672
45	-1.98639752538
46	-1.64827062656
47	-1.66828772701
48	-1.98639752538
49	-1.64827062656
50	-15.3608270697
51	-1.45161070849
52	-1.64827062656
53	-1.2344710298
54	-5.67783855641
55	-2.23774767537
56	-1.20055642099
57	-1.49772850131
58	-1.64827062656
59	-18.4475422199
60	-1.82277803563
61	-2.06372762562
62	-1.20055642099
63	-1.82277803563
64	-7.43385700746
65	-1.51685269175
66	-1.82277803563
67	-1.64827062656
68	-1.2344710298
69	-1.45161070849
70	-2.23774767537
71	-30.5904368618
72	-1.98639752538
73	-5.68219889426
74	-14.4642610283
75	-1.45161070849
76	-8.3881458031
77	-15.3608270697
78	-1.45161070849
79	-1.64827062656
80	-1.20055642099
81	-6.09337709239
82	-1.64827062656
83	-17.6684950557
84	-1.45161070849
85	-1.64827062656
86	-1.51685269175
87	-6.81131784128
88	-4.29954927229
89	-31.1682464311
90	-5.71561007129
91	-2.06372762562
92	-1.51685269175
93	-1.98639752538
94	-1.70391453262
95	-1.51685269175
96	-4.34552783092
97	-7.85475754209
98	-14.8930968984
99	-1.49772850131
100	-1.64827062656
101	-1.2344710298
102	-1.45161070849
103	-1.70391453262
104	-1.20055642099
105	-1.45161070849
106	-9.61006098516
107	-1.20055642099
108	-5.71561007129
109	-8.8321172283
110	-1.2344710298
111	-1.45161070849
112	-2.23774767537
113	-1.20055642099
114	-1.49772850131
115	-2.06372762562
116	-1.2344710298
117	-1.45161070849
118	-2.06372762562
119	-14.5817805053
120	-1.98639752538
121	-1.64827062656
122	-30.5105781778
123	-1.82277803563
124	-7.87118511256
125	-1.20055642099
126	-1.45161070849
127	-1.70391453262
128	-1.2344710298
129	-1.45161070849
130	-2.06372762562
131	-16.2236633842
132	-1.49772850131
133	-2.06372762562
134	-15.3608261352
135	-1.49772850131
136	-4.06426241967
137	-1.20055642099
138	-7.93264264603
139	-6.09582691732
140	-16.2236633842
141	-4.45548523342
142	-1.64827062656
143	-15.912345701
144	-1.49772850131
145	-2.06372762562
146	-1.51685269175
147	-1.49772850131
148	-8.27780958848
149	-1.20055642099
150	-1.82277803563
151	-1.70391453262
152	-1.66828772701
153	-1.49772850131
154	-1.70391453262
155	-17.2322899496
156	-6.10870918708
157	-1.70391453262
158	-1.66828772701
159	-1.49772850131
160	-10.5234237307
161	-18.6410822095
162	-5.02993187989
163	-4.28722802247
164	-1.2344710298
165	-1.49772850131
166	-2.23774767537
167	-15.912345701
168	-6.09337709239
169	-1.70391453262
170	-1.51685269175
171	-1.49772850131
172	-2.23774767537
173	-1.66828772701
174	-1.49772850131
175	-1.70391453262
176	-1.51685269175
177	-1.98639752538
178	-1.70391453262
179	-1.51685269175
180	-1.82277803563
181	-1.64827062656
182	-1.2344710298
183	-8.78208473601
184	-1.70391453262
185	-1.51685269175
186	-1.82277803563
187	-9.9460897934
188	-1.66828772701
189	-1.49772850131
190	-4.00296984363
191	-1.2344710298
192	-1.82277803563
193	-4.06426241967
194	-1.66828772701
195	-1.98639752538
196	-4.06426241967
197	-1.20055642099
198	-1.45161070849
199	-1.70391453262
200	-1.20055642099
201	-1.98639752538
202	-1.64827062656
203	-1.20055642099
204	-6.06907866171
205	-1.70391453262
206	-1.66828772701
207	-12.4973551859
208	-1.64827062656
209	-1.2344710298
210	-1.45161070849
211	-1.64827062656
212	-28.7385870517
213	-5.78439228396
214	-8.75406901019
215	-1.20055642099
216	-6.47823844451
217	-1.64827062656
218	-31.7570448302
219	-1.49772850131
220	-2.06372762562
221	-14.8930966843
222	-1.98639752538
223	-2.06372762562
224	-1.51685269175
225	-10.6511208046
226	-1.64827062656
227	-1.66828772701
228	-1.45161070849
229	-2.23774767537
230	-14.8930966843
231	-1.82277803563
232	-1.64827062656
233	-1.20055642099
234	-1.82277803563
235	-1.70391453262
236	-1.51685269175
237	-1.98639752538
238	-1.64827062656
239	-1.66828772701
240	-1.98639752538
241	-6.25268690295
242	-16.5060433885
243	-1.82277803563
244	-2.06372762562
245	-1.51685269175
246	-1.49772850131
247	-2.23774767537
248	-14.464260297
249	-1.49772850131
250	-1.64827062656
251	-1.20055642099
252	-4.36910867681
253	-1.70391453262
254	-18.4736711853
255	-1.49772850131
256	-1.64827062656
257	-1.20055642099
258	-1.98639752538
259	-14.8510740773
260	-1.2344710298
261	-1.45161070849
262	-5.77943394907
263	-16.186679897
264	-1.49772850131
265	-5.77943394907
266	-18.4475422199
267	-1.49772850131
268	-5.95968680692
269	-1.51685269175
270	-1.45161070849
271	-1.70391453262
272	-1.2344710298
273	-8.35272093298
274	-6.16417732687
275	-16.6155166094
276	-1.98639752538
277	-2.06372762562
278	-16.5060433885
279	-1.49772850131
280	-2.23774767537
281	-1.51685269175
282	-1.98639752538
283	-7.93161477139
284	-1.2344710298
285	-1.45161070849
286	-2.23774767537
287	-1.2344710298
288	-1.45161070849
289	-7.00462108651
290	-1.51685269175
291	-1.49772850131
292	-9.05032750051
293	-1.20055642099
294	-1.98639752538
295	-1.70391453262
296	-1.20055642099
297	-1.49772850131
298	-6.65565228631
299	-1.20055642099
300	-1.82277803563
301	-2.06372762562
302	-14.8930966843
303	-1.45161070849
304	-4.56960836726
305	-1.66828772701
306	-6.36499573252
307	-3.96028869713
308	-1.20055642099
309	-1.82277803563
310	-1.64827062656
311	-14.581781654
312	-1.49772850131
313	-2.06372762562
314	-16.6155166094
315	-6.95721150762
316	-1.64827062656
317	-15.6432072112
318	-1.45161070849
319	-1.70391453262
320	-1.2344710298
321	-1.82277803563
322	-4.00296984363
323	-15.3608261352
324	-4.49253273936
325	-1.70391453262
326	-14.8930968984
327	-1.82277803563
328	-1.70391453262
329	-1.51685269175
330	-5.67783855641
331	-1.64827062656
332	-1.66828772701
333	-1.98639752538
334	-4.76727850918
335	-1.51685269175
336	-1.82277803563
337	-1.70391453262
338	-30.2741424767
339	-1.49772850131
340	-2.06372762562
341	-1.51685269175
342	-1.82277803563
343	-2.06372762562
344	-30.7840189681
345	-1.49772850131
346	-5.95968680692
347	-14.581781654
348	-1.49772850131
349	-10.1415612428
350	-30.279121675
351	-1.82277803563
352	-2.23774767537
353	-1.51685269175
354	-1.98639752538
355	-1.64827062656
356	-1.66828772701
357	-1.98639752538
358	-1.70391453262
359	-1.20055642099
360	-1.49772850131
361	-2.06372762562
362	-14.5817805053
363	-6.60961713518
364	-8.27780958848
365	-29.4534520404
366	-1.98639752538
367	-2.23774767537
368	-1.20055642099
369	-1.98639752538
370	-1.64827062656
371	-15.3608261352
372	-6.81131784128
373	-4.13132485645
374	-16.186679897
375	-1.45161070849
376	-1.64827062656
377	-1.2344710298
378	-1.49772850131
379	-2.06372762562
380	-1.2344710298
381	-1.45161070849
382	-7.29529977774
383	-14.8930966843
384	-6.10870918708
385	-1.64827062656
386	-1.2344710298
387	-6.99189371493
388	-6.79039166048
389	-14.5817805053
390	-1.82277803563
391	-2.23774767537
392	-1.20055642099
393	-1.82277803563
394	-2.06372762562
395	-1.20055642099
396	-1.45161070849
397	-1.70391453262
398	-1.20055642099
399	-4.49253273936
400	-4.28722802247
401	-1.20055642099
402	-1.49772850131
403	-4.28722802247
404	-1.20055642099
405	-4.36910867681
406	-1.64827062656
407	-1.2344710298
408	-9.15865524371
409	-1.70391453262
410	-1.20055642099
411	-6.23748061337
412	-1.70391453262
413	-1.51685269175
414	-1.45161070849
415	-1.70391453262
416	-15.912345701
417	-10.8812917705
418	-1.64827062656
419	-1.66828772701
420	-1.98639752538
421	-2.06372762562
422	-1.20055642099
423	-1.45161070849
424	-1.64827062656
425	-14.5817805053
426	-1.49772850131
427	-1.70391453262
428	-14.581781654
429	-5.67783855641
430	-1.70391453262
431	-1.51685269175
432	-1.82277803563
433	-8.08113934006
434	-1.66828772701
435	-4.99950498196
436	-6.65565228631
437	-1.20055642099
438	-1.82277803563
439	-5.67730646213
440	-14.8930966843
441	-1.49772850131
442	-4.62460219403
443	-1.20055642099
444	-6.89199747998
445	-1.70391453262
446	-1.20055642099
447	-1.82277803563
448	-9.07527580777
449	-1.66828772701
450	-1.98639752538
451	-1.70391453262
452	-1.51685269175
453	-1.82277803563
454	-1.64827062656
455	-1.20055642099
456	-1.45161070849
457	-4.00296984363
458	-1.2344710298
459	-6.06907866171
460	-1.70391453262
461	-1.51685269175
462	-1.82277803563
463	-4.00296984363
464	-1.2344710298
465	-1.98639752538
466	-1.70391453262
467	-15.1754779743
468	-1.45161070849
469	-1.70391453262
470	-17.6684928696
