#Site	lnL	
0	-5.57114921114
1	-1.91695131863
2	-1.41439796445
3	-5.01893504584
4	-1.92851342577
5	-1.37299841865
6	-1.70132427803
7	-6.26728387945
8	-15.2092821988
9	-6.61031889998
10	-5.71101434344
11	-1.37780830749
12	-1.69229403553
13	-1.91695131863
14	-47.746958854
15	-1.7368812142
16	-7.55674842831
17	-1.37299841865
18	-5.87730587385
19	-5.75345036922
20	-1.41439796445
21	-1.70132427803
22	-6.81934820781
23	-16.3611192563
24	-6.1015586597
25	-1.91842557309
26	-1.37299841865
27	-1.7368812142
28	-4.5542613646
29	-1.38057103498
30	-1.69229403553
31	-6.76469113739
32	-15.0278162542
33	-7.83198703639
34	-1.91842557309
35	-1.41439796445
36	-1.70132427803
37	-4.71126511839
38	-15.7628120688
39	-5.57249252703
40	-1.91695131863
41	-1.37780830749
42	-1.69229403553
43	-1.96546374207
44	-29.1325184437
45	-1.69338247241
46	-1.91695131863
47	-15.0664532279
48	-1.7368812142
49	-1.91695131863
50	-1.38057103498
51	-1.69338247241
52	-1.96546374207
53	-1.37299841865
54	-1.69338247241
55	-5.9280747722
56	-15.0278162542
57	-1.7368812142
58	-1.91695131863
59	-16.0846350533
60	-5.57114921114
61	-1.91842557309
62	-1.37299841865
63	-1.70132427803
64	-6.27485645432
65	-1.37299841865
66	-6.60605073355
67	-5.56126071345
68	-15.027816293
69	-6.06815385657
70	-7.7680386298
71	-15.0664530443
72	-6.06158466975
73	-1.92851342577
74	-17.9777509023
75	-5.05487615984
76	-1.91695131863
77	-1.41439796445
78	-1.7368812142
79	-5.705015275
80	-1.37780830749
81	-1.69229403553
82	-5.7556821684
83	-18.0163878715
84	-1.69229403553
85	-5.29198282704
86	-15.7241751462
87	-1.69229403553
88	-5.25048714563
89	-1.41439796445
90	-5.05882611429
91	-8.84264749778
92	-1.37299841865
93	-1.7368812142
94	-4.66910374983
95	-1.38057103498
96	-1.69229403553
97	-1.92851342577
98	-1.41439796445
99	-1.69229403553
100	-5.57405000567
101	-1.37299841865
102	-1.7368812142
103	-6.93100438778
104	-1.37299841865
105	-6.60274632511
106	-11.3441023136
107	-1.41439796445
108	-1.69338247241
109	-12.5685932787
110	-1.38057103498
111	-5.92723932233
112	-1.91842557309
113	-15.2092822237
114	-1.7368812142
115	-1.92851342577
116	-30.5130694001
117	-1.69229403553
118	-1.91842557309
119	-16.8175834946
120	-1.7368812142
121	-9.05171455007
122	-1.41439796445
123	-1.7368812142
124	-1.91842557309
125	-1.38057103498
126	-1.7368812142
127	-5.56126071345
128	-1.41439796445
129	-1.69229403553
130	-1.96546374207
131	-15.7628120688
132	-1.70132427803
133	-1.91842557309
134	-1.41439796445
135	-1.70132427803
136	-8.47702683157
137	-1.38057103498
138	-1.69229403553
139	-1.91842557309
140	-1.37780830749
141	-1.69229403553
142	-1.92851342577
143	-15.7628120688
144	-1.69229403553
145	-6.27285079351
146	-16.2661013399
147	-1.69338247241
148	-1.92851342577
149	-15.027816293
150	-5.91966674746
151	-1.91695131863
152	-1.37780830749
153	-1.69338247241
154	-5.52467125298
155	-16.2585287971
156	-1.70132427803
157	-1.91695131863
158	-32.8059785505
159	-1.69229403553
160	-4.71126511839
161	-1.38057103498
162	-1.7368812142
163	-1.91695131863
164	-1.41439796445
165	-13.3883890441
166	-1.92851342577
167	-16.3997562181
168	-1.69338247241
169	-1.91695131863
170	-1.38057103498
171	-1.70132427803
172	-8.06298017271
173	-1.37780830749
174	-1.70132427803
175	-5.25048714563
176	-1.37780830749
177	-1.69229403553
178	-1.96546374207
179	-29.1208269905
180	-1.7368812142
181	-1.91842557309
182	-1.38057103498
183	-4.89171048391
184	-1.91695131863
185	-1.37299841865
186	-1.70132427803
187	-1.92851342577
188	-1.37299841865
189	-1.70132427803
190	-1.96546374207
191	-1.38057103498
192	-1.69229403553
193	-1.92851342577
194	-16.1212245138
195	-1.69229403553
196	-4.5542613646
197	-15.2479190231
198	-1.70132427803
199	-1.96546374207
200	-1.41439796445
201	-1.7368812142
202	-1.96546374207
203	-16.2661014003
204	-5.01810257224
205	-4.5542613646
206	-1.41439796445
207	-5.01893504584
208	-1.96546374207
209	-16.2585287971
210	-1.70132427803
211	-1.91842557309
212	-1.37299841865
213	-1.7368812142
214	-4.66910374983
215	-1.37299841865
216	-6.06026664224
217	-1.91842557309
218	-1.37299841865
219	-10.8241141029
220	-1.92851342577
221	-1.41439796445
222	-1.69229403553
223	-5.89549494205
224	-15.027816293
225	-1.69229403553
226	-1.96546374207
227	-1.37299841865
228	-1.69229403553
229	-1.92851342577
230	-16.1212245595
231	-12.805249759
232	-5.7028996482
233	-31.2466496609
234	-1.7368812142
235	-1.91842557309
236	-15.2092822237
237	-1.69338247241
238	-1.92851342577
239	-1.38057103498
240	-5.05882611429
241	-4.70468367882
242	-15.7628118878
243	-1.69338247241
244	-1.96546374207
245	-1.41439796445
246	-1.69338247241
247	-5.28099146135
248	-1.37780830749
249	-1.7368812142
250	-1.92851342577
251	-16.3611192956
252	-1.69229403553
253	-1.91695131863
254	-1.37780830749
255	-1.7368812142
256	-8.60591599053
257	-1.37780830749
258	-5.61270337155
259	-1.91695131863
260	-15.7628120688
261	-1.70132427803
262	-5.56126071345
263	-1.38057103498
264	-1.70132427803
265	-4.5542613646
266	-16.1136519846
267	-1.70132427803
268	-8.71829185029
269	-15.2092822237
270	-1.69338247241
271	-11.3836666477
272	-1.37780830749
273	-1.7368812142
274	-1.92851342577
275	-29.3246054929
276	-1.69229403553
277	-1.91695131863
278	-15.2092822237
279	-1.70132427803
280	-1.91695131863
281	-1.41439796445
282	-1.69229403553
283	-1.91842557309
284	-17.4179382927
285	-1.70132427803
286	-4.54350562445
287	-30.2698666258
288	-1.69338247241
289	-4.71126511839
290	-1.37780830749
291	-1.7368812142
292	-4.5542613646
293	-16.8175834946
294	-1.69338247241
295	-1.92851342577
296	-15.2092822237
297	-1.69338247241
298	-1.91695131863
299	-1.41439796445
300	-1.7368812142
301	-1.91842557309
302	-19.036367353
303	-6.07014910966
304	-5.705015275
305	-1.37780830749
306	-1.69338247241
307	-4.71126511839
308	-1.41439796445
309	-1.69338247241
310	-1.91695131863
311	-30.171271374
312	-1.69338247241
313	-1.96546374207
314	-15.2092821988
315	-1.7368812142
316	-1.91695131863
317	-45.6316528142
318	-7.29986168393
319	-4.67048973865
320	-15.7628118878
321	-1.69338247241
322	-1.92851342577
323	-1.41439796445
324	-9.8393871219
325	-1.92851342577
326	-1.38057103498
327	-1.70132427803
328	-1.96546374207
329	-1.38057103498
330	-1.69229403553
331	-1.96546374207
332	-1.37780830749
333	-1.69338247241
334	-4.67048973865
335	-15.2092822237
336	-5.01810257224
337	-6.93100438778
338	-1.37780830749
339	-1.69338247241
340	-5.93938187681
341	-1.38057103498
342	-1.69338247241
343	-1.91695131863
344	-1.41439796445
345	-1.69229403553
346	-5.9280747722
347	-15.0278162542
348	-1.69229403553
349	-1.92851342577
350	-1.38057103498
351	-4.89171048391
352	-1.91842557309
353	-1.37780830749
354	-1.7368812142
355	-1.92851342577
356	-1.37299841865
357	-1.7368812142
358	-10.6239618902
359	-1.37299841865
360	-1.70132427803
361	-7.51432184136
362	-16.3026909033
363	-1.7368812142
364	-1.91695131863
365	-1.38057103498
366	-1.7368812142
367	-4.54350562445
368	-16.2661013399
369	-1.70132427803
370	-1.92851342577
371	-1.37299841865
372	-5.01893504584
373	-1.96546374207
374	-1.37299841865
375	-6.07014910966
376	-1.92851342577
377	-1.41439796445
378	-7.25779510483
379	-1.92851342577
380	-1.37299841865
381	-1.69338247241
382	-5.71101434344
383	-16.3611192956
384	-12.9239688524
385	-1.96546374207
386	-1.41439796445
387	-1.69229403553
388	-1.92851342577
389	-18.6291869959
390	-4.84982630011
391	-1.92851342577
392	-16.2585287561
393	-1.7368812142
394	-4.70468367882
395	-1.37299841865
396	-1.7368812142
397	-1.96546374207
398	-15.7241751462
399	-1.69229403553
400	-1.91695131863
401	-1.38057103498
402	-1.70132427803
403	-1.91695131863
404	-1.37780830749
405	-1.7368812142
406	-1.91695131863
407	-15.7628118878
408	-1.7368812142
409	-1.96546374207
410	-1.41439796445
411	-1.70132427803
412	-1.91842557309
413	-1.41439796445
414	-1.7368812142
415	-5.71429122691
416	-30.6435322026
417	-5.01810257224
418	-1.92851342577
419	-16.8100109198
420	-1.70132427803
421	-4.66910374983
422	-15.2092821988
423	-5.05487615984
424	-1.91842557309
425	-17.410365576
426	-1.7368812142
427	-8.76110735742
428	-18.6367596244
429	-1.69229403553
430	-6.81934820781
431	-1.41439796445
432	-1.69229403553
433	-1.91695131863
434	-1.38057103498
435	-5.05882611429
436	-4.54350562445
437	-1.38057103498
438	-4.84982630011
439	-1.92851342577
440	-1.37299841865
441	-1.70132427803
442	-1.91842557309
443	-1.37299841865
444	-1.69229403553
445	-10.7165876891
446	-1.37780830749
447	-1.70132427803
448	-1.92851342577
449	-16.2585287561
450	-1.69229403553
451	-1.91695131863
452	-1.41439796445
453	-1.70132427803
454	-10.3405000831
455	-15.0664530443
456	-6.10944587658
457	-6.26728387945
458	-1.38057103498
459	-7.25432288345
460	-1.92851342577
461	-1.38057103498
462	-1.70132427803
463	-1.91842557309
464	-1.37299841865
465	-6.6515288452
466	-6.31464139348
467	-1.38057103498
468	-6.61031889998
469	-5.24816839493
470	-15.724175108
