# log_p 	 lnL 	 
0.0	-1613.60233957	
-0.287682072452	-1613.60227679	
-0.510825623766	-1613.60214311	
-0.69314718056	-1613.60205369	
-0.847297860387	-1613.60201304	
-0.980829253012	-1613.60200991	
-1.09861228867	-1613.60203292	
-1.20397280433	-1613.60207306	
-1.29928298413	-1613.60212363	
-1.38629436112	-1613.60217985	
-1.46633706879	-1613.60223842	
-1.54044504095	-1613.60229709	
-1.60943791243	-1613.60235436	
-1.67397643357	-1613.6024093	
-1.73460105539	-1613.60246133	
-1.79175946923	-1613.60251015	
-1.8458266905	-1613.60255564	
-1.89711998489	-1613.60259777	
-1.94591014906	-1613.60263664	
-1.99243016469	-1613.60267235	
-2.03688192726	-1613.60270506	
-2.07944154168	-1613.60273494	
-2.1202635362	-1613.60276218	
-2.15948424935	-1613.60278695	
-2.19722457734	-1613.60280941	
-2.23359222151	-1613.60282975	
-2.26868354132	-1613.60284812	
-2.30258509299	-1613.60286468	
-2.33537491582	-1613.60287955	
-2.36712361413	-1613.60289289	
-2.3978952728	-1613.60290479	
-2.42774823595	-1613.60291539	
-2.45673577282	-1613.60292479	
-2.48490664979	-1613.60293307	
-2.51230562398	-1613.60294034	
-2.53897387106	-1613.60294667	
-2.56494935746	-1613.60295214	
-2.59026716545	-1613.60295681	
-2.61495977804	-1613.60296076	
-2.63905732962	-1613.60296404	
-2.66258782703	-1613.6029667	
-2.68557734525	-1613.60296879	
-2.7080502011	-1613.60297037	
-2.73002910782	-1613.60297146	
-2.75153531304	-1613.60297212	
-2.77258872224	-1613.60297237	
-2.79320800944	-1613.60297224	
-2.81341071676	-1613.60297178	
-2.83321334406	-1613.602971	
-2.85263142991	-1613.60296994	
-2.87167962488	-1613.60296861	
-2.8903717579	-1613.60296703	
-2.90872089656	-1613.60296524	
-2.92673940207	-1613.60296324	
-2.94443897917	-1613.60296105	
-2.96183072188	-1613.60295869	
-2.97892515524	-1613.60295618	
-2.99573227355	-1613.60295352	
-3.01226157551	-1613.60295074	
-3.02852209638	-1613.60294783	
-3.04452243772	-1613.60294482	
-3.06027079469	-1613.60294171	
-3.07577498123	-1613.60293851	
-3.09104245336	-1613.60293523	
-3.10608033072	-1613.60293188	
-3.12089541651	-1613.60292846	
-3.13549421593	-1613.60292499	
-3.14988295338	-1613.60292146	
-3.16406758837	-1613.60291789	
-3.17805383035	-1613.60291428	
-3.19184715248	-1613.60291063	
-3.20545280454	-1613.60290695	
-3.21887582487	-1613.60290325	
-3.23212105162	-1613.60289952	
-3.24519313319	-1613.60289578	
-3.25809653802	-1613.60289201	
-3.2708355638	-1613.60288824	
-3.28341434601	-1613.60288446	
-3.295836866	-1613.60288067	
-3.3081069586	-1613.60287688	
-3.32022831913	-1613.60287309	
-3.33220451018	-1613.60286929	
-3.34403896782	-1613.6028655	
-3.35573500759	-1613.60286172	
-3.36729582999	-1613.60285794	
-3.37872452581	-1613.60285417	
-3.39002408106	-1613.6028504	
-3.40119738166	-1613.60284665	
-3.41224721785	-1613.60284291	
-3.42317628838	-1613.60283919	
-3.43398720449	-1613.60283548	
-3.4446824936	-1613.60283178	
-3.45526460293	-1613.6028281	
-3.4657359028	-1613.60282443	
-3.47609868984	-1613.60282079	
-3.48635519	-1613.60281716	
-3.49650756147	-1613.60281355	
-3.50655789732	-1613.60280996	
-3.51650822817	-1613.60280639	
-3.52636052462	-1613.60280285	
-3.53611669956	-1613.60279932	
-3.54577861047	-1613.60279581	
-3.55534806149	-1613.60279233	
-3.56482680544	-1613.60278886	
-3.57421654579	-1613.60278542	
-3.58351893846	-1613.60278201	
-3.59273559356	-1613.60277861	
-3.60186807712	-1613.60277524	
-3.61091791264	-1613.60277189	
-3.61988658263	-1613.60276856	
-3.62877553004	-1613.60276526	
-3.63758615973	-1613.60276198	
-3.6463198397	-1613.60275872	
-3.65497790244	-1613.60275549	
-3.66356164613	-1613.60275228	
-3.6720723358	-1613.60274909	
-3.68051120444	-1613.60274593	
-3.68887945411	-1613.60274279	
-3.69717825693	-1613.60273968	
-3.70540875607	-1613.60273658	
-3.7135720667	-1613.60273351	
-3.72166927694	-1613.60273047	
-3.72970144863	-1613.60272744	
-3.73766961828	-1613.60272444	
-3.74557479779	-1613.60272147	
-3.75341797525	-1613.60271851	
-3.76120011569	-1613.60271558	
-3.76892216179	-1613.60271267	
-3.77658503453	-1613.60270978	
-3.78418963392	-1613.60270692	
-3.79173683955	-1613.60270408	
-3.79922751128	-1613.60270126	
-3.80666248977	-1613.60269846	
-3.81404259707	-1613.60269568	
-3.82136863716	-1613.60269293	
-3.82864139649	-1613.60269019	
-3.83586164446	-1613.60268748	
-3.84303013394	-1613.60268479	
-3.85014760171	-1613.60268212	
-3.85721476893	-1613.60267947	
-3.86423234159	-1613.60267685	
-3.87120101091	-1613.60267424	
-3.87812145375	-1613.60267165	
-3.88499433304	-1613.60266908	
-3.89182029811	-1613.60266654	
-3.8985999851	-1613.60266401	
-3.90533401728	-1613.6026615	
-3.91202300543	-1613.60265901	
-3.91866754815	-1613.60265655	
-3.92526823218	-1613.6026541	
-3.93182563272	-1613.60265167	
-3.93834031375	-1613.60264926	
-3.94481282825	-1613.60264686	
-3.95124371858	-1613.60264449	
-3.95763351668	-1613.60264213	
-3.96398274436	-1613.6026398	
-3.97029191355	-1613.60263748	
-3.97656152657	-1613.60263517	
-3.98279207632	-1613.60263289	
-3.98898404656	-1613.60263062	
-3.99513791214	-1613.60262838	
-4.00125413916	-1613.60262614	
-4.00733318523	-1613.60262393	
-4.01337549969	-1613.60262173	
-4.01938152375	-1613.60261955	
-4.02535169074	-1613.60261739	
-4.03128642625	-1613.60261524	
-4.03718614838	-1613.60261311	
-4.04305126783	-1613.60261099	
-4.04888218815	-1613.60260889	
-4.05467930583	-1613.60260681	
-4.06044301055	-1613.60260474	
-4.06617368526	-1613.60260269	
-4.07187170637	-1613.60260065	
-4.07753744391	-1613.60259863	
-4.08317126162	-1613.60259662	
-4.08877351717	-1613.60259463	
-4.09434456222	-1613.60259265	
-4.0998847426	-1613.60259068	
-4.10539439841	-1613.60258874	
-4.11087386417	-1613.6025868	
-4.11632346894	-1613.60258488	
-4.12174353641	-1613.60258298	
-4.12713438505	-1613.60258108	
-4.13249632819	-1613.60257921	
-4.13782967416	-1613.60257734	
-4.14313472639	-1613.60257549	
-4.14841178349	-1613.60257365	
-4.15366113938	-1613.60257183	
-4.15888308336	-1613.60257002	
-4.16407790024	-1613.60256822	
-4.1692458704	-1613.60256643	
-4.1743872699	-1613.60256466	
-4.17950237056	-1613.6025629	
-4.18459144007	-1613.60256115	
-4.18965474203	-1613.60255942	
-4.19469253606	-1613.60255769	
-4.19970507788	-1613.60255598	
-4.20469261939	-1613.60255429	
-4.20965540873	-1613.6025526	
-4.21459369037	-1613.60255092	
-4.21950770518	-1613.60254926	
-4.22439769047	-1613.60254761	
-4.22926388012	-1613.60254597	
-4.2341065046	-1613.60254434	
-4.23892579103	-1613.60254272	
-4.2437219633	-1613.60254111	
-4.24849524205	-1613.60253952	
-4.25324584481	-1613.60253793	
-4.257973986	-1613.60253636	
-4.26267987704	-1613.6025348	
-4.26736372635	-1613.60253325	
-4.27202573946	-1613.6025317	
-4.27666611902	-1613.60253017	
-4.28128506487	-1613.60252865	
-4.28588277412	-1613.60252714	
-4.29045944115	-1613.60252564	
-4.29501525768	-1613.60252415	
-4.29955041285	-1613.60252267	
-4.3040650932	-1613.6025212	
-4.30855948279	-1613.60251973	
-4.31303376319	-1613.60251828	
-4.31748811354	-1613.60251684	
-4.3219227106	-1613.60251541	
-4.32633772881	-1613.60251399	
-4.33073334029	-1613.60251257	
-4.33510971489	-1613.60251117	
-4.33946702026	-1613.60250977	
-4.34380542185	-1613.60250838	
-4.348125083	-1613.60250701	
-4.3524261649	-1613.60250564	
-4.35670882669	-1613.60250428	
-4.36097322548	-1613.60250293	
-4.36521951636	-1613.60250158	
-4.36944785247	-1613.60250025	
-4.373658385	-1613.60249893	
-4.37785126326	-1613.60249761	
-4.38202663467	-1613.6024963	
-4.38618464482	-1613.602495	
-4.39032543749	-1613.60249371	
-4.39444915467	-1613.60249242	
-4.39855593663	-1613.60249115	
-4.40264592188	-1613.60248988	
-4.40671924726	-1613.60248862	
-4.41077604796	-1613.60248737	
-4.4148164575	-1613.60248612	
-4.4188406078	-1613.60248489	
-4.42284862919	-1613.60248366	
-4.42684065046	-1613.60248243	
-4.43081679884	-1613.60248122	
-4.43477720006	-1613.60248001	
-4.43872197835	-1613.60247881	
-4.44265125649	-1613.60247762	
-4.44656515581	-1613.60247644	
-4.45046379623	-1613.60247526	
-4.45434729625	-1613.60247409	
-4.45821577303	-1613.60247292	
-4.46206934235	-1613.60247177	
-4.46590811865	-1613.60247062	
-4.46973221509	-1613.60246947	
-4.47354174351	-1613.60246834	
-4.47733681448	-1613.60246721	
-4.48111753732	-1613.60246609	
-4.48488402011	-1613.60246497	
-4.48863636973	-1613.60246386	
-4.49237469184	-1613.60246276	
-4.49609909093	-1613.60246166	
-4.49980967033	-1613.60246057	
-4.50350653221	-1613.60245949	
-4.50718977763	-1613.60245841	
-4.51085950652	-1613.60245734	
-4.51451581772	-1613.60245627	
-4.518158809	-1613.60245522	
-4.52178857705	-1613.60245416	
-4.52540521752	-1613.60245312	
-4.52900882502	-1613.60245208	
-4.53259949315	-1613.60245104	
-4.5361773145	-1613.60245001	
-4.53974238067	-1613.60244899	
-4.54329478227	-1613.60244797	
-4.54683460898	-1613.60244696	
-4.55036194949	-1613.60244595	
-4.5538768916	-1613.60244495	
-4.55737952215	-1613.60244396	
-4.56086992709	-1613.60244297	
-4.56434819147	-1613.60244199	
-4.56781439944	-1613.60244101	
-4.57126863431	-1613.60244004	
-4.5747109785	-1613.60243907	
-4.5781415136	-1613.60243811	
-4.58156032035	-1613.60243715	
-4.58496747867	-1613.6024362	
-4.58836306767	-1613.60243525	
-4.59174716566	-1613.60243431	
-4.59511985013	-1613.60243338	
-4.59848119784	-1613.60243245	
-4.60183128472	-1613.60243152	
-4.60517018599	-1613.6024306	
-4.60849797608	-1613.60242968	
-4.61181472871	-1613.60242877	
-4.61512051684	-1613.60242787	
-4.61841541274	-1613.60242697	
-4.62169948794	-1613.60242607	
-4.62497281328	-1613.60242518	
-4.62823545892	-1613.60242429	
-4.63148749431	-1613.60242341	
-4.63472898823	-1613.60242253	
-4.63796000881	-1613.60242166	
-4.64118062351	-1613.60242079	
-4.64439089914	-1613.60241993	
-4.64759090187	-1613.60241907	
-4.65078069724	-1613.60241821	
-4.65396035016	-1613.60241736	
-4.65712992492	-1613.60241652	
-4.66028948521	-1613.60241568	
-4.66343909411	-1613.60241484	
-4.66657881412	-1613.60241401	
-4.66970870713	-1613.60241318	
-4.67282883446	-1613.60241236	
-4.67593925688	-1613.60241154	
-4.67904003455	-1613.60241072	
-4.68213122712	-1613.60240991	
-4.68521289366	-1613.6024091	
-4.6882850927	-1613.6024083	
-4.69134788223	-1613.6024075	
-4.69440131972	-1613.6024067	
-4.6974454621	-1613.60240591	
-4.70048036579	-1613.60240512	
-4.70350608671	-1613.60240434	
-4.70652268025	-1613.60240356	
-4.70953020131	-1613.60240279	
-4.71252870431	-1613.60240202	
-4.71551824316	-1613.60240125	
-4.7184988713	-1613.60240048	
-4.72147064168	-1613.60239972	
-4.72443360681	-1613.60239897	
-4.72738781871	-1613.60239821	
-4.73033332894	-1613.60239747	
-4.73327018862	-1613.60239672	
-4.73619844839	-1613.60239598	
-4.7391181585	-1613.60239524	
-4.74202936871	-1613.60239451	
-4.74493212836	-1613.60239378	
-4.74782648639	-1613.60239305	
-4.75071249128	-1613.60239232	
-4.75359019111	-1613.6023916	
-4.75645963353	-1613.60239089	
-4.75932086582	-1613.60239017	
-4.7621739348	-1613.60238946	
-4.76501888693	-1613.60238876	
-4.76785576827	-1613.60238805	
-4.77068462447	-1613.60238735	
-4.77350550081	-1613.60238666	
-4.77631844218	-1613.60238596	
-4.77912349311	-1613.60238527	
-4.78192069773	-1613.60238459	
-4.78471009982	-1613.6023839	
-4.78749174278	-1613.60238322	
-4.79026566966	-1613.60238255	
-4.79303192316	-1613.60238187	
-4.7957905456	-1613.6023812	
-4.79854157897	-1613.60238053	
-4.80128506491	-1613.60237987	
-4.80402104473	-1613.60237921	
-4.80674955939	-1613.60237855	
-4.8094706495	-1613.60237789	
-4.81218435537	-1613.60237724	
-4.81489071697	-1613.60237659	
-4.81758977394	-1613.60237595	
-4.82028156561	-1613.6023753	
-4.82296613098	-1613.60237466	
-4.82564350875	-1613.60237402	
-4.8283137373	-1613.60237339	
-4.83097685472	-1613.60237276	
-4.83363289878	-1613.60237213	
-4.83628190695	-1613.6023715	
-4.83892391641	-1613.60237088	
-4.84155896405	-1613.60237026	
-4.84418708646	-1613.60236964	
-4.84680831994	-1613.60236903	
-4.84942270051	-1613.60236841	
-4.85203026392	-1613.6023678	
-4.85463104562	-1613.6023672	
-4.8572250808	-1613.60236659	
-4.85981240436	-1613.60236599	
-4.86239305096	-1613.60236539	
-4.86496705495	-1613.6023648	
-4.86753445046	-1613.6023642	
-4.87009527132	-1613.60236361	
-4.87264955112	-1613.60236302	
-4.8751973232	-1613.60236244	
-4.87773862063	-1613.60236185	
-4.88027347623	-1613.60236127	
-4.88280192259	-1613.6023607	
-4.88532399202	-1613.60236012	
-4.88783971662	-1613.60235955	
-4.89034912822	-1613.60235898	
-4.89285225844	-1613.60235841	
-4.89534913864	-1613.60235784	
-4.89783979995	-1613.60235728	
-4.90032427328	-1613.60235672	
-4.90280258929	-1613.60235616	
-4.90527477844	-1613.6023556	
-4.90774087093	-1613.60235505	
-4.91020089677	-1613.6023545	
-4.91265488574	-1613.60235395	
-4.91510286737	-1613.6023534	
-4.91754487103	-1613.60235286	
-4.91998092583	-1613.60235231	
-4.92241106068	-1613.60235177	
-4.92483530429	-1613.60235124	
-4.92725368516	-1613.6023507	
-4.92966623156	-1613.60235017	
-4.93207297159	-1613.60234964	
-4.93447393313	-1613.60234911	
-4.93686914386	-1613.60234858	
-4.93925863125	-1613.60234806	
-4.94164242261	-1613.60234754	
-4.94402054501	-1613.60234701	
-4.94639302537	-1613.6023465	
-4.94875989038	-1613.60234598	
-4.95112116656	-1613.60234547	
-4.95347688026	-1613.60234496	
-4.9558270576	-1613.60234445	
-4.95817172456	-1613.60234394	
-4.96051090691	-1613.60234343	
-4.96284463026	-1613.60234293	
-4.96517292002	-1613.60234243	
-4.96749580144	-1613.60234193	
-4.96981329958	-1613.60234143	
-4.97212543933	-1613.60234094	
-4.97443224543	-1613.60234044	
-4.97673374242	-1613.60233995	
-4.97902995468	-1613.60233946	
-4.98132090643	-1613.60233898	
-4.98360662171	-1613.60233849	
-4.98588712441	-1613.60233801	
-4.98816243824	-1613.60233753	
-4.99043258678	-1613.60233705	
-4.99269759341	-1613.60233657	
-4.99495748138	-1613.60233609	
-4.99721227376	-1613.60233562	
-4.9994619935	-1613.60233515	
-5.00170666335	-1613.60233468	
-5.00394630595	-1613.60233421	
-5.00618094375	-1613.60233374	
-5.00841059907	-1613.60233328	
-5.0106352941	-1613.60233281	
-5.01285505083	-1613.60233235	
-5.01506989116	-1613.60233189	
-5.01727983681	-1613.60233144	
-5.01948490937	-1613.60233098	
-5.02168513028	-1613.60233053	
-5.02388052085	-1613.60233007	
-5.02607110223	-1613.60232962	
-5.02825689545	-1613.60232917	
-5.03043792139	-1613.60232873	
-5.03261420082	-1613.60232828	
-5.03478575433	-1613.60232784	
-5.03695260241	-1613.6023274	
-5.03911476542	-1613.60232696	
-5.04127226356	-1613.60232652	
-5.04342511692	-1613.60232608	
-5.04557334546	-1613.60232564	
-5.047716969	-1613.60232521	
-5.04985600725	-1613.60232478	
-5.05199047978	-1613.60232435	
-5.05412040604	-1613.60232392	
-5.05624580535	-1613.60232349	
-5.05836669692	-1613.60232307	
-5.06048309982	-1613.60232264	
-5.06259503303	-1613.60232222	
-5.06470251537	-1613.6023218	
-5.06680556556	-1613.60232138	
-5.06890420222	-1613.60232096	
-5.07099844382	-1613.60232055	
-5.07308830874	-1613.60232013	
-5.07517381523	-1613.60231972	
-5.07725498144	-1613.60231931	
-5.07933182538	-1613.6023189	
-5.08140436498	-1613.60231849	
-5.08347261805	-1613.60231808	
-5.08553660227	-1613.60231767	
-5.08759633523	-1613.60231727	
-5.08965183441	-1613.60231687	
-5.09170311719	-1613.60231647	
-5.09375020081	-1613.60231607	
-5.09579310244	-1613.60231567	
-5.09783183913	-1613.60231527	
-5.09986642782	-1613.60231488	
-5.10189688537	-1613.60231448	
-5.10392322852	-1613.60231409	
-5.1059454739	-1613.6023137	
-5.10796363806	-1613.60231331	
-5.10997773743	-1613.60231292	
-5.11198778836	-1613.60231253	
-5.11399380708	-1613.60231215	
-5.11599580975	-1613.60231176	
-5.11799381242	-1613.60231138	
-5.11998783102	-1613.602311	
-5.12197788143	-1613.60231062	
-5.1239639794	-1613.60231024	
-5.12594614061	-1613.60230986	
-5.12792438062	-1613.60230949	
-5.12989871492	-1613.60230911	
-5.13186915891	-1613.60230874	
-5.13383572788	-1613.60230837	
-5.13579843705	-1613.602308	
-5.13775730154	-1613.60230763	
-5.13971233637	-1613.60230726	
-5.1416635565	-1613.60230689	
-5.14361097679	-1613.60230652	
-5.145554612	-1613.60230616	
-5.14749447681	-1613.6023058	
-5.14943058584	-1613.60230544	
-5.15136295359	-1613.60230507	
-5.1532915945	-1613.60230471	
-5.15521652291	-1613.60230436	
-5.15713775309	-1613.602304	
-5.15905529921	-1613.60230364	
-5.1609691754	-1613.60230329	
-5.16287939565	-1613.60230294	
-5.16478597392	-1613.60230258	
-5.16668892407	-1613.60230223	
-5.16858825987	-1613.60230188	
-5.17048399504	-1613.60230153	
-5.17237614319	-1613.60230119	
-5.17426471788	-1613.60230084	
-5.17614973257	-1613.6023005	
-5.17803120067	-1613.60230015	
-5.1799091355	-1613.60229981	
-5.18178355029	-1613.60229947	
-5.18365445823	-1613.60229913	
-5.1855218724	-1613.60229879	
-5.18738580584	-1613.60229845	
-5.18924627149	-1613.60229811	
-5.19110328224	-1613.60229778	
-5.19295685089	-1613.60229744	
-5.19480699018	-1613.60229711	
-5.19665371277	-1613.60229678	
-5.19849703127	-1613.60229644	
-5.20033695819	-1613.60229611	
-5.202173506	-1613.60229578	
-5.20400668708	-1613.60229546	
-5.20583651375	-1613.60229513	
-5.20766299828	-1613.6022948	
-5.20948615284	-1613.60229448	
-5.21130598956	-1613.60229415	
-5.21312252048	-1613.60229383	
-5.21493575761	-1613.60229351	
-5.21674571285	-1613.60229319	
-5.21855239808	-1613.60229287	
-5.22035582508	-1613.60229255	
-5.22215600558	-1613.60229223	
-5.22395295126	-1613.60229192	
-5.22574667371	-1613.6022916	
-5.22753718449	-1613.60229129	
-5.22932449506	-1613.60229097	
-5.23110861685	-1613.60229066	
-5.23288956123	-1613.60229035	
-5.23466733947	-1613.60229004	
-5.23644196283	-1613.60228973	
-5.23821344248	-1613.60228942	
-5.23998178954	-1613.60228911	
-5.24174701506	-1613.60228881	
-5.24350913005	-1613.6022885	
-5.24526814546	-1613.6022882	
-5.24702407216	-1613.60228789	
-5.24877692099	-1613.60228759	
-5.25052670271	-1613.60228729	
-5.25227342805	-1613.60228699	
-5.25401710765	-1613.60228669	
-5.25575775213	-1613.60228639	
-5.25749537203	-1613.60228609	
-5.25922997784	-1613.60228579	
-5.26096158	-1613.6022855	
-5.2626901889	-1613.6022852	
-5.26441581487	-1613.60228491	
-5.26613846818	-1613.60228461	
-5.26785815906	-1613.60228432	
-5.26957489768	-1613.60228403	
-5.27128869416	-1613.60228374	
-5.27299955856	-1613.60228345	
-5.27470750091	-1613.60228316	
-5.27641253116	-1613.60228287	
-5.27811465923	-1613.60228259	
-5.27981389498	-1613.6022823	
-5.28151024823	-1613.60228201	
-5.28320372874	-1613.60228173	
-5.28489434622	-1613.60228145	
-5.28658211033	-1613.60228116	
-5.28826703069	-1613.60228088	
-5.28994911688	-1613.6022806	
-5.2916283784	-1613.60228032	
-5.29330482472	-1613.60228004	
-5.29497846528	-1613.60227976	
-5.29664930945	-1613.60227949	
-5.29831736655	-1613.60227921	
-5.29998264587	-1613.60227893	
-5.30164515664	-1613.60227866	
-5.30330490806	-1613.60227838	
-5.30496190927	-1613.60227811	
-5.30661616936	-1613.60227784	
-5.3082676974	-1613.60227757	
-5.30991650239	-1613.60227729	
-5.3115625933	-1613.60227702	
-5.31320597904	-1613.60227676	
-5.3148466685	-1613.60227649	
-5.3164846705	-1613.60227622	
-5.31811999384	-1613.60227595	
-5.31975264727	-1613.60227569	
-5.32138263948	-1613.60227542	
-5.32300997914	-1613.60227516	
-5.32463467487	-1613.60227489	
-5.32625673524	-1613.60227463	
-5.32787616879	-1613.60227437	
-5.32949298402	-1613.60227411	
-5.33110718937	-1613.60227385	
-5.33271879327	-1613.60227359	
-5.33432780407	-1613.60227333	
-5.33593423012	-1613.60227307	
-5.3375380797	-1613.60227281	
-5.33913936107	-1613.60227255	
-5.34073808243	-1613.6022723	
-5.34233425196	-1613.60227204	
-5.3439278778	-1613.60227179	
-5.34551896803	-1613.60227153	
-5.34710753072	-1613.60227128	
-5.34869357387	-1613.60227103	
-5.35027710548	-1613.60227078	
-5.35185813348	-1613.60227053	
-5.35343666577	-1613.60227028	
-5.35501271022	-1613.60227003	
-5.35658627467	-1613.60226978	
-5.3581573669	-1613.60226953	
-5.35972599468	-1613.60226928	
-5.36129216571	-1613.60226903	
-5.36285588769	-1613.60226879	
-5.36441716825	-1613.60226854	
-5.36597601502	-1613.6022683	
-5.36753243557	-1613.60226805	
-5.36908643744	-1613.60226781	
-5.37063802813	-1613.60226757	
-5.37218721511	-1613.60226733	
-5.37373400583	-1613.60226709	
-5.37527840768	-1613.60226685	
-5.37682042804	-1613.60226661	
-5.37836007422	-1613.60226637	
-5.37989735354	-1613.60226613	
-5.38143227326	-1613.60226589	
-5.38296484061	-1613.60226565	
-5.38449506279	-1613.60226542	
-5.38602294697	-1613.60226518	
-5.38754850028	-1613.60226495	
-5.38907172982	-1613.60226471	
-5.39059264266	-1613.60226448	
-5.39211124583	-1613.60226425	
-5.39362754635	-1613.60226401	
-5.39514155118	-1613.60226378	
-5.39665326727	-1613.60226355	
-5.39816270152	-1613.60226332	
-5.39966986081	-1613.60226309	
-5.40117475199	-1613.60226286	
-5.40267738187	-1613.60226263	
-5.40417775725	-1613.6022624	
-5.40567588487	-1613.60226218	
-5.40717177146	-1613.60226195	
-5.40866542372	-1613.60226172	
-5.4101568483	-1613.6022615	
-5.41164605186	-1613.60226127	
-5.41313304098	-1613.60226105	
-5.41461782224	-1613.60226082	
-5.4161004022	-1613.6022606	
-5.41758078737	-1613.60226038	
-5.41905898424	-1613.60226016	
-5.42053499927	-1613.60225994	
-5.42200883889	-1613.60225972	
-5.4234805095	-1613.6022595	
-5.42495001748	-1613.60225928	
-5.42641736918	-1613.60225906	
-5.4278825709	-1613.60225884	
-5.42934562895	-1613.60225862	
-5.43080654959	-1613.6022584	
-5.43226533906	-1613.60225819	
-5.43372200355	-1613.60225797	
-5.43517654927	-1613.60225776	
-5.43662898235	-1613.60225754	
-5.43807930892	-1613.60225733	
-5.4395275351	-1613.60225711	
-5.44097366695	-1613.6022569	
-5.44241771052	-1613.60225669	
-5.44385967184	-1613.60225648	
-5.4452995569	-1613.60225626	
-5.44673737167	-1613.60225605	
-5.44817312209	-1613.60225584	
-5.44960681409	-1613.60225563	
-5.45103845357	-1613.60225542	
-5.45246804638	-1613.60225522	
-5.45389559837	-1613.60225501	
-5.45532111536	-1613.6022548	
-5.45674460314	-1613.60225459	
-5.45816606749	-1613.60225439	
-5.45958551414	-1613.60225418	
-5.46100294883	-1613.60225398	
-5.46241837723	-1613.60225377	
-5.46383180503	-1613.60225357	
-5.46524323786	-1613.60225336	
-5.46665268137	-1613.60225316	
-5.46806014114	-1613.60225296	
-5.46946562274	-1613.60225275	
-5.47086913175	-1613.60225255	
-5.47227067367	-1613.60225235	
-5.47367025403	-1613.60225215	
-5.47506787829	-1613.60225195	
-5.47646355193	-1613.60225175	
-5.47785728038	-1613.60225155	
-5.47924906905	-1613.60225135	
-5.48063892334	-1613.60225116	
-5.48202684862	-1613.60225096	
-5.48341285022	-1613.60225076	
-5.48479693349	-1613.60225057	
-5.48617910372	-1613.60225037	
-5.48755936619	-1613.60225017	
-5.48893772616	-1613.60224998	
-5.49031418887	-1613.60224978	
-5.49168875953	-1613.60224959	
-5.49306144334	-1613.6022494	
-5.49443224547	-1613.6022492	
-5.49580117108	-1613.60224901	
-5.49716822529	-1613.60224882	
-5.49853341322	-1613.60224863	
-5.49989673995	-1613.60224844	
-5.50125821054	-1613.60224825	
-5.50261783006	-1613.60224806	
-5.50397560352	-1613.60224787	
-5.50533153593	-1613.60224768	
-5.50668563228	-1613.60224749	
-5.50803789753	-1613.6022473	
-5.50938833663	-1613.60224711	
-5.5107369545	-1613.60224692	
-5.51208375605	-1613.60224674	
-5.51342874616	-1613.60224655	
-5.51477192971	-1613.60224637	
-5.51611331154	-1613.60224618	
-5.51745289646	-1613.602246	
-5.51879068931	-1613.60224581	
-5.52012669485	-1613.60224563	
-5.52146091786	-1613.60224544	
-5.5227933631	-1613.60224526	
-5.52412403528	-1613.60224508	
-5.52545293913	-1613.60224489	
-5.52678007934	-1613.60224471	
-5.52810546058	-1613.60224453	
-5.52942908751	-1613.60224435	
-5.53075096477	-1613.60224417	
-5.53207109697	-1613.60224399	
-5.53338948873	-1613.60224381	
-5.53470614461	-1613.60224363	
-5.53602106919	-1613.60224345	
-5.53733426702	-1613.60224327	
-5.53864574262	-1613.6022431	
-5.5399555005	-1613.60224292	
-5.54126354516	-1613.60224274	
-5.54256988107	-1613.60224257	
-5.5438745127	-1613.60224239	
-5.54517744448	-1613.60224221	
-5.54647868084	-1613.60224204	
-5.54777822618	-1613.60224186	
-5.5490760849	-1613.60224169	
-5.55037226136	-1613.60224152	
-5.55166675992	-1613.60224134	
-5.55295958492	-1613.60224117	
-5.55425074069	-1613.602241	
-5.55554023152	-1613.60224082	
-5.5568280617	-1613.60224065	
-5.55811423551	-1613.60224048	
-5.5593987572	-1613.60224031	
-5.56068163102	-1613.60224014	
-5.56196286117	-1613.60223997	
-5.56324245188	-1613.6022398	
-5.56452040732	-1613.60223963	
-5.56579673168	-1613.60223946	
-5.56707142911	-1613.60223929	
-5.56834450376	-1613.60223912	
-5.56961595975	-1613.60223895	
-5.57088580119	-1613.60223879	
-5.57215403218	-1613.60223862	
-5.57342065679	-1613.60223845	
-5.5746856791	-1613.60223829	
-5.57594910315	-1613.60223812	
-5.57721093297	-1613.60223796	
-5.57847117258	-1613.60223779	
-5.57972982599	-1613.60223763	
-5.58098689718	-1613.60223746	
-5.58224239012	-1613.6022373	
-5.58349630878	-1613.60223713	
-5.5847486571	-1613.60223697	
-5.585999439	-1613.60223681	
-5.5872486584	-1613.60223665	
-5.5884963192	-1613.60223648	
-5.58974242528	-1613.60223632	
-5.59098698051	-1613.60223616	
-5.59222998875	-1613.602236	
-5.59347145384	-1613.60223584	
-5.5947113796	-1613.60223568	
-5.59594976985	-1613.60223552	
-5.59718662839	-1613.60223536	
-5.598421959	-1613.6022352	
-5.59965576545	-1613.60223504	
-5.60088805149	-1613.60223488	
-5.60211882088	-1613.60223473	
-5.60334807733	-1613.60223457	
-5.60457582457	-1613.60223441	
-5.6058020663	-1613.60223425	
-5.60702680619	-1613.6022341	
-5.60825004793	-1613.60223394	
-5.60947179518	-1613.60223378	
-5.61069205159	-1613.60223363	
-5.61191082078	-1613.60223347	
-5.61312810639	-1613.60223332	
-5.61434391201	-1613.60223316	
-5.61555824124	-1613.60223301	
-5.61677109767	-1613.60223286	
-5.61798248485	-1613.6022327	
-5.61919240636	-1613.60223255	
-5.62040086572	-1613.6022324	
-5.62160786647	-1613.60223225	
-5.62281341212	-1613.60223209	
-5.62401750619	-1613.60223194	
-5.62522015215	-1613.60223179	
-5.6264213535	-1613.60223164	
-5.62762111369	-1613.60223149	
-5.62881943618	-1613.60223134	
-5.63001632442	-1613.60223119	
-5.63121178182	-1613.60223104	
-5.63240581181	-1613.60223089	
-5.6335984178	-1613.60223074	
-5.63478960317	-1613.60223059	
-5.6359793713	-1613.60223044	
-5.63716772557	-1613.6022303	
-5.63835466933	-1613.60223015	
-5.63954020593	-1613.60223	
-5.64072433869	-1613.60222985	
-5.64190707094	-1613.60222971	
-5.64308840598	-1613.60222956	
-5.64426834712	-1613.60222941	
-5.64544689764	-1613.60222927	
-5.64662406082	-1613.60222912	
-5.64779983991	-1613.60222898	
-5.64897423816	-1613.60222883	
-5.65014725882	-1613.60222869	
-5.65131890512	-1613.60222854	
-5.65248918027	-1613.6022284	
-5.65365808747	-1613.60222826	
-5.65482562993	-1613.60222811	
-5.65599181082	-1613.60222797	
-5.65715663332	-1613.60222783	
-5.65832010058	-1613.60222769	
-5.65948221576	-1613.60222754	
-5.660642982	-1613.6022274	
-5.66180240242	-1613.60222726	
-5.66296048014	-1613.60222712	
-5.66411721826	-1613.60222698	
-5.66527261989	-1613.60222684	
-5.66642668811	-1613.6022267	
-5.66757942599	-1613.60222656	
-5.6687308366	-1613.60222642	
-5.66988092298	-1613.60222628	
-5.67102968818	-1613.60222614	
-5.67217713524	-1613.602226	
-5.67332326717	-1613.60222587	
-5.67446808699	-1613.60222573	
-5.67561159769	-1613.60222559	
-5.67675380227	-1613.60222545	
-5.6778947037	-1613.60222532	
-5.67903430497	-1613.60222518	
-5.68017260902	-1613.60222504	
-5.6813096188	-1613.60222491	
-5.68244533727	-1613.60222477	
-5.68357976734	-1613.60222463	
-5.68471291194	-1613.6022245	
-5.68584477397	-1613.60222436	
-5.68697535634	-1613.60222423	
-5.68810466194	-1613.60222409	
-5.68923269364	-1613.60222396	
-5.69035945432	-1613.60222383	
-5.69148494685	-1613.60222369	
-5.69260917406	-1613.60222356	
-5.6937321388	-1613.60222343	
-5.69485384391	-1613.60222329	
-5.69597429221	-1613.60222316	
-5.69709348651	-1613.60222303	
-5.69821142961	-1613.6022229	
-5.69932812431	-1613.60222277	
-5.70044357339	-1613.60222263	
-5.70155777963	-1613.6022225	
-5.7026707458	-1613.60222237	
-5.70378247466	-1613.60222224	
-5.70489296894	-1613.60222211	
-5.70600223139	-1613.60222198	
-5.70711026475	-1613.60222185	
-5.70821707172	-1613.60222172	
-5.70932265503	-1613.60222159	
-5.71042701737	-1613.60222146	
-5.71153016145	-1613.60222133	
-5.71263208993	-1613.60222121	
-5.71373280551	-1613.60222108	
-5.71483231084	-1613.60222095	
-5.71593060859	-1613.60222082	
-5.71702770141	-1613.60222069	
-5.71812359193	-1613.60222057	
-5.71921828279	-1613.60222044	
-5.72031177661	-1613.60222031	
-5.72140407601	-1613.60222019	
-5.72249518359	-1613.60222006	
-5.72358510195	-1613.60221994	
-5.72467383369	-1613.60221981	
-5.72576138137	-1613.60221969	
-5.72684774759	-1613.60221956	
-5.72793293489	-1613.60221944	
-5.72901694583	-1613.60221931	
-5.73009978297	-1613.60221919	
-5.73118144884	-1613.60221906	
-5.73226194598	-1613.60221894	
-5.7333412769	-1613.60221882	
-5.73441944412	-1613.60221869	
-5.73549645015	-1613.60221857	
-5.73657229748	-1613.60221845	
-5.73764698861	-1613.60221832	
-5.73872052602	-1613.6022182	
-5.73979291218	-1613.60221808	
-5.74086414956	-1613.60221796	
-5.74193424062	-1613.60221784	
-5.74300318781	-1613.60221771	
-5.74407099357	-1613.60221759	
-5.74513766034	-1613.60221747	
-5.74620319054	-1613.60221735	
-5.7472675866	-1613.60221723	
-5.74833085092	-1613.60221711	
-5.74939298591	-1613.60221699	
-5.75045399397	-1613.60221687	
-5.75151387748	-1613.60221675	
-5.75257263883	-1613.60221663	
-5.75363028038	-1613.60221651	
-5.75468680452	-1613.6022164	
-5.75574221359	-1613.60221628	
-5.75679650994	-1613.60221616	
-5.75784969593	-1613.60221604	
-5.75890177388	-1613.60221592	
-5.75995274612	-1613.60221581	
-5.76100261499	-1613.60221569	
-5.76205138278	-1613.60221557	
-5.76309905181	-1613.60221546	
-5.76414562438	-1613.60221534	
-5.76519110278	-1613.60221522	
-5.7662354893	-1613.60221511	
-5.76727878622	-1613.60221499	
-5.76832099579	-1613.60221487	
-5.7693621203	-1613.60221476	
-5.770402162	-1613.60221464	
-5.77144112313	-1613.60221453	
-5.77247900594	-1613.60221441	
-5.77351581267	-1613.6022143	
-5.77455154554	-1613.60221419	
-5.77558620679	-1613.60221407	
-5.77661979861	-1613.60221396	
-5.77765232322	-1613.60221384	
-5.77868378283	-1613.60221373	
-5.77971417962	-1613.60221362	
-5.78074351579	-1613.6022135	
-5.78177179352	-1613.60221339	
-5.78279901497	-1613.60221328	
-5.78382518233	-1613.60221317	
-5.78485029774	-1613.60221305	
-5.78587436337	-1613.60221294	
-5.78689738137	-1613.60221283	
-5.78791935386	-1613.60221272	
-5.788940283	-1613.60221261	
-5.7899601709	-1613.6022125	
-5.79097901969	-1613.60221239	
-5.79199683148	-1613.60221228	
-5.79301360838	-1613.60221217	
-5.7940293525	-1613.60221206	
-5.79504406593	-1613.60221195	
-5.79605775077	-1613.60221184	
-5.79707040908	-1613.60221173	
-5.79808204295	-1613.60221162	
-5.79909265446	-1613.60221151	
-5.80010224566	-1613.6022114	
-5.80111081862	-1613.60221129	
-5.80211837538	-1613.60221118	
-5.80312491799	-1613.60221107	
-5.80413044849	-1613.60221097	
-5.80513496892	-1613.60221086	
-5.80613848129	-1613.60221075	
-5.80714098764	-1613.60221064	
-5.80814248998	-1613.60221054	
-5.80914299031	-1613.60221043	
