#Site	lnL	
0	-1.75955773092
1	-1.82342951146
2	-6.68549277006
3	-5.40642970604
4	-6.52505847517
5	-2.02868543385
6	-1.75955773092
7	-5.17107591581
8	-6.19281376453
9	-1.75014404306
10	-2.21373251097
11	-2.23557245673
12	-1.75014404306
13	-1.82342951146
14	-2.02868543385
15	-6.22888096745
16	-5.59787113295
17	-2.02868543385
18	-10.2037888174
19	-2.21373251097
20	-5.75186871753
21	-1.6087439333
22	-1.81373392741
23	-2.23557245673
24	-1.75955773092
25	-8.04990354694
26	-2.23557245673
27	-2.14280576706
28	-7.16205890454
29	-2.67382647667
30	-7.18917505286
31	-1.6650851001
32	-2.67382647667
33	-5.27686678521
34	-7.68946087335
35	-2.22401436237
36	-2.14280576706
37	-6.49679845368
38	-10.9660252124
39	-1.75014404306
40	-7.21278373772
41	-2.22401436237
42	-1.75014404306
43	-1.82342951146
44	-4.26166815515
45	-6.60865359949
46	-1.81373392741
47	-2.22401436237
48	-1.75014404306
49	-4.72660927085
50	-2.02868543385
51	-1.75014404306
52	-1.6650851001
53	-2.22401436237
54	-1.75955773092
55	-1.81373392741
56	-2.02868543385
57	-4.6135735899
58	-7.0947768363
59	-2.02868543385
60	-1.6087439333
61	-1.6650851001
62	-2.67382647667
63	-1.75014404306
64	-7.69894536018
65	-2.02868543385
66	-1.75014404306
67	-1.6650851001
68	-2.02868543385
69	-1.75014404306
70	-7.0947768363
71	-2.22401436237
72	-1.75955773092
73	-1.82342951146
74	-2.23557245673
75	-2.14280576706
76	-9.49412282818
77	-2.23557245673
78	-1.6087439333
79	-1.6650851001
80	-2.02868543385
81	-1.75955773092
82	-1.6650851001
83	-2.23557245673
84	-5.75518685136
85	-6.03014954444
86	-2.22401436237
87	-1.6087439333
88	-2.21373251097
89	-2.23557245673
90	-1.6087439333
91	-7.68946087335
92	-5.41062668422
93	-11.6218520221
94	-11.8570562613
95	-6.28142432057
96	-1.75014404306
97	-4.81735833445
98	-2.02868543385
99	-6.65225204662
100	-8.46419356618
101	-2.02868543385
102	-1.75014404306
103	-1.6650851001
104	-6.20395612289
105	-1.75955773092
106	-1.81373392741
107	-6.24055380384
108	-7.21828944661
109	-6.44263692435
110	-2.02868543385
111	-5.26925450287
112	-1.6650851001
113	-2.23557245673
114	-1.75014404306
115	-1.81373392741
116	-2.22401436237
117	-4.89874405195
118	-1.81373392741
119	-2.22401436237
120	-1.75955773092
121	-4.72660927085
122	-2.67382647667
123	-1.75955773092
124	-1.81373392741
125	-8.70814509167
126	-2.14280576706
127	-5.49800663585
128	-2.23557245673
129	-2.14280576706
130	-2.21373251097
131	-5.62760301428
132	-6.08671586456
133	-1.6650851001
134	-5.07657007041
135	-1.75014404306
136	-10.3283618213
137	-2.67382647667
138	-9.07225488093
139	-1.6650851001
140	-5.77663115205
141	-1.6087439333
142	-4.81735833445
143	-6.76871534309
144	-7.76408809903
145	-6.44263692435
146	-4.84346465209
147	-1.75955773092
148	-5.95307246992
149	-6.33909863569
150	-1.75955773092
151	-8.4121048205
152	-2.23557245673
153	-5.58650270849
154	-1.6650851001
155	-6.29309416594
156	-6.05214929642
157	-1.81373392741
158	-2.22401436237
159	-1.75014404306
160	-5.53674963173
161	-2.23557245673
162	-1.6087439333
163	-1.82342951146
164	-5.77663115205
165	-5.40642970604
166	-1.82342951146
167	-2.67382647667
168	-1.75014404306
169	-8.38203698887
170	-8.73439383153
171	-8.92805816942
172	-5.31822077059
173	-4.26490271945
174	-1.75955773092
175	-1.82342951146
176	-6.78004368269
177	-1.75014404306
178	-1.6650851001
179	-5.04914902996
180	-1.6087439333
181	-5.31939393486
182	-9.22907320711
183	-1.75955773092
184	-1.6650851001
185	-2.23557245673
186	-7.79361560299
187	-4.52601452712
188	-5.04914902996
189	-1.75014404306
190	-4.72660927085
191	-2.23557245673
192	-1.75014404306
193	-6.48768788542
194	-5.63135978082
195	-1.75955773092
196	-1.81373392741
197	-2.22401436237
198	-5.38433978618
199	-1.6650851001
200	-2.67382647667
201	-5.6815307489
202	-2.21373251097
203	-4.91157794264
204	-4.6135735899
205	-2.21373251097
206	-2.67382647667
207	-1.75014404306
208	-1.6650851001
209	-4.42545864144
210	-6.11247779962
211	-1.6650851001
212	-2.22401436237
213	-7.04250032793
214	-6.51671533153
215	-6.24055380384
216	-1.6087439333
217	-1.81373392741
218	-2.02868543385
219	-2.14280576706
220	-2.21373251097
221	-2.23557245673
222	-1.6087439333
223	-1.6650851001
224	-2.23557245673
225	-2.14280576706
226	-1.6650851001
227	-2.23557245673
228	-2.14280576706
229	-1.81373392741
230	-2.02868543385
231	-1.6087439333
232	-4.81735833445
233	-4.26490271945
234	-2.14280576706
235	-2.21373251097
236	-2.22401436237
237	-5.40642970604
238	-1.81373392741
239	-2.02868543385
240	-5.27686678521
241	-1.82342951146
242	-8.18165041287
243	-1.75955773092
244	-1.6650851001
245	-2.23557245673
246	-2.14280576706
247	-2.21373251097
248	-2.22401436237
249	-8.17511994351
250	-9.49342932123
251	-2.67382647667
252	-1.75955773092
253	-1.82342951146
254	-2.02868543385
255	-5.38596612673
256	-1.81373392741
257	-2.67382647667
258	-1.75014404306
259	-1.82342951146
260	-2.22401436237
261	-5.94189637349
262	-1.81373392741
263	-2.23557245673
264	-1.75955773092
265	-1.82342951146
266	-5.73699355897
267	-2.14280576706
268	-1.81373392741
269	-5.77663115205
270	-6.65225204662
271	-10.7202935394
272	-4.42545864144
273	-6.11247779962
274	-1.81373392741
275	-4.59347788085
276	-6.05214929642
277	-1.81373392741
278	-4.91157794264
279	-2.14280576706
280	-1.81373392741
281	-2.67382647667
282	-2.14280576706
283	-1.82342951146
284	-2.02868543385
285	-2.14280576706
286	-6.45211198119
287	-5.07657007041
288	-1.75014404306
289	-1.81373392741
290	-5.44358841961
291	-11.0759954786
292	-1.6650851001
293	-2.02868543385
294	-1.75955773092
295	-1.81373392741
296	-5.77663115205
297	-6.57564840087
298	-10.8159311319
299	-2.02868543385
300	-1.6087439333
301	-10.7284964176
302	-5.22612983848
303	-2.14280576706
304	-7.06736030293
305	-2.22401436237
306	-1.75014404306
307	-2.21373251097
308	-2.67382647667
309	-1.75955773092
310	-1.6650851001
311	-9.39138000979
312	-1.6087439333
313	-1.81373392741
314	-2.22401436237
315	-5.38596612673
316	-1.81373392741
317	-5.62760301428
318	-1.75014404306
319	-1.82342951146
320	-2.02868543385
321	-2.14280576706
322	-1.81373392741
323	-5.24824592618
324	-6.56873714416
325	-2.21373251097
326	-2.67382647667
327	-2.14280576706
328	-6.02103898646
329	-8.79789035273
330	-1.75955773092
331	-1.82342951146
332	-7.54222722323
333	-5.38596612673
334	-1.81373392741
335	-5.75186871753
336	-4.89874405195
337	-1.6650851001
338	-5.66944676859
339	-1.75955773092
340	-1.6650851001
341	-5.22612983848
342	-1.6087439333
343	-6.02103898646
344	-5.41062668422
345	-2.14280576706
346	-1.6650851001
347	-4.42545864144
348	-1.75014404306
349	-1.81373392741
350	-6.27287021662
351	-2.14280576706
352	-2.21373251097
353	-2.67382647667
354	-1.6087439333
355	-2.21373251097
356	-2.02868543385
357	-1.75014404306
358	-1.6650851001
359	-6.2329415215
360	-8.64388908151
361	-1.82342951146
362	-5.69443748808
363	-1.75014404306
364	-1.6650851001
365	-2.23557245673
366	-1.6087439333
367	-4.72660927085
368	-2.23557245673
369	-2.14280576706
370	-1.6650851001
371	-2.02868543385
372	-1.6087439333
373	-2.21373251097
374	-2.22401436237
375	-1.75955773092
376	-1.6650851001
377	-2.22401436237
378	-1.75014404306
379	-1.6650851001
380	-8.30748945795
381	-1.75955773092
382	-13.3661596455
383	-5.97098426509
384	-9.20961121239
385	-1.81373392741
386	-4.26490271945
387	-10.2545749392
388	-5.66264119073
389	-2.02868543385
390	-2.14280576706
391	-1.82342951146
392	-2.23557245673
393	-1.6087439333
394	-6.03014954444
395	-4.26166815515
396	-1.6087439333
397	-1.6650851001
398	-2.22401436237
399	-1.6087439333
400	-5.21244354265
401	-2.02868543385
402	-1.6087439333
403	-5.49800663585
404	-2.23557245673
405	-7.4687833073
406	-1.6650851001
407	-2.23557245673
408	-1.75014404306
409	-6.03014954444
410	-2.22401436237
411	-15.5198409275
412	-6.01116693419
413	-2.22401436237
414	-7.13639366664
415	-8.5707275445
416	-2.67382647667
417	-1.75955773092
418	-1.81373392741
419	-2.02868543385
420	-1.75955773092
421	-1.82342951146
422	-2.67382647667
423	-1.75955773092
424	-1.6650851001
425	-8.46978890736
426	-1.75955773092
427	-1.82342951146
428	-2.22401436237
429	-1.75014404306
430	-7.69894536018
431	-2.23557245673
432	-1.6087439333
433	-1.6650851001
434	-5.0512424954
435	-8.28480656043
436	-1.81373392741
437	-5.07300509439
438	-1.6087439333
439	-4.52776616994
440	-5.07300509439
441	-10.7607511668
442	-6.05158688259
443	-2.23557245673
444	-1.6087439333
445	-1.81373392741
446	-7.322413021
447	-1.6087439333
448	-10.3996750142
449	-9.27359121501
450	-10.0860709635
451	-10.074450973
452	-2.23557245673
453	-1.6087439333
454	-2.21373251097
455	-2.23557245673
456	-4.81999546593
457	-5.53674963173
458	-6.29309416594
459	-5.40745338111
460	-1.82342951146
461	-9.76924458697
462	-2.14280576706
463	-1.6650851001
464	-2.02868543385
465	-1.75955773092
466	-1.82342951146
467	-7.49611920213
468	-9.1224849274
469	-1.81373392741
470	-4.26166815515
