#Site	lnL	
0	-6.93709826894
1	-1.7655497494
2	-2.76026602161
3	-11.1129560985
4	-1.52431465574
5	-2.38612276112
6	-1.76432668765
7	-1.76942665843
8	-2.76026602161
9	-1.76820153298
10	-6.63159431637
11	-2.75463305666
12	-1.76820153298
13	-6.46272395784
14	-6.0870187323
15	-2.13652967556
16	-2.13791282055
17	-7.55730310375
18	-1.76432668765
19	-6.50844905709
20	-5.58123829217
21	-1.52324438082
22	-4.65158648895
23	-5.15003141157
24	-1.76432668765
25	-5.06791459169
26	-2.75463305666
27	-2.13652967556
28	-1.7655497494
29	-3.26629408482
30	-5.90995199129
31	-1.52431465574
32	-3.26629408482
33	-5.06691561997
34	-6.46653653281
35	-2.76026602161
36	-2.13652967556
37	-1.7655497494
38	-2.75463305666
39	-1.76820153298
40	-2.13791282055
41	-2.76026602161
42	-1.76820153298
43	-1.7655497494
44	-4.28745715681
45	-2.13652967556
46	-1.76942665843
47	-2.76026602161
48	-1.76820153298
49	-4.74007381944
50	-2.38612276112
51	-1.76820153298
52	-1.52431465574
53	-2.76026602161
54	-1.76432668765
55	-1.76942665843
56	-2.38612276112
57	-4.65409162748
58	-1.7655497494
59	-2.38612276112
60	-1.52324438082
61	-1.52431465574
62	-3.26629408482
63	-1.76820153298
64	-7.98181067081
65	-6.59098415899
66	-1.76820153298
67	-1.52431465574
68	-2.38612276112
69	-1.76820153298
70	-1.7655497494
71	-2.76026602161
72	-11.5826089129
73	-1.7655497494
74	-2.75463305666
75	-2.13652967556
76	-7.41091381195
77	-2.75463305666
78	-1.52324438082
79	-7.96984563735
80	-2.38612276112
81	-1.76432668765
82	-1.52431465574
83	-6.09005125767
84	-5.61729029362
85	-1.7655497494
86	-2.76026602161
87	-1.52324438082
88	-2.13791282055
89	-2.75463305666
90	-1.52324438082
91	-1.76942665843
92	-3.26629408482
93	-1.76820153298
94	-7.37594374553
95	-7.06509082175
96	-1.76820153298
97	-4.81690981334
98	-2.38612276112
99	-1.76820153298
100	-1.76942665843
101	-2.38612276112
102	-1.76820153298
103	-1.52431465574
104	-8.64571078844
105	-7.82804482084
106	-7.33097248364
107	-6.43395426172
108	-6.31946291626
109	-1.76942665843
110	-2.38612276112
111	-5.07013677986
112	-1.52431465574
113	-7.95498500475
114	-1.76820153298
115	-1.76942665843
116	-7.85019867219
117	-6.40047602904
118	-1.76942665843
119	-5.86796200245
120	-1.76432668765
121	-4.74007381944
122	-3.26629408482
123	-5.95050736401
124	-1.76942665843
125	-6.0870187323
126	-7.90446642636
127	-1.52431465574
128	-6.35373926549
129	-2.13652967556
130	-2.13791282055
131	-7.61177113474
132	-1.76820153298
133	-1.52431465574
134	-2.75463305666
135	-7.88859365443
136	-1.7655497494
137	-3.26629408482
138	-7.41393853345
139	-1.52431465574
140	-2.38612276112
141	-7.31577927237
142	-4.81690981334
143	-2.76026602161
144	-1.52324438082
145	-8.34640995638
146	-4.51263025799
147	-6.93709826894
148	-1.52431465574
149	-2.75463305666
150	-1.76432668765
151	-5.10467812369
152	-2.75463305666
153	-1.52324438082
154	-1.52431465574
155	-3.26629408482
156	-1.52324438082
157	-1.76942665843
158	-2.76026602161
159	-5.482830667
160	-6.39824988218
161	-2.75463305666
162	-1.52324438082
163	-1.7655497494
164	-2.38612276112
165	-6.31946291626
166	-1.7655497494
167	-3.26629408482
168	-7.96393093719
169	-4.74007381944
170	-2.38612276112
171	-5.10678614416
172	-1.76942665843
173	-8.63194471202
174	-1.76432668765
175	-6.93514831151
176	-2.75463305666
177	-1.76820153298
178	-1.52431465574
179	-8.139417678
180	-1.52324438082
181	-4.65209337834
182	-2.76026602161
183	-1.76432668765
184	-1.52431465574
185	-6.60051634844
186	-1.76820153298
187	-4.65209337834
188	-6.91050420173
189	-1.76820153298
190	-4.74007381944
191	-2.75463305666
192	-1.76820153298
193	-7.92682175956
194	-2.75463305666
195	-1.76432668765
196	-1.76942665843
197	-2.76026602161
198	-1.76820153298
199	-1.52431465574
200	-6.68550825356
201	-7.56601956105
202	-2.13791282055
203	-4.64629163005
204	-1.76432668765
205	-2.13791282055
206	-6.44628688639
207	-1.76820153298
208	-1.52431465574
209	-4.27927236603
210	-6.94095079857
211	-1.52431465574
212	-2.76026602161
213	-1.76432668765
214	-6.63159431637
215	-2.38612276112
216	-1.52324438082
217	-7.82993049663
218	-2.38612276112
219	-6.49437522212
220	-2.13791282055
221	-2.75463305666
222	-1.52324438082
223	-10.1617682789
224	-6.09005125767
225	-2.13652967556
226	-1.52431465574
227	-2.75463305666
228	-2.13652967556
229	-1.76942665843
230	-6.43395426172
231	-1.52324438082
232	-4.81690981334
233	-4.28564942396
234	-2.13652967556
235	-2.13791282055
236	-2.76026602161
237	-7.41393853345
238	-1.76942665843
239	-2.38612276112
240	-9.30532314098
241	-1.7655497494
242	-8.8840124995
243	-1.76432668765
244	-1.52431465574
245	-2.75463305666
246	-2.13652967556
247	-2.13791282055
248	-2.76026602161
249	-1.52324438082
250	-6.26388805982
251	-3.26629408482
252	-7.3338289619
253	-1.7655497494
254	-2.38612276112
255	-1.76432668765
256	-1.76942665843
257	-3.26629408482
258	-1.76820153298
259	-1.7655497494
260	-2.76026602161
261	-1.76432668765
262	-1.76942665843
263	-2.75463305666
264	-6.93709826894
265	-1.7655497494
266	-2.75463305666
267	-6.49437522212
268	-1.76942665843
269	-2.38612276112
270	-1.76820153298
271	-5.61518074479
272	-4.27927236603
273	-7.98828490758
274	-7.98564795158
275	-2.38612276112
276	-5.90995199129
277	-1.76942665843
278	-4.64629163005
279	-2.13652967556
280	-1.76942665843
281	-3.26629408482
282	-6.49437522212
283	-1.7655497494
284	-2.38612276112
285	-2.13652967556
286	-1.7655497494
287	-6.90787475896
288	-7.41393853345
289	-7.88635466076
290	-5.29478663015
291	-1.52324438082
292	-1.52431465574
293	-2.38612276112
294	-1.76432668765
295	-1.76942665843
296	-2.38612276112
297	-1.76820153298
298	-10.9358995025
299	-2.38612276112
300	-1.52324438082
301	-6.39824988218
302	-2.38612276112
303	-6.49437522212
304	-2.13791282055
305	-2.76026602161
306	-7.4551633743
307	-2.13791282055
308	-3.26629408482
309	-1.76432668765
310	-1.52431465574
311	-4.64629163005
312	-1.52324438082
313	-1.76942665843
314	-2.76026602161
315	-1.76432668765
316	-1.76942665843
317	-2.76026602161
318	-1.76820153298
319	-1.7655497494
320	-2.38612276112
321	-2.13652967556
322	-7.33282739785
323	-4.55367852759
324	-2.13652967556
325	-15.7458199445
326	-3.26629408482
327	-2.13652967556
328	-7.98564795158
329	-5.86796200245
330	-6.46471993975
331	-1.7655497494
332	-8.00402925588
333	-1.76432668765
334	-1.76942665843
335	-2.76026602161
336	-7.7893946853
337	-1.52431465574
338	-2.38612276112
339	-1.76432668765
340	-1.52431465574
341	-2.38612276112
342	-1.52324438082
343	-1.76942665843
344	-3.26629408482
345	-2.13652967556
346	-1.52431465574
347	-4.27927236603
348	-5.9543180759
349	-1.76942665843
350	-6.44628688639
351	-5.65530137999
352	-2.13791282055
353	-3.26629408482
354	-1.52324438082
355	-2.13791282055
356	-2.38612276112
357	-1.76820153298
358	-1.52431465574
359	-4.64130480049
360	-11.0264940377
361	-1.7655497494
362	-2.38612276112
363	-1.76820153298
364	-1.52431465574
365	-2.75463305666
366	-1.52324438082
367	-4.74007381944
368	-8.09653826306
369	-2.13652967556
370	-1.52431465574
371	-2.38612276112
372	-1.52324438082
373	-6.63159431637
374	-7.61177113474
375	-1.76432668765
376	-1.52431465574
377	-2.76026602161
378	-1.76820153298
379	-1.52431465574
380	-7.71299593496
381	-1.76432668765
382	-2.13791282055
383	-3.26629408482
384	-7.31904291438
385	-1.76942665843
386	-4.28564942396
387	-5.9543180759
388	-9.17066152792
389	-2.38612276112
390	-2.13652967556
391	-1.7655497494
392	-5.81080094357
393	-1.52324438082
394	-6.74684300105
395	-7.04461145479
396	-6.36860774382
397	-1.52431465574
398	-2.76026602161
399	-1.52324438082
400	-8.91015327669
401	-2.38612276112
402	-1.52324438082
403	-5.56145360715
404	-2.75463305666
405	-2.13652967556
406	-1.52431465574
407	-2.75463305666
408	-1.76820153298
409	-6.31675573046
410	-2.76026602161
411	-1.52324438082
412	-6.93514831151
413	-6.26699259375
414	-2.13652967556
415	-1.7655497494
416	-6.44628688639
417	-1.76432668765
418	-1.76942665843
419	-2.38612276112
420	-6.74895674339
421	-1.7655497494
422	-3.26629408482
423	-1.76432668765
424	-6.72834810539
425	-2.75463305666
426	-5.48222524592
427	-7.29287859791
428	-2.76026602161
429	-1.76820153298
430	-1.7655497494
431	-2.75463305666
432	-11.6508866284
433	-1.52431465574
434	-5.15003141157
435	-9.03280423967
436	-1.76942665843
437	-2.76026602161
438	-1.52324438082
439	-4.65158648895
440	-2.76026602161
441	-4.65358631436
442	-5.56145360715
443	-2.75463305666
444	-1.52324438082
445	-1.76942665843
446	-2.75463305666
447	-1.52324438082
448	-9.57276372562
449	-10.7626898207
450	-5.07013677986
451	-1.7655497494
452	-2.75463305666
453	-1.52324438082
454	-2.13791282055
455	-6.35373926549
456	-7.9902736023
457	-6.88800841975
458	-3.26629408482
459	-1.76432668765
460	-1.7655497494
461	-2.38612276112
462	-2.13652967556
463	-1.52431465574
464	-2.38612276112
465	-1.76432668765
466	-1.7655497494
467	-12.1561208357
468	-1.76820153298
469	-7.82993049663
470	-4.28745715681
