# log_p 	 lnL 	 
0.0	-1606.76510414	
-0.287682072452	-1606.72894281	
-0.510825623766	-1606.64481896	
-0.69314718056	-1606.56236912	
-0.847297860387	-1606.49079284	
-0.980829253012	-1606.43146621	
-1.09861228867	-1606.38406025	
-1.20397280433	-1606.34769864	
-1.29928298413	-1606.32125952	
-1.38629436112	-1606.30352623	
-1.46633706879	-1606.2932878	
-1.54044504095	-1606.2894031	
-1.60943791243	-1606.29083587	
-1.67397643357	-1606.29666893	
-1.73460105539	-1606.30610512	
-1.79175946923	-1606.31846051	
-1.8458266905	-1606.33315379	
-1.89711998489	-1606.34969429	
-1.94591014906	-1606.36767001	
-1.99243016469	-1606.38673644	
-2.03688192726	-1606.40660648	
-2.07944154168	-1606.4270416	
-2.1202635362	-1606.44784424	
-2.15948424935	-1606.46885126	
-2.19722457734	-1606.48992843	
-2.23359222151	-1606.51096573	
-2.26868354132	-1606.53187346	
-2.30258509299	-1606.55257892	
-2.33537491582	-1606.57302363	
-2.36712361413	-1606.59316103	
-2.3978952728	-1606.61295452	
-2.42774823595	-1606.63237581	
-2.45673577282	-1606.65140356	
-2.48490664979	-1606.67002224	
-2.51230562398	-1606.68822113	
-2.53897387106	-1606.70599354	
-2.56494935746	-1606.72333609	
-2.59026716545	-1606.74024814	
-2.61495977804	-1606.75673132	
-2.63905732962	-1606.77278911	
-2.66258782703	-1606.78842648	
-2.68557734525	-1606.80364962	
-2.7080502011	-1606.81846568	
-2.73002910782	-1606.83288257	
-2.75153531304	-1606.84690878	
-2.77258872224	-1606.86055323	
-2.79320800944	-1606.87382516	
-2.81341071676	-1606.88673403	
-2.83321334406	-1606.89928941	
-2.85263142991	-1606.91150094	
-2.87167962488	-1606.92337823	
-2.8903717579	-1606.93493087	
-2.90872089656	-1606.94616831	
-2.92673940207	-1606.95709991	
-2.94443897917	-1606.96773487	
-2.96183072188	-1606.9780822	
-2.97892515524	-1606.98815072	
-2.99573227355	-1606.99794907	
-3.01226157551	-1607.00748564	
-3.02852209638	-1607.01676864	
-3.04452243772	-1607.02580602	
-3.06027079469	-1607.03460553	
-3.07577498123	-1607.04317468	
-3.09104245336	-1607.05152075	
-3.10608033072	-1607.05965081	
-3.12089541651	-1607.06757169	
-3.13549421593	-1607.07529001	
-3.14988295338	-1607.08281217	
-3.16406758837	-1607.09014438	
-3.17805383035	-1607.09729261	
-3.19184715248	-1607.10426265	
-3.20545280454	-1607.11106011	
-3.21887582487	-1607.11769037	
-3.23212105162	-1607.12415865	
-3.24519313319	-1607.13047	
-3.25809653802	-1607.13662927	
-3.2708355638	-1607.14264116	
-3.28341434601	-1607.14851021	
-3.295836866	-1607.1542408	
-3.3081069586	-1607.15983715	
-3.32022831913	-1607.16530333	
-3.33220451018	-1607.17064329	
-3.34403896782	-1607.17586082	
-3.35573500759	-1607.18095961	
-3.36729582999	-1607.18594318	
-3.37872452581	-1607.19081495	
-3.39002408106	-1607.19557824	
-3.40119738166	-1607.20023623	
-3.41224721785	-1607.20479199	
-3.42317628838	-1607.20924851	
-3.43398720449	-1607.21360866	
-3.4446824936	-1607.2178752	
-3.45526460293	-1607.22205082	
-3.4657359028	-1607.22613811	
-3.47609868984	-1607.23013957	
-3.48635519	-1607.23405763	
-3.49650756147	-1607.23789461	
-3.50655789732	-1607.24165278	
-3.51650822817	-1607.24533432	
-3.52636052462	-1607.24894134	
-3.53611669956	-1607.25247589	
-3.54577861047	-1607.25593994	
-3.55534806149	-1607.25933541	
-3.56482680544	-1607.26266413	
-3.57421654579	-1607.26592791	
-3.58351893846	-1607.26912846	
-3.59273559356	-1607.27226747	
-3.60186807712	-1607.27534656	
-3.61091791264	-1607.27836729	
-3.61988658263	-1607.2813312	
-3.62877553004	-1607.28423974	
-3.63758615973	-1607.28709435	
-3.6463198397	-1607.28989641	
-3.65497790244	-1607.29264725	
-3.66356164613	-1607.29534817	
-3.6720723358	-1607.29800043	
-3.68051120444	-1607.30060525	
-3.68887945411	-1607.30316381	
-3.69717825693	-1607.30567725	
-3.70540875607	-1607.30814669	
-3.7135720667	-1607.31057319	
-3.72166927694	-1607.31295781	
-3.72970144863	-1607.31530156	
-3.73766961828	-1607.31760542	
-3.74557479779	-1607.31987034	
-3.75341797525	-1607.32209726	
-3.76120011569	-1607.32428706	
-3.76892216179	-1607.32644063	
-3.77658503453	-1607.32855882	
-3.78418963392	-1607.33064243	
-3.79173683955	-1607.33269228	
-3.79922751128	-1607.33470914	
-3.80666248977	-1607.33669376	
-3.81404259707	-1607.33864688	
-3.82136863716	-1607.34056921	
-3.82864139649	-1607.34246145	
-3.83586164446	-1607.34432425	
-3.84303013394	-1607.34615829	
-3.85014760171	-1607.34796419	
-3.85721476893	-1607.34974258	
-3.86423234159	-1607.35149406	
-3.87120101091	-1607.3532192	
-3.87812145375	-1607.35491859	
-3.88499433304	-1607.35659277	
-3.89182029811	-1607.35824229	
-3.8985999851	-1607.35986767	
-3.90533401728	-1607.36146942	
-3.91202300543	-1607.36304804	
-3.91866754815	-1607.36460401	
-3.92526823218	-1607.3661378	
-3.93182563272	-1607.36764988	
-3.93834031375	-1607.36914069	
-3.94481282825	-1607.37061066	
-3.95124371858	-1607.37206023	
-3.95763351668	-1607.3734898	
-3.96398274436	-1607.37489977	
-3.97029191355	-1607.37629055	
-3.97656152657	-1607.37766251	
-3.98279207632	-1607.37901603	
-3.98898404656	-1607.38035147	
-3.99513791214	-1607.38166918	
-4.00125413916	-1607.38296952	
-4.00733318523	-1607.38425281	
-4.01337549969	-1607.3855194	
-4.01938152375	-1607.38676959	
-4.02535169074	-1607.3880037	
-4.03128642625	-1607.38922205	
-4.03718614838	-1607.39042492	
-4.04305126783	-1607.39161261	
-4.04888218815	-1607.39278541	
-4.05467930583	-1607.39394358	
-4.06044301055	-1607.39508741	
-4.06617368526	-1607.39621715	
-4.07187170637	-1607.39733306	
-4.07753744391	-1607.39843541	
-4.08317126162	-1607.39952442	
-4.08877351717	-1607.40060035	
-4.09434456222	-1607.40166343	
-4.0998847426	-1607.40271388	
-4.10539439841	-1607.40375194	
-4.11087386417	-1607.40477783	
-4.11632346894	-1607.40579174	
-4.12174353641	-1607.40679391	
-4.12713438505	-1607.40778453	
-4.13249632819	-1607.4087638	
-4.13782967416	-1607.40973191	
-4.14313472639	-1607.41068907	
-4.14841178349	-1607.41163546	
-4.15366113938	-1607.41257125	
-4.15888308336	-1607.41349663	
-4.16407790024	-1607.41441178	
-4.1692458704	-1607.41531686	
-4.1743872699	-1607.41621205	
-4.17950237056	-1607.4170975	
-4.18459144007	-1607.41797338	
-4.18965474203	-1607.41883985	
-4.19469253606	-1607.41969706	
-4.19970507788	-1607.42054516	
-4.20469261939	-1607.4213843	
-4.20965540873	-1607.42221462	
-4.21459369037	-1607.42303626	
-4.21950770518	-1607.42384936	
-4.22439769047	-1607.42465407	
-4.22926388012	-1607.4254505	
-4.2341065046	-1607.42623879	
-4.23892579103	-1607.42701908	
-4.2437219633	-1607.42779147	
-4.24849524205	-1607.4285561	
-4.25324584481	-1607.42931309	
-4.257973986	-1607.43006255	
-4.26267987704	-1607.43080459	
-4.26736372635	-1607.43153934	
-4.27202573946	-1607.4322669	
-4.27666611902	-1607.43298737	
-4.28128506487	-1607.43370088	
-4.28588277412	-1607.43440751	
-4.29045944115	-1607.43510737	
-4.29501525768	-1607.43580057	
-4.29955041285	-1607.4364872	
-4.3040650932	-1607.43716735	
-4.30855948279	-1607.43784112	
-4.31303376319	-1607.43850861	
-4.31748811354	-1607.43916991	
-4.3219227106	-1607.43982509	
-4.32633772881	-1607.44047426	
-4.33073334029	-1607.4411175	
-4.33510971489	-1607.44175489	
-4.33946702026	-1607.44238651	
-4.34380542185	-1607.44301245	
-4.348125083	-1607.44363278	
-4.3524261649	-1607.44424759	
-4.35670882669	-1607.44485694	
-4.36097322548	-1607.44546092	
-4.36521951636	-1607.4460596	
-4.36944785247	-1607.44665306	
-4.373658385	-1607.44724135	
-4.37785126326	-1607.44782456	
-4.38202663467	-1607.44840275	
-4.38618464482	-1607.448976	
-4.39032543749	-1607.44954435	
-4.39444915467	-1607.45010789	
-4.39855593663	-1607.45066667	
-4.40264592188	-1607.45122077	
-4.40671924726	-1607.45177023	
-4.41077604796	-1607.45231512	
-4.4148164575	-1607.4528555	
-4.4188406078	-1607.45339143	
-4.42284862919	-1607.45392297	
-4.42684065046	-1607.45445017	
-4.43081679884	-1607.45497309	
-4.43477720006	-1607.45549179	
-4.43872197835	-1607.45600631	
-4.44265125649	-1607.45651671	
-4.44656515581	-1607.45702304	
-4.45046379623	-1607.45752536	
-4.45434729625	-1607.45802371	
-4.45821577303	-1607.45851814	
-4.46206934235	-1607.4590087	
-4.46590811865	-1607.45949545	
-4.46973221509	-1607.45997842	
-4.47354174351	-1607.46045766	
-4.47733681448	-1607.46093322	
-4.48111753732	-1607.46140515	
-4.48488402011	-1607.46187348	
-4.48863636973	-1607.46233826	
-4.49237469184	-1607.46279953	
-4.49609909093	-1607.46325734	
-4.49980967033	-1607.46371172	
-4.50350653221	-1607.46416273	
-4.50718977763	-1607.46461038	
-4.51085950652	-1607.46505474	
-4.51451581772	-1607.46549582	
-4.518158809	-1607.46593368	
-4.52178857705	-1607.46636836	
-4.52540521752	-1607.46679987	
-4.52900882502	-1607.46722827	
-4.53259949315	-1607.46765359	
-4.5361773145	-1607.46807587	
-4.53974238067	-1607.46849513	
-4.54329478227	-1607.46891142	
-4.54683460898	-1607.46932476	
-4.55036194949	-1607.4697352	
-4.5538768916	-1607.47014275	
-4.55737952215	-1607.47054746	
-4.56086992709	-1607.47094936	
-4.56434819147	-1607.47134848	
-4.56781439944	-1607.47174484	
-4.57126863431	-1607.47213848	
-4.5747109785	-1607.47252943	
-4.5781415136	-1607.47291772	
-4.58156032035	-1607.47330337	
-4.58496747867	-1607.47368642	
-4.58836306767	-1607.47406689	
-4.59174716566	-1607.47444482	
-4.59511985013	-1607.47482022	
-4.59848119784	-1607.47519312	
-4.60183128472	-1607.47556356	
-4.60517018599	-1607.47593156	
-4.60849797608	-1607.47629714	
-4.61181472871	-1607.47666032	
-4.61512051684	-1607.47702114	
-4.61841541274	-1607.47737962	
-4.62169948794	-1607.47773579	
-4.62497281328	-1607.47808966	
-4.62823545892	-1607.47844125	
-4.63148749431	-1607.47879061	
-4.63472898823	-1607.47913774	
-4.63796000881	-1607.47948266	
-4.64118062351	-1607.47982542	
-4.64439089914	-1607.48016601	
-4.64759090187	-1607.48050447	
-4.65078069724	-1607.48084081	
-4.65396035016	-1607.48117507	
-4.65712992492	-1607.48150725	
-4.66028948521	-1607.48183738	
-4.66343909411	-1607.48216548	
-4.66657881412	-1607.48249157	
-4.66970870713	-1607.48281567	
-4.67282883446	-1607.4831378	
-4.67593925688	-1607.48345798	
-4.67904003455	-1607.48377623	
-4.68213122712	-1607.48409256	
-4.68521289366	-1607.48440699	
-4.6882850927	-1607.48471955	
-4.69134788223	-1607.48503025	
-4.69440131972	-1607.4853391	
-4.6974454621	-1607.48564614	
-4.70048036579	-1607.48595136	
-4.70350608671	-1607.4862548	
-4.70652268025	-1607.48655646	
-4.70953020131	-1607.48685636	
-4.71252870431	-1607.48715453	
-4.71551824316	-1607.48745097	
-4.7184988713	-1607.48774571	
-4.72147064168	-1607.48803875	
-4.72443360681	-1607.48833012	
-4.72738781871	-1607.48861982	
-4.73033332894	-1607.48890788	
-4.73327018862	-1607.48919431	
-4.73619844839	-1607.48947912	
-4.7391181585	-1607.48976233	
-4.74202936871	-1607.49004396	
-4.74493212836	-1607.49032401	
-4.74782648639	-1607.49060251	
-4.75071249128	-1607.49087946	
-4.75359019111	-1607.49115488	
-4.75645963353	-1607.49142878	
-4.75932086582	-1607.49170118	
-4.7621739348	-1607.49197209	
-4.76501888693	-1607.49224152	
-4.76785576827	-1607.49250949	
-4.77068462447	-1607.492776	
-4.77350550081	-1607.49304108	
-4.77631844218	-1607.49330473	
-4.77912349311	-1607.49356697	
-4.78192069773	-1607.49382781	
-4.78471009982	-1607.49408725	
-4.78749174278	-1607.49434532	
-4.79026566966	-1607.49460202	
-4.79303192316	-1607.49485737	
-4.7957905456	-1607.49511137	
-4.79854157897	-1607.49536405	
-4.80128506491	-1607.4956154	
-4.80402104473	-1607.49586544	
-4.80674955939	-1607.49611419	
-4.8094706495	-1607.49636164	
-4.81218435537	-1607.49660782	
-4.81489071697	-1607.49685274	
-4.81758977394	-1607.4970964	
-4.82028156561	-1607.49733881	
-4.82296613098	-1607.49757999	
-4.82564350875	-1607.49781995	
-4.8283137373	-1607.49805868	
-4.83097685472	-1607.49829622	
-4.83363289878	-1607.49853256	
-4.83628190695	-1607.49876771	
-4.83892391641	-1607.49900169	
-4.84155896405	-1607.4992345	
-4.84418708646	-1607.49946615	
-4.84680831994	-1607.49969666	
-4.84942270051	-1607.49992602	
-4.85203026392	-1607.50015426	
-4.85463104562	-1607.50038138	
-4.8572250808	-1607.50060738	
-4.85981240436	-1607.50083228	
-4.86239305096	-1607.50105609	
-4.86496705495	-1607.50127881	
-4.86753445046	-1607.50150045	
-4.87009527132	-1607.50172103	
-4.87264955112	-1607.50194054	
-4.8751973232	-1607.502159	
-4.87773862063	-1607.50237641	
-4.88027347623	-1607.50259279	
-4.88280192259	-1607.50280814	
-4.88532399202	-1607.50302248	
-4.88783971662	-1607.50323579	
-4.89034912822	-1607.5034481	
-4.89285225844	-1607.50365942	
-4.89534913864	-1607.50386974	
-4.89783979995	-1607.50407908	
-4.90032427328	-1607.50428745	
-4.90280258929	-1607.50449485	
-4.90527477844	-1607.50470129	
-4.90774087093	-1607.50490677	
-4.91020089677	-1607.50511131	
-4.91265488574	-1607.50531491	
-4.91510286737	-1607.50551757	
-4.91754487103	-1607.50571931	
-4.91998092583	-1607.50592014	
-4.92241106068	-1607.50612004	
-4.92483530429	-1607.50631905	
-4.92725368516	-1607.50651715	
-4.92966623156	-1607.50671436	
-4.93207297159	-1607.50691069	
-4.93447393313	-1607.50710614	
-4.93686914386	-1607.50730071	
-4.93925863125	-1607.50749442	
-4.94164242261	-1607.50768726	
-4.94402054501	-1607.50787925	
-4.94639302537	-1607.5080704	
-4.94875989038	-1607.5082607	
-4.95112116656	-1607.50845016	
-4.95347688026	-1607.50863879	
-4.9558270576	-1607.5088266	
-4.95817172456	-1607.50901359	
-4.96051090691	-1607.50919976	
-4.96284463026	-1607.50938513	
-4.96517292002	-1607.5095697	
-4.96749580144	-1607.50975347	
-4.96981329958	-1607.50993644	
-4.97212543933	-1607.51011864	
-4.97443224543	-1607.51030005	
-4.97673374242	-1607.51048069	
-4.97902995468	-1607.51066056	
-4.98132090643	-1607.51083966	
-4.98360662171	-1607.511018	
-4.98588712441	-1607.5111956	
-4.98816243824	-1607.51137244	
-4.99043258678	-1607.51154854	
-4.99269759341	-1607.5117239	
-4.99495748138	-1607.51189852	
-4.99721227376	-1607.51207242	
-4.9994619935	-1607.5122456	
-5.00170666335	-1607.51241805	
-5.00394630595	-1607.51258979	
-5.00618094375	-1607.51276082	
-5.00841059907	-1607.51293115	
-5.0106352941	-1607.51310078	
-5.01285505083	-1607.51326971	
-5.01506989116	-1607.51343795	
-5.01727983681	-1607.5136055	
-5.01948490937	-1607.51377237	
-5.02168513028	-1607.51393856	
-5.02388052085	-1607.51410408	
-5.02607110223	-1607.51426893	
-5.02825689545	-1607.51443312	
-5.03043792139	-1607.51459665	
-5.03261420082	-1607.51475952	
-5.03478575433	-1607.51492174	
-5.03695260241	-1607.51508331	
-5.03911476542	-1607.51524424	
-5.04127226356	-1607.51540452	
-5.04342511692	-1607.51556418	
-5.04557334546	-1607.5157232	
-5.047716969	-1607.51588159	
-5.04985600725	-1607.51603937	
-5.05199047978	-1607.51619652	
-5.05412040604	-1607.51635305	
-5.05624580535	-1607.51650898	
-5.05836669692	-1607.51666429	
-5.06048309982	-1607.51681901	
-5.06259503303	-1607.51697312	
-5.06470251537	-1607.51712664	
-5.06680556556	-1607.51727956	
-5.06890420222	-1607.51743189	
-5.07099844382	-1607.51758364	
-5.07308830874	-1607.51773481	
-5.07517381523	-1607.51788539	
-5.07725498144	-1607.51803541	
-5.07933182538	-1607.51818485	
-5.08140436498	-1607.51833372	
-5.08347261805	-1607.51848203	
-5.08553660227	-1607.51862978	
-5.08759633523	-1607.51877697	
-5.08965183441	-1607.5189236	
-5.09170311719	-1607.51906969	
-5.09375020081	-1607.51921522	
-5.09579310244	-1607.51936021	
-5.09783183913	-1607.51950466	
-5.09986642782	-1607.51964858	
-5.10189688537	-1607.51979196	
-5.10392322852	-1607.5199348	
-5.1059454739	-1607.52007712	
-5.10796363806	-1607.52021891	
-5.10997773743	-1607.52036018	
-5.11198778836	-1607.52050093	
-5.11399380708	-1607.52064117	
-5.11599580975	-1607.52078089	
-5.11799381242	-1607.5209201	
-5.11998783102	-1607.52105881	
-5.12197788143	-1607.52119701	
-5.1239639794	-1607.5213347	
-5.12594614061	-1607.52147191	
-5.12792438062	-1607.52160861	
-5.12989871492	-1607.52174482	
-5.13186915891	-1607.52188054	
-5.13383572788	-1607.52201578	
-5.13579843705	-1607.52215053	
-5.13775730154	-1607.5222848	
-5.13971233637	-1607.52241859	
-5.1416635565	-1607.5225519	
-5.14361097679	-1607.52268474	
-5.145554612	-1607.52281711	
-5.14749447681	-1607.52294901	
-5.14943058584	-1607.52308045	
-5.15136295359	-1607.52321142	
-5.1532915945	-1607.52334194	
-5.15521652291	-1607.52347199	
-5.15713775309	-1607.52360159	
-5.15905529921	-1607.52373074	
-5.1609691754	-1607.52385944	
-5.16287939565	-1607.52398769	
-5.16478597392	-1607.52411549	
-5.16668892407	-1607.52424285	
-5.16858825987	-1607.52436977	
-5.17048399504	-1607.52449626	
-5.17237614319	-1607.52462231	
-5.17426471788	-1607.52474792	
-5.17614973257	-1607.52487311	
-5.17803120067	-1607.52499786	
-5.1799091355	-1607.52512219	
-5.18178355029	-1607.5252461	
-5.18365445823	-1607.52536958	
-5.1855218724	-1607.52549265	
-5.18738580584	-1607.5256153	
-5.18924627149	-1607.52573753	
-5.19110328224	-1607.52585935	
-5.19295685089	-1607.52598077	
-5.19480699018	-1607.52610177	
-5.19665371277	-1607.52622237	
-5.19849703127	-1607.52634256	
-5.20033695819	-1607.52646235	
-5.202173506	-1607.52658174	
-5.20400668708	-1607.52670074	
-5.20583651375	-1607.52681934	
-5.20766299828	-1607.52693755	
-5.20948615284	-1607.52705536	
-5.21130598956	-1607.52717279	
-5.21312252048	-1607.52728983	
-5.21493575761	-1607.52740648	
-5.21674571285	-1607.52752276	
-5.21855239808	-1607.52763865	
-5.22035582508	-1607.52775416	
-5.22215600558	-1607.52786929	
-5.22395295126	-1607.52798405	
-5.22574667371	-1607.52809844	
-5.22753718449	-1607.52821245	
-5.22932449506	-1607.5283261	
-5.23110861685	-1607.52843938	
-5.23288956123	-1607.52855229	
-5.23466733947	-1607.52866484	
-5.23644196283	-1607.52877702	
-5.23821344248	-1607.52888885	
-5.23998178954	-1607.52900032	
-5.24174701506	-1607.52911143	
-5.24350913005	-1607.52922219	
-5.24526814546	-1607.52933259	
-5.24702407216	-1607.52944265	
-5.24877692099	-1607.52955235	
-5.25052670271	-1607.52966171	
-5.25227342805	-1607.52977072	
-5.25401710765	-1607.52987939	
-5.25575775213	-1607.52998771	
-5.25749537203	-1607.53009569	
-5.25922997784	-1607.53020334	
-5.26096158	-1607.53031065	
-5.2626901889	-1607.53041762	
-5.26441581487	-1607.53052426	
-5.26613846818	-1607.53063056	
-5.26785815906	-1607.53073654	
-5.26957489768	-1607.53084218	
-5.27128869416	-1607.5309475	
-5.27299955856	-1607.53105249	
-5.27470750091	-1607.53115716	
-5.27641253116	-1607.53126151	
-5.27811465923	-1607.53136553	
-5.27981389498	-1607.53146924	
-5.28151024823	-1607.53157262	
-5.28320372874	-1607.53167569	
-5.28489434622	-1607.53177845	
-5.28658211033	-1607.53188089	
-5.28826703069	-1607.53198302	
-5.28994911688	-1607.53208484	
-5.2916283784	-1607.53218635	
-5.29330482472	-1607.53228756	
-5.29497846528	-1607.53238845	
-5.29664930945	-1607.53248905	
-5.29831736655	-1607.53258934	
-5.29998264587	-1607.53268932	
-5.30164515664	-1607.53278901	
-5.30330490806	-1607.5328884	
-5.30496190927	-1607.53298749	
-5.30661616936	-1607.53308629	
-5.3082676974	-1607.53318479	
-5.30991650239	-1607.533283	
-5.3115625933	-1607.53338091	
-5.31320597904	-1607.53347854	
-5.3148466685	-1607.53357587	
-5.3164846705	-1607.53367292	
-5.31811999384	-1607.53376968	
-5.31975264727	-1607.53386616	
-5.32138263948	-1607.53396235	
-5.32300997914	-1607.53405826	
-5.32463467487	-1607.53415389	
-5.32625673524	-1607.53424924	
-5.32787616879	-1607.53434431	
-5.32949298402	-1607.53443911	
-5.33110718937	-1607.53453362	
-5.33271879327	-1607.53462787	
-5.33432780407	-1607.53472184	
-5.33593423012	-1607.53481553	
-5.3375380797	-1607.53490896	
-5.33913936107	-1607.53500212	
-5.34073808243	-1607.535095	
-5.34233425196	-1607.53518762	
-5.3439278778	-1607.53527998	
-5.34551896803	-1607.53537206	
-5.34710753072	-1607.53546389	
-5.34869357387	-1607.53555545	
-5.35027710548	-1607.53564675	
-5.35185813348	-1607.53573779	
-5.35343666577	-1607.53582858	
-5.35501271022	-1607.5359191	
-5.35658627467	-1607.53600937	
-5.3581573669	-1607.53609938	
-5.35972599468	-1607.53618913	
-5.36129216571	-1607.53627864	
-5.36285588769	-1607.53636789	
-5.36441716825	-1607.53645689	
-5.36597601502	-1607.53654564	
-5.36753243557	-1607.53663414	
-5.36908643744	-1607.53672239	
-5.37063802813	-1607.5368104	
-5.37218721511	-1607.53689816	
-5.37373400583	-1607.53698568	
-5.37527840768	-1607.53707295	
-5.37682042804	-1607.53715998	
-5.37836007422	-1607.53724677	
-5.37989735354	-1607.53733332	
-5.38143227326	-1607.53741962	
-5.38296484061	-1607.5375057	
-5.38449506279	-1607.53759153	
-5.38602294697	-1607.53767713	
-5.38754850028	-1607.53776249	
-5.38907172982	-1607.53784762	
-5.39059264266	-1607.53793251	
-5.39211124583	-1607.53801717	
-5.39362754635	-1607.5381016	
-5.39514155118	-1607.53818581	
-5.39665326727	-1607.53826978	
-5.39816270152	-1607.53835352	
-5.39966986081	-1607.53843704	
-5.40117475199	-1607.53852033	
-5.40267738187	-1607.53860339	
-5.40417775725	-1607.53868623	
-5.40567588487	-1607.53876885	
-5.40717177146	-1607.53885124	
-5.40866542372	-1607.53893342	
-5.4101568483	-1607.53901537	
-5.41164605186	-1607.5390971	
-5.41313304098	-1607.53917861	
-5.41461782224	-1607.53925991	
-5.4161004022	-1607.53934099	
-5.41758078737	-1607.53942185	
-5.41905898424	-1607.5395025	
-5.42053499927	-1607.53958293	
-5.42200883889	-1607.53966315	
-5.4234805095	-1607.53974316	
-5.42495001748	-1607.53982295	
-5.42641736918	-1607.53990254	
-5.4278825709	-1607.53998191	
-5.42934562895	-1607.54006108	
-5.43080654959	-1607.54014003	
-5.43226533906	-1607.54021878	
-5.43372200355	-1607.54029733	
-5.43517654927	-1607.54037567	
-5.43662898235	-1607.5404538	
-5.43807930892	-1607.54053173	
-5.4395275351	-1607.54060945	
-5.44097366695	-1607.54068698	
-5.44241771052	-1607.5407643	
-5.44385967184	-1607.54084142	
-5.4452995569	-1607.54091834	
-5.44673737167	-1607.54099507	
-5.44817312209	-1607.54107159	
-5.44960681409	-1607.54114792	
-5.45103845357	-1607.54122405	
-5.45246804638	-1607.54129998	
-5.45389559837	-1607.54137572	
-5.45532111536	-1607.54145127	
-5.45674460314	-1607.54152662	
-5.45816606749	-1607.54160178	
-5.45958551414	-1607.54167675	
-5.46100294883	-1607.54175152	
-5.46241837723	-1607.54182611	
-5.46383180503	-1607.54190051	
-5.46524323786	-1607.54197471	
-5.46665268137	-1607.54204873	
-5.46806014114	-1607.54212256	
-5.46946562274	-1607.54219621	
-5.47086913175	-1607.54226967	
-5.47227067367	-1607.54234294	
-5.47367025403	-1607.54241603	
-5.47506787829	-1607.54248893	
-5.47646355193	-1607.54256166	
-5.47785728038	-1607.5426342	
-5.47924906905	-1607.54270655	
-5.48063892334	-1607.54277873	
-5.48202684862	-1607.54285073	
-5.48341285022	-1607.54292254	
-5.48479693349	-1607.54299418	
-5.48617910372	-1607.54306564	
-5.48755936619	-1607.54313693	
-5.48893772616	-1607.54320803	
-5.49031418887	-1607.54327896	
-5.49168875953	-1607.54334972	
-5.49306144334	-1607.5434203	
-5.49443224547	-1607.5434907	
-5.49580117108	-1607.54356093	
-5.49716822529	-1607.54363099	
-5.49853341322	-1607.54370088	
-5.49989673995	-1607.5437706	
-5.50125821054	-1607.54384014	
-5.50261783006	-1607.54390952	
-5.50397560352	-1607.54397872	
-5.50533153593	-1607.54404776	
-5.50668563228	-1607.54411663	
-5.50803789753	-1607.54418533	
-5.50938833663	-1607.54425387	
-5.5107369545	-1607.54432223	
-5.51208375605	-1607.54439044	
-5.51342874616	-1607.54445847	
-5.51477192971	-1607.54452635	
-5.51611331154	-1607.54459406	
-5.51745289646	-1607.5446616	
-5.51879068931	-1607.54472898	
-5.52012669485	-1607.54479621	
-5.52146091786	-1607.54486327	
-5.5227933631	-1607.54493017	
-5.52412403528	-1607.5449969	
-5.52545293913	-1607.54506348	
-5.52678007934	-1607.5451299	
-5.52810546058	-1607.54519617	
-5.52942908751	-1607.54526227	
-5.53075096477	-1607.54532822	
-5.53207109697	-1607.54539401	
-5.53338948873	-1607.54545964	
-5.53470614461	-1607.54552512	
-5.53602106919	-1607.54559045	
-5.53733426702	-1607.54565562	
-5.53864574262	-1607.54572063	
-5.5399555005	-1607.54578549	
-5.54126354516	-1607.5458502	
-5.54256988107	-1607.54591476	
-5.5438745127	-1607.54597917	
-5.54517744448	-1607.54604342	
-5.54647868084	-1607.54610753	
-5.54777822618	-1607.54617148	
-5.5490760849	-1607.54623529	
-5.55037226136	-1607.54629895	
-5.55166675992	-1607.54636245	
-5.55295958492	-1607.54642581	
-5.55425074069	-1607.54648903	
-5.55554023152	-1607.54655209	
-5.5568280617	-1607.54661502	
-5.55811423551	-1607.54667779	
-5.5593987572	-1607.54674042	
-5.56068163102	-1607.54680291	
-5.56196286117	-1607.54686525	
-5.56324245188	-1607.54692744	
-5.56452040732	-1607.5469895	
-5.56579673168	-1607.54705141	
-5.56707142911	-1607.54711318	
-5.56834450376	-1607.54717481	
-5.56961595975	-1607.5472363	
-5.57088580119	-1607.54729764	
-5.57215403218	-1607.54735885	
-5.57342065679	-1607.54741992	
-5.5746856791	-1607.54748085	
-5.57594910315	-1607.54754164	
-5.57721093297	-1607.54760229	
-5.57847117258	-1607.5476628	
-5.57972982599	-1607.54772318	
-5.58098689718	-1607.54778342	
-5.58224239012	-1607.54784352	
-5.58349630878	-1607.54790349	
-5.5847486571	-1607.54796333	
-5.585999439	-1607.54802303	
-5.5872486584	-1607.54808259	
-5.5884963192	-1607.54814202	
-5.58974242528	-1607.54820132	
-5.59098698051	-1607.54826048	
-5.59222998875	-1607.54831951	
-5.59347145384	-1607.54837841	
-5.5947113796	-1607.54843718	
-5.59594976985	-1607.54849582	
-5.59718662839	-1607.54855433	
-5.598421959	-1607.5486127	
-5.59965576545	-1607.54867095	
-5.60088805149	-1607.54872907	
-5.60211882088	-1607.54878706	
-5.60334807733	-1607.54884492	
-5.60457582457	-1607.54890265	
-5.6058020663	-1607.54896026	
-5.60702680619	-1607.54901774	
-5.60825004793	-1607.54907509	
-5.60947179518	-1607.54913231	
-5.61069205159	-1607.54918941	
-5.61191082078	-1607.54924639	
-5.61312810639	-1607.54930324	
-5.61434391201	-1607.54935996	
-5.61555824124	-1607.54941656	
-5.61677109767	-1607.54947304	
-5.61798248485	-1607.5495294	
-5.61919240636	-1607.54958563	
-5.62040086572	-1607.54964174	
-5.62160786647	-1607.54969772	
-5.62281341212	-1607.54975359	
-5.62401750619	-1607.54980933	
-5.62522015215	-1607.54986496	
-5.6264213535	-1607.54992046	
-5.62762111369	-1607.54997584	
-5.62881943618	-1607.55003111	
-5.63001632442	-1607.55008625	
-5.63121178182	-1607.55014128	
-5.63240581181	-1607.55019618	
-5.6335984178	-1607.55025097	
-5.63478960317	-1607.55030564	
-5.6359793713	-1607.5503602	
-5.63716772557	-1607.55041464	
-5.63835466933	-1607.55046896	
-5.63954020593	-1607.55052316	
-5.64072433869	-1607.55057725	
-5.64190707094	-1607.55063123	
-5.64308840598	-1607.55068509	
-5.64426834712	-1607.55073883	
-5.64544689764	-1607.55079246	
-5.64662406082	-1607.55084598	
-5.64779983991	-1607.55089938	
-5.64897423816	-1607.55095267	
-5.65014725882	-1607.55100585	
-5.65131890512	-1607.55105892	
-5.65248918027	-1607.55111187	
-5.65365808747	-1607.55116471	
-5.65482562993	-1607.55121745	
-5.65599181082	-1607.55127007	
-5.65715663332	-1607.55132258	
-5.65832010058	-1607.55137498	
-5.65948221576	-1607.55142727	
-5.660642982	-1607.55147945	
-5.66180240242	-1607.55153152	
-5.66296048014	-1607.55158348	
-5.66411721826	-1607.55163533	
-5.66527261989	-1607.55168708	
-5.66642668811	-1607.55173872	
-5.66757942599	-1607.55179025	
-5.6687308366	-1607.55184167	
-5.66988092298	-1607.55189299	
-5.67102968818	-1607.5519442	
-5.67217713524	-1607.55199531	
-5.67332326717	-1607.55204631	
-5.67446808699	-1607.5520972	
-5.67561159769	-1607.55214799	
-5.67675380227	-1607.55219868	
-5.6778947037	-1607.55224926	
-5.67903430497	-1607.55229973	
-5.68017260902	-1607.55235011	
-5.6813096188	-1607.55240038	
-5.68244533727	-1607.55245054	
-5.68357976734	-1607.55250061	
-5.68471291194	-1607.55255057	
-5.68584477397	-1607.55260043	
-5.68697535634	-1607.55265019	
-5.68810466194	-1607.55269985	
-5.68923269364	-1607.5527494	
-5.69035945432	-1607.55279886	
-5.69148494685	-1607.55284821	
-5.69260917406	-1607.55289746	
-5.6937321388	-1607.55294662	
-5.69485384391	-1607.55299567	
-5.69597429221	-1607.55304463	
-5.69709348651	-1607.55309349	
-5.69821142961	-1607.55314225	
-5.69932812431	-1607.55319091	
-5.70044357339	-1607.55323947	
-5.70155777963	-1607.55328793	
-5.7026707458	-1607.5533363	
-5.70378247466	-1607.55338457	
-5.70489296894	-1607.55343275	
-5.70600223139	-1607.55348082	
-5.70711026475	-1607.5535288	
-5.70821707172	-1607.55357669	
-5.70932265503	-1607.55362448	
-5.71042701737	-1607.55367217	
-5.71153016145	-1607.55371977	
-5.71263208993	-1607.55376728	
-5.71373280551	-1607.55381469	
-5.71483231084	-1607.553862	
-5.71593060859	-1607.55390923	
-5.71702770141	-1607.55395636	
-5.71812359193	-1607.55400339	
-5.71921828279	-1607.55405033	
-5.72031177661	-1607.55409718	
-5.72140407601	-1607.55414394	
-5.72249518359	-1607.55419061	
-5.72358510195	-1607.55423718	
-5.72467383369	-1607.55428366	
-5.72576138137	-1607.55433005	
-5.72684774759	-1607.55437635	
-5.72793293489	-1607.55442256	
-5.72901694583	-1607.55446868	
-5.73009978297	-1607.55451471	
-5.73118144884	-1607.55456065	
-5.73226194598	-1607.5546065	
-5.7333412769	-1607.55465226	
-5.73441944412	-1607.55469793	
-5.73549645015	-1607.55474351	
-5.73657229748	-1607.554789	
-5.73764698861	-1607.55483441	
-5.73872052602	-1607.55487972	
-5.73979291218	-1607.55492495	
-5.74086414956	-1607.55497009	
-5.74193424062	-1607.55501515	
-5.74300318781	-1607.55506011	
-5.74407099357	-1607.55510499	
-5.74513766034	-1607.55514979	
-5.74620319054	-1607.5551945	
-5.7472675866	-1607.55523912	
-5.74833085092	-1607.55528365	
-5.74939298591	-1607.5553281	
-5.75045399397	-1607.55537247	
-5.75151387748	-1607.55541675	
-5.75257263883	-1607.55546094	
-5.75363028038	-1607.55550505	
-5.75468680452	-1607.55554908	
-5.75574221359	-1607.55559302	
-5.75679650994	-1607.55563688	
-5.75784969593	-1607.55568066	
-5.75890177388	-1607.55572435	
-5.75995274612	-1607.55576796	
-5.76100261499	-1607.55581148	
-5.76205138278	-1607.55585493	
-5.76309905181	-1607.55589829	
-5.76414562438	-1607.55594157	
-5.76519110278	-1607.55598477	
-5.7662354893	-1607.55602788	
-5.76727878622	-1607.55607092	
-5.76832099579	-1607.55611387	
-5.7693621203	-1607.55615674	
-5.770402162	-1607.55619954	
-5.77144112313	-1607.55624225	
-5.77247900594	-1607.55628488	
-5.77351581267	-1607.55632743	
-5.77455154554	-1607.5563699	
-5.77558620679	-1607.55641229	
-5.77661979861	-1607.55645461	
-5.77765232322	-1607.55649684	
-5.77868378283	-1607.556539	
-5.77971417962	-1607.55658107	
-5.78074351579	-1607.55662307	
-5.78177179352	-1607.55666499	
-5.78279901497	-1607.55670683	
-5.78382518233	-1607.5567486	
-5.78485029774	-1607.55679029	
-5.78587436337	-1607.5568319	
-5.78689738137	-1607.55687343	
-5.78791935386	-1607.55691489	
-5.788940283	-1607.55695626	
-5.7899601709	-1607.55699757	
-5.79097901969	-1607.55703879	
-5.79199683148	-1607.55707995	
-5.79301360838	-1607.55712102	
-5.7940293525	-1607.55716202	
-5.79504406593	-1607.55720295	
-5.79605775077	-1607.55724379	
-5.79707040908	-1607.55728457	
-5.79808204295	-1607.55732527	
-5.79909265446	-1607.55736589	
-5.80010224566	-1607.55740645	
-5.80111081862	-1607.55744692	
-5.80211837538	-1607.55748733	
-5.80312491799	-1607.55752766	
-5.80413044849	-1607.55756791	
-5.80513496892	-1607.55760809	
-5.80613848129	-1607.5576482	
-5.80714098764	-1607.55768824	
-5.80814248998	-1607.55772821	
-5.80914299031	-1607.5577681	
