#Site	lnL	
0	-6.14917472048
1	-2.10027669833
2	-1.9520271813
3	-1.87484503119
4	-2.20942303765
5	-11.7679587959
6	-6.08645706145
7	-2.20942303765
8	-5.66176561527
9	-1.95759503791
10	-5.77290445832
11	-2.38474777108
12	-4.89656258627
13	-6.56203068103
14	-1.9520271813
15	-1.95759503791
16	-6.09977002442
17	-6.01255041528
18	-2.39096299192
19	-2.20942303765
20	-6.89291642403
21	-1.95759503791
22	-2.20942303765
23	-10.1551508715
24	-1.99369550633
25	-2.25000786123
26	-5.21897702026
27	-1.95759503791
28	-5.73442207407
29	-1.9520271813
30	-5.5539111643
31	-2.67303472896
32	-6.42305947589
33	-1.99369550633
34	-8.95594131415
35	-1.98802986018
36	-2.39096299192
37	-7.02865400085
38	-1.86986398582
39	-1.99369550633
40	-2.20942303765
41	-6.4929741301
42	-1.95759503791
43	-4.89931461778
44	-5.66176561527
45	-1.99369550633
46	-8.46032208509
47	-1.86986398582
48	-1.87484503119
49	-2.25000786123
50	-5.66176561527
51	-1.87484503119
52	-2.67303472896
53	-6.4929741301
54	-8.69089818225
55	-2.10027669833
56	-8.73922328446
57	-1.99369550633
58	-2.67303472896
59	-5.66176561527
60	-5.58620442547
61	-2.20942303765
62	-1.98802986018
63	-1.87484503119
64	-2.20942303765
65	-1.98802986018
66	-2.39096299192
67	-11.2821123653
68	-5.26263599475
69	-1.87484503119
70	-5.7957740747
71	-1.86986398582
72	-1.87484503119
73	-2.25000786123
74	-5.73468794644
75	-2.39096299192
76	-2.25000786123
77	-1.98802986018
78	-1.87484503119
79	-6.07639131439
80	-1.86986398582
81	-1.99369550633
82	-5.33764865592
83	-5.26263599475
84	-6.44762232593
85	-2.20942303765
86	-1.86986398582
87	-6.41531683159
88	-2.20942303765
89	-5.21897702026
90	-1.87484503119
91	-2.67303472896
92	-1.86986398582
93	-1.87484503119
94	-2.25000786123
95	-2.38474777108
96	-7.34872682018
97	-2.25000786123
98	-1.9520271813
99	-1.87484503119
100	-10.3370095756
101	-5.66176561527
102	-1.95759503791
103	-2.25000786123
104	-1.9520271813
105	-1.95759503791
106	-2.25000786123
107	-2.38474777108
108	-1.95759503791
109	-2.67303472896
110	-2.38474777108
111	-1.95759503791
112	-2.25000786123
113	-1.9520271813
114	-1.95759503791
115	-5.8667220614
116	-5.21897702026
117	-1.95759503791
118	-2.20942303765
119	-2.38474777108
120	-1.95759503791
121	-2.67303472896
122	-1.86986398582
123	-1.87484503119
124	-7.24173634286
125	-5.66176561527
126	-1.87484503119
127	-2.25000786123
128	-6.89291642403
129	-14.9956207303
130	-6.15270157467
131	-5.51430736382
132	-1.87484503119
133	-6.09977002442
134	-5.21897702026
135	-5.50348755905
136	-12.016714302
137	-1.9520271813
138	-1.87484503119
139	-2.20942303765
140	-6.89291642403
141	-1.95759503791
142	-5.58653559395
143	-6.09702141767
144	-5.5539111643
145	-4.89286191907
146	-1.9520271813
147	-1.99369550633
148	-8.05681571305
149	-6.08352140793
150	-1.87484503119
151	-12.7872835416
152	-4.91223818328
153	-6.91979405309
154	-2.20942303765
155	-1.98802986018
156	-6.14321128376
157	-6.63321120164
158	-1.9520271813
159	-1.99369550633
160	-4.59973447963
161	-6.08352140793
162	-1.87484503119
163	-8.25244992835
164	-6.15883792551
165	-1.87484503119
166	-8.69850419284
167	-1.9520271813
168	-5.72500808313
169	-10.851147801
170	-1.9520271813
171	-5.65120125905
172	-2.20942303765
173	-2.38474777108
174	-2.39096299192
175	-8.69850419284
176	-1.98802986018
177	-1.99369550633
178	-2.10027669833
179	-1.9520271813
180	-5.72500808313
181	-6.12362332208
182	-1.98802986018
183	-1.99369550633
184	-2.20942303765
185	-1.98802986018
186	-6.48302298519
187	-2.25000786123
188	-1.9520271813
189	-1.95759503791
190	-5.33764865592
191	-8.62426056465
192	-6.41249938394
193	-2.10027669833
194	-5.96351895595
195	-6.07431961217
196	-2.25000786123
197	-6.42305947589
198	-2.39096299192
199	-2.67303472896
200	-5.21507122956
201	-1.95759503791
202	-5.70120164069
203	-1.9520271813
204	-8.80989296725
205	-2.67303472896
206	-5.21897702026
207	-1.95759503791
208	-4.86473437104
209	-9.71877592416
210	-1.87484503119
211	-2.25000786123
212	-17.1696986462
213	-5.20849173335
214	-2.20942303765
215	-6.95894170276
216	-5.2045291601
217	-2.20942303765
218	-1.86986398582
219	-1.99369550633
220	-2.20942303765
221	-1.98802986018
222	-2.39096299192
223	-4.89286191907
224	-11.0560233007
225	-1.87484503119
226	-2.10027669833
227	-1.98802986018
228	-1.95759503791
229	-4.59973447963
230	-5.94882117638
231	-1.99369550633
232	-2.67303472896
233	-5.21897702026
234	-2.39096299192
235	-2.10027669833
236	-6.08352140793
237	-11.7418673336
238	-12.3785800669
239	-1.86986398582
240	-4.89656258627
241	-6.19774584606
242	-2.38474777108
243	-1.95759503791
244	-4.89286191907
245	-6.43529548957
246	-5.2045291601
247	-2.10027669833
248	-5.7290590016
249	-1.99369550633
250	-6.12078467729
251	-5.94882117638
252	-2.39096299192
253	-2.20942303765
254	-1.86986398582
255	-1.87484503119
256	-9.27659917635
257	-11.0886955469
258	-1.87484503119
259	-2.10027669833
260	-5.98306781349
261	-1.99369550633
262	-4.86473437104
263	-6.88137923541
264	-1.99369550633
265	-7.30614632183
266	-4.90677777764
267	-1.95759503791
268	-5.33764865592
269	-8.32136136291
270	-4.90210572552
271	-2.67303472896
272	-1.86986398582
273	-6.14917472048
274	-6.12362332208
275	-5.62697780441
276	-1.87484503119
277	-2.10027669833
278	-1.98802986018
279	-1.87484503119
280	-2.25000786123
281	-1.9520271813
282	-6.42498795006
283	-2.20942303765
284	-7.96660124277
285	-5.20849173335
286	-8.43285127926
287	-1.98802986018
288	-2.39096299192
289	-4.89286191907
290	-6.15883792551
291	-1.95759503791
292	-4.89286191907
293	-15.1606485432
294	-1.95759503791
295	-2.25000786123
296	-2.38474777108
297	-1.87484503119
298	-6.11387782339
299	-5.5640007878
300	-2.39096299192
301	-2.25000786123
302	-2.38474777108
303	-9.15987583465
304	-2.20942303765
305	-2.38474777108
306	-1.95759503791
307	-2.10027669833
308	-5.51430736382
309	-1.87484503119
310	-2.10027669833
311	-5.19359886591
312	-1.87484503119
313	-2.25000786123
314	-1.86986398582
315	-2.39096299192
316	-2.25000786123
317	-11.6284103341
318	-1.99369550633
319	-2.25000786123
320	-1.9520271813
321	-2.39096299192
322	-9.64579465348
323	-6.01255041528
324	-1.99369550633
325	-2.20942303765
326	-6.95894170276
327	-1.87484503119
328	-7.30391640819
329	-5.98306781349
330	-5.61589190891
331	-5.26263975356
332	-11.7132482965
333	-2.39096299192
334	-5.44232561666
335	-2.38474777108
336	-1.99369550633
337	-2.25000786123
338	-2.38474777108
339	-2.39096299192
340	-4.86473437104
341	-1.98802986018
342	-2.39096299192
343	-2.25000786123
344	-1.86986398582
345	-2.39096299192
346	-5.61845248029
347	-2.38474777108
348	-1.87484503119
349	-6.56203068103
350	-1.9520271813
351	-1.99369550633
352	-4.59973447963
353	-5.66176561527
354	-1.87484503119
355	-12.8634797113
356	-1.86986398582
357	-10.4961197116
358	-2.67303472896
359	-1.9520271813
360	-1.95759503791
361	-7.06846700405
362	-2.38474777108
363	-5.20849173335
364	-2.25000786123
365	-2.38474777108
366	-1.87484503119
367	-8.77545028696
368	-1.86986398582
369	-1.99369550633
370	-5.27898711024
371	-1.98802986018
372	-5.93802693069
373	-8.96400992589
374	-6.08352140793
375	-1.87484503119
376	-2.10027669833
377	-7.32301297028
378	-5.50348755905
379	-2.20942303765
380	-1.98802986018
381	-1.87484503119
382	-5.17994924153
383	-1.9520271813
384	-6.50016976019
385	-4.60901414078
386	-5.93253735138
387	-6.44762232593
388	-2.67303472896
389	-6.50932802366
390	-1.99369550633
391	-2.25000786123
392	-5.66176561527
393	-5.97234343497
394	-2.20942303765
395	-1.9520271813
396	-1.99369550633
397	-5.61845248029
398	-1.9520271813
399	-13.0713598991
400	-6.68724611588
401	-1.9520271813
402	-1.99369550633
403	-2.25000786123
404	-6.09714713289
405	-1.87484503119
406	-2.67303472896
407	-2.38474777108
408	-6.41249938394
409	-2.25000786123
410	-1.9520271813
411	-6.14917472048
412	-2.10027669833
413	-1.9520271813
414	-5.2045291601
415	-2.10027669833
416	-1.86986398582
417	-1.87484503119
418	-5.29916627167
419	-1.86986398582
420	-1.87484503119
421	-2.67303472896
422	-2.38474777108
423	-1.95759503791
424	-9.24063056811
425	-1.86986398582
426	-5.92151118492
427	-2.67303472896
428	-1.86986398582
429	-1.99369550633
430	-2.25000786123
431	-1.9520271813
432	-1.87484503119
433	-2.20942303765
434	-1.98802986018
435	-1.95759503791
436	-7.66201383244
437	-6.40038783957
438	-4.90210572552
439	-2.25000786123
440	-6.15883792551
441	-5.61631724141
442	-2.67303472896
443	-1.9520271813
444	-5.58620442547
445	-5.70120164069
446	-1.9520271813
447	-1.87484503119
448	-2.25000786123
449	-6.92925421933
450	-1.87484503119
451	-2.10027669833
452	-1.86986398582
453	-1.99369550633
454	-5.87686801687
455	-1.9520271813
456	-2.39096299192
457	-6.65755863245
458	-2.38474777108
459	-1.95759503791
460	-2.10027669833
461	-1.9520271813
462	-5.58620442547
463	-2.25000786123
464	-5.21507122956
465	-11.0586883021
466	-2.20942303765
467	-1.86986398582
468	-5.50348755905
469	-6.12078467729
470	-5.19359886591
