#Site	lnL	
0	-1.77495368832
1	-2.0882404408
2	-9.00572647549
3	-1.96963664879
4	-2.06511188891
5	-1.5761229944
6	-1.77495368832
7	-5.38158032349
8	-1.51589857303
9	-1.71812601426
10	-9.04987937297
11	-6.41145686185
12	-5.84092665125
13	-5.25067537372
14	-1.51589857303
15	-7.17760380263
16	-2.01278933635
17	-1.57637666275
18	-1.96963664879
19	-6.68525246673
20	-1.51589857303
21	-5.46171602195
22	-2.01278933635
23	-11.4828044253
24	-6.25963436558
25	-11.3384544593
26	-1.5761229944
27	-1.71812601426
28	-2.2835664801
29	-6.46264323926
30	-1.96963664879
31	-5.70155879264
32	-1.51589857303
33	-6.4291558241
34	-2.01278933635
35	-1.51589857303
36	-1.78461101119
37	-2.2835664801
38	-1.57637666275
39	-1.96963664879
40	-2.01278933635
41	-1.51589857303
42	-1.78461101119
43	-2.06511188891
44	-8.24103343636
45	-1.96963664879
46	-5.8017801752
47	-6.41145686185
48	-6.23878189904
49	-5.2521165875
50	-1.51589857303
51	-5.82579936189
52	-2.2835664801
53	-6.28032672889
54	-1.96963664879
55	-7.90692245761
56	-1.57637666275
57	-5.86360341616
58	-7.65238568779
59	-9.40667836792
60	-1.96963664879
61	-2.0882404408
62	-6.93477479634
63	-5.46171602195
64	-2.2835664801
65	-1.75490030237
66	-5.00381545769
67	-2.0882404408
68	-7.05125913069
69	-1.71812601426
70	-2.2835664801
71	-6.5160349635
72	-1.77495368832
73	-5.17200081214
74	-1.5761229944
75	-6.43843856059
76	-2.06511188891
77	-1.75490030237
78	-1.77495368832
79	-2.01278933635
80	-1.51589857303
81	-1.77495368832
82	-5.85876005736
83	-1.57637666275
84	-1.78461101119
85	-5.63986610609
86	-7.43220786453
87	-1.78461101119
88	-2.06511188891
89	-5.81529386657
90	-1.96963664879
91	-6.02405520017
92	-6.52128529149
93	-7.19123432166
94	-8.32934691823
95	-1.5761229944
96	-1.71812601426
97	-2.0882404408
98	-12.2532534929
99	-13.4000350845
100	-5.85876005736
101	-1.51589857303
102	-1.71812601426
103	-5.46371981105
104	-15.9956820159
105	-1.71812601426
106	-2.06511188891
107	-11.2984224892
108	-1.78461101119
109	-5.89281495823
110	-6.27834647638
111	-1.78461101119
112	-2.01278933635
113	-1.57637666275
114	-8.76083292557
115	-2.06511188891
116	-1.57637666275
117	-6.11529947553
118	-7.77133080681
119	-1.5761229944
120	-6.43843856059
121	-2.0882404408
122	-12.0594981282
123	-7.88625572486
124	-2.0882404408
125	-6.04791107115
126	-1.78461101119
127	-2.0882404408
128	-1.75490030237
129	-5.64713483933
130	-2.01278933635
131	-1.75490030237
132	-1.78461101119
133	-2.0882404408
134	-1.5761229944
135	-1.96963664879
136	-4.63394134261
137	-1.75490030237
138	-6.4291558241
139	-2.2835664801
140	-7.42340513514
141	-1.77495368832
142	-2.0882404408
143	-1.57637666275
144	-5.46171602195
145	-2.01278933635
146	-1.75490030237
147	-1.71812601426
148	-5.06095601104
149	-1.75490030237
150	-1.77495368832
151	-5.25067537372
152	-6.87521515767
153	-1.78461101119
154	-2.01278933635
155	-6.57847224098
156	-1.77495368832
157	-2.06511188891
158	-1.51589857303
159	-1.78461101119
160	-2.01278933635
161	-1.51589857303
162	-1.77495368832
163	-6.05307273779
164	-11.2884617276
165	-1.96963664879
166	-5.81013217119
167	-1.5761229944
168	-1.96963664879
169	-2.01278933635
170	-1.51589857303
171	-5.01192626541
172	-5.05111421474
173	-17.3306508901
174	-1.78461101119
175	-2.01278933635
176	-6.5160349635
177	-5.45646433882
178	-6.85477392525
179	-1.51589857303
180	-1.96963664879
181	-5.8017801752
182	-1.51589857303
183	-1.77495368832
184	-2.0882404408
185	-1.57637666275
186	-1.71812601426
187	-5.50785768379
188	-8.29545252393
189	-1.71812601426
190	-4.63394134261
191	-1.57637666275
192	-1.71812601426
193	-2.01278933635
194	-1.57637666275
195	-1.71812601426
196	-8.62046255521
197	-1.5761229944
198	-6.05073880407
199	-8.38905777047
200	-8.7318917753
201	-1.77495368832
202	-6.6916353904
203	-1.5761229944
204	-1.78461101119
205	-5.97965362971
206	-1.75490030237
207	-1.96963664879
208	-7.05452566398
209	-1.5761229944
210	-1.78461101119
211	-2.06511188891
212	-1.5761229944
213	-5.58236028188
214	-10.2476162709
215	-1.75490030237
216	-6.4291558241
217	-2.06511188891
218	-1.75490030237
219	-1.77495368832
220	-9.14231858082
221	-1.51589857303
222	-1.71812601426
223	-2.06511188891
224	-7.23087626898
225	-6.40120806206
226	-7.54111208145
227	-1.5761229944
228	-1.77495368832
229	-2.01278933635
230	-12.1616400548
231	-1.71812601426
232	-5.17858953447
233	-1.57637666275
234	-1.96963664879
235	-2.0882404408
236	-1.75490030237
237	-1.77495368832
238	-2.01278933635
239	-6.40134792325
240	-1.78461101119
241	-2.06511188891
242	-1.5761229944
243	-7.82811466411
244	-2.0882404408
245	-1.5761229944
246	-11.0817177435
247	-5.06095601104
248	-1.57637666275
249	-1.77495368832
250	-6.02405520017
251	-1.57637666275
252	-11.2648879552
253	-5.2354537941
254	-7.04711085455
255	-1.96963664879
256	-5.05111421474
257	-7.78147995977
258	-8.50414249755
259	-2.06511188891
260	-1.75490030237
261	-1.77495368832
262	-2.01278933635
263	-1.57637666275
264	-1.71812601426
265	-8.02303373368
266	-6.28032672889
267	-6.23878189904
268	-2.06511188891
269	-1.75490030237
270	-1.77495368832
271	-2.2835664801
272	-1.75490030237
273	-1.71812601426
274	-5.82237376165
275	-6.64361407478
276	-1.78461101119
277	-2.0882404408
278	-1.51589857303
279	-1.77495368832
280	-5.89281495823
281	-1.75490030237
282	-1.78461101119
283	-2.0882404408
284	-1.51589857303
285	-1.77495368832
286	-6.8743942499
287	-6.04791107115
288	-1.78461101119
289	-2.06511188891
290	-1.51589857303
291	-1.77495368832
292	-5.43856020565
293	-6.87490674614
294	-6.39215464204
295	-9.23054661472
296	-6.52128529149
297	-1.71812601426
298	-2.2835664801
299	-8.90677587899
300	-1.78461101119
301	-2.01278933635
302	-1.57637666275
303	-1.71812601426
304	-2.01278933635
305	-1.75490030237
306	-1.96963664879
307	-2.0882404408
308	-1.75490030237
309	-1.96963664879
310	-11.4372904429
311	-1.5761229944
312	-1.77495368832
313	-2.01278933635
314	-1.57637666275
315	-1.96963664879
316	-5.42019683224
317	-1.51589857303
318	-5.60866915644
319	-2.01278933635
320	-7.23087626898
321	-6.22729972641
322	-5.50785768379
323	-1.51589857303
324	-1.77495368832
325	-2.01278933635
326	-1.5761229944
327	-1.71812601426
328	-2.2835664801
329	-11.2884617276
330	-1.96963664879
331	-2.2835664801
332	-1.51589857303
333	-11.5711848913
334	-5.06095601104
335	-1.51589857303
336	-1.78461101119
337	-2.01278933635
338	-1.51589857303
339	-1.71812601426
340	-5.25067537372
341	-6.93477479634
342	-1.96963664879
343	-8.345614292
344	-6.64361407478
345	-1.78461101119
346	-7.90692245761
347	-1.51589857303
348	-1.78461101119
349	-2.06511188891
350	-6.93477479634
351	-6.2465393047
352	-5.06095601104
353	-1.75490030237
354	-1.71812601426
355	-2.01278933635
356	-1.5761229944
357	-1.96963664879
358	-7.28460539953
359	-6.40279035559
360	-1.71812601426
361	-2.2835664801
362	-1.75490030237
363	-6.38145867842
364	-2.06511188891
365	-1.57637666275
366	-1.78461101119
367	-5.17858953447
368	-1.57637666275
369	-1.71812601426
370	-2.2835664801
371	-7.43220786453
372	-6.43843856059
373	-5.2354537941
374	-1.5761229944
375	-6.29819530443
376	-5.17200081214
377	-6.87490674614
378	-1.78461101119
379	-2.2835664801
380	-9.40305961461
381	-1.78461101119
382	-5.2521165875
383	-7.43220786453
384	-1.71812601426
385	-2.2835664801
386	-1.75490030237
387	-1.77495368832
388	-2.0882404408
389	-1.57637666275
390	-1.77495368832
391	-5.46371981105
392	-7.17078663585
393	-1.96963664879
394	-5.29169925644
395	-1.51589857303
396	-1.71812601426
397	-2.06511188891
398	-6.87490674614
399	-1.78461101119
400	-2.01278933635
401	-1.51589857303
402	-5.64713483933
403	-9.2001891613
404	-1.57637666275
405	-1.96963664879
406	-8.94167416856
407	-1.75490030237
408	-6.05133802397
409	-5.31805113148
410	-11.4652267309
411	-1.77495368832
412	-2.2835664801
413	-1.75490030237
414	-1.71812601426
415	-10.0165357138
416	-7.05645412376
417	-1.71812601426
418	-2.06511188891
419	-1.5761229944
420	-1.78461101119
421	-5.42019683224
422	-7.42340513514
423	-1.71812601426
424	-5.81013217119
425	-1.75490030237
426	-1.77495368832
427	-5.17858953447
428	-1.5761229944
429	-1.77495368832
430	-2.2835664801
431	-1.75490030237
432	-1.96963664879
433	-2.06511188891
434	-8.0132676248
435	-1.78461101119
436	-5.2354537941
437	-6.28032672889
438	-1.77495368832
439	-2.0882404408
440	-1.51589857303
441	-1.96963664879
442	-2.01278933635
443	-1.57637666275
444	-1.77495368832
445	-7.69817147652
446	-1.57637666275
447	-1.71812601426
448	-7.83132796735
449	-1.75490030237
450	-1.77495368832
451	-2.0882404408
452	-12.5476620842
453	-1.96963664879
454	-2.01278933635
455	-6.40134792325
456	-5.86360341616
457	-2.06511188891
458	-12.026620346
459	-1.77495368832
460	-2.06511188891
461	-1.5761229944
462	-1.71812601426
463	-6.65846741529
464	-1.75490030237
465	-6.25963436558
466	-8.80953392321
467	-6.27834647638
468	-6.05073880407
469	-5.43856020565
470	-1.51589857303
