#Site	lnL	
0	-5.71949421889
1	-1.77082080792
2	-1.32943947479
3	-1.62946913222
4	-2.11759522429
5	-1.41245373774
6	-1.69301934726
7	-7.03881688791
8	-7.41319812758
9	-1.69301934726
10	-1.8981512494
11	-1.37071717922
12	-1.69301934726
13	-1.8981512494
14	-9.4069882586
15	-1.62946913222
16	-9.29498840805
17	-9.16409413423
18	-1.9531200349
19	-2.11759522429
20	-1.32943947479
21	-10.5228035058
22	-1.84482575585
23	-1.32943947479
24	-11.2846446765
25	-2.11759522429
26	-1.32943947479
27	-1.62946913222
28	-5.32585917878
29	-1.32943947479
30	-1.62946913222
31	-4.78359925477
32	-8.52762787405
33	-1.69301934726
34	-13.047466878
35	-1.41245373774
36	-6.65423148956
37	-1.84482575585
38	-7.56589756912
39	-1.69301934726
40	-1.84482575585
41	-1.41245373774
42	-1.69301934726
43	-2.11759522429
44	-1.37071717922
45	-1.69301934726
46	-1.84482575585
47	-8.61050430011
48	-6.97197346045
49	-5.3372823535
50	-7.56589756912
51	-1.9531200349
52	-4.96496785819
53	-15.3116883399
54	-1.62946913222
55	-5.65346082803
56	-1.37071717922
57	-1.69301934726
58	-4.96496785819
59	-8.76022098231
60	-1.74258373406
61	-1.8981512494
62	-10.9749421384
63	-1.9531200349
64	-1.77082080792
65	-8.61002972887
66	-1.74258373406
67	-5.00305695603
68	-1.32943947479
69	-5.07264779064
70	-1.77082080792
71	-1.41245373774
72	-1.69301934726
73	-1.8981512494
74	-1.41245373774
75	-6.24869641633
76	-2.11759522429
77	-15.5613606752
78	-1.62946913222
79	-1.8981512494
80	-1.37071717922
81	-5.68063356339
82	-1.77082080792
83	-8.20347002606
84	-1.62946913222
85	-4.66176481498
86	-9.16559954425
87	-1.9531200349
88	-1.8981512494
89	-1.37071717922
90	-8.53119335972
91	-1.77082080792
92	-1.41245373774
93	-1.74258373406
94	-1.84482575585
95	-1.37071717922
96	-1.9531200349
97	-1.8981512494
98	-1.32943947479
99	-5.8904478418
100	-6.39790193337
101	-1.41245373774
102	-5.20880674454
103	-6.3830872298
104	-1.60498384228
105	-1.69301934726
106	-1.77082080792
107	-7.7511524831
108	-5.71949421889
109	-1.77082080792
110	-8.4816581477
111	-6.2973613128
112	-8.19640538044
113	-8.2525294845
114	-1.62946913222
115	-9.20407379736
116	-1.32943947479
117	-1.69301934726
118	-1.8981512494
119	-1.41245373774
120	-1.9531200349
121	-7.19366666197
122	-8.29537706126
123	-1.74258373406
124	-5.96344218446
125	-1.37071717922
126	-1.74258373406
127	-5.70285424718
128	-1.32943947479
129	-1.69301934726
130	-5.49078895298
131	-16.8393854017
132	-1.9531200349
133	-1.77082080792
134	-1.32943947479
135	-1.62946913222
136	-1.84482575585
137	-1.37071717922
138	-1.62946913222
139	-5.5158643038
140	-1.32943947479
141	-1.9531200349
142	-1.8981512494
143	-1.32943947479
144	-6.65436547828
145	-2.11759522429
146	-1.60498384228
147	-1.69301934726
148	-1.77082080792
149	-8.2537130996
150	-1.69301934726
151	-1.8981512494
152	-8.61002972887
153	-7.00213859184
154	-1.84482575585
155	-1.32943947479
156	-1.74258373406
157	-1.77082080792
158	-1.37071717922
159	-1.9531200349
160	-1.84482575585
161	-1.37071717922
162	-1.69301934726
163	-4.83516640129
164	-13.6834132165
165	-1.69301934726
166	-2.11759522429
167	-16.1450640739
168	-5.07264779064
169	-1.8981512494
170	-7.59888998795
171	-1.62946913222
172	-1.8981512494
173	-1.41245373774
174	-5.89940507033
175	-6.73744089487
176	-1.37071717922
177	-1.74258373406
178	-1.77082080792
179	-8.93155596063
180	-9.41421971974
181	-7.08005342447
182	-7.41272971646
183	-1.69301934726
184	-1.77082080792
185	-1.60498384228
186	-1.62946913222
187	-1.77082080792
188	-8.56784933396
189	-1.62946913222
190	-5.99327088155
191	-16.1144731004
192	-10.7654680912
193	-5.5158643038
194	-8.48087663014
195	-1.62946913222
196	-2.11759522429
197	-1.32943947479
198	-1.74258373406
199	-1.77082080792
200	-1.37071717922
201	-1.62946913222
202	-2.11759522429
203	-1.32943947479
204	-1.9531200349
205	-1.8981512494
206	-1.37071717922
207	-6.65436547828
208	-4.83516640129
209	-7.74948212092
210	-1.74258373406
211	-2.11759522429
212	-1.41245373774
213	-1.62946913222
214	-4.82900009502
215	-1.37071717922
216	-1.9531200349
217	-5.91035331201
218	-1.60498384228
219	-1.69301934726
220	-1.8981512494
221	-1.37071717922
222	-1.69301934726
223	-5.68491690474
224	-1.60498384228
225	-1.62946913222
226	-2.11759522429
227	-1.60498384228
228	-1.69301934726
229	-1.77082080792
230	-1.32943947479
231	-5.07322321324
232	-8.20960910193
233	-1.37071717922
234	-1.74258373406
235	-6.16196972189
236	-1.37071717922
237	-1.74258373406
238	-1.77082080792
239	-8.61050430011
240	-17.7292343097
241	-11.4011522367
242	-1.32943947479
243	-1.9531200349
244	-7.64320459476
245	-1.37071717922
246	-7.43595594954
247	-5.70285424718
248	-1.60498384228
249	-5.07322321324
250	-1.84482575585
251	-1.41245373774
252	-1.9531200349
253	-9.99712540973
254	-8.43951890926
255	-1.74258373406
256	-1.8981512494
257	-8.61050430011
258	-7.43767728659
259	-1.77082080792
260	-21.5517029704
261	-1.9531200349
262	-1.84482575585
263	-1.32943947479
264	-1.69301934726
265	-1.77082080792
266	-1.41245373774
267	-1.69301934726
268	-2.11759522429
269	-1.37071717922
270	-1.69301934726
271	-1.84482575585
272	-1.37071717922
273	-1.62946913222
274	-5.99327088155
275	-1.60498384228
276	-1.74258373406
277	-10.2077539033
278	-1.60498384228
279	-1.74258373406
280	-2.11759522429
281	-7.59861817128
282	-4.89518731993
283	-5.3372823535
284	-1.37071717922
285	-1.69301934726
286	-5.3372823535
287	-1.32943947479
288	-1.69301934726
289	-2.11759522429
290	-16.270807574
291	-1.9531200349
292	-8.19640538044
293	-1.32943947479
294	-1.74258373406
295	-1.77082080792
296	-1.41245373774
297	-1.62946913222
298	-1.77082080792
299	-16.4924352726
300	-1.74258373406
301	-5.68491690474
302	-1.37071717922
303	-1.74258373406
304	-5.49078895298
305	-8.29537706126
306	-1.62946913222
307	-1.84482575585
308	-1.60498384228
309	-1.74258373406
310	-5.44955241642
311	-7.74948212092
312	-5.20880674454
313	-4.96496785819
314	-8.29537706126
315	-1.74258373406
316	-4.67282035368
317	-1.32943947479
318	-1.69301934726
319	-1.77082080792
320	-1.37071717922
321	-1.62946913222
322	-1.77082080792
323	-7.56301949121
324	-1.9531200349
325	-5.68491690474
326	-1.37071717922
327	-1.74258373406
328	-6.47620860336
329	-1.37071717922
330	-1.69301934726
331	-6.50242053698
332	-1.60498384228
333	-1.9531200349
334	-5.74966745098
335	-8.05081858199
336	-7.55589051318
337	-1.8981512494
338	-7.59861817128
339	-1.74258373406
340	-1.77082080792
341	-1.41245373774
342	-12.887522988
343	-5.68491690474
344	-1.32943947479
345	-1.9531200349
346	-1.8981512494
347	-8.05081858199
348	-1.9531200349
349	-1.77082080792
350	-9.20683608081
351	-1.74258373406
352	-6.12073318533
353	-8.20347002606
354	-1.74258373406
355	-5.47719517828
356	-1.32943947479
357	-6.65436547828
358	-2.11759522429
359	-1.37071717922
360	-1.74258373406
361	-6.46118400042
362	-8.4816581477
363	-1.9531200349
364	-1.77082080792
365	-1.37071717922
366	-1.9531200349
367	-1.77082080792
368	-7.59861817128
369	-11.6486525274
370	-1.84482575585
371	-8.71407768599
372	-7.57832480831
373	-1.8981512494
374	-1.37071717922
375	-1.69301934726
376	-1.77082080792
377	-7.41272971646
378	-5.20880674454
379	-5.44565430174
380	-1.32943947479
381	-1.9531200349
382	-1.84482575585
383	-7.7511524831
384	-5.72898209559
385	-1.77082080792
386	-9.725470486
387	-1.9531200349
388	-1.8981512494
389	-10.7024100099
390	-6.70308450485
391	-1.84482575585
392	-15.6796040805
393	-1.74258373406
394	-7.97267853749
395	-8.05034664198
396	-6.24083250419
397	-1.84482575585
398	-1.60498384228
399	-1.62946913222
400	-2.11759522429
401	-1.60498384228
402	-1.69301934726
403	-5.47719517828
404	-1.37071717922
405	-5.94627655287
406	-5.74966745098
407	-7.74948212092
408	-1.62946913222
409	-1.8981512494
410	-8.61050430011
411	-9.57207740085
412	-1.8981512494
413	-1.37071717922
414	-6.24083250419
415	-8.01431943432
416	-1.37071717922
417	-1.74258373406
418	-1.77082080792
419	-1.60498384228
420	-1.62946913222
421	-4.82900009502
422	-1.32943947479
423	-1.69301934726
424	-1.84482575585
425	-9.45010020933
426	-1.62946913222
427	-2.11759522429
428	-1.41245373774
429	-1.69301934726
430	-5.00305695603
431	-1.37071717922
432	-1.74258373406
433	-1.8981512494
434	-1.41245373774
435	-1.69301934726
436	-1.8981512494
437	-1.60498384228
438	-1.9531200349
439	-1.77082080792
440	-8.56784933396
441	-1.74258373406
442	-1.8981512494
443	-1.37071717922
444	-1.74258373406
445	-2.11759522429
446	-1.41245373774
447	-5.72898209559
448	-1.84482575585
449	-1.37071717922
450	-1.9531200349
451	-1.8981512494
452	-1.37071717922
453	-1.69301934726
454	-1.84482575585
455	-10.0673068054
456	-1.62946913222
457	-1.8981512494
458	-1.60498384228
459	-5.06831140804
460	-1.8981512494
461	-8.4816581477
462	-1.9531200349
463	-6.72833442027
464	-8.44008202176
465	-1.62946913222
466	-1.77082080792
467	-8.2537130996
468	-6.66475081659
469	-9.56442068579
470	-1.41245373774
