#Site	lnL	
0	-9.41485376446
1	-2.19080080461
2	-1.78848133911
3	-1.64089312419
4	-8.83498362623
5	-10.7328501318
6	-1.64089312419
7	-1.77900721702
8	-1.78848133911
9	-1.63492370329
10	-1.84116466297
11	-5.41823125969
12	-1.64089312419
13	-1.84116466297
14	-8.4669526867
15	-4.38519892926
16	-2.19080080461
17	-6.19169913444
18	-8.91387056565
19	-1.80024854465
20	-2.17804892432
21	-1.64089312419
22	-5.16543098961
23	-2.17804892432
24	-1.63492370329
25	-1.84116466297
26	-1.82915981093
27	-1.64089312419
28	-1.84116466297
29	-1.82915981093
30	-6.77263236087
31	-10.3396693381
32	-7.22131995844
33	-1.63492370329
34	-8.05841828943
35	-1.82915981093
36	-6.39904325093
37	-1.80024854465
38	-1.78848133911
39	-1.67861465093
40	-1.84116466297
41	-6.10915336417
42	-1.67861465093
43	-1.84116466297
44	-4.16025352185
45	-7.28197641236
46	-1.80024854465
47	-9.68476102753
48	-1.64089312419
49	-1.84116466297
50	-1.76835823184
51	-1.64089312419
52	-1.77900721702
53	-1.82915981093
54	-8.35185707486
55	-5.74133182298
56	-1.76835823184
57	-1.63492370329
58	-11.3581295506
59	-1.78848133911
60	-1.63492370329
61	-1.80024854465
62	-10.1806033029
63	-1.67861465093
64	-2.19080080461
65	-1.76835823184
66	-1.63492370329
67	-1.80024854465
68	-1.76835823184
69	-1.67861465093
70	-1.84116466297
71	-1.76835823184
72	-1.63492370329
73	-1.77900721702
74	-6.53081241929
75	-7.31930704669
76	-6.98859532193
77	-1.82915981093
78	-1.63492370329
79	-7.95353847056
80	-5.56011464167
81	-1.64089312419
82	-1.77900721702
83	-2.17804892432
84	-2.0184637265
85	-1.77900721702
86	-2.17804892432
87	-1.63492370329
88	-7.93940407644
89	-1.82915981093
90	-1.67861465093
91	-1.84116466297
92	-11.2843523979
93	-1.64089312419
94	-1.77900721702
95	-4.16754459358
96	-1.64089312419
97	-1.80024854465
98	-5.06102760707
99	-1.67861465093
100	-1.77900721702
101	-5.44652743613
102	-1.67861465093
103	-1.80024854465
104	-1.82915981093
105	-1.64089312419
106	-1.80024854465
107	-1.76835823184
108	-8.44759575265
109	-1.77900721702
110	-1.78848133911
111	-1.67861465093
112	-11.4026480891
113	-10.4564846398
114	-1.64089312419
115	-5.17449183954
116	-6.15967093454
117	-5.72697952025
118	-1.77900721702
119	-1.78848133911
120	-1.64089312419
121	-5.07677819404
122	-1.82915981093
123	-1.67861465093
124	-1.80024854465
125	-1.82915981093
126	-9.66080784157
127	-5.46773644166
128	-1.82915981093
129	-4.38009371953
130	-2.19080080461
131	-5.15606951069
132	-6.38628391088
133	-2.19080080461
134	-6.05642707048
135	-1.64089312419
136	-7.93940407644
137	-1.82915981093
138	-7.9136920628
139	-1.80024854465
140	-6.70813319585
141	-1.64089312419
142	-4.52290424567
143	-1.78848133911
144	-1.63492370329
145	-9.3878019068
146	-6.698264669
147	-2.0184637265
148	-12.3018088743
149	-1.78848133911
150	-2.0184637265
151	-9.3372826009
152	-1.76835823184
153	-4.74687073999
154	-1.77900721702
155	-5.45616953621
156	-2.0184637265
157	-2.19080080461
158	-1.82915981093
159	-1.63492370329
160	-4.14747236093
161	-5.56011464167
162	-5.31080632987
163	-6.12691916647
164	-1.82915981093
165	-1.67861465093
166	-2.19080080461
167	-4.47051602561
168	-1.63492370329
169	-1.80024854465
170	-1.78848133911
171	-1.64089312419
172	-1.80024854465
173	-2.17804892432
174	-1.63492370329
175	-7.81293490423
176	-1.82915981093
177	-4.70173385905
178	-1.77900721702
179	-5.48198023927
180	-1.64089312419
181	-1.77900721702
182	-1.82915981093
183	-1.63492370329
184	-2.19080080461
185	-1.78848133911
186	-1.67861465093
187	-1.80024854465
188	-1.78848133911
189	-1.63492370329
190	-1.84116466297
191	-13.4236858657
192	-13.2462159985
193	-4.45683452875
194	-2.17804892432
195	-1.64089312419
196	-1.84116466297
197	-2.17804892432
198	-1.63492370329
199	-6.12608920312
200	-1.78848133911
201	-1.67861465093
202	-5.52463202531
203	-2.17804892432
204	-6.92643035395
205	-1.80024854465
206	-5.18665293711
207	-6.69785912037
208	-4.45683452875
209	-1.76835823184
210	-6.91957274479
211	-1.84116466297
212	-4.16025352185
213	-5.39841954405
214	-5.54861302367
215	-5.091954939
216	-4.38519892926
217	-1.77900721702
218	-1.82915981093
219	-1.64089312419
220	-1.77900721702
221	-2.17804892432
222	-2.0184637265
223	-1.77900721702
224	-9.45467915836
225	-1.63492370329
226	-5.04585086211
227	-2.17804892432
228	-1.67861465093
229	-1.84116466297
230	-6.19169913444
231	-1.63492370329
232	-7.76919704965
233	-1.82915981093
234	-1.67861465093
235	-6.52779425894
236	-6.15967093454
237	-1.64089312419
238	-5.16543098961
239	-1.82915981093
240	-6.92643035395
241	-5.17449183954
242	-1.78848133911
243	-1.64089312419
244	-1.84116466297
245	-1.82915981093
246	-2.0184637265
247	-4.45683452875
248	-8.3329637157
249	-1.64089312419
250	-1.84116466297
251	-9.7516417237
252	-4.74687073999
253	-5.14181104331
254	-1.76835823184
255	-1.63492370329
256	-2.19080080461
257	-1.76835823184
258	-1.64089312419
259	-1.80024854465
260	-1.78848133911
261	-1.67861465093
262	-1.77900721702
263	-1.82915981093
264	-1.67861465093
265	-1.84116466297
266	-1.76835823184
267	-1.67861465093
268	-2.19080080461
269	-1.76835823184
270	-6.39904325093
271	-10.4028161635
272	-1.76835823184
273	-2.0184637265
274	-1.84116466297
275	-1.76835823184
276	-5.70954215167
277	-6.50244783386
278	-10.0980390601
279	-4.38009371953
280	-1.77900721702
281	-1.78848133911
282	-1.63492370329
283	-1.80024854465
284	-1.78848133911
285	-6.95843732728
286	-1.77900721702
287	-1.76835823184
288	-2.0184637265
289	-4.15493821462
290	-1.76835823184
291	-5.67756282475
292	-2.19080080461
293	-1.78848133911
294	-1.64089312419
295	-5.11840330424
296	-1.78848133911
297	-1.67861465093
298	-7.67957834172
299	-1.78848133911
300	-1.64089312419
301	-1.84116466297
302	-1.82915981093
303	-4.70173385905
304	-1.84116466297
305	-7.08950409257
306	-6.37432003529
307	-1.77900721702
308	-1.78848133911
309	-1.67861465093
310	-1.77900721702
311	-1.82915981093
312	-5.39225971918
313	-9.35687457487
314	-5.41823125969
315	-1.67861465093
316	-1.77900721702
317	-1.82915981093
318	-4.38009371953
319	-1.80024854465
320	-1.78848133911
321	-1.67861465093
322	-5.74133182298
323	-1.82915981093
324	-2.0184637265
325	-1.77900721702
326	-1.82915981093
327	-1.63492370329
328	-11.6274800441
329	-1.82915981093
330	-1.63492370329
331	-5.14181104331
332	-1.76835823184
333	-6.75519621821
334	-1.84116466297
335	-5.06102760707
336	-5.39883973323
337	-5.17449183954
338	-2.17804892432
339	-1.63492370329
340	-1.84116466297
341	-1.78848133911
342	-4.70173385905
343	-5.46856860309
344	-4.16025352185
345	-1.64089312419
346	-1.80024854465
347	-2.17804892432
348	-8.0718003012
349	-1.77900721702
350	-2.17804892432
351	-1.67861465093
352	-6.12608920312
353	-1.78848133911
354	-5.39439165874
355	-12.3342903047
356	-6.50329848177
357	-2.0184637265
358	-1.77900721702
359	-5.15606951069
360	-1.67861465093
361	-1.84116466297
362	-1.82915981093
363	-1.63492370329
364	-5.52463202531
365	-5.16226573399
366	-1.63492370329
367	-4.14747236093
368	-1.78848133911
369	-1.63492370329
370	-1.77900721702
371	-2.17804892432
372	-1.64089312419
373	-1.77900721702
374	-1.82915981093
375	-1.64089312419
376	-1.77900721702
377	-1.82915981093
378	-2.0184637265
379	-1.80024854465
380	-1.76835823184
381	-1.63492370329
382	-1.84116466297
383	-1.78848133911
384	-1.67861465093
385	-11.2755399295
386	-2.17804892432
387	-2.0184637265
388	-2.19080080461
389	-1.78848133911
390	-9.45245278895
391	-1.84116466297
392	-6.10915336417
393	-1.64089312419
394	-1.84116466297
395	-1.82915981093
396	-2.0184637265
397	-6.46256249414
398	-4.16754459358
399	-1.67861465093
400	-1.80024854465
401	-10.4624391273
402	-1.64089312419
403	-1.84116466297
404	-1.82915981093
405	-6.7877096004
406	-8.75931547919
407	-1.78848133911
408	-6.41879718294
409	-5.46773644166
410	-5.48246832516
411	-5.72697952025
412	-1.80024854465
413	-2.17804892432
414	-1.63492370329
415	-1.80024854465
416	-1.76835823184
417	-6.75223396918
418	-2.19080080461
419	-1.82915981093
420	-1.67861465093
421	-2.19080080461
422	-1.76835823184
423	-2.0184637265
424	-5.17449183954
425	-1.82915981093
426	-1.64089312419
427	-5.46856860309
428	-5.48246832516
429	-1.64089312419
430	-2.19080080461
431	-2.17804892432
432	-4.38009371953
433	-5.04585086211
434	-8.73301235339
435	-1.64089312419
436	-1.77900721702
437	-1.78848133911
438	-2.0184637265
439	-5.46856860309
440	-1.82915981093
441	-12.1792434535
442	-1.77900721702
443	-1.78848133911
444	-1.64089312419
445	-1.80024854465
446	-1.78848133911
447	-2.0184637265
448	-2.19080080461
449	-6.56401516162
450	-1.64089312419
451	-1.84116466297
452	-1.78848133911
453	-6.41879718294
454	-1.84116466297
455	-1.82915981093
456	-1.63492370329
457	-1.84116466297
458	-4.47051602561
459	-2.0184637265
460	-5.46773644166
461	-1.82915981093
462	-7.19746575242
463	-8.03339680587
464	-5.15606951069
465	-1.63492370329
466	-7.46905944113
467	-1.76835823184
468	-1.64089312419
469	-1.84116466297
470	-5.16226573399
