#Site	lnL	
0	-1.70127787287
1	-1.94131310891
2	-1.63398242153
3	-1.56557728739
4	-1.94131310891
5	-1.63398242153
6	-1.56557728739
7	-2.06044144643
8	-1.63398242153
9	-1.70127787287
10	-2.06044144643
11	-1.63277816084
12	-1.70127787287
13	-5.67409420515
14	-1.89018102413
15	-1.56497704582
16	-1.78966407787
17	-1.77495836054
18	-13.2139844334
19	-1.78966407787
20	-1.77495836054
21	-1.56497704582
22	-2.06044144643
23	-1.63277816084
24	-1.56497704582
25	-1.78966407787
26	-1.63398242153
27	-1.56497704582
28	-1.94131310891
29	-1.63277816084
30	-5.95984225629
31	-5.40852474288
32	-9.67969541726
33	-5.09323527957
34	-1.78966407787
35	-7.25250144734
36	-1.56497704582
37	-2.06044144643
38	-5.63540788017
39	-1.56497704582
40	-1.94131310891
41	-1.77495836054
42	-1.56497704582
43	-1.78444116498
44	-1.63398242153
45	-1.70127787287
46	-5.80685283836
47	-1.89018102413
48	-1.81483604066
49	-1.78444116498
50	-1.77495836054
51	-5.98843807469
52	-5.93265363944
53	-10.539113477
54	-1.81483604066
55	-6.77295229056
56	-1.89018102413
57	-1.56497704582
58	-9.11274999517
59	-6.25943444553
60	-1.81483604066
61	-1.78966407787
62	-5.28645399301
63	-1.56497704582
64	-1.78444116498
65	-1.63277816084
66	-1.70127787287
67	-1.94131310891
68	-6.29750764311
69	-1.56557728739
70	-7.86355516149
71	-1.77495836054
72	-1.70127787287
73	-1.78444116498
74	-4.90135543899
75	-1.81483604066
76	-1.78444116498
77	-1.77495836054
78	-6.34727090327
79	-1.94131310891
80	-1.89018102413
81	-1.81483604066
82	-1.94131310891
83	-1.63277816084
84	-1.56497704582
85	-1.78966407787
86	-1.63398242153
87	-11.3859974162
88	-2.06044144643
89	-1.63277816084
90	-1.70127787287
91	-6.66618717988
92	-5.16564734091
93	-1.81483604066
94	-5.0115360746
95	-1.63398242153
96	-1.81483604066
97	-7.71402446236
98	-5.74245002663
99	-6.51423230327
100	-1.94131310891
101	-1.89018102413
102	-1.70127787287
103	-1.94131310891
104	-1.63277816084
105	-5.32730234801
106	-2.06044144643
107	-6.43638864353
108	-1.70127787287
109	-1.94131310891
110	-1.77495836054
111	-1.56497704582
112	-1.78444116498
113	-8.72404529652
114	-1.56497704582
115	-1.78966407787
116	-5.81004320091
117	-1.56557728739
118	-1.78444116498
119	-6.5434329313
120	-1.56497704582
121	-4.90162150511
122	-1.89018102413
123	-1.56497704582
124	-1.78966407787
125	-5.16564734091
126	-1.70127787287
127	-8.76827264642
128	-1.63398242153
129	-8.21018605776
130	-1.94131310891
131	-5.81004320091
132	-1.56497704582
133	-4.80447233886
134	-5.92606757842
135	-1.56497704582
136	-5.67409420515
137	-1.63398242153
138	-1.56557728739
139	-1.78966407787
140	-1.63398242153
141	-1.70127787287
142	-5.78371006738
143	-6.34502113662
144	-1.70127787287
145	-9.7635382618
146	-1.63277816084
147	-5.43947389333
148	-1.78444116498
149	-1.77495836054
150	-1.70127787287
151	-9.19326771042
152	-1.63398242153
153	-5.98061595765
154	-6.31240764831
155	-5.77790175196
156	-1.56497704582
157	-7.85478447287
158	-5.80726559106
159	-1.56557728739
160	-4.80447233886
161	-1.63277816084
162	-5.43947389333
163	-1.94131310891
164	-5.77790175196
165	-8.37242427964
166	-1.94131310891
167	-1.63398242153
168	-1.56497704582
169	-5.55319023417
170	-7.25250144734
171	-1.56557728739
172	-7.86321693538
173	-5.91859060864
174	-6.09356646486
175	-5.0115360746
176	-1.63277816084
177	-5.21493865661
178	-1.94131310891
179	-1.77495836054
180	-1.81483604066
181	-1.94131310891
182	-5.6557644892
183	-1.81483604066
184	-13.0773309894
185	-4.92197508803
186	-1.70127787287
187	-1.78444116498
188	-1.89018102413
189	-1.56557728739
190	-2.06044144643
191	-1.63398242153
192	-1.56557728739
193	-5.55319023417
194	-8.47067087839
195	-1.70127787287
196	-2.06044144643
197	-7.28816273542
198	-1.56557728739
199	-1.78444116498
200	-1.63398242153
201	-1.70127787287
202	-1.78966407787
203	-1.63277816084
204	-9.92623461378
205	-10.1193455616
206	-9.46709611518
207	-1.56557728739
208	-2.06044144643
209	-1.89018102413
210	-8.78777501811
211	-1.94131310891
212	-1.63277816084
213	-1.70127787287
214	-1.78444116498
215	-1.63277816084
216	-1.56557728739
217	-1.78966407787
218	-12.0071269664
219	-1.70127787287
220	-1.78444116498
221	-1.63398242153
222	-1.81483604066
223	-1.78966407787
224	-1.77495836054
225	-1.56497704582
226	-6.20174288914
227	-5.7809110322
228	-5.18641180293
229	-1.78966407787
230	-5.63540788017
231	-1.81483604066
232	-9.43394078175
233	-1.63277816084
234	-5.95984225629
235	-4.64687818091
236	-1.63277816084
237	-1.56557728739
238	-1.78966407787
239	-5.80726559106
240	-1.56497704582
241	-2.06044144643
242	-1.63398242153
243	-6.46837595813
244	-2.06044144643
245	-1.89018102413
246	-1.81483604066
247	-1.78444116498
248	-1.89018102413
249	-1.56557728739
250	-1.78444116498
251	-5.55558456187
252	-1.56557728739
253	-12.2144483567
254	-7.2648200713
255	-1.56557728739
256	-1.78444116498
257	-1.89018102413
258	-5.33728849676
259	-5.69433934958
260	-1.63398242153
261	-5.09323527957
262	-1.94131310891
263	-1.63277816084
264	-1.70127787287
265	-4.64687818091
266	-5.15311014542
267	-1.70127787287
268	-5.0115360746
269	-1.63398242153
270	-1.70127787287
271	-1.78966407787
272	-1.63398242153
273	-1.81483604066
274	-1.78966407787
275	-1.63398242153
276	-1.56497704582
277	-1.78444116498
278	-1.89018102413
279	-1.56557728739
280	-2.06044144643
281	-5.81004320091
282	-1.56557728739
283	-1.78966407787
284	-1.77495836054
285	-1.56497704582
286	-1.78966407787
287	-5.94744091377
288	-1.56497704582
289	-7.8693800339
290	-7.95877414999
291	-6.46837595813
292	-4.90162150511
293	-1.77495836054
294	-1.56497704582
295	-1.94131310891
296	-6.90622633842
297	-1.56497704582
298	-8.25900787746
299	-1.63277816084
300	-1.56557728739
301	-1.78966407787
302	-6.05574738657
303	-1.56557728739
304	-5.78371006738
305	-5.74245002663
306	-1.56497704582
307	-5.28972275551
308	-5.16564734091
309	-1.70127787287
310	-1.78444116498
311	-6.40847990296
312	-5.73583275104
313	-5.0115360746
314	-1.63277816084
315	-1.81483604066
316	-5.50064869436
317	-1.63277816084
318	-1.56557728739
319	-1.78966407787
320	-1.77495836054
321	-1.56497704582
322	-6.42052854184
323	-1.89018102413
324	-1.56497704582
325	-8.73117252859
326	-1.89018102413
327	-1.81483604066
328	-5.80685283836
329	-1.63277816084
330	-1.56557728739
331	-6.92715705529
332	-7.42619342784
333	-1.70127787287
334	-1.94131310891
335	-1.63277816084
336	-1.81483604066
337	-2.06044144643
338	-1.63277816084
339	-5.43947389333
340	-1.94131310891
341	-1.89018102413
342	-1.56497704582
343	-4.75184141568
344	-1.77495836054
345	-5.81959776745
346	-1.78444116498
347	-6.43638864353
348	-1.70127787287
349	-7.83330500814
350	-5.15311014542
351	-6.12198304409
352	-1.94131310891
353	-1.63398242153
354	-1.70127787287
355	-1.78444116498
356	-5.28645399301
357	-5.21493865661
358	-5.67586135115
359	-8.50990817553
360	-6.21626794444
361	-5.04333717502
362	-15.0649788314
363	-1.70127787287
364	-1.78966407787
365	-1.89018102413
366	-1.56497704582
367	-5.78371006738
368	-1.77495836054
369	-7.07520483067
370	-2.06044144643
371	-1.63398242153
372	-1.56497704582
373	-2.06044144643
374	-6.23828668623
375	-1.56557728739
376	-1.94131310891
377	-1.89018102413
378	-1.70127787287
379	-1.94131310891
380	-5.67438654923
381	-5.43947389333
382	-1.78966407787
383	-1.63277816084
384	-5.87478081216
385	-6.10447200084
386	-5.81004320091
387	-5.32730234801
388	-1.78444116498
389	-1.63277816084
390	-1.56557728739
391	-6.81611820912
392	-1.77495836054
393	-1.56557728739
394	-1.78444116498
395	-5.15311014542
396	-6.34727090327
397	-8.881456741
398	-1.63398242153
399	-1.81483604066
400	-8.31379207613
401	-11.7100706596
402	-1.56497704582
403	-1.94131310891
404	-1.77495836054
405	-1.56497704582
406	-1.94131310891
407	-5.28645399301
408	-1.56557728739
409	-6.16060048093
410	-1.63398242153
411	-1.81483604066
412	-1.78444116498
413	-1.77495836054
414	-1.56557728739
415	-2.06044144643
416	-1.63398242153
417	-6.35102189114
418	-10.5998925557
419	-1.89018102413
420	-1.81483604066
421	-5.42746529875
422	-1.63277816084
423	-1.70127787287
424	-5.28972275551
425	-1.63277816084
426	-1.70127787287
427	-2.06044144643
428	-1.63277816084
429	-1.56557728739
430	-1.78444116498
431	-1.77495836054
432	-5.43947389333
433	-1.78444116498
434	-1.63277816084
435	-6.40577156176
436	-7.04134513657
437	-8.01740789747
438	-5.45690217348
439	-2.06044144643
440	-8.21153638086
441	-1.56557728739
442	-6.6541503032
443	-1.63277816084
444	-1.56557728739
445	-1.94131310891
446	-5.6557644892
447	-1.56497704582
448	-1.94131310891
449	-6.25943444553
450	-1.56557728739
451	-2.06044144643
452	-1.63277816084
453	-1.70127787287
454	-1.78966407787
455	-1.77495836054
456	-1.56497704582
457	-8.15640140284
458	-1.63398242153
459	-1.70127787287
460	-2.06044144643
461	-1.77495836054
462	-1.56557728739
463	-1.78444116498
464	-1.89018102413
465	-1.81483604066
466	-1.78966407787
467	-1.89018102413
468	-1.81483604066
469	-1.78966407787
470	-1.63398242153
