#Site	lnL	
0	-1.66234556374
1	-1.96582722078
2	-3.04936527994
3	-5.76961948413
4	-10.0837623485
5	-4.67817750944
6	-1.66234556374
7	-4.81186122323
8	-3.24502447673
9	-8.6435803722
10	-1.96582722078
11	-3.04936527994
12	-1.69059824993
13	-7.47071606656
14	-3.24502447673
15	-1.66234556374
16	-1.86859611301
17	-3.29529904121
18	-5.68231891471
19	-6.86672313099
20	-3.04936527994
21	-5.75172491091
22	-1.86859611301
23	-10.3157959305
24	-1.81977810479
25	-1.86859611301
26	-8.46961484536
27	-1.77790090831
28	-5.52698406904
29	-6.25481551197
30	-1.66234556374
31	-1.86859611301
32	-5.86186172256
33	-1.69059824993
34	-2.00826988031
35	-5.25594754247
36	-10.9236722846
37	-12.1668257764
38	-3.04936527994
39	-1.77790090831
40	-6.56266750413
41	-3.04936527994
42	-6.30228650057
43	-2.00826988031
44	-6.59287962237
45	-1.66234556374
46	-1.86859611301
47	-5.16529644655
48	-1.66234556374
49	-2.00826988031
50	-3.24502447673
51	-1.69059824993
52	-2.00826988031
53	-5.45369090447
54	-1.69059824993
55	-1.86859611301
56	-4.52176223675
57	-6.3321152798
58	-1.96582722078
59	-3.04936527994
60	-6.30228650057
61	-7.88916843257
62	-3.04936527994
63	-1.69059824993
64	-1.84060974569
65	-3.04936527994
66	-15.194173154
67	-1.96582722078
68	-3.29529904121
69	-1.66234556374
70	-8.1369715308
71	-9.93362322746
72	-1.69059824993
73	-5.4994738988
74	-3.04936527994
75	-1.69059824993
76	-2.00826988031
77	-3.07894771855
78	-1.69059824993
79	-1.86859611301
80	-3.29529904121
81	-1.81977810479
82	-1.96582722078
83	-3.24502447673
84	-6.89247235784
85	-1.86859611301
86	-3.29529904121
87	-1.81977810479
88	-6.65968189105
89	-3.29529904121
90	-6.42967433982
91	-6.55483053832
92	-5.81585197833
93	-1.81977810479
94	-1.96582722078
95	-3.29529904121
96	-13.3650202256
97	-1.86859611301
98	-3.29529904121
99	-1.69059824993
100	-1.96582722078
101	-3.04936527994
102	-7.11779887228
103	-2.00826988031
104	-5.9342966664
105	-1.69059824993
106	-6.86173034594
107	-5.89489172876
108	-1.69059824993
109	-5.55731155428
110	-5.89489172876
111	-1.69059824993
112	-1.84060974569
113	-5.81585197833
114	-1.66234556374
115	-4.83659847974
116	-3.04936527994
117	-1.81977810479
118	-5.97464421311
119	-3.29529904121
120	-6.2325778046
121	-1.86859611301
122	-5.85131723826
123	-10.362921743
124	-1.84060974569
125	-3.29529904121
126	-1.77790090831
127	-1.84060974569
128	-6.47919559791
129	-6.79562882357
130	-5.5784643778
131	-3.07894771855
132	-1.81977810479
133	-4.90969295719
134	-9.2615103573
135	-1.66234556374
136	-1.86859611301
137	-6.15725645195
138	-7.13454332603
139	-4.90969295719
140	-3.04936527994
141	-7.07952443737
142	-6.04425522626
143	-10.6097643811
144	-1.81977810479
145	-7.46876534727
146	-3.07894771855
147	-1.77790090831
148	-2.00826988031
149	-3.24502447673
150	-6.4466406289
151	-2.00826988031
152	-3.07894771855
153	-1.81977810479
154	-1.86859611301
155	-5.36386155911
156	-1.81977810479
157	-6.30513400661
158	-3.29529904121
159	-6.91927866327
160	-4.81186122323
161	-10.7310570739
162	-1.69059824993
163	-1.96582722078
164	-6.04840183129
165	-1.66234556374
166	-10.177172054
167	-9.70283751736
168	-1.81977810479
169	-9.20203242724
170	-3.04936527994
171	-1.69059824993
172	-6.63081824989
173	-3.29529904121
174	-1.66234556374
175	-2.00826988031
176	-3.07894771855
177	-1.81977810479
178	-6.76916407097
179	-3.07894771855
180	-1.66234556374
181	-1.84060974569
182	-5.9342966664
183	-1.81977810479
184	-1.86859611301
185	-3.07894771855
186	-1.69059824993
187	-1.86859611301
188	-3.07894771855
189	-1.77790090831
190	-1.84060974569
191	-3.07894771855
192	-5.19558523492
193	-6.5302131428
194	-9.58183527028
195	-1.69059824993
196	-1.96582722078
197	-3.24502447673
198	-1.69059824993
199	-9.75230900216
200	-3.24502447673
201	-1.69059824993
202	-2.00826988031
203	-3.07894771855
204	-12.8690007906
205	-1.86859611301
206	-3.29529904121
207	-6.79562882357
208	-6.55483053832
209	-4.52176223675
210	-1.77790090831
211	-1.86859611301
212	-3.07894771855
213	-1.66234556374
214	-5.87308666224
215	-3.24502447673
216	-1.81977810479
217	-1.84060974569
218	-7.47735459938
219	-1.69059824993
220	-5.81445254675
221	-3.04936527994
222	-1.81977810479
223	-7.87423348144
224	-3.24502447673
225	-7.63425258445
226	-5.45567338098
227	-6.2956071703
228	-1.81977810479
229	-5.80257436482
230	-5.06773738653
231	-6.79562882357
232	-1.86859611301
233	-3.24502447673
234	-1.81977810479
235	-1.84060974569
236	-7.05690444027
237	-1.77790090831
238	-6.07201379201
239	-3.24502447673
240	-1.66234556374
241	-1.96582722078
242	-5.89489172876
243	-1.77790090831
244	-1.84060974569
245	-3.24502447673
246	-1.77790090831
247	-9.71102154961
248	-3.24502447673
249	-1.69059824993
250	-1.86859611301
251	-3.07894771855
252	-1.81977810479
253	-2.00826988031
254	-6.29885072285
255	-1.66234556374
256	-2.00826988031
257	-5.43448752007
258	-6.80100672889
259	-2.00826988031
260	-7.47769890489
261	-1.69059824993
262	-2.00826988031
263	-7.10805278867
264	-1.66234556374
265	-1.86859611301
266	-3.24502447673
267	-6.25038412164
268	-1.86859611301
269	-7.39097846808
270	-1.77790090831
271	-5.4994738988
272	-9.48812515101
273	-1.66234556374
274	-5.80257436482
275	-3.07894771855
276	-1.81977810479
277	-1.86859611301
278	-6.03919403108
279	-1.66234556374
280	-5.68810866471
281	-3.29529904121
282	-7.02023981226
283	-1.84060974569
284	-3.24502447673
285	-1.69059824993
286	-2.00826988031
287	-12.655959413
288	-7.85829455421
289	-6.86173034594
290	-3.07894771855
291	-1.77790090831
292	-2.00826988031
293	-3.07894771855
294	-1.69059824993
295	-7.58370845527
296	-6.4931673225
297	-7.07905233689
298	-5.97464421311
299	-3.04936527994
300	-7.1520210037
301	-13.080613396
302	-3.07894771855
303	-1.77790090831
304	-1.96582722078
305	-3.29529904121
306	-1.81977810479
307	-2.00826988031
308	-4.52176223675
309	-1.69059824993
310	-2.00826988031
311	-5.45369090447
312	-1.77790090831
313	-1.86859611301
314	-7.25213725069
315	-1.81977810479
316	-1.84060974569
317	-3.24502447673
318	-1.66234556374
319	-1.86859611301
320	-3.04936527994
321	-1.66234556374
322	-1.84060974569
323	-7.40679722699
324	-5.8881319872
325	-6.57877461129
326	-3.04936527994
327	-1.77790090831
328	-7.56354853364
329	-3.04936527994
330	-5.12343422224
331	-2.00826988031
332	-3.07894771855
333	-1.77790090831
334	-6.59116942107
335	-9.36749490771
336	-7.85976933615
337	-7.45843870047
338	-3.04936527994
339	-1.69059824993
340	-2.00826988031
341	-3.07894771855
342	-1.77790090831
343	-1.96582722078
344	-6.47648726931
345	-1.81977810479
346	-1.84060974569
347	-5.23449003356
348	-1.77790090831
349	-1.86859611301
350	-3.24502447673
351	-6.2325778046
352	-1.96582722078
353	-3.24502447673
354	-1.81977810479
355	-1.96582722078
356	-3.24502447673
357	-1.66234556374
358	-1.84060974569
359	-4.59409396141
360	-1.66234556374
361	-4.88280006394
362	-3.07894771855
363	-1.66234556374
364	-7.46315215019
365	-7.70639164434
366	-1.81977810479
367	-4.88280006394
368	-3.04936527994
369	-1.66234556374
370	-6.07395516123
371	-8.34180186398
372	-1.66234556374
373	-6.18251270657
374	-5.95825256891
375	-1.66234556374
376	-1.84060974569
377	-3.24502447673
378	-1.81977810479
379	-1.96582722078
380	-3.29529904121
381	-7.15531491763
382	-1.86859611301
383	-3.24502447673
384	-1.81977810479
385	-4.88280006394
386	-3.24502447673
387	-12.9084708727
388	-1.84060974569
389	-6.70678457805
390	-1.81977810479
391	-1.84060974569
392	-5.9342966664
393	-1.77790090831
394	-1.86859611301
395	-3.24502447673
396	-9.84362350453
397	-1.84060974569
398	-7.87521637343
399	-1.77790090831
400	-9.17363424693
401	-3.04936527994
402	-8.97676631622
403	-1.84060974569
404	-5.06474609102
405	-1.69059824993
406	-1.86859611301
407	-7.28045439431
408	-1.77790090831
409	-1.96582722078
410	-8.58404098771
411	-5.19558523492
412	-5.4994738988
413	-3.24502447673
414	-7.61348105123
415	-1.84060974569
416	-3.29529904121
417	-1.77790090831
418	-2.00826988031
419	-3.07894771855
420	-8.52856170092
421	-1.86859611301
422	-7.04514857359
423	-1.69059824993
424	-6.59116942107
425	-3.24502447673
426	-1.66234556374
427	-1.84060974569
428	-3.07894771855
429	-1.81977810479
430	-1.84060974569
431	-3.24502447673
432	-1.77790090831
433	-2.00826988031
434	-3.04936527994
435	-1.66234556374
436	-6.63081824989
437	-3.29529904121
438	-1.77790090831
439	-7.34403294474
440	-3.07894771855
441	-7.85780344794
442	-7.58790831591
443	-3.24502447673
444	-7.06191214729
445	-12.8764942333
446	-6.68429561514
447	-1.66234556374
448	-10.9966151969
449	-3.04936527994
450	-7.75179245709
451	-7.56354853364
452	-6.46683060598
453	-1.69059824993
454	-6.63081824989
455	-3.04936527994
456	-5.76283290508
457	-6.78555307644
458	-7.41805040295
459	-1.81977810479
460	-1.96582722078
461	-6.15725645195
462	-1.66234556374
463	-4.81186122323
464	-3.29529904121
465	-1.81977810479
466	-1.96582722078
467	-6.13619248064
468	-1.66234556374
469	-1.96582722078
470	-3.24502447673
