#Site	lnL	
0	-1.98284802851
1	-1.99058971664
2	-4.70171886003
3	-1.65509014025
4	-5.53784241851
5	-2.02144307282
6	-1.79291297944
7	-9.00976163543
8	-2.00223038232
9	-1.98284802851
10	-1.6620779374
11	-2.00223038232
12	-1.98284802851
13	-8.00884737112
14	-6.23772556681
15	-1.98284802851
16	-1.65409580714
17	-2.18240771527
18	-5.86228616127
19	-1.99058971664
20	-2.39025583004
21	-1.64733155787
22	-5.43568119661
23	-8.18105228003
24	-1.65509014025
25	-1.65409580714
26	-4.53090823041
27	-9.48850637591
28	-1.99058971664
29	-2.18240771527
30	-1.65509014025
31	-1.80033200674
32	-4.44865005615
33	-5.55938471917
34	-1.65409580714
35	-7.1099523075
36	-1.98284802851
37	-1.6620779374
38	-2.18240771527
39	-8.709078129
40	-1.65409580714
41	-7.3782186127
42	-1.65509014025
43	-4.8717627729
44	-2.39025583004
45	-1.65509014025
46	-1.99058971664
47	-2.39025583004
48	-5.95665904722
49	-1.80033200674
50	-2.00223038232
51	-8.08651695183
52	-5.82947658097
53	-5.95379598924
54	-1.64733155787
55	-5.25212868435
56	-2.00223038232
57	-1.64733155787
58	-1.6620779374
59	-6.04843094729
60	-1.64733155787
61	-1.6620779374
62	-2.02144307282
63	-5.26540087154
64	-10.4696924752
65	-2.02144307282
66	-12.7366289579
67	-4.66086142397
68	-2.39025583004
69	-1.79291297944
70	-1.6620779374
71	-5.06581366819
72	-1.65509014025
73	-1.80033200674
74	-5.77250745428
75	-1.65509014025
76	-1.80033200674
77	-2.39025583004
78	-1.64733155787
79	-1.80033200674
80	-6.04843094729
81	-4.67394968167
82	-1.99058971664
83	-5.77002034321
84	-1.65509014025
85	-8.5594257963
86	-2.00223038232
87	-1.64733155787
88	-8.04362899885
89	-5.53308055252
90	-6.14321460828
91	-5.51358581803
92	-5.06581366819
93	-1.79291297944
94	-1.65409580714
95	-4.99362465684
96	-1.79291297944
97	-5.53784241851
98	-4.28791166603
99	-4.69207614712
100	-1.80033200674
101	-4.28791166603
102	-1.65509014025
103	-1.80033200674
104	-5.72317522085
105	-1.65509014025
106	-1.6620779374
107	-2.02144307282
108	-4.84311891219
109	-8.11468926884
110	-2.18240771527
111	-1.64733155787
112	-1.65409580714
113	-2.18240771527
114	-1.79291297944
115	-1.99058971664
116	-2.02144307282
117	-6.69966888621
118	-1.65409580714
119	-2.02144307282
120	-1.64733155787
121	-1.80033200674
122	-8.49441139448
123	-1.65509014025
124	-6.04348204563
125	-2.18240771527
126	-1.65509014025
127	-8.91497020377
128	-2.18240771527
129	-1.98284802851
130	-1.99058971664
131	-2.02144307282
132	-5.36734944292
133	-6.23927442758
134	-2.00223038232
135	-5.93930962392
136	-6.25071184248
137	-6.39601599727
138	-1.79291297944
139	-1.99058971664
140	-4.53090823041
141	-1.98284802851
142	-5.43568119661
143	-5.20006463826
144	-4.67394968167
145	-1.6620779374
146	-5.92606546795
147	-10.0357293402
148	-5.4046138684
149	-2.39025583004
150	-1.65509014025
151	-5.80566123321
152	-6.31272348438
153	-1.98284802851
154	-1.65409580714
155	-8.63552820902
156	-8.08651695183
157	-5.35450964456
158	-2.18240771527
159	-1.64733155787
160	-1.80033200674
161	-5.95379598924
162	-1.64733155787
163	-1.6620779374
164	-2.02144307282
165	-1.98284802851
166	-1.6620779374
167	-11.9579634014
168	-10.7118430936
169	-1.99058971664
170	-6.23772556681
171	-1.79291297944
172	-1.65409580714
173	-2.00223038232
174	-1.98284802851
175	-1.99058971664
176	-7.70381204955
177	-13.1168207665
178	-1.99058971664
179	-2.02144307282
180	-6.59493288491
181	-6.43888465806
182	-2.18240771527
183	-1.79291297944
184	-1.80033200674
185	-2.00223038232
186	-1.65509014025
187	-1.6620779374
188	-5.95379598924
189	-1.64733155787
190	-4.66086142397
191	-2.02144307282
192	-1.98284802851
193	-5.54681546381
194	-2.18240771527
195	-1.64733155787
196	-1.99058971664
197	-4.99362465684
198	-1.98284802851
199	-1.65409580714
200	-2.00223038232
201	-1.79291297944
202	-1.99058971664
203	-2.39025583004
204	-6.2633718317
205	-1.6620779374
206	-2.02144307282
207	-1.98284802851
208	-1.65409580714
209	-5.77250745428
210	-1.79291297944
211	-1.80033200674
212	-2.18240771527
213	-1.79291297944
214	-1.65409580714
215	-5.20006463826
216	-1.65509014025
217	-1.65409580714
218	-2.39025583004
219	-1.64733155787
220	-6.10703658525
221	-4.28791166603
222	-1.65509014025
223	-1.65409580714
224	-8.21183743095
225	-1.65509014025
226	-1.65409580714
227	-2.18240771527
228	-1.65509014025
229	-5.80566123321
230	-4.32409372855
231	-1.79291297944
232	-1.65409580714
233	-2.00223038232
234	-1.64733155787
235	-1.65409580714
236	-2.39025583004
237	-6.7314346638
238	-1.6620779374
239	-2.00223038232
240	-10.4292560865
241	-5.11890013424
242	-2.39025583004
243	-1.79291297944
244	-1.99058971664
245	-7.1591315878
246	-1.79291297944
247	-6.25071184248
248	-5.89718562146
249	-5.8191524722
250	-1.65409580714
251	-5.77002034321
252	-1.65509014025
253	-1.99058971664
254	-7.80923763452
255	-8.25871126557
256	-1.80033200674
257	-2.18240771527
258	-1.79291297944
259	-1.65409580714
260	-2.18240771527
261	-1.64733155787
262	-5.33991469062
263	-2.00223038232
264	-1.64733155787
265	-1.65409580714
266	-2.39025583004
267	-1.65509014025
268	-1.6620779374
269	-6.31272348438
270	-8.28061685645
271	-1.65409580714
272	-8.81689433771
273	-1.65509014025
274	-5.80566123321
275	-2.39025583004
276	-1.65509014025
277	-1.65409580714
278	-5.87321087444
279	-1.64733155787
280	-1.65409580714
281	-2.18240771527
282	-1.65509014025
283	-1.80033200674
284	-2.00223038232
285	-1.65509014025
286	-6.4071745042
287	-2.18240771527
288	-1.79291297944
289	-4.82986426404
290	-2.39025583004
291	-5.82393381117
292	-1.80033200674
293	-2.02144307282
294	-1.79291297944
295	-5.25212868435
296	-8.60206326459
297	-1.64733155787
298	-4.8717627729
299	-2.39025583004
300	-1.79291297944
301	-10.0910092077
302	-5.92606546795
303	-1.98284802851
304	-1.6620779374
305	-2.00223038232
306	-1.65509014025
307	-10.6114039228
308	-2.18240771527
309	-1.64733155787
310	-1.99058971664
311	-2.00223038232
312	-4.69207614712
313	-1.80033200674
314	-5.64757617424
315	-9.52573376123
316	-1.65409580714
317	-2.02144307282
318	-1.79291297944
319	-1.6620779374
320	-7.98242344581
321	-1.64733155787
322	-1.6620779374
323	-2.00223038232
324	-1.64733155787
325	-1.80033200674
326	-2.00223038232
327	-4.84311891219
328	-6.57111689447
329	-9.20922254766
330	-1.65509014025
331	-1.65409580714
332	-2.02144307282
333	-1.64733155787
334	-6.13047009829
335	-9.35711866075
336	-6.33328222954
337	-1.6620779374
338	-5.87321087444
339	-1.65509014025
340	-1.65409580714
341	-4.28791166603
342	-9.75919063702
343	-1.99058971664
344	-5.92606546795
345	-4.67394968167
346	-1.6620779374
347	-5.49113267798
348	-1.65509014025
349	-1.80033200674
350	-2.18240771527
351	-1.65509014025
352	-1.6620779374
353	-2.02144307282
354	-6.45107433568
355	-1.65409580714
356	-6.98018356869
357	-5.35302107133
358	-1.80033200674
359	-2.18240771527
360	-1.65509014025
361	-7.48556386539
362	-8.83923784778
363	-7.70485991075
364	-1.6620779374
365	-4.70171886003
366	-1.65509014025
367	-5.35450964456
368	-2.18240771527
369	-1.79291297944
370	-1.65409580714
371	-2.00223038232
372	-1.98284802851
373	-1.80033200674
374	-7.68227155796
375	-5.55938471917
376	-6.10703658525
377	-2.02144307282
378	-6.73678806984
379	-1.65409580714
380	-5.49113267798
381	-5.84186692719
382	-9.68590854292
383	-8.68398776525
384	-1.98284802851
385	-1.65409580714
386	-2.18240771527
387	-6.4199650861
388	-5.11053665121
389	-2.02144307282
390	-1.98284802851
391	-1.6620779374
392	-8.12811479375
393	-1.64733155787
394	-1.99058971664
395	-2.00223038232
396	-1.98284802851
397	-4.8717627729
398	-2.02144307282
399	-1.65509014025
400	-1.6620779374
401	-7.56363721292
402	-1.79291297944
403	-1.65409580714
404	-2.18240771527
405	-1.64733155787
406	-1.65409580714
407	-4.96573453174
408	-1.98284802851
409	-1.6620779374
410	-9.94746836167
411	-5.86228616127
412	-1.6620779374
413	-2.39025583004
414	-1.98284802851
415	-1.65409580714
416	-7.0142060141
417	-1.64733155787
418	-6.10703658525
419	-2.18240771527
420	-5.52676589117
421	-6.29134305116
422	-2.02144307282
423	-1.79291297944
424	-1.80033200674
425	-6.39698479254
426	-7.8976693353
427	-1.99058971664
428	-2.18240771527
429	-6.91636261264
430	-9.29061861826
431	-5.89718562146
432	-1.64733155787
433	-1.99058971664
434	-2.39025583004
435	-1.79291297944
436	-1.6620779374
437	-7.08716404812
438	-1.98284802851
439	-5.51358581803
440	-2.00223038232
441	-6.91636261264
442	-1.65409580714
443	-5.49113267798
444	-1.64733155787
445	-4.82986426404
446	-5.53308055252
447	-1.79291297944
448	-1.65409580714
449	-2.39025583004
450	-1.65509014025
451	-1.99058971664
452	-2.18240771527
453	-5.82393381117
454	-1.65409580714
455	-4.44865005615
456	-1.65509014025
457	-4.66086142397
458	-2.18240771527
459	-1.98284802851
460	-1.6620779374
461	-2.00223038232
462	-1.64733155787
463	-1.6620779374
464	-2.00223038232
465	-1.98284802851
466	-1.6620779374
467	-2.18240771527
468	-5.36734944292
469	-1.99058971664
470	-2.02144307282
