#Site	lnL	
0	-5.25386212927
1	-5.08828524989
2	-1.2305074848
3	-12.6555029187
4	-1.73827817054
5	-1.2305074848
6	-1.83294405528
7	-1.73827817054
8	-1.62486858724
9	-6.64630384943
10	-1.73827817054
11	-1.29573974999
12	-1.83294405528
13	-1.73827817054
14	-1.2305074848
15	-1.83294405528
16	-4.87960459425
17	-10.455275707
18	-1.83294405528
19	-10.9819626342
20	-1.2305074848
21	-7.0594857167
22	-1.92491345488
23	-10.7979193194
24	-5.10972427226
25	-6.15369909038
26	-1.44716745683
27	-1.83294405528
28	-7.36907277121
29	-1.29573974999
30	-1.56773840023
31	-7.04805114609
32	-1.2305074848
33	-2.03221937565
34	-5.96131922629
35	-10.6065327212
36	-1.83294405528
37	-5.86993984337
38	-1.2305074848
39	-1.65320012162
40	-1.92491345488
41	-1.29573974999
42	-6.64630384943
43	-1.64796905287
44	-10.1461253379
45	-6.79758105575
46	-7.76460488222
47	-1.29573974999
48	-1.83294405528
49	-12.89201187
50	-1.29573974999
51	-2.03221937565
52	-1.73827817054
53	-22.1451899752
54	-2.03221937565
55	-5.81434290208
56	-1.44716745683
57	-1.83294405528
58	-1.64796905287
59	-1.2305074848
60	-1.56773840023
61	-5.70689527188
62	-9.76151171707
63	-2.03221937565
64	-1.73827817054
65	-1.62486858724
66	-2.03221937565
67	-1.64796905287
68	-10.9106309469
69	-1.83294405528
70	-1.64796905287
71	-1.29573974999
72	-4.94424065293
73	-1.73827817054
74	-1.2305074848
75	-2.03221937565
76	-1.92491345488
77	-1.2305074848
78	-6.09787054938
79	-1.92491345488
80	-1.2305074848
81	-5.12674371285
82	-1.92491345488
83	-9.76164779682
84	-1.56773840023
85	-1.64796905287
86	-1.2305074848
87	-4.84930021422
88	-1.92491345488
89	-10.1463589046
90	-9.19502710076
91	-4.71131205205
92	-1.29573974999
93	-1.65320012162
94	-1.73827817054
95	-9.87421753431
96	-1.65320012162
97	-6.16845604213
98	-1.2305074848
99	-4.87456370891
100	-5.5026611094
101	-1.62486858724
102	-1.65320012162
103	-2.12952162564
104	-1.44716745683
105	-7.10412791026
106	-1.73827817054
107	-10.4552233473
108	-1.65320012162
109	-1.64796905287
110	-10.1461253379
111	-1.56773840023
112	-2.12952162564
113	-1.44716745683
114	-1.56773840023
115	-1.73827817054
116	-10.7980603832
117	-5.50731957624
118	-1.73827817054
119	-21.9965370802
120	-2.03221937565
121	-1.64796905287
122	-1.29573974999
123	-1.56773840023
124	-2.12952162564
125	-21.6923906019
126	-1.83294405528
127	-4.9689311075
128	-9.87388065376
129	-1.65320012162
130	-10.7411908108
131	-1.2305074848
132	-1.65320012162
133	-7.59005337063
134	-10.3344369754
135	-1.83294405528
136	-4.98982773183
137	-1.2305074848
138	-1.83294405528
139	-1.73827817054
140	-1.29573974999
141	-1.56773840023
142	-6.96755411918
143	-20.4874520783
144	-1.65320012162
145	-7.33084402291
146	-10.1463589046
147	-2.03221937565
148	-1.92491345488
149	-1.62486858724
150	-1.83294405528
151	-1.64796905287
152	-1.29573974999
153	-7.41739348312
154	-4.87960459425
155	-1.44716745683
156	-1.56773840023
157	-4.9689311075
158	-10.7979193194
159	-10.6700283123
160	-4.87960459425
161	-1.44716745683
162	-1.56773840023
163	-9.69499627791
164	-1.29573974999
165	-10.0968001597
166	-2.12952162564
167	-1.29573974999
168	-6.50335438274
169	-1.64796905287
170	-1.2305074848
171	-1.56773840023
172	-1.73827817054
173	-1.29573974999
174	-5.10972427226
175	-5.78428891787
176	-1.2305074848
177	-6.27801691349
178	-5.0684913105
179	-1.44716745683
180	-1.56773840023
181	-4.71131205205
182	-10.4552233473
183	-1.83294405528
184	-2.12952162564
185	-10.9102817292
186	-6.30679388123
187	-1.73827817054
188	-1.62486858724
189	-5.42682645089
190	-9.40455689617
191	-1.62486858724
192	-1.83294405528
193	-1.92491345488
194	-1.62486858724
195	-1.83294405528
196	-1.73827817054
197	-1.29573974999
198	-2.03221937565
199	-2.12952162564
200	-11.3709043467
201	-1.65320012162
202	-1.73827817054
203	-1.2305074848
204	-1.56773840023
205	-5.37168429462
206	-1.2305074848
207	-1.83294405528
208	-2.12952162564
209	-1.44716745683
210	-2.03221937565
211	-1.64796905287
212	-11.2447126243
213	-7.46255788791
214	-1.64796905287
215	-11.0007316744
216	-1.83294405528
217	-8.22043989084
218	-1.29573974999
219	-1.56773840023
220	-1.64796905287
221	-10.4552233473
222	-6.09787054938
223	-1.73827817054
224	-9.76151171707
225	-5.12674371285
226	-1.64796905287
227	-11.2447126243
228	-1.56773840023
229	-5.08828524989
230	-1.44716745683
231	-1.65320012162
232	-1.64796905287
233	-10.5770216268
234	-7.46255788791
235	-6.5329725929
236	-1.62486858724
237	-2.03221937565
238	-12.177414542
239	-1.44716745683
240	-5.12674371285
241	-1.64796905287
242	-1.29573974999
243	-2.03221937565
244	-1.64796905287
245	-10.8493438644
246	-2.03221937565
247	-6.76990525057
248	-1.44716745683
249	-2.03221937565
250	-1.64796905287
251	-10.9102817292
252	-1.65320012162
253	-1.64796905287
254	-20.0142065576
255	-1.83294405528
256	-1.92491345488
257	-12.8623157988
258	-1.83294405528
259	-1.64796905287
260	-1.62486858724
261	-2.03221937565
262	-2.12952162564
263	-10.8494856822
264	-2.03221937565
265	-5.97665619203
266	-1.2305074848
267	-5.10972427226
268	-2.12952162564
269	-1.2305074848
270	-6.41100600198
271	-1.64796905287
272	-1.44716745683
273	-1.56773840023
274	-4.71131205205
275	-10.182944088
276	-1.65320012162
277	-2.12952162564
278	-1.2305074848
279	-1.65320012162
280	-1.73827817054
281	-1.29573974999
282	-1.83294405528
283	-4.71131205205
284	-1.29573974999
285	-1.56773840023
286	-1.92491345488
287	-10.1830331036
288	-1.83294405528
289	-1.92491345488
290	-1.29573974999
291	-6.76631191001
292	-1.73827817054
293	-10.1461253379
294	-1.65320012162
295	-2.12952162564
296	-10.606663517
297	-1.65320012162
298	-1.92491345488
299	-1.2305074848
300	-16.0120812976
301	-5.37168429462
302	-1.29573974999
303	-2.03221937565
304	-1.92491345488
305	-10.3344369754
306	-6.00626059106
307	-1.73827817054
308	-11.3706638807
309	-1.56773840023
310	-2.12952162564
311	-1.2305074848
312	-1.56773840023
313	-10.9864402372
314	-1.29573974999
315	-1.56773840023
316	-1.73827817054
317	-1.62486858724
318	-1.65320012162
319	-1.92491345488
320	-1.29573974999
321	-1.65320012162
322	-1.92491345488
323	-1.2305074848
324	-5.12674371285
325	-6.64386498643
326	-1.44716745683
327	-1.65320012162
328	-1.64796905287
329	-1.29573974999
330	-1.83294405528
331	-2.12952162564
332	-10.455275707
333	-1.56773840023
334	-4.98982773183
335	-1.2305074848
336	-1.83294405528
337	-5.0684913105
338	-1.2305074848
339	-9.76839956289
340	-5.96131922629
341	-22.2552752232
342	-1.65320012162
343	-5.54871385588
344	-1.2305074848
345	-8.00492787637
346	-1.64796905287
347	-1.62486858724
348	-7.25818816863
349	-1.92491345488
350	-1.2305074848
351	-1.56773840023
352	-5.78428891787
353	-10.3342212943
354	-1.56773840023
355	-2.12952162564
356	-1.29573974999
357	-1.56773840023
358	-1.92491345488
359	-1.29573974999
360	-5.92581214441
361	-1.73827817054
362	-1.44716745683
363	-1.83294405528
364	-2.12952162564
365	-9.76164779682
366	-1.83294405528
367	-5.28954991116
368	-12.459992832
369	-5.12674371285
370	-2.12952162564
371	-1.29573974999
372	-7.87212063449
373	-1.92491345488
374	-12.3212261424
375	-4.87456370891
376	-12.5291948888
377	-10.1461253379
378	-2.03221937565
379	-1.64796905287
380	-1.44716745683
381	-2.03221937565
382	-1.73827817054
383	-10.7284254986
384	-2.03221937565
385	-1.73827817054
386	-1.62486858724
387	-5.91288093025
388	-6.5329725929
389	-1.44716745683
390	-5.12674371285
391	-1.64796905287
392	-1.44716745683
393	-6.64630384943
394	-1.64796905287
395	-1.29573974999
396	-1.65320012162
397	-2.12952162564
398	-10.0338154904
399	-1.83294405528
400	-1.92491345488
401	-1.44716745683
402	-7.25818816863
403	-1.92491345488
404	-1.62486858724
405	-1.83294405528
406	-1.64796905287
407	-1.44716745683
408	-1.56773840023
409	-1.92491345488
410	-1.29573974999
411	-2.03221937565
412	-7.11166281364
413	-27.7453355742
414	-1.65320012162
415	-4.80216933447
416	-1.2305074848
417	-1.83294405528
418	-1.64796905287
419	-1.29573974999
420	-1.83294405528
421	-2.12952162564
422	-11.2193866744
423	-1.65320012162
424	-8.83981654152
425	-10.0337211441
426	-2.03221937565
427	-2.12952162564
428	-1.29573974999
429	-1.83294405528
430	-5.37168429462
431	-10.455275707
432	-1.65320012162
433	-5.36000967992
434	-1.29573974999
435	-1.56773840023
436	-1.73827817054
437	-1.62486858724
438	-1.56773840023
439	-8.22224816976
440	-10.3342212943
441	-6.30679388123
442	-5.36000967992
443	-1.2305074848
444	-1.56773840023
445	-7.36907277121
446	-1.44716745683
447	-1.65320012162
448	-1.64796905287
449	-1.62486858724
450	-6.34413597139
451	-1.92491345488
452	-1.2305074848
453	-1.65320012162
454	-1.64796905287
455	-12.3168914878
456	-1.83294405528
457	-5.28954991116
458	-18.0924754249
459	-6.25101040565
460	-2.12952162564
461	-1.29573974999
462	-5.68829109229
463	-1.64796905287
464	-10.4552233473
465	-1.65320012162
466	-1.92491345488
467	-1.2305074848
468	-1.56773840023
469	-1.64796905287
470	-11.2193866744
