# log_p 	 lnL 	 
0.0	-1727.56743915	
-0.287682072452	-1726.79274264	
-0.510825623766	-1726.25388122	
-0.69314718056	-1725.84957405	
-0.847297860387	-1725.53090036	
-0.980829253012	-1725.27025587	
-1.09861228867	-1725.05097438	
-1.20397280433	-1724.86249412	
-1.29928298413	-1724.6978373	
-1.38629436112	-1724.55221841	
-1.46633706879	-1724.4222415	
-1.54044504095	-1724.30541984	
-1.60943791243	-1724.19987943	
-1.67397643357	-1724.10417085	
-1.73460105539	-1724.01714663	
-1.79175946923	-1723.93787935	
-1.8458266905	-1723.8656054	
-1.89711998489	-1723.7996856	
-1.94591014906	-1723.73957684	
-1.99243016469	-1723.68481141	
-2.03688192726	-1723.63498157	
-2.07944154168	-1723.58972788	
-2.1202635362	-1723.54873034	
-2.15948424935	-1723.51170148	
-2.19722457734	-1723.47838101	
-2.23359222151	-1723.44853166	
-2.26868354132	-1723.42193579	
-2.30258509299	-1723.39839276	
-2.33537491582	-1723.37771681	
-2.36712361413	-1723.35973531	
-2.3978952728	-1723.34428733	
-2.42774823595	-1723.33122247	
-2.45673577282	-1723.32039988	
-2.48490664979	-1723.31168744	
-2.51230562398	-1723.30496101	
-2.53897387106	-1723.30010386	
-2.56494935746	-1723.29700609	
-2.59026716545	-1723.29556417	
-2.61495977804	-1723.29568053	
-2.63905732962	-1723.29726314	
-2.66258782703	-1723.30022517	
-2.68557734525	-1723.3044847	
-2.7080502011	-1723.3099644	
-2.73002910782	-1723.31659123	
-2.75153531304	-1723.32429627	
-2.77258872224	-1723.33301439	
-2.79320800944	-1723.34268409	
-2.81341071676	-1723.35324728	
-2.83321334406	-1723.36464907	
-2.85263142991	-1723.37683763	
-2.87167962488	-1723.38976395	
-2.8903717579	-1723.40338175	
-2.90872089656	-1723.41764729	
-2.92673940207	-1723.43251924	
-2.94443897917	-1723.44795851	
-2.96183072188	-1723.46392821	
-2.97892515524	-1723.48039343	
-2.99573227355	-1723.49732118	
-3.01226157551	-1723.51468029	
-3.02852209638	-1723.53244128	
-3.04452243772	-1723.55057629	
-3.06027079469	-1723.56905898	
-3.07577498123	-1723.58786444	
-3.09104245336	-1723.60696911	
-3.10608033072	-1723.62635075	
-3.12089541651	-1723.64598828	
-3.13549421593	-1723.66586181	
-3.14988295338	-1723.68595251	
-3.16406758837	-1723.70624258	
-3.17805383035	-1723.72671518	
-3.19184715248	-1723.74735439	
-3.20545280454	-1723.76814515	
-3.21887582487	-1723.78907324	
-3.23212105162	-1723.81012519	
-3.24519313319	-1723.83128826	
-3.25809653802	-1723.85255043	
-3.2708355638	-1723.8739003	
-3.28341434601	-1723.89532712	
-3.295836866	-1723.9168207	
-3.3081069586	-1723.93837144	
-3.32022831913	-1723.95997023	
-3.33220451018	-1723.98160849	
-3.34403896782	-1724.0032781	
-3.35573500759	-1724.02497136	
-3.36729582999	-1724.04668105	
-3.37872452581	-1724.0684003	
-3.39002408106	-1724.09012265	
-3.40119738166	-1724.11184198	
-3.41224721785	-1724.13355254	
-3.42317628838	-1724.15524887	
-3.43398720449	-1724.17692585	
-3.4446824936	-1724.19857863	
-3.45526460293	-1724.22020263	
-3.4657359028	-1724.24179357	
-3.47609868984	-1724.26334737	
-3.48635519	-1724.28486022	
-3.49650756147	-1724.30632852	
-3.50655789732	-1724.32774889	
-3.51650822817	-1724.34911814	
-3.52636052462	-1724.37043329	
-3.53611669956	-1724.39169152	
-3.54577861047	-1724.4128902	
-3.55534806149	-1724.43402686	
-3.56482680544	-1724.45509917	
-3.57421654579	-1724.47610498	
-3.58351893846	-1724.49704225	
-3.59273559356	-1724.51790908	
-3.60186807712	-1724.53870371	
-3.61091791264	-1724.55942449	
-3.61988658263	-1724.58006989	
-3.62877553004	-1724.60063847	
-3.63758615973	-1724.62112892	
-3.6463198397	-1724.64154002	
-3.65497790244	-1724.66187062	
-3.66356164613	-1724.6821197	
-3.6720723358	-1724.70228629	
-3.68051120444	-1724.72236951	
-3.68887945411	-1724.74236855	
-3.69717825693	-1724.7622827	
-3.70540875607	-1724.78211128	
-3.7135720667	-1724.8018537	
-3.72166927694	-1724.82150943	
-3.72970144863	-1724.84107798	
-3.73766961828	-1724.86055893	
-3.74557479779	-1724.87995193	
-3.75341797525	-1724.89925664	
-3.76120011569	-1724.9184728	
-3.76892216179	-1724.93760019	
-3.77658503453	-1724.95663862	
-3.78418963392	-1724.97558796	
-3.79173683955	-1724.99444809	
-3.79922751128	-1725.01321896	
-3.80666248977	-1725.03190054	
-3.81404259707	-1725.05049281	
-3.82136863716	-1725.06899583	
-3.82864139649	-1725.08740965	
-3.83586164446	-1725.10573437	
-3.84303013394	-1725.1239701	
-3.85014760171	-1725.14211698	
-3.85721476893	-1725.16017519	
-3.86423234159	-1725.17814491	
-3.87120101091	-1725.19602635	
-3.87812145375	-1725.21381974	
-3.88499433304	-1725.23152534	
-3.89182029811	-1725.24914341	
-3.8985999851	-1725.26667423	
-3.90533401728	-1725.28411811	
-3.91202300543	-1725.30147536	
-3.91866754815	-1725.31874632	
-3.92526823218	-1725.33593132	
-3.93182563272	-1725.35303072	
-3.93834031375	-1725.37004488	
-3.94481282825	-1725.3869742	
-3.95124371858	-1725.40381904	
-3.95763351668	-1725.42057982	
-3.96398274436	-1725.43725694	
-3.97029191355	-1725.45385082	
-3.97656152657	-1725.47036187	
-3.98279207632	-1725.48679054	
-3.98898404656	-1725.50313724	
-3.99513791214	-1725.51940244	
-4.00125413916	-1725.53558658	
-4.00733318523	-1725.55169011	
-4.01337549969	-1725.56771349	
-4.01938152375	-1725.58365718	
-4.02535169074	-1725.59952166	
-4.03128642625	-1725.61530739	
-4.03718614838	-1725.63101486	
-4.04305126783	-1725.64664452	
-4.04888218815	-1725.66219688	
-4.05467930583	-1725.6776724	
-4.06044301055	-1725.69307157	
-4.06617368526	-1725.70839488	
-4.07187170637	-1725.72364282	
-4.07753744391	-1725.73881588	
-4.08317126162	-1725.75391453	
-4.08877351717	-1725.76893928	
-4.09434456222	-1725.78389062	
-4.0998847426	-1725.79876903	
-4.10539439841	-1725.813575	
-4.11087386417	-1725.82830904	
-4.11632346894	-1725.84297162	
-4.12174353641	-1725.85756324	
-4.12713438505	-1725.87208438	
-4.13249632819	-1725.88653554	
-4.13782967416	-1725.90091721	
-4.14313472639	-1725.91522986	
-4.14841178349	-1725.92947399	
-4.15366113938	-1725.94365008	
-4.15888308336	-1725.9577586	
-4.16407790024	-1725.97180005	
-4.1692458704	-1725.98577491	
-4.1743872699	-1725.99968363	
-4.17950237056	-1726.01352672	
-4.18459144007	-1726.02730463	
-4.18965474203	-1726.04101784	
-4.19469253606	-1726.05466682	
-4.19970507788	-1726.06825203	
-4.20469261939	-1726.08177394	
-4.20965540873	-1726.09523301	
-4.21459369037	-1726.10862971	
-4.21950770518	-1726.12196449	
-4.22439769047	-1726.1352378	
-4.22926388012	-1726.14845009	
-4.2341065046	-1726.16160183	
-4.23892579103	-1726.17469345	
-4.2437219633	-1726.18772539	
-4.24849524205	-1726.20069811	
-4.25324584481	-1726.21361203	
-4.257973986	-1726.2264676	
-4.26267987704	-1726.23926524	
-4.26736372635	-1726.2520054	
-4.27202573946	-1726.26468849	
-4.27666611902	-1726.27731493	
-4.28128506487	-1726.28988516	
-4.28588277412	-1726.30239959	
-4.29045944115	-1726.31485864	
-4.29501525768	-1726.32726271	
-4.29955041285	-1726.33961222	
-4.3040650932	-1726.35190757	
-4.30855948279	-1726.36414917	
-4.31303376319	-1726.37633742	
-4.31748811354	-1726.38847271	
-4.3219227106	-1726.40055545	
-4.32633772881	-1726.41258601	
-4.33073334029	-1726.4245648	
-4.33510971489	-1726.43649219	
-4.33946702026	-1726.44836856	
-4.34380542185	-1726.46019431	
-4.348125083	-1726.47196979	
-4.3524261649	-1726.48369539	
-4.35670882669	-1726.49537148	
-4.36097322548	-1726.50699842	
-4.36521951636	-1726.51857658	
-4.36944785247	-1726.53010631	
-4.373658385	-1726.54158798	
-4.37785126326	-1726.55302195	
-4.38202663467	-1726.56440856	
-4.38618464482	-1726.57574816	
-4.39032543749	-1726.5870411	
-4.39444915467	-1726.59828772	
-4.39855593663	-1726.60948836	
-4.40264592188	-1726.62064337	
-4.40671924726	-1726.63175307	
-4.41077604796	-1726.64281779	
-4.4148164575	-1726.65383788	
-4.4188406078	-1726.66481364	
-4.42284862919	-1726.67574541	
-4.42684065046	-1726.6866335	
-4.43081679884	-1726.69747824	
-4.43477720006	-1726.70827994	
-4.43872197835	-1726.7190389	
-4.44265125649	-1726.72975544	
-4.44656515581	-1726.74042987	
-4.45046379623	-1726.75106249	
-4.45434729625	-1726.76165359	
-4.45821577303	-1726.77220349	
-4.46206934235	-1726.78271247	
-4.46590811865	-1726.79318082	
-4.46973221509	-1726.80360885	
-4.47354174351	-1726.81399683	
-4.47733681448	-1726.82434505	
-4.48111753732	-1726.83465379	
-4.48488402011	-1726.84492334	
-4.48863636973	-1726.85515398	
-4.49237469184	-1726.86534596	
-4.49609909093	-1726.87549958	
-4.49980967033	-1726.8856151	
-4.50350653221	-1726.89569279	
-4.50718977763	-1726.90573291	
-4.51085950652	-1726.91573572	
-4.51451581772	-1726.92570149	
-4.518158809	-1726.93563048	
-4.52178857705	-1726.94552294	
-4.52540521752	-1726.95537912	
-4.52900882502	-1726.96519928	
-4.53259949315	-1726.97498366	
-4.5361773145	-1726.98473252	
-4.53974238067	-1726.99444609	
-4.54329478227	-1727.00412462	
-4.54683460898	-1727.01376834	
-4.55036194949	-1727.02337751	
-4.5538768916	-1727.03295234	
-4.55737952215	-1727.04249308	
-4.56086992709	-1727.05199996	
-4.56434819147	-1727.0614732	
-4.56781439944	-1727.07091303	
-4.57126863431	-1727.08031969	
-4.5747109785	-1727.08969338	
-4.5781415136	-1727.09903434	
-4.58156032035	-1727.10834278	
-4.58496747867	-1727.11761892	
-4.58836306767	-1727.12686297	
-4.59174716566	-1727.13607515	
-4.59511985013	-1727.14525566	
-4.59848119784	-1727.15440473	
-4.60183128472	-1727.16352255	
-4.60517018599	-1727.17260933	
-4.60849797608	-1727.18166527	
-4.61181472871	-1727.19069058	
-4.61512051684	-1727.19968545	
-4.61841541274	-1727.20865009	
-4.62169948794	-1727.21758468	
-4.62497281328	-1727.22648944	
-4.62823545892	-1727.23536454	
-4.63148749431	-1727.24421017	
-4.63472898823	-1727.25302654	
-4.63796000881	-1727.26181382	
-4.64118062351	-1727.27057221	
-4.64439089914	-1727.27930188	
-4.64759090187	-1727.28800301	
-4.65078069724	-1727.2966758	
-4.65396035016	-1727.30532042	
-4.65712992492	-1727.31393704	
-4.66028948521	-1727.32252584	
-4.66343909411	-1727.33108701	
-4.66657881412	-1727.3396207	
-4.66970870713	-1727.3481271	
-4.67282883446	-1727.35660636	
-4.67593925688	-1727.36505867	
-4.67904003455	-1727.37348419	
-4.68213122712	-1727.38188307	
-4.68521289366	-1727.3902555	
-4.6882850927	-1727.39860162	
-4.69134788223	-1727.40692161	
-4.69440131972	-1727.41521561	
-4.6974454621	-1727.42348379	
-4.70048036579	-1727.43172631	
-4.70350608671	-1727.43994332	
-4.70652268025	-1727.44813497	
-4.70953020131	-1727.45630142	
-4.71252870431	-1727.46444283	
-4.71551824316	-1727.47255933	
-4.7184988713	-1727.48065107	
-4.72147064168	-1727.48871822	
-4.72443360681	-1727.4967609	
-4.72738781871	-1727.50477927	
-4.73033332894	-1727.51277348	
-4.73327018862	-1727.52074365	
-4.73619844839	-1727.52868994	
-4.7391181585	-1727.53661248	
-4.74202936871	-1727.54451142	
-4.74493212836	-1727.55238689	
-4.74782648639	-1727.56023902	
-4.75071249128	-1727.56806796	
-4.75359019111	-1727.57587383	
-4.75645963353	-1727.58365677	
-4.75932086582	-1727.59141691	
-4.7621739348	-1727.59915438	
-4.76501888693	-1727.60686931	
-4.76785576827	-1727.61456184	
-4.77068462447	-1727.62223208	
-4.77350550081	-1727.62988016	
-4.77631844218	-1727.63750621	
-4.77912349311	-1727.64511035	
-4.78192069773	-1727.65269271	
-4.78471009982	-1727.66025341	
-4.78749174278	-1727.66779256	
-4.79026566966	-1727.67531029	
-4.79303192316	-1727.68280672	
-4.7957905456	-1727.69028196	
-4.79854157897	-1727.69773614	
-4.80128506491	-1727.70516937	
-4.80402104473	-1727.71258176	
-4.80674955939	-1727.71997342	
-4.8094706495	-1727.72734448	
-4.81218435537	-1727.73469504	
-4.81489071697	-1727.74202522	
-4.81758977394	-1727.74933511	
-4.82028156561	-1727.75662485	
-4.82296613098	-1727.76389452	
-4.82564350875	-1727.77114425	
-4.8283137373	-1727.77837414	
-4.83097685472	-1727.78558428	
-4.83363289878	-1727.7927748	
-4.83628190695	-1727.79994579	
-4.83892391641	-1727.80709735	
-4.84155896405	-1727.81422959	
-4.84418708646	-1727.82134262	
-4.84680831994	-1727.82843652	
-4.84942270051	-1727.83551141	
-4.85203026392	-1727.84256737	
-4.85463104562	-1727.84960452	
-4.8572250808	-1727.85662294	
-4.85981240436	-1727.86362273	
-4.86239305096	-1727.87060399	
-4.86496705495	-1727.87756682	
-4.86753445046	-1727.88451131	
-4.87009527132	-1727.89143755	
-4.87264955112	-1727.89834564	
-4.8751973232	-1727.90523567	
-4.87773862063	-1727.91210773	
-4.88027347623	-1727.91896191	
-4.88280192259	-1727.9257983	
-4.88532399202	-1727.93261699	
-4.88783971662	-1727.93941808	
-4.89034912822	-1727.94620164	
-4.89285225844	-1727.95296777	
-4.89534913864	-1727.95971655	
-4.89783979995	-1727.96644807	
-4.90032427328	-1727.97316241	
-4.90280258929	-1727.97985966	
-4.90527477844	-1727.9865399	
-4.90774087093	-1727.99320323	
-4.91020089677	-1727.99984971	
-4.91265488574	-1728.00647943	
-4.91510286737	-1728.01309247	
-4.91754487103	-1728.01968892	
-4.91998092583	-1728.02626885	
-4.92241106068	-1728.03283235	
-4.92483530429	-1728.03937949	
-4.92725368516	-1728.04591036	
-4.92966623156	-1728.05242502	
-4.93207297159	-1728.05892356	
-4.93447393313	-1728.06540605	
-4.93686914386	-1728.07187257	
-4.93925863125	-1728.0783232	
-4.94164242261	-1728.08475801	
-4.94402054501	-1728.09117708	
-4.94639302537	-1728.09758047	
-4.94875989038	-1728.10396827	
-4.95112116656	-1728.11034054	
-4.95347688026	-1728.11669736	
-4.9558270576	-1728.1230388	
-4.95817172456	-1728.12936493	
-4.96051090691	-1728.13567582	
-4.96284463026	-1728.14197155	
-4.96517292002	-1728.14825217	
-4.96749580144	-1728.15451777	
-4.96981329958	-1728.16076841	
-4.97212543933	-1728.16700415	
-4.97443224543	-1728.17322507	
-4.97673374242	-1728.17943124	
-4.97902995468	-1728.18562271	
-4.98132090643	-1728.19179956	
-4.98360662171	-1728.19796185	
-4.98588712441	-1728.20410965	
-4.98816243824	-1728.21024302	
-4.99043258678	-1728.21636203	
-4.99269759341	-1728.22246673	
-4.99495748138	-1728.22855721	
-4.99721227376	-1728.2346335	
-4.9994619935	-1728.24069569	
-5.00170666335	-1728.24674383	
-5.00394630595	-1728.25277798	
-5.00618094375	-1728.25879821	
-5.00841059907	-1728.26480457	
-5.0106352941	-1728.27079713	
-5.01285505083	-1728.27677595	
-5.01506989116	-1728.28274108	
-5.01727983681	-1728.28869259	
-5.01948490937	-1728.29463053	
-5.02168513028	-1728.30055497	
-5.02388052085	-1728.30646595	
-5.02607110223	-1728.31236354	
-5.02825689545	-1728.3182478	
-5.03043792139	-1728.32411878	
-5.03261420082	-1728.32997654	
-5.03478575433	-1728.33582113	
-5.03695260241	-1728.34165261	
-5.03911476542	-1728.34747104	
-5.04127226356	-1728.35327647	
-5.04342511692	-1728.35906895	
-5.04557334546	-1728.36484854	
-5.047716969	-1728.3706153	
-5.04985600725	-1728.37636927	
-5.05199047978	-1728.38211051	
-5.05412040604	-1728.38783908	
-5.05624580535	-1728.39355502	
-5.05836669692	-1728.39925838	
-5.06048309982	-1728.40494923	
-5.06259503303	-1728.4106276	
-5.06470251537	-1728.41629356	
-5.06680556556	-1728.42194715	
-5.06890420222	-1728.42758842	
-5.07099844382	-1728.43321742	
-5.07308830874	-1728.43883421	
-5.07517381523	-1728.44443882	
-5.07725498144	-1728.45003132	
-5.07933182538	-1728.45561175	
-5.08140436498	-1728.46118015	
-5.08347261805	-1728.46673658	
-5.08553660227	-1728.47228109	
-5.08759633523	-1728.47781371	
-5.08965183441	-1728.48333451	
-5.09170311719	-1728.48884352	
-5.09375020081	-1728.49434079	
-5.09579310244	-1728.49982637	
-5.09783183913	-1728.5053003	
-5.09986642782	-1728.51076264	
-5.10189688537	-1728.51621342	
-5.10392322852	-1728.52165269	
-5.1059454739	-1728.5270805	
-5.10796363806	-1728.53249689	
-5.10997773743	-1728.53790191	
-5.11198778836	-1728.54329559	
-5.11399380708	-1728.54867799	
-5.11599580975	-1728.55404914	
-5.11799381242	-1728.55940909	
-5.11998783102	-1728.56475789	
-5.12197788143	-1728.57009557	
-5.1239639794	-1728.57542217	
-5.12594614061	-1728.58073775	
-5.12792438062	-1728.58604234	
-5.12989871492	-1728.59133599	
-5.13186915891	-1728.59661872	
-5.13383572788	-1728.6018906	
-5.13579843705	-1728.60715165	
-5.13775730154	-1728.61240192	
-5.13971233637	-1728.61764145	
-5.1416635565	-1728.62287028	
-5.14361097679	-1728.62808845	
-5.145554612	-1728.63329599	
-5.14749447681	-1728.63849295	
-5.14943058584	-1728.64367937	
-5.15136295359	-1728.64885529	
-5.1532915945	-1728.65402074	
-5.15521652291	-1728.65917577	
-5.15713775309	-1728.6643204	
-5.15905529921	-1728.66945469	
-5.1609691754	-1728.67457867	
-5.16287939565	-1728.67969237	
-5.16478597392	-1728.68479583	
-5.16668892407	-1728.68988909	
-5.16858825987	-1728.69497219	
-5.17048399504	-1728.70004517	
-5.17237614319	-1728.70510806	
-5.17426471788	-1728.71016089	
-5.17614973257	-1728.71520371	
-5.17803120067	-1728.72023654	
-5.1799091355	-1728.72525943	
-5.18178355029	-1728.73027241	
-5.18365445823	-1728.73527552	
-5.1855218724	-1728.74026879	
-5.18738580584	-1728.74525226	
-5.18924627149	-1728.75022595	
-5.19110328224	-1728.75518991	
-5.19295685089	-1728.76014417	
-5.19480699018	-1728.76508877	
-5.19665371277	-1728.77002373	
-5.19849703127	-1728.77494909	
-5.20033695819	-1728.77986489	
-5.202173506	-1728.78477116	
-5.20400668708	-1728.78966793	
-5.20583651375	-1728.79455524	
-5.20766299828	-1728.79943311	
-5.20948615284	-1728.80430159	
-5.21130598956	-1728.80916069	
-5.21312252048	-1728.81401047	
-5.21493575761	-1728.81885094	
-5.21674571285	-1728.82368214	
-5.21855239808	-1728.8285041	
-5.22035582508	-1728.83331685	
-5.22215600558	-1728.83812043	
-5.22395295126	-1728.84291487	
-5.22574667371	-1728.84770019	
-5.22753718449	-1728.85247643	
-5.22932449506	-1728.85724361	
-5.23110861685	-1728.86200178	
-5.23288956123	-1728.86675096	
-5.23466733947	-1728.87149118	
-5.23644196283	-1728.87622246	
-5.23821344248	-1728.88094485	
-5.23998178954	-1728.88565837	
-5.24174701506	-1728.89036304	
-5.24350913005	-1728.89505891	
-5.24526814546	-1728.89974599	
-5.24702407216	-1728.90442432	
-5.24877692099	-1728.90909393	
-5.25052670271	-1728.91375484	
-5.25227342805	-1728.91840709	
-5.25401710765	-1728.9230507	
-5.25575775213	-1728.9276857	
-5.25749537203	-1728.93231213	
-5.25922997784	-1728.93693	
-5.26096158	-1728.94153934	
-5.2626901889	-1728.94614019	
-5.26441581487	-1728.95073257	
-5.26613846818	-1728.95531651	
-5.26785815906	-1728.95989203	
-5.26957489768	-1728.96445917	
-5.27128869416	-1728.96901795	
-5.27299955856	-1728.97356839	
-5.27470750091	-1728.97811053	
-5.27641253116	-1728.9826444	
-5.27811465923	-1728.98717001	
-5.27981389498	-1728.99168739	
-5.28151024823	-1728.99619658	
-5.28320372874	-1729.00069759	
-5.28489434622	-1729.00519045	
-5.28658211033	-1729.0096752	
-5.28826703069	-1729.01415184	
-5.28994911688	-1729.01862042	
-5.2916283784	-1729.02308096	
-5.29330482472	-1729.02753347	
-5.29497846528	-1729.031978	
-5.29664930945	-1729.03641455	
-5.29831736655	-1729.04084316	
-5.29998264587	-1729.04526386	
-5.30164515664	-1729.04967666	
-5.30330490806	-1729.05408159	
-5.30496190927	-1729.05847868	
-5.30661616936	-1729.06286794	
-5.3082676974	-1729.06724942	
-5.30991650239	-1729.07162312	
-5.3115625933	-1729.07598907	
-5.31320597904	-1729.0803473	
-5.3148466685	-1729.08469783	
-5.3164846705	-1729.08904069	
-5.31811999384	-1729.0933759	
-5.31975264727	-1729.09770347	
-5.32138263948	-1729.10202345	
-5.32300997914	-1729.10633584	
-5.32463467487	-1729.11064067	
-5.32625673524	-1729.11493796	
-5.32787616879	-1729.11922775	
-5.32949298402	-1729.12351004	
-5.33110718937	-1729.12778487	
-5.33271879327	-1729.13205226	
-5.33432780407	-1729.13631222	
-5.33593423012	-1729.14056478	
-5.3375380797	-1729.14480997	
-5.33913936107	-1729.1490478	
-5.34073808243	-1729.1532783	
-5.34233425196	-1729.15750149	
-5.3439278778	-1729.16171739	
-5.34551896803	-1729.16592603	
-5.34710753072	-1729.17012742	
-5.34869357387	-1729.17432158	
-5.35027710548	-1729.17850855	
-5.35185813348	-1729.18268833	
-5.35343666577	-1729.18686095	
-5.35501271022	-1729.19102644	
-5.35658627467	-1729.19518481	
-5.3581573669	-1729.19933609	
-5.35972599468	-1729.20348029	
-5.36129216571	-1729.20761743	
-5.36285588769	-1729.21174754	
-5.36441716825	-1729.21587064	
-5.36597601502	-1729.21998675	
-5.36753243557	-1729.22409589	
-5.36908643744	-1729.22819808	
-5.37063802813	-1729.23229333	
-5.37218721511	-1729.23638167	
-5.37373400583	-1729.24046313	
-5.37527840768	-1729.24453771	
-5.37682042804	-1729.24860544	
-5.37836007422	-1729.25266634	
-5.37989735354	-1729.25672043	
-5.38143227326	-1729.26076773	
-5.38296484061	-1729.26480826	
-5.38449506279	-1729.26884204	
-5.38602294697	-1729.27286908	
-5.38754850028	-1729.27688941	
-5.38907172982	-1729.28090304	
-5.39059264266	-1729.28491	
-5.39211124583	-1729.2889103	
-5.39362754635	-1729.29290397	
-5.39514155118	-1729.29689101	
-5.39665326727	-1729.30087146	
-5.39816270152	-1729.30484533	
-5.39966986081	-1729.30881263	
-5.40117475199	-1729.3127734	
-5.40267738187	-1729.31672763	
-5.40417775725	-1729.32067536	
-5.40567588487	-1729.3246166	
-5.40717177146	-1729.32855138	
-5.40866542372	-1729.3324797	
-5.4101568483	-1729.33640158	
-5.41164605186	-1729.34031705	
-5.41313304098	-1729.34422613	
-5.41461782224	-1729.34812882	
-5.4161004022	-1729.35202515	
-5.41758078737	-1729.35591514	
-5.41905898424	-1729.3597988	
-5.42053499927	-1729.36367615	
-5.42200883889	-1729.36754721	
-5.4234805095	-1729.37141199	
-5.42495001748	-1729.37527052	
-5.42641736918	-1729.37912281	
-5.4278825709	-1729.38296888	
-5.42934562895	-1729.38680874	
-5.43080654959	-1729.39064241	
-5.43226533906	-1729.39446991	
-5.43372200355	-1729.39829126	
-5.43517654927	-1729.40210647	
-5.43662898235	-1729.40591556	
-5.43807930892	-1729.40971855	
-5.4395275351	-1729.41351545	
-5.44097366695	-1729.41730628	
-5.44241771052	-1729.42109105	
-5.44385967184	-1729.42486979	
-5.4452995569	-1729.42864251	
-5.44673737167	-1729.43240922	
-5.44817312209	-1729.43616994	
-5.44960681409	-1729.43992469	
-5.45103845357	-1729.44367349	
-5.45246804638	-1729.44741634	
-5.45389559837	-1729.45115327	
-5.45532111536	-1729.45488429	
-5.45674460314	-1729.45860942	
-5.45816606749	-1729.46232867	
-5.45958551414	-1729.46604206	
-5.46100294883	-1729.46974961	
-5.46241837723	-1729.47345133	
-5.46383180503	-1729.47714723	
-5.46524323786	-1729.48083733	
-5.46665268137	-1729.48452165	
-5.46806014114	-1729.4882002	
-5.46946562274	-1729.491873	
-5.47086913175	-1729.49554007	
-5.47227067367	-1729.49920141	
-5.47367025403	-1729.50285704	
-5.47506787829	-1729.50650698	
-5.47646355193	-1729.51015125	
-5.47785728038	-1729.51378985	
-5.47924906905	-1729.51742281	
-5.48063892334	-1729.52105013	
-5.48202684862	-1729.52467184	
-5.48341285022	-1729.52828794	
-5.48479693349	-1729.53189846	
-5.48617910372	-1729.5355034	
-5.48755936619	-1729.53910278	
-5.48893772616	-1729.54269662	
-5.49031418887	-1729.54628493	
-5.49168875953	-1729.54986772	
-5.49306144334	-1729.55344502	
-5.49443224547	-1729.55701682	
-5.49580117108	-1729.56058315	
-5.49716822529	-1729.56414403	
-5.49853341322	-1729.56769945	
-5.49989673995	-1729.57124945	
-5.50125821054	-1729.57479404	
-5.50261783006	-1729.57833321	
-5.50397560352	-1729.58186701	
-5.50533153593	-1729.58539542	
-5.50668563228	-1729.58891848	
-5.50803789753	-1729.59243618	
-5.50938833663	-1729.59594856	
-5.5107369545	-1729.59945561	
-5.51208375605	-1729.60295736	
-5.51342874616	-1729.60645382	
-5.51477192971	-1729.60994499	
-5.51611331154	-1729.6134309	
-5.51745289646	-1729.61691156	
-5.51879068931	-1729.62038698	
-5.52012669485	-1729.62385717	
-5.52146091786	-1729.62732215	
-5.5227933631	-1729.63078193	
-5.52412403528	-1729.63423653	
-5.52545293913	-1729.63768595	
-5.52678007934	-1729.64113021	
-5.52810546058	-1729.64456932	
-5.52942908751	-1729.6480033	
-5.53075096477	-1729.65143216	
-5.53207109697	-1729.65485591	
-5.53338948873	-1729.65827456	
-5.53470614461	-1729.66168813	
-5.53602106919	-1729.66509663	
-5.53733426702	-1729.66850008	
-5.53864574262	-1729.67189847	
-5.5399555005	-1729.67529184	
-5.54126354516	-1729.67868019	
-5.54256988107	-1729.68206352	
-5.5438745127	-1729.68544187	
-5.54517744448	-1729.68881523	
-5.54647868084	-1729.69218362	
-5.54777822618	-1729.69554705	
-5.5490760849	-1729.69890554	
-5.55037226136	-1729.70225909	
-5.55166675992	-1729.70560773	
-5.55295958492	-1729.70895145	
-5.55425074069	-1729.71229028	
-5.55554023152	-1729.71562422	
-5.5568280617	-1729.71895329	
-5.55811423551	-1729.7222775	
-5.5593987572	-1729.72559686	
-5.56068163102	-1729.72891138	
-5.56196286117	-1729.73222108	
-5.56324245188	-1729.73552596	
-5.56452040732	-1729.73882604	
-5.56579673168	-1729.74212133	
-5.56707142911	-1729.74541184	
-5.56834450376	-1729.74869759	
-5.56961595975	-1729.75197858	
-5.57088580119	-1729.75525483	
-5.57215403218	-1729.75852634	
-5.57342065679	-1729.76179314	
-5.5746856791	-1729.76505522	
-5.57594910315	-1729.76831261	
-5.57721093297	-1729.77156531	
-5.57847117258	-1729.77481334	
-5.57972982599	-1729.7780567	
-5.58098689718	-1729.78129541	
-5.58224239012	-1729.78452947	
-5.58349630878	-1729.78775891	
-5.5847486571	-1729.79098373	
-5.585999439	-1729.79420394	
-5.5872486584	-1729.79741955	
-5.5884963192	-1729.80063058	
-5.58974242528	-1729.80383703	
-5.59098698051	-1729.80703891	
-5.59222998875	-1729.81023625	
-5.59347145384	-1729.81342904	
-5.5947113796	-1729.8166173	
-5.59594976985	-1729.81980104	
-5.59718662839	-1729.82298026	
-5.598421959	-1729.82615499	
-5.59965576545	-1729.82932523	
-5.60088805149	-1729.83249099	
-5.60211882088	-1729.83565229	
-5.60334807733	-1729.83880912	
-5.60457582457	-1729.84196152	
-5.6058020663	-1729.84510947	
-5.60702680619	-1729.848253	
-5.60825004793	-1729.85139211	
-5.60947179518	-1729.85452682	
-5.61069205159	-1729.85765714	
-5.61191082078	-1729.86078307	
-5.61312810639	-1729.86390463	
-5.61434391201	-1729.86702182	
-5.61555824124	-1729.87013466	
-5.61677109767	-1729.87324316	
-5.61798248485	-1729.87634732	
-5.61919240636	-1729.87944716	
-5.62040086572	-1729.88254269	
-5.62160786647	-1729.88563392	
-5.62281341212	-1729.88872085	
-5.62401750619	-1729.8918035	
-5.62522015215	-1729.89488188	
-5.6264213535	-1729.897956	
-5.62762111369	-1729.90102586	
-5.62881943618	-1729.90409148	
-5.63001632442	-1729.90715286	
-5.63121178182	-1729.91021002	
-5.63240581181	-1729.91326297	
-5.6335984178	-1729.91631172	
-5.63478960317	-1729.91935627	
-5.6359793713	-1729.92239663	
-5.63716772557	-1729.92543282	
-5.63835466933	-1729.92846485	
-5.63954020593	-1729.93149272	
-5.64072433869	-1729.93451644	
-5.64190707094	-1729.93753603	
-5.64308840598	-1729.94055148	
-5.64426834712	-1729.94356282	
-5.64544689764	-1729.94657006	
-5.64662406082	-1729.94957319	
-5.64779983991	-1729.95257223	
-5.64897423816	-1729.9555672	
-5.65014725882	-1729.95855809	
-5.65131890512	-1729.96154492	
-5.65248918027	-1729.96452769	
-5.65365808747	-1729.96750643	
-5.65482562993	-1729.97048113	
-5.65599181082	-1729.9734518	
-5.65715663332	-1729.97641846	
-5.65832010058	-1729.97938111	
-5.65948221576	-1729.98233977	
-5.660642982	-1729.98529443	
-5.66180240242	-1729.98824512	
-5.66296048014	-1729.99119183	
-5.66411721826	-1729.99413458	
-5.66527261989	-1729.99707338	
-5.66642668811	-1730.00000824	
-5.66757942599	-1730.00293916	
-5.6687308366	-1730.00586615	
-5.66988092298	-1730.00878923	
-5.67102968818	-1730.0117084	
-5.67217713524	-1730.01462367	
-5.67332326717	-1730.01753504	
-5.67446808699	-1730.02044254	
-5.67561159769	-1730.02334616	
-5.67675380227	-1730.02624591	
-5.6778947037	-1730.02914181	
-5.67903430497	-1730.03203386	
-5.68017260902	-1730.03492207	
-5.6813096188	-1730.03780645	
-5.68244533727	-1730.04068701	
-5.68357976734	-1730.04356375	
-5.68471291194	-1730.04643669	
-5.68584477397	-1730.04930583	
-5.68697535634	-1730.05217118	
-5.68810466194	-1730.05503275	
-5.68923269364	-1730.05789055	
-5.69035945432	-1730.06074459	
-5.69148494685	-1730.06359487	
-5.69260917406	-1730.06644141	
-5.6937321388	-1730.0692842	
-5.69485384391	-1730.07212327	
-5.69597429221	-1730.07495861	
-5.69709348651	-1730.07779024	
-5.69821142961	-1730.08061816	
-5.69932812431	-1730.08344239	
-5.70044357339	-1730.08626292	
-5.70155777963	-1730.08907978	
-5.7026707458	-1730.09189296	
-5.70378247466	-1730.09470247	
-5.70489296894	-1730.09750833	
-5.70600223139	-1730.10031054	
-5.70711026475	-1730.1031091	
-5.70821707172	-1730.10590404	
-5.70932265503	-1730.10869534	
-5.71042701737	-1730.11148303	
-5.71153016145	-1730.11426711	
-5.71263208993	-1730.11704759	
-5.71373280551	-1730.11982447	
-5.71483231084	-1730.12259777	
-5.71593060859	-1730.12536748	
-5.71702770141	-1730.12813363	
-5.71812359193	-1730.13089621	
-5.71921828279	-1730.13365524	
-5.72031177661	-1730.13641072	
-5.72140407601	-1730.13916266	
-5.72249518359	-1730.14191107	
-5.72358510195	-1730.14465595	
-5.72467383369	-1730.14739731	
-5.72576138137	-1730.15013517	
-5.72684774759	-1730.15286952	
-5.72793293489	-1730.15560038	
-5.72901694583	-1730.15832775	
-5.73009978297	-1730.16105164	
-5.73118144884	-1730.16377206	
-5.73226194598	-1730.16648901	
-5.7333412769	-1730.16920251	
-5.73441944412	-1730.17191255	
-5.73549645015	-1730.17461915	
-5.73657229748	-1730.17732232	
-5.73764698861	-1730.18002206	
-5.73872052602	-1730.18271838	
-5.73979291218	-1730.18541129	
-5.74086414956	-1730.18810079	
-5.74193424062	-1730.19078689	
-5.74300318781	-1730.1934696	
-5.74407099357	-1730.19614892	
-5.74513766034	-1730.19882487	
-5.74620319054	-1730.20149744	
-5.7472675866	-1730.20416666	
-5.74833085092	-1730.20683251	
-5.74939298591	-1730.20949502	
-5.75045399397	-1730.21215419	
-5.75151387748	-1730.21481002	
-5.75257263883	-1730.21746253	
-5.75363028038	-1730.22011171	
-5.75468680452	-1730.22275758	
-5.75574221359	-1730.22540015	
-5.75679650994	-1730.22803941	
-5.75784969593	-1730.23067538	
-5.75890177388	-1730.23330807	
-5.75995274612	-1730.23593747	
-5.76100261499	-1730.23856361	
-5.76205138278	-1730.24118648	
-5.76309905181	-1730.24380609	
-5.76414562438	-1730.24642245	
-5.76519110278	-1730.24903556	
-5.7662354893	-1730.25164544	
-5.76727878622	-1730.25425208	
-5.76832099579	-1730.2568555	
-5.7693621203	-1730.2594557	
-5.770402162	-1730.2620527	
-5.77144112313	-1730.26464648	
-5.77247900594	-1730.26723707	
-5.77351581267	-1730.26982447	
-5.77455154554	-1730.27240868	
-5.77558620679	-1730.27498972	
-5.77661979861	-1730.27756758	
-5.77765232322	-1730.28014228	
-5.77868378283	-1730.28271382	
-5.77971417962	-1730.28528221	
-5.78074351579	-1730.28784746	
-5.78177179352	-1730.29040957	
-5.78279901497	-1730.29296854	
-5.78382518233	-1730.29552439	
-5.78485029774	-1730.29807712	
-5.78587436337	-1730.30062673	
-5.78689738137	-1730.30317324	
-5.78791935386	-1730.30571665	
-5.788940283	-1730.30825697	
-5.7899601709	-1730.3107942	
-5.79097901969	-1730.31332834	
-5.79199683148	-1730.31585942	
-5.79301360838	-1730.31838742	
-5.7940293525	-1730.32091236	
-5.79504406593	-1730.32343425	
-5.79605775077	-1730.32595309	
-5.79707040908	-1730.32846888	
-5.79808204295	-1730.33098164	
-5.79909265446	-1730.33349137	
-5.80010224566	-1730.33599807	
-5.80111081862	-1730.33850175	
-5.80211837538	-1730.34100242	
-5.80312491799	-1730.34350008	
-5.80413044849	-1730.34599475	
-5.80513496892	-1730.34848642	
-5.80613848129	-1730.3509751	
-5.80714098764	-1730.3534608	
-5.80814248998	-1730.35594352	
-5.80914299031	-1730.35842327	
