# log_p 	 lnL 	 
0.0	-1768.05490996	
-0.287682072452	-1768.05488678	
-0.510825623766	-1768.05488327	
-0.69314718056	-1768.05488694	
-0.847297860387	-1768.05489294	
-0.980829253012	-1768.0548993	
-1.09861228867	-1768.05490524	
-1.20397280433	-1768.05491047	
-1.29928298413	-1768.05491495	
-1.38629436112	-1768.05491871	
-1.46633706879	-1768.05492184	
-1.54044504095	-1768.05492443	
-1.60943791243	-1768.05492655	
-1.67397643357	-1768.05492829	
-1.73460105539	-1768.05492971	
-1.79175946923	-1768.05493085	
-1.8458266905	-1768.05493177	
-1.89711998489	-1768.0549325	
-1.94591014906	-1768.05493307	
-1.99243016469	-1768.05493351	
-2.03688192726	-1768.05493384	
-2.07944154168	-1768.05493407	
-2.1202635362	-1768.05493422	
-2.15948424935	-1768.0549343	
-2.19722457734	-1768.05493433	
-2.23359222151	-1768.0549343	
-2.26868354132	-1768.05493423	
-2.30258509299	-1768.05493413	
-2.33537491582	-1768.05493399	
-2.36712361413	-1768.05493383	
-2.3978952728	-1768.05493364	
-2.42774823595	-1768.05493343	
-2.45673577282	-1768.05493321	
-2.48490664979	-1768.05493297	
-2.51230562398	-1768.05493272	
-2.53897387106	-1768.05493246	
-2.56494935746	-1768.05493219	
-2.59026716545	-1768.05493192	
-2.61495977804	-1768.05493163	
-2.63905732962	-1768.05493134	
-2.66258782703	-1768.05493105	
-2.68557734525	-1768.05493076	
-2.7080502011	-1768.05493046	
-2.73002910782	-1768.05493016	
-2.75153531304	-1768.05492985	
-2.77258872224	-1768.05492955	
-2.79320800944	-1768.05492925	
-2.81341071676	-1768.05492894	
-2.83321334406	-1768.05492864	
-2.85263142991	-1768.05492833	
-2.87167962488	-1768.05492803	
-2.8903717579	-1768.05492773	
-2.90872089656	-1768.05492743	
-2.92673940207	-1768.05492713	
-2.94443897917	-1768.05492684	
-2.96183072188	-1768.05492654	
-2.97892515524	-1768.05492625	
-2.99573227355	-1768.05492596	
-3.01226157551	-1768.05492567	
-3.02852209638	-1768.05492538	
-3.04452243772	-1768.0549251	
-3.06027079469	-1768.05492481	
-3.07577498123	-1768.05492453	
-3.09104245336	-1768.05492426	
-3.10608033072	-1768.05492398	
-3.12089541651	-1768.05492371	
-3.13549421593	-1768.05492344	
-3.14988295338	-1768.05492317	
-3.16406758837	-1768.05492291	
-3.17805383035	-1768.05492264	
-3.19184715248	-1768.05492239	
-3.20545280454	-1768.05492213	
-3.21887582487	-1768.05492187	
-3.23212105162	-1768.05492162	
-3.24519313319	-1768.05492137	
-3.25809653802	-1768.05492113	
-3.2708355638	-1768.05492088	
-3.28341434601	-1768.05492064	
-3.295836866	-1768.0549204	
-3.3081069586	-1768.05492016	
-3.32022831913	-1768.05491993	
-3.33220451018	-1768.0549197	
-3.34403896782	-1768.05491947	
-3.35573500759	-1768.05491924	
-3.36729582999	-1768.05491902	
-3.37872452581	-1768.0549188	
-3.39002408106	-1768.05491858	
-3.40119738166	-1768.05491836	
-3.41224721785	-1768.05491814	
-3.42317628838	-1768.05491793	
-3.43398720449	-1768.05491772	
-3.4446824936	-1768.05491751	
-3.45526460293	-1768.05491731	
-3.4657359028	-1768.0549171	
-3.47609868984	-1768.0549169	
-3.48635519	-1768.0549167	
-3.49650756147	-1768.0549165	
-3.50655789732	-1768.05491631	
-3.51650822817	-1768.05491611	
-3.52636052462	-1768.05491592	
-3.53611669956	-1768.05491573	
-3.54577861047	-1768.05491555	
-3.55534806149	-1768.05491536	
-3.56482680544	-1768.05491518	
-3.57421654579	-1768.05491499	
-3.58351893846	-1768.05491481	
-3.59273559356	-1768.05491464	
-3.60186807712	-1768.05491446	
-3.61091791264	-1768.05491429	
-3.61988658263	-1768.05491411	
-3.62877553004	-1768.05491394	
-3.63758615973	-1768.05491377	
-3.6463198397	-1768.0549136	
-3.65497790244	-1768.05491344	
-3.66356164613	-1768.05491327	
-3.6720723358	-1768.05491311	
-3.68051120444	-1768.05491295	
-3.68887945411	-1768.05491279	
-3.69717825693	-1768.05491263	
-3.70540875607	-1768.05491248	
-3.7135720667	-1768.05491232	
-3.72166927694	-1768.05491217	
-3.72970144863	-1768.05491202	
-3.73766961828	-1768.05491187	
-3.74557479779	-1768.05491172	
-3.75341797525	-1768.05491157	
-3.76120011569	-1768.05491143	
-3.76892216179	-1768.05491128	
-3.77658503453	-1768.05491114	
-3.78418963392	-1768.054911	
-3.79173683955	-1768.05491086	
-3.79922751128	-1768.05491072	
-3.80666248977	-1768.05491058	
-3.81404259707	-1768.05491044	
-3.82136863716	-1768.05491031	
-3.82864139649	-1768.05491017	
-3.83586164446	-1768.05491004	
-3.84303013394	-1768.05490991	
-3.85014760171	-1768.05490978	
-3.85721476893	-1768.05490965	
-3.86423234159	-1768.05490952	
-3.87120101091	-1768.05490939	
-3.87812145375	-1768.05490927	
-3.88499433304	-1768.05490914	
-3.89182029811	-1768.05490902	
-3.8985999851	-1768.0549089	
-3.90533401728	-1768.05490878	
-3.91202300543	-1768.05490866	
-3.91866754815	-1768.05490854	
-3.92526823218	-1768.05490842	
-3.93182563272	-1768.0549083	
-3.93834031375	-1768.05490819	
-3.94481282825	-1768.05490807	
-3.95124371858	-1768.05490796	
-3.95763351668	-1768.05490784	
-3.96398274436	-1768.05490773	
-3.97029191355	-1768.05490762	
-3.97656152657	-1768.05490751	
-3.98279207632	-1768.0549074	
-3.98898404656	-1768.05490729	
-3.99513791214	-1768.05490718	
-4.00125413916	-1768.05490708	
-4.00733318523	-1768.05490697	
-4.01337549969	-1768.05490687	
-4.01938152375	-1768.05490676	
-4.02535169074	-1768.05490666	
-4.03128642625	-1768.05490656	
-4.03718614838	-1768.05490646	
-4.04305126783	-1768.05490636	
-4.04888218815	-1768.05490626	
-4.05467930583	-1768.05490616	
-4.06044301055	-1768.05490606	
-4.06617368526	-1768.05490596	
-4.07187170637	-1768.05490587	
-4.07753744391	-1768.05490577	
-4.08317126162	-1768.05490568	
-4.08877351717	-1768.05490558	
-4.09434456222	-1768.05490549	
-4.0998847426	-1768.0549054	
-4.10539439841	-1768.0549053	
-4.11087386417	-1768.05490521	
-4.11632346894	-1768.05490512	
-4.12174353641	-1768.05490503	
-4.12713438505	-1768.05490494	
-4.13249632819	-1768.05490485	
-4.13782967416	-1768.05490477	
-4.14313472639	-1768.05490468	
-4.14841178349	-1768.05490459	
-4.15366113938	-1768.05490451	
-4.15888308336	-1768.05490442	
-4.16407790024	-1768.05490434	
-4.1692458704	-1768.05490425	
-4.1743872699	-1768.05490417	
-4.17950237056	-1768.05490409	
-4.18459144007	-1768.05490401	
-4.18965474203	-1768.05490392	
-4.19469253606	-1768.05490384	
-4.19970507788	-1768.05490376	
-4.20469261939	-1768.05490368	
-4.20965540873	-1768.0549036	
-4.21459369037	-1768.05490353	
-4.21950770518	-1768.05490345	
-4.22439769047	-1768.05490337	
-4.22926388012	-1768.05490329	
-4.2341065046	-1768.05490322	
-4.23892579103	-1768.05490314	
-4.2437219633	-1768.05490307	
-4.24849524205	-1768.05490299	
-4.25324584481	-1768.05490292	
-4.257973986	-1768.05490285	
-4.26267987704	-1768.05490277	
-4.26736372635	-1768.0549027	
-4.27202573946	-1768.05490263	
-4.27666611902	-1768.05490256	
-4.28128506487	-1768.05490249	
-4.28588277412	-1768.05490242	
-4.29045944115	-1768.05490235	
-4.29501525768	-1768.05490228	
-4.29955041285	-1768.05490221	
-4.3040650932	-1768.05490214	
-4.30855948279	-1768.05490207	
-4.31303376319	-1768.054902	
-4.31748811354	-1768.05490194	
-4.3219227106	-1768.05490187	
-4.32633772881	-1768.0549018	
-4.33073334029	-1768.05490174	
-4.33510971489	-1768.05490167	
-4.33946702026	-1768.05490161	
-4.34380542185	-1768.05490154	
-4.348125083	-1768.05490148	
-4.3524261649	-1768.05490141	
-4.35670882669	-1768.05490135	
-4.36097322548	-1768.05490129	
-4.36521951636	-1768.05490123	
-4.36944785247	-1768.05490116	
-4.373658385	-1768.0549011	
-4.37785126326	-1768.05490104	
-4.38202663467	-1768.05490098	
-4.38618464482	-1768.05490092	
-4.39032543749	-1768.05490086	
-4.39444915467	-1768.0549008	
-4.39855593663	-1768.05490074	
-4.40264592188	-1768.05490068	
-4.40671924726	-1768.05490062	
-4.41077604796	-1768.05490057	
-4.4148164575	-1768.05490051	
-4.4188406078	-1768.05490045	
-4.42284862919	-1768.05490039	
-4.42684065046	-1768.05490034	
-4.43081679884	-1768.05490028	
-4.43477720006	-1768.05490022	
-4.43872197835	-1768.05490017	
-4.44265125649	-1768.05490011	
-4.44656515581	-1768.05490006	
-4.45046379623	-1768.0549	
-4.45434729625	-1768.05489995	
-4.45821577303	-1768.0548999	
-4.46206934235	-1768.05489984	
-4.46590811865	-1768.05489979	
-4.46973221509	-1768.05489974	
-4.47354174351	-1768.05489968	
-4.47733681448	-1768.05489963	
-4.48111753732	-1768.05489958	
-4.48488402011	-1768.05489953	
-4.48863636973	-1768.05489948	
-4.49237469184	-1768.05489943	
-4.49609909093	-1768.05489937	
-4.49980967033	-1768.05489932	
-4.50350653221	-1768.05489927	
-4.50718977763	-1768.05489922	
-4.51085950652	-1768.05489917	
-4.51451581772	-1768.05489913	
-4.518158809	-1768.05489908	
-4.52178857705	-1768.05489903	
-4.52540521752	-1768.05489898	
-4.52900882502	-1768.05489893	
-4.53259949315	-1768.05489888	
-4.5361773145	-1768.05489884	
-4.53974238067	-1768.05489879	
-4.54329478227	-1768.05489874	
-4.54683460898	-1768.05489869	
-4.55036194949	-1768.05489865	
-4.5538768916	-1768.0548986	
-4.55737952215	-1768.05489856	
-4.56086992709	-1768.05489851	
-4.56434819147	-1768.05489846	
-4.56781439944	-1768.05489842	
-4.57126863431	-1768.05489837	
-4.5747109785	-1768.05489833	
-4.5781415136	-1768.05489829	
-4.58156032035	-1768.05489824	
-4.58496747867	-1768.0548982	
-4.58836306767	-1768.05489815	
-4.59174716566	-1768.05489811	
-4.59511985013	-1768.05489807	
-4.59848119784	-1768.05489802	
-4.60183128472	-1768.05489798	
-4.60517018599	-1768.05489794	
-4.60849797608	-1768.0548979	
-4.61181472871	-1768.05489785	
-4.61512051684	-1768.05489781	
-4.61841541274	-1768.05489777	
-4.62169948794	-1768.05489773	
-4.62497281328	-1768.05489769	
-4.62823545892	-1768.05489765	
-4.63148749431	-1768.05489761	
-4.63472898823	-1768.05489757	
-4.63796000881	-1768.05489752	
-4.64118062351	-1768.05489748	
-4.64439089914	-1768.05489744	
-4.64759090187	-1768.05489741	
-4.65078069724	-1768.05489737	
-4.65396035016	-1768.05489733	
-4.65712992492	-1768.05489729	
-4.66028948521	-1768.05489725	
-4.66343909411	-1768.05489721	
-4.66657881412	-1768.05489717	
-4.66970870713	-1768.05489713	
-4.67282883446	-1768.0548971	
-4.67593925688	-1768.05489706	
-4.67904003455	-1768.05489702	
-4.68213122712	-1768.05489698	
-4.68521289366	-1768.05489694	
-4.6882850927	-1768.05489691	
-4.69134788223	-1768.05489687	
-4.69440131972	-1768.05489683	
-4.6974454621	-1768.0548968	
-4.70048036579	-1768.05489676	
-4.70350608671	-1768.05489673	
-4.70652268025	-1768.05489669	
-4.70953020131	-1768.05489665	
-4.71252870431	-1768.05489662	
-4.71551824316	-1768.05489658	
-4.7184988713	-1768.05489655	
-4.72147064168	-1768.05489651	
-4.72443360681	-1768.05489648	
-4.72738781871	-1768.05489644	
-4.73033332894	-1768.05489641	
-4.73327018862	-1768.05489637	
-4.73619844839	-1768.05489634	
-4.7391181585	-1768.0548963	
-4.74202936871	-1768.05489627	
-4.74493212836	-1768.05489624	
-4.74782648639	-1768.0548962	
-4.75071249128	-1768.05489617	
-4.75359019111	-1768.05489614	
-4.75645963353	-1768.0548961	
-4.75932086582	-1768.05489607	
-4.7621739348	-1768.05489604	
-4.76501888693	-1768.05489601	
-4.76785576827	-1768.05489597	
-4.77068462447	-1768.05489594	
-4.77350550081	-1768.05489591	
-4.77631844218	-1768.05489588	
-4.77912349311	-1768.05489584	
-4.78192069773	-1768.05489581	
-4.78471009982	-1768.05489578	
-4.78749174278	-1768.05489575	
-4.79026566966	-1768.05489572	
-4.79303192316	-1768.05489569	
-4.7957905456	-1768.05489566	
-4.79854157897	-1768.05489563	
-4.80128506491	-1768.0548956	
-4.80402104473	-1768.05489556	
-4.80674955939	-1768.05489553	
-4.8094706495	-1768.0548955	
-4.81218435537	-1768.05489547	
-4.81489071697	-1768.05489544	
-4.81758977394	-1768.05489541	
-4.82028156561	-1768.05489538	
-4.82296613098	-1768.05489535	
-4.82564350875	-1768.05489533	
-4.8283137373	-1768.0548953	
-4.83097685472	-1768.05489527	
-4.83363289878	-1768.05489524	
-4.83628190695	-1768.05489521	
-4.83892391641	-1768.05489518	
-4.84155896405	-1768.05489515	
-4.84418708646	-1768.05489512	
-4.84680831994	-1768.05489509	
-4.84942270051	-1768.05489507	
-4.85203026392	-1768.05489504	
-4.85463104562	-1768.05489501	
-4.8572250808	-1768.05489498	
-4.85981240436	-1768.05489495	
-4.86239305096	-1768.05489493	
-4.86496705495	-1768.0548949	
-4.86753445046	-1768.05489487	
-4.87009527132	-1768.05489484	
-4.87264955112	-1768.05489482	
-4.8751973232	-1768.05489479	
-4.87773862063	-1768.05489476	
-4.88027347623	-1768.05489474	
-4.88280192259	-1768.05489471	
-4.88532399202	-1768.05489468	
-4.88783971662	-1768.05489466	
-4.89034912822	-1768.05489463	
-4.89285225844	-1768.0548946	
-4.89534913864	-1768.05489458	
-4.89783979995	-1768.05489455	
-4.90032427328	-1768.05489453	
-4.90280258929	-1768.0548945	
-4.90527477844	-1768.05489447	
-4.90774087093	-1768.05489445	
-4.91020089677	-1768.05489442	
-4.91265488574	-1768.0548944	
-4.91510286737	-1768.05489437	
-4.91754487103	-1768.05489435	
-4.91998092583	-1768.05489432	
-4.92241106068	-1768.0548943	
-4.92483530429	-1768.05489427	
-4.92725368516	-1768.05489425	
-4.92966623156	-1768.05489422	
-4.93207297159	-1768.0548942	
-4.93447393313	-1768.05489417	
-4.93686914386	-1768.05489415	
-4.93925863125	-1768.05489413	
-4.94164242261	-1768.0548941	
-4.94402054501	-1768.05489408	
-4.94639302537	-1768.05489405	
-4.94875989038	-1768.05489403	
-4.95112116656	-1768.05489401	
-4.95347688026	-1768.05489398	
-4.9558270576	-1768.05489396	
-4.95817172456	-1768.05489394	
-4.96051090691	-1768.05489391	
-4.96284463026	-1768.05489389	
-4.96517292002	-1768.05489387	
-4.96749580144	-1768.05489384	
-4.96981329958	-1768.05489382	
-4.97212543933	-1768.0548938	
-4.97443224543	-1768.05489377	
-4.97673374242	-1768.05489375	
-4.97902995468	-1768.05489373	
-4.98132090643	-1768.05489371	
-4.98360662171	-1768.05489368	
-4.98588712441	-1768.05489366	
-4.98816243824	-1768.05489364	
-4.99043258678	-1768.05489362	
-4.99269759341	-1768.0548936	
-4.99495748138	-1768.05489357	
-4.99721227376	-1768.05489355	
-4.9994619935	-1768.05489353	
-5.00170666335	-1768.05489351	
-5.00394630595	-1768.05489349	
-5.00618094375	-1768.05489347	
-5.00841059907	-1768.05489344	
-5.0106352941	-1768.05489342	
-5.01285505083	-1768.0548934	
-5.01506989116	-1768.05489338	
-5.01727983681	-1768.05489336	
-5.01948490937	-1768.05489334	
-5.02168513028	-1768.05489332	
-5.02388052085	-1768.0548933	
-5.02607110223	-1768.05489327	
-5.02825689545	-1768.05489325	
-5.03043792139	-1768.05489323	
-5.03261420082	-1768.05489321	
-5.03478575433	-1768.05489319	
-5.03695260241	-1768.05489317	
-5.03911476542	-1768.05489315	
-5.04127226356	-1768.05489313	
-5.04342511692	-1768.05489311	
-5.04557334546	-1768.05489309	
-5.047716969	-1768.05489307	
-5.04985600725	-1768.05489305	
-5.05199047978	-1768.05489303	
-5.05412040604	-1768.05489301	
-5.05624580535	-1768.05489299	
-5.05836669692	-1768.05489297	
-5.06048309982	-1768.05489295	
-5.06259503303	-1768.05489293	
-5.06470251537	-1768.05489291	
-5.06680556556	-1768.05489289	
-5.06890420222	-1768.05489287	
-5.07099844382	-1768.05489286	
-5.07308830874	-1768.05489284	
-5.07517381523	-1768.05489282	
-5.07725498144	-1768.0548928	
-5.07933182538	-1768.05489278	
-5.08140436498	-1768.05489276	
-5.08347261805	-1768.05489274	
-5.08553660227	-1768.05489272	
-5.08759633523	-1768.0548927	
-5.08965183441	-1768.05489269	
-5.09170311719	-1768.05489267	
-5.09375020081	-1768.05489265	
-5.09579310244	-1768.05489263	
-5.09783183913	-1768.05489261	
-5.09986642782	-1768.05489259	
-5.10189688537	-1768.05489258	
-5.10392322852	-1768.05489256	
-5.1059454739	-1768.05489254	
-5.10796363806	-1768.05489252	
-5.10997773743	-1768.0548925	
-5.11198778836	-1768.05489248	
-5.11399380708	-1768.05489247	
-5.11599580975	-1768.05489245	
-5.11799381242	-1768.05489243	
-5.11998783102	-1768.05489241	
-5.12197788143	-1768.0548924	
-5.1239639794	-1768.05489238	
-5.12594614061	-1768.05489236	
-5.12792438062	-1768.05489234	
-5.12989871492	-1768.05489233	
-5.13186915891	-1768.05489231	
-5.13383572788	-1768.05489229	
-5.13579843705	-1768.05489228	
-5.13775730154	-1768.05489226	
-5.13971233637	-1768.05489224	
-5.1416635565	-1768.05489222	
-5.14361097679	-1768.05489221	
-5.145554612	-1768.05489219	
-5.14749447681	-1768.05489217	
-5.14943058584	-1768.05489216	
-5.15136295359	-1768.05489214	
-5.1532915945	-1768.05489212	
-5.15521652291	-1768.05489211	
-5.15713775309	-1768.05489209	
-5.15905529921	-1768.05489207	
-5.1609691754	-1768.05489206	
-5.16287939565	-1768.05489204	
-5.16478597392	-1768.05489202	
-5.16668892407	-1768.05489201	
-5.16858825987	-1768.05489199	
-5.17048399504	-1768.05489198	
-5.17237614319	-1768.05489196	
-5.17426471788	-1768.05489194	
-5.17614973257	-1768.05489193	
-5.17803120067	-1768.05489191	
-5.1799091355	-1768.0548919	
-5.18178355029	-1768.05489188	
-5.18365445823	-1768.05489186	
-5.1855218724	-1768.05489185	
-5.18738580584	-1768.05489183	
-5.18924627149	-1768.05489182	
-5.19110328224	-1768.0548918	
-5.19295685089	-1768.05489179	
-5.19480699018	-1768.05489177	
-5.19665371277	-1768.05489176	
-5.19849703127	-1768.05489174	
-5.20033695819	-1768.05489173	
-5.202173506	-1768.05489171	
-5.20400668708	-1768.05489169	
-5.20583651375	-1768.05489168	
-5.20766299828	-1768.05489166	
-5.20948615284	-1768.05489165	
-5.21130598956	-1768.05489163	
-5.21312252048	-1768.05489162	
-5.21493575761	-1768.0548916	
-5.21674571285	-1768.05489159	
-5.21855239808	-1768.05489158	
-5.22035582508	-1768.05489156	
-5.22215600558	-1768.05489155	
-5.22395295126	-1768.05489153	
-5.22574667371	-1768.05489152	
-5.22753718449	-1768.0548915	
-5.22932449506	-1768.05489149	
-5.23110861685	-1768.05489147	
-5.23288956123	-1768.05489146	
-5.23466733947	-1768.05489144	
-5.23644196283	-1768.05489143	
-5.23821344248	-1768.05489142	
-5.23998178954	-1768.0548914	
-5.24174701506	-1768.05489139	
-5.24350913005	-1768.05489137	
-5.24526814546	-1768.05489136	
-5.24702407216	-1768.05489134	
-5.24877692099	-1768.05489133	
-5.25052670271	-1768.05489132	
-5.25227342805	-1768.0548913	
-5.25401710765	-1768.05489129	
-5.25575775213	-1768.05489128	
-5.25749537203	-1768.05489126	
-5.25922997784	-1768.05489125	
-5.26096158	-1768.05489123	
-5.2626901889	-1768.05489122	
-5.26441581487	-1768.05489121	
-5.26613846818	-1768.05489119	
-5.26785815906	-1768.05489118	
-5.26957489768	-1768.05489117	
-5.27128869416	-1768.05489115	
-5.27299955856	-1768.05489114	
-5.27470750091	-1768.05489113	
-5.27641253116	-1768.05489111	
-5.27811465923	-1768.0548911	
-5.27981389498	-1768.05489109	
-5.28151024823	-1768.05489107	
-5.28320372874	-1768.05489106	
-5.28489434622	-1768.05489105	
-5.28658211033	-1768.05489103	
-5.28826703069	-1768.05489102	
-5.28994911688	-1768.05489101	
-5.2916283784	-1768.05489099	
-5.29330482472	-1768.05489098	
-5.29497846528	-1768.05489097	
-5.29664930945	-1768.05489096	
-5.29831736655	-1768.05489094	
-5.29998264587	-1768.05489093	
-5.30164515664	-1768.05489092	
-5.30330490806	-1768.0548909	
-5.30496190927	-1768.05489089	
-5.30661616936	-1768.05489088	
-5.3082676974	-1768.05489087	
-5.30991650239	-1768.05489085	
-5.3115625933	-1768.05489084	
-5.31320597904	-1768.05489083	
-5.3148466685	-1768.05489082	
-5.3164846705	-1768.0548908	
-5.31811999384	-1768.05489079	
-5.31975264727	-1768.05489078	
-5.32138263948	-1768.05489077	
-5.32300997914	-1768.05489075	
-5.32463467487	-1768.05489074	
-5.32625673524	-1768.05489073	
-5.32787616879	-1768.05489072	
-5.32949298402	-1768.05489071	
-5.33110718937	-1768.05489069	
-5.33271879327	-1768.05489068	
-5.33432780407	-1768.05489067	
-5.33593423012	-1768.05489066	
-5.3375380797	-1768.05489065	
-5.33913936107	-1768.05489063	
-5.34073808243	-1768.05489062	
-5.34233425196	-1768.05489061	
-5.3439278778	-1768.0548906	
-5.34551896803	-1768.05489059	
-5.34710753072	-1768.05489058	
-5.34869357387	-1768.05489056	
-5.35027710548	-1768.05489055	
-5.35185813348	-1768.05489054	
-5.35343666577	-1768.05489053	
-5.35501271022	-1768.05489052	
-5.35658627467	-1768.05489051	
-5.3581573669	-1768.05489049	
-5.35972599468	-1768.05489048	
-5.36129216571	-1768.05489047	
-5.36285588769	-1768.05489046	
-5.36441716825	-1768.05489045	
-5.36597601502	-1768.05489044	
-5.36753243557	-1768.05489043	
-5.36908643744	-1768.05489041	
-5.37063802813	-1768.0548904	
-5.37218721511	-1768.05489039	
-5.37373400583	-1768.05489038	
-5.37527840768	-1768.05489037	
-5.37682042804	-1768.05489036	
-5.37836007422	-1768.05489035	
-5.37989735354	-1768.05489034	
-5.38143227326	-1768.05489033	
-5.38296484061	-1768.05489031	
-5.38449506279	-1768.0548903	
-5.38602294697	-1768.05489029	
-5.38754850028	-1768.05489028	
-5.38907172982	-1768.05489027	
-5.39059264266	-1768.05489026	
-5.39211124583	-1768.05489025	
-5.39362754635	-1768.05489024	
-5.39514155118	-1768.05489023	
-5.39665326727	-1768.05489022	
-5.39816270152	-1768.05489021	
-5.39966986081	-1768.0548902	
-5.40117475199	-1768.05489019	
-5.40267738187	-1768.05489017	
-5.40417775725	-1768.05489016	
-5.40567588487	-1768.05489015	
-5.40717177146	-1768.05489014	
-5.40866542372	-1768.05489013	
-5.4101568483	-1768.05489012	
-5.41164605186	-1768.05489011	
-5.41313304098	-1768.0548901	
-5.41461782224	-1768.05489009	
-5.4161004022	-1768.05489008	
-5.41758078737	-1768.05489007	
-5.41905898424	-1768.05489006	
-5.42053499927	-1768.05489005	
-5.42200883889	-1768.05489004	
-5.4234805095	-1768.05489003	
-5.42495001748	-1768.05489002	
-5.42641736918	-1768.05489001	
-5.4278825709	-1768.05489	
-5.42934562895	-1768.05488999	
-5.43080654959	-1768.05488998	
-5.43226533906	-1768.05488997	
-5.43372200355	-1768.05488996	
-5.43517654927	-1768.05488995	
-5.43662898235	-1768.05488994	
-5.43807930892	-1768.05488993	
-5.4395275351	-1768.05488992	
-5.44097366695	-1768.05488991	
-5.44241771052	-1768.0548899	
-5.44385967184	-1768.05488989	
-5.4452995569	-1768.05488988	
-5.44673737167	-1768.05488987	
-5.44817312209	-1768.05488986	
-5.44960681409	-1768.05488985	
-5.45103845357	-1768.05488984	
-5.45246804638	-1768.05488983	
-5.45389559837	-1768.05488982	
-5.45532111536	-1768.05488981	
-5.45674460314	-1768.0548898	
-5.45816606749	-1768.05488979	
-5.45958551414	-1768.05488978	
-5.46100294883	-1768.05488977	
-5.46241837723	-1768.05488976	
-5.46383180503	-1768.05488975	
-5.46524323786	-1768.05488974	
-5.46665268137	-1768.05488974	
-5.46806014114	-1768.05488973	
-5.46946562274	-1768.05488972	
-5.47086913175	-1768.05488971	
-5.47227067367	-1768.0548897	
-5.47367025403	-1768.05488969	
-5.47506787829	-1768.05488968	
-5.47646355193	-1768.05488967	
-5.47785728038	-1768.05488966	
-5.47924906905	-1768.05488965	
-5.48063892334	-1768.05488964	
-5.48202684862	-1768.05488963	
-5.48341285022	-1768.05488962	
-5.48479693349	-1768.05488961	
-5.48617910372	-1768.05488961	
-5.48755936619	-1768.0548896	
-5.48893772616	-1768.05488959	
-5.49031418887	-1768.05488958	
-5.49168875953	-1768.05488957	
-5.49306144334	-1768.05488956	
-5.49443224547	-1768.05488955	
-5.49580117108	-1768.05488954	
-5.49716822529	-1768.05488953	
-5.49853341322	-1768.05488952	
-5.49989673995	-1768.05488952	
-5.50125821054	-1768.05488951	
-5.50261783006	-1768.0548895	
-5.50397560352	-1768.05488949	
-5.50533153593	-1768.05488948	
-5.50668563228	-1768.05488947	
-5.50803789753	-1768.05488946	
-5.50938833663	-1768.05488945	
-5.5107369545	-1768.05488945	
-5.51208375605	-1768.05488944	
-5.51342874616	-1768.05488943	
-5.51477192971	-1768.05488942	
-5.51611331154	-1768.05488941	
-5.51745289646	-1768.0548894	
-5.51879068931	-1768.05488939	
-5.52012669485	-1768.05488939	
-5.52146091786	-1768.05488938	
-5.5227933631	-1768.05488937	
-5.52412403528	-1768.05488936	
-5.52545293913	-1768.05488935	
-5.52678007934	-1768.05488934	
-5.52810546058	-1768.05488933	
-5.52942908751	-1768.05488933	
-5.53075096477	-1768.05488932	
-5.53207109697	-1768.05488931	
-5.53338948873	-1768.0548893	
-5.53470614461	-1768.05488929	
-5.53602106919	-1768.05488928	
-5.53733426702	-1768.05488928	
-5.53864574262	-1768.05488927	
-5.5399555005	-1768.05488926	
-5.54126354516	-1768.05488925	
-5.54256988107	-1768.05488924	
-5.5438745127	-1768.05488924	
-5.54517744448	-1768.05488923	
-5.54647868084	-1768.05488922	
-5.54777822618	-1768.05488921	
-5.5490760849	-1768.0548892	
-5.55037226136	-1768.05488919	
-5.55166675992	-1768.05488919	
-5.55295958492	-1768.05488918	
-5.55425074069	-1768.05488917	
-5.55554023152	-1768.05488916	
-5.5568280617	-1768.05488915	
-5.55811423551	-1768.05488915	
-5.5593987572	-1768.05488914	
-5.56068163102	-1768.05488913	
-5.56196286117	-1768.05488912	
-5.56324245188	-1768.05488911	
-5.56452040732	-1768.05488911	
-5.56579673168	-1768.0548891	
-5.56707142911	-1768.05488909	
-5.56834450376	-1768.05488908	
-5.56961595975	-1768.05488908	
-5.57088580119	-1768.05488907	
-5.57215403218	-1768.05488906	
-5.57342065679	-1768.05488905	
-5.5746856791	-1768.05488904	
-5.57594910315	-1768.05488904	
-5.57721093297	-1768.05488903	
-5.57847117258	-1768.05488902	
-5.57972982599	-1768.05488901	
-5.58098689718	-1768.05488901	
-5.58224239012	-1768.054889	
-5.58349630878	-1768.05488899	
-5.5847486571	-1768.05488898	
-5.585999439	-1768.05488898	
-5.5872486584	-1768.05488897	
-5.5884963192	-1768.05488896	
-5.58974242528	-1768.05488895	
-5.59098698051	-1768.05488895	
-5.59222998875	-1768.05488894	
-5.59347145384	-1768.05488893	
-5.5947113796	-1768.05488892	
-5.59594976985	-1768.05488892	
-5.59718662839	-1768.05488891	
-5.598421959	-1768.0548889	
-5.59965576545	-1768.05488889	
-5.60088805149	-1768.05488889	
-5.60211882088	-1768.05488888	
-5.60334807733	-1768.05488887	
-5.60457582457	-1768.05488886	
-5.6058020663	-1768.05488886	
-5.60702680619	-1768.05488885	
-5.60825004793	-1768.05488884	
-5.60947179518	-1768.05488884	
-5.61069205159	-1768.05488883	
-5.61191082078	-1768.05488882	
-5.61312810639	-1768.05488881	
-5.61434391201	-1768.05488881	
-5.61555824124	-1768.0548888	
-5.61677109767	-1768.05488879	
-5.61798248485	-1768.05488879	
-5.61919240636	-1768.05488878	
-5.62040086572	-1768.05488877	
-5.62160786647	-1768.05488876	
-5.62281341212	-1768.05488876	
-5.62401750619	-1768.05488875	
-5.62522015215	-1768.05488874	
-5.6264213535	-1768.05488874	
-5.62762111369	-1768.05488873	
-5.62881943618	-1768.05488872	
-5.63001632442	-1768.05488871	
-5.63121178182	-1768.05488871	
-5.63240581181	-1768.0548887	
-5.6335984178	-1768.05488869	
-5.63478960317	-1768.05488869	
-5.6359793713	-1768.05488868	
-5.63716772557	-1768.05488867	
-5.63835466933	-1768.05488867	
-5.63954020593	-1768.05488866	
-5.64072433869	-1768.05488865	
-5.64190707094	-1768.05488865	
-5.64308840598	-1768.05488864	
-5.64426834712	-1768.05488863	
-5.64544689764	-1768.05488863	
-5.64662406082	-1768.05488862	
-5.64779983991	-1768.05488861	
-5.64897423816	-1768.05488861	
-5.65014725882	-1768.0548886	
-5.65131890512	-1768.05488859	
-5.65248918027	-1768.05488859	
-5.65365808747	-1768.05488858	
-5.65482562993	-1768.05488857	
-5.65599181082	-1768.05488857	
-5.65715663332	-1768.05488856	
-5.65832010058	-1768.05488855	
-5.65948221576	-1768.05488855	
-5.660642982	-1768.05488854	
-5.66180240242	-1768.05488853	
-5.66296048014	-1768.05488853	
-5.66411721826	-1768.05488852	
-5.66527261989	-1768.05488851	
-5.66642668811	-1768.05488851	
-5.66757942599	-1768.0548885	
-5.6687308366	-1768.05488849	
-5.66988092298	-1768.05488849	
-5.67102968818	-1768.05488848	
-5.67217713524	-1768.05488847	
-5.67332326717	-1768.05488847	
-5.67446808699	-1768.05488846	
-5.67561159769	-1768.05488845	
-5.67675380227	-1768.05488845	
-5.6778947037	-1768.05488844	
-5.67903430497	-1768.05488844	
-5.68017260902	-1768.05488843	
-5.6813096188	-1768.05488842	
-5.68244533727	-1768.05488842	
-5.68357976734	-1768.05488841	
-5.68471291194	-1768.0548884	
-5.68584477397	-1768.0548884	
-5.68697535634	-1768.05488839	
-5.68810466194	-1768.05488838	
-5.68923269364	-1768.05488838	
-5.69035945432	-1768.05488837	
-5.69148494685	-1768.05488837	
-5.69260917406	-1768.05488836	
-5.6937321388	-1768.05488835	
-5.69485384391	-1768.05488835	
-5.69597429221	-1768.05488834	
-5.69709348651	-1768.05488834	
-5.69821142961	-1768.05488833	
-5.69932812431	-1768.05488832	
-5.70044357339	-1768.05488832	
-5.70155777963	-1768.05488831	
-5.7026707458	-1768.0548883	
-5.70378247466	-1768.0548883	
-5.70489296894	-1768.05488829	
-5.70600223139	-1768.05488829	
-5.70711026475	-1768.05488828	
-5.70821707172	-1768.05488827	
-5.70932265503	-1768.05488827	
-5.71042701737	-1768.05488826	
-5.71153016145	-1768.05488826	
-5.71263208993	-1768.05488825	
-5.71373280551	-1768.05488824	
-5.71483231084	-1768.05488824	
-5.71593060859	-1768.05488823	
-5.71702770141	-1768.05488823	
-5.71812359193	-1768.05488822	
-5.71921828279	-1768.05488821	
-5.72031177661	-1768.05488821	
-5.72140407601	-1768.0548882	
-5.72249518359	-1768.0548882	
-5.72358510195	-1768.05488819	
-5.72467383369	-1768.05488819	
-5.72576138137	-1768.05488818	
-5.72684774759	-1768.05488817	
-5.72793293489	-1768.05488817	
-5.72901694583	-1768.05488816	
-5.73009978297	-1768.05488816	
-5.73118144884	-1768.05488815	
-5.73226194598	-1768.05488815	
-5.7333412769	-1768.05488814	
-5.73441944412	-1768.05488813	
-5.73549645015	-1768.05488813	
-5.73657229748	-1768.05488812	
-5.73764698861	-1768.05488812	
-5.73872052602	-1768.05488811	
-5.73979291218	-1768.0548881	
-5.74086414956	-1768.0548881	
-5.74193424062	-1768.05488809	
-5.74300318781	-1768.05488809	
-5.74407099357	-1768.05488808	
-5.74513766034	-1768.05488808	
-5.74620319054	-1768.05488807	
-5.7472675866	-1768.05488807	
-5.74833085092	-1768.05488806	
-5.74939298591	-1768.05488805	
-5.75045399397	-1768.05488805	
-5.75151387748	-1768.05488804	
-5.75257263883	-1768.05488804	
-5.75363028038	-1768.05488803	
-5.75468680452	-1768.05488803	
-5.75574221359	-1768.05488802	
-5.75679650994	-1768.05488802	
-5.75784969593	-1768.05488801	
-5.75890177388	-1768.054888	
-5.75995274612	-1768.054888	
-5.76100261499	-1768.05488799	
-5.76205138278	-1768.05488799	
-5.76309905181	-1768.05488798	
-5.76414562438	-1768.05488798	
-5.76519110278	-1768.05488797	
-5.7662354893	-1768.05488797	
-5.76727878622	-1768.05488796	
-5.76832099579	-1768.05488796	
-5.7693621203	-1768.05488795	
-5.770402162	-1768.05488795	
-5.77144112313	-1768.05488794	
-5.77247900594	-1768.05488793	
-5.77351581267	-1768.05488793	
-5.77455154554	-1768.05488792	
-5.77558620679	-1768.05488792	
-5.77661979861	-1768.05488791	
-5.77765232322	-1768.05488791	
-5.77868378283	-1768.0548879	
-5.77971417962	-1768.0548879	
-5.78074351579	-1768.05488789	
-5.78177179352	-1768.05488789	
-5.78279901497	-1768.05488788	
-5.78382518233	-1768.05488788	
-5.78485029774	-1768.05488787	
-5.78587436337	-1768.05488787	
-5.78689738137	-1768.05488786	
-5.78791935386	-1768.05488786	
-5.788940283	-1768.05488785	
-5.7899601709	-1768.05488785	
-5.79097901969	-1768.05488784	
-5.79199683148	-1768.05488783	
-5.79301360838	-1768.05488783	
-5.7940293525	-1768.05488782	
-5.79504406593	-1768.05488782	
-5.79605775077	-1768.05488781	
-5.79707040908	-1768.05488781	
-5.79808204295	-1768.0548878	
-5.79909265446	-1768.0548878	
-5.80010224566	-1768.05488779	
-5.80111081862	-1768.05488779	
-5.80211837538	-1768.05488778	
-5.80312491799	-1768.05488778	
-5.80413044849	-1768.05488777	
-5.80513496892	-1768.05488777	
-5.80613848129	-1768.05488776	
-5.80714098764	-1768.05488776	
-5.80814248998	-1768.05488775	
-5.80914299031	-1768.05488775	
