#Site	lnL	
0	-7.67598443045
1	-1.72935806205
2	-4.67317785211
3	-1.67524078853
4	-1.54426834286
5	-4.13788038878
6	-8.71800035423
7	-1.71614984858
8	-4.67317785211
9	-1.67524078853
10	-8.19312463424
11	-4.70826959599
12	-1.67524078853
13	-6.75167708277
14	-7.24807578329
15	-2.14303929994
16	-2.18973718758
17	-4.13788038878
18	-1.68819229696
19	-6.79988007787
20	-6.527724945
21	-1.50883216258
22	-4.34523498982
23	-4.70826959599
24	-1.68819229696
25	-4.92689018965
26	-4.70826959599
27	-2.14303929994
28	-1.72935806205
29	-5.78492524251
30	-1.50883216258
31	-1.54426834286
32	-5.78492524251
33	-5.02340948247
34	-6.73861440269
35	-4.67317785211
36	-2.14303929994
37	-1.72935806205
38	-4.70826959599
39	-1.67524078853
40	-2.18973718758
41	-4.67317785211
42	-1.67524078853
43	-1.72935806205
44	-4.90802973281
45	-2.14303929994
46	-1.71614984858
47	-4.67317785211
48	-1.67524078853
49	-4.59776604472
50	-4.13788038878
51	-1.67524078853
52	-1.54426834286
53	-4.67317785211
54	-1.68819229696
55	-1.71614984858
56	-4.13788038878
57	-4.4203502513
58	-1.72935806205
59	-4.13788038878
60	-1.50883216258
61	-1.54426834286
62	-9.22522139367
63	-1.67524078853
64	-9.65293569751
65	-5.55099903221
66	-1.67524078853
67	-1.54426834286
68	-5.54572478711
69	-1.67524078853
70	-1.72935806205
71	-6.42716756752
72	-1.68819229696
73	-1.72935806205
74	-4.70826959599
75	-2.14303929994
76	-4.3436149882
77	-4.70826959599
78	-1.50883216258
79	-4.97212593553
80	-4.13788038878
81	-1.68819229696
82	-8.86687704513
83	-4.70826959599
84	-5.59512956449
85	-1.72935806205
86	-4.67317785211
87	-1.50883216258
88	-2.18973718758
89	-4.70826959599
90	-1.50883216258
91	-1.71614984858
92	-5.78492524251
93	-1.67524078853
94	-9.93506646728
95	-5.78492524251
96	-1.67524078853
97	-4.66877221401
98	-4.13788038878
99	-1.67524078853
100	-1.71614984858
101	-4.13788038878
102	-1.67524078853
103	-5.78696775881
104	-4.70826959599
105	-10.6028229647
106	-8.79679555264
107	-7.5914497802
108	-7.26588312144
109	-1.71614984858
110	-4.13788038878
111	-5.01258754157
112	-1.54426834286
113	-4.70826959599
114	-1.67524078853
115	-5.80316624161
116	-10.1176493242
117	-8.95638123225
118	-1.71614984858
119	-8.34419399766
120	-1.68819229696
121	-4.59776604472
122	-5.78492524251
123	-6.28525811773
124	-1.71614984858
125	-5.55099903221
126	-2.14303929994
127	-1.54426834286
128	-9.1031697963
129	-2.14303929994
130	-2.18973718758
131	-4.67317785211
132	-1.67524078853
133	-1.54426834286
134	-11.5946820773
135	-1.67524078853
136	-1.72935806205
137	-5.78492524251
138	-9.03032190744
139	-1.54426834286
140	-4.13788038878
141	-5.859480255
142	-4.66877221401
143	-4.67317785211
144	-1.50883216258
145	-1.71614984858
146	-4.78235417907
147	-7.67598443045
148	-1.54426834286
149	-4.70826959599
150	-1.68819229696
151	-4.95976778565
152	-4.70826959599
153	-1.50883216258
154	-1.54426834286
155	-5.78492524251
156	-1.50883216258
157	-1.71614984858
158	-4.67317785211
159	-1.67524078853
160	-8.86687704513
161	-4.70826959599
162	-1.50883216258
163	-1.72935806205
164	-5.53687033264
165	-8.71528077679
166	-1.72935806205
167	-5.78492524251
168	-6.43971231329
169	-4.59776604472
170	-4.13788038878
171	-5.04201600976
172	-1.71614984858
173	-4.9236894413
174	-1.68819229696
175	-7.60237060476
176	-4.70826959599
177	-1.67524078853
178	-1.54426834286
179	-7.88211795935
180	-1.50883216258
181	-4.3436149882
182	-7.56084617596
183	-1.68819229696
184	-1.54426834286
185	-4.70826959599
186	-1.67524078853
187	-4.3436149882
188	-7.83805222665
189	-1.67524078853
190	-4.59776604472
191	-4.70826959599
192	-1.67524078853
193	-1.71614984858
194	-4.70826959599
195	-1.68819229696
196	-1.71614984858
197	-4.67317785211
198	-5.23891272561
199	-1.54426834286
200	-7.19405851616
201	-7.2744478872
202	-2.18973718758
203	-5.05575096253
204	-1.68819229696
205	-2.18973718758
206	-8.34557971607
207	-1.67524078853
208	-1.54426834286
209	-4.90032044997
210	-7.66306686181
211	-1.54426834286
212	-4.67317785211
213	-1.68819229696
214	-14.2627326059
215	-4.13788038878
216	-1.50883216258
217	-1.71614984858
218	-4.13788038878
219	-6.99863887073
220	-2.18973718758
221	-4.70826959599
222	-1.50883216258
223	-11.1508327287
224	-4.70826959599
225	-2.14303929994
226	-1.54426834286
227	-4.70826959599
228	-2.14303929994
229	-1.71614984858
230	-7.5914497802
231	-1.50883216258
232	-4.66877221401
233	-4.9236894413
234	-2.14303929994
235	-2.18973718758
236	-4.67317785211
237	-6.96562025393
238	-1.71614984858
239	-4.13788038878
240	-5.02340948247
241	-1.72935806205
242	-4.9236894413
243	-1.68819229696
244	-1.54426834286
245	-4.70826959599
246	-2.14303929994
247	-2.18973718758
248	-8.92638268508
249	-1.50883216258
250	-6.88138882193
251	-5.78492524251
252	-5.89624821873
253	-1.72935806205
254	-4.13788038878
255	-5.2399171699
256	-1.71614984858
257	-5.78492524251
258	-1.67524078853
259	-1.72935806205
260	-4.67317785211
261	-1.68819229696
262	-1.71614984858
263	-4.70826959599
264	-14.0798928969
265	-1.72935806205
266	-4.70826959599
267	-6.99863887073
268	-1.71614984858
269	-4.13788038878
270	-1.67524078853
271	-5.51304496236
272	-4.90032044997
273	-7.64351448647
274	-7.56001390356
275	-4.13788038878
276	-6.22969340618
277	-1.71614984858
278	-5.05575096253
279	-2.14303929994
280	-1.71614984858
281	-5.78492524251
282	-2.14303929994
283	-1.72935806205
284	-4.13788038878
285	-2.14303929994
286	-1.72935806205
287	-4.70826959599
288	-9.54454749127
289	-6.36062282693
290	-6.01729262493
291	-1.50883216258
292	-1.54426834286
293	-4.13788038878
294	-7.83173428387
295	-1.71614984858
296	-4.13788038878
297	-1.67524078853
298	-7.20236546013
299	-4.13788038878
300	-1.50883216258
301	-6.81713851422
302	-4.13788038878
303	-6.99863887073
304	-2.18973718758
305	-4.67317785211
306	-8.20398588863
307	-2.18973718758
308	-5.78492524251
309	-1.68819229696
310	-7.20236546013
311	-5.05575096253
312	-1.50883216258
313	-1.71614984858
314	-4.67317785211
315	-1.68819229696
316	-5.16084239584
317	-7.56084617596
318	-1.67524078853
319	-1.72935806205
320	-4.13788038878
321	-2.14303929994
322	-7.79327269658
323	-5.60071155011
324	-2.14303929994
325	-6.78905813697
326	-5.78492524251
327	-2.14303929994
328	-7.56001390356
329	-6.71668886568
330	-6.82617714456
331	-1.72935806205
332	-7.58150625541
333	-1.68819229696
334	-1.71614984858
335	-4.67317785211
336	-8.40128823036
337	-1.54426834286
338	-4.13788038878
339	-1.68819229696
340	-1.54426834286
341	-4.13788038878
342	-1.50883216258
343	-1.71614984858
344	-5.78492524251
345	-2.14303929994
346	-1.54426834286
347	-4.90032044997
348	-1.67524078853
349	-1.71614984858
350	-12.6788665626
351	-5.95811106857
352	-2.18973718758
353	-5.78492524251
354	-1.50883216258
355	-2.18973718758
356	-4.13788038878
357	-1.67524078853
358	-1.54426834286
359	-5.08210434222
360	-12.2246762687
361	-1.72935806205
362	-4.13788038878
363	-1.67524078853
364	-1.54426834286
365	-4.70826959599
366	-1.50883216258
367	-4.59776604472
368	-4.70826959599
369	-2.14303929994
370	-1.54426834286
371	-4.13788038878
372	-1.50883216258
373	-2.18973718758
374	-4.67317785211
375	-1.68819229696
376	-1.54426834286
377	-7.56084617596
378	-1.67524078853
379	-1.54426834286
380	-8.15965517112
381	-1.68819229696
382	-2.18973718758
383	-5.78492524251
384	-8.25227113776
385	-1.71614984858
386	-4.9236894413
387	-7.64351448647
388	-5.51304496236
389	-4.13788038878
390	-2.14303929994
391	-1.72935806205
392	-6.73685577499
393	-1.50883216258
394	-7.25879550463
395	-5.95649212569
396	-6.90034600576
397	-1.54426834286
398	-4.67317785211
399	-1.50883216258
400	-9.47134323974
401	-4.13788038878
402	-1.50883216258
403	-5.42819645971
404	-4.70826959599
405	-2.14303929994
406	-1.54426834286
407	-4.70826959599
408	-1.67524078853
409	-6.57762577778
410	-4.67317785211
411	-1.50883216258
412	-7.60237060476
413	-4.67317785211
414	-2.14303929994
415	-1.72935806205
416	-8.34557971607
417	-1.68819229696
418	-1.71614984858
419	-4.13788038878
420	-7.33652621161
421	-1.72935806205
422	-5.78492524251
423	-1.68819229696
424	-7.55417616024
425	-6.09064858214
426	-1.68819229696
427	-8.1666816514
428	-4.67317785211
429	-1.67524078853
430	-1.72935806205
431	-4.70826959599
432	-13.2652381576
433	-1.54426834286
434	-4.70826959599
435	-9.70478530469
436	-1.71614984858
437	-5.42130479988
438	-1.50883216258
439	-4.34523498982
440	-4.67317785211
441	-4.42179915103
442	-1.54426834286
443	-4.70826959599
444	-1.50883216258
445	-1.71614984858
446	-4.70826959599
447	-1.50883216258
448	-10.0584377073
449	-4.13788038878
450	-5.01258754157
451	-1.72935806205
452	-4.70826959599
453	-1.50883216258
454	-2.18973718758
455	-7.25628749377
456	-4.67828153898
457	-7.54931082697
458	-5.78492524251
459	-1.68819229696
460	-1.72935806205
461	-4.13788038878
462	-2.14303929994
463	-1.54426834286
464	-4.13788038878
465	-1.68819229696
466	-1.72935806205
467	-7.14746050813
468	-1.67524078853
469	-7.71057086255
470	-4.90802973281
