# log_p 	 lnL 	 
0.0	-1578.13727847	
-0.287682072452	-1578.1237525	
-0.510825623766	-1578.1226957	
-0.69314718056	-1578.12465079	
-0.847297860387	-1578.12573151	
-0.980829253012	-1578.12471236	
-1.09861228867	-1578.12152281	
-1.20397280433	-1578.11654191	
-1.29928298413	-1578.11027909	
-1.38629436112	-1578.10323482	
-1.46633706879	-1578.09584465	
-1.54044504095	-1578.08846218	
-1.60943791243	-1578.08135994	
-1.67397643357	-1578.07473785	
-1.73460105539	-1578.06873458	
-1.79175946923	-1578.06343898	
-1.8458266905	-1578.05890065	
-1.89711998489	-1578.05513902	
-1.94591014906	-1578.05215101	
-1.99243016469	-1578.04991717	
-2.03688192726	-1578.04840656	
-2.07944154168	-1578.0475806	
-2.1202635362	-1578.04739602	
-2.15948424935	-1578.04780702	
-2.19722457734	-1578.04876697	
-2.23359222151	-1578.05022958	
-2.26868354132	-1578.05214976	
-2.30258509299	-1578.05448418	
-2.33537491582	-1578.05719169	
-2.36712361413	-1578.06023351	
-2.3978952728	-1578.06357335	
-2.42774823595	-1578.06717747	
-2.45673577282	-1578.07101461	
-2.48490664979	-1578.07505594	
-2.51230562398	-1578.07927496	
-2.53897387106	-1578.08364739	
-2.56494935746	-1578.08815101	
-2.59026716545	-1578.09276558	
-2.61495977804	-1578.09747268	
-2.63905732962	-1578.10225556	
-2.66258782703	-1578.10709903	
-2.68557734525	-1578.11198938	
-2.7080502011	-1578.11691417	
-2.73002910782	-1578.12186223	
-2.75153531304	-1578.12682348	
-2.77258872224	-1578.13178886	
-2.79320800944	-1578.13675025	
-2.81341071676	-1578.14170039	
-2.83321334406	-1578.14663279	
-2.85263142991	-1578.15154168	
-2.87167962488	-1578.15642192	
-2.8903717579	-1578.16126898	
-2.90872089656	-1578.16607884	
-2.92673940207	-1578.17084799	
-2.94443897917	-1578.17557334	
-2.96183072188	-1578.18025222	
-2.97892515524	-1578.18488231	
-2.99573227355	-1578.18946163	
-3.01226157551	-1578.19398848	
-3.02852209638	-1578.19846145	
-3.04452243772	-1578.20287936	
-3.06027079469	-1578.20724126	
-3.07577498123	-1578.21154639	
-3.09104245336	-1578.21579418	
-3.10608033072	-1578.21998421	
-3.12089541651	-1578.22411621	
-3.13549421593	-1578.22819005	
-3.14988295338	-1578.23220569	
-3.16406758837	-1578.23616322	
-3.17805383035	-1578.24006281	
-3.19184715248	-1578.24390472	
-3.20545280454	-1578.24768929	
-3.21887582487	-1578.25141691	
-3.23212105162	-1578.25508803	
-3.24519313319	-1578.25870317	
-3.25809653802	-1578.26226286	
-3.2708355638	-1578.26576771	
-3.28341434601	-1578.26921833	
-3.295836866	-1578.27261538	
-3.3081069586	-1578.27595954	
-3.32022831913	-1578.2792515	
-3.33220451018	-1578.28249197	
-3.34403896782	-1578.2856817	
-3.35573500759	-1578.28882141	
-3.36729582999	-1578.29191186	
-3.37872452581	-1578.29495381	
-3.39002408106	-1578.29794802	
-3.40119738166	-1578.30089525	
-3.41224721785	-1578.30379626	
-3.42317628838	-1578.30665182	
-3.43398720449	-1578.30946269	
-3.4446824936	-1578.31222963	
-3.45526460293	-1578.3149534	
-3.4657359028	-1578.31763473	
-3.47609868984	-1578.32027438	
-3.48635519	-1578.32287309	
-3.49650756147	-1578.32543157	
-3.50655789732	-1578.32795055	
-3.51650822817	-1578.33043074	
-3.52636052462	-1578.33287284	
-3.53611669956	-1578.33527756	
-3.54577861047	-1578.33764556	
-3.55534806149	-1578.33997753	
-3.56482680544	-1578.34227413	
-3.57421654579	-1578.34453601	
-3.58351893846	-1578.34676381	
-3.59273559356	-1578.34895817	
-3.60186807712	-1578.35111971	
-3.61091791264	-1578.35324904	
-3.61988658263	-1578.35534676	
-3.62877553004	-1578.35741346	
-3.63758615973	-1578.35944971	
-3.6463198397	-1578.3614561	
-3.65497790244	-1578.36343316	
-3.66356164613	-1578.36538146	
-3.6720723358	-1578.36730153	
-3.68051120444	-1578.36919389	
-3.68887945411	-1578.37105906	
-3.69717825693	-1578.37289755	
-3.70540875607	-1578.37470985	
-3.7135720667	-1578.37649645	
-3.72166927694	-1578.37825783	
-3.72970144863	-1578.37999446	
-3.73766961828	-1578.38170679	
-3.74557479779	-1578.38339527	
-3.75341797525	-1578.38506034	
-3.76120011569	-1578.38670243	
-3.76892216179	-1578.38832197	
-3.77658503453	-1578.38991936	
-3.78418963392	-1578.39149501	
-3.79173683955	-1578.39304932	
-3.79922751128	-1578.39458268	
-3.80666248977	-1578.39609546	
-3.81404259707	-1578.39758805	
-3.82136863716	-1578.39906079	
-3.82864139649	-1578.40051406	
-3.83586164446	-1578.4019482	
-3.84303013394	-1578.40336355	
-3.85014760171	-1578.40476045	
-3.85721476893	-1578.40613922	
-3.86423234159	-1578.4075002	
-3.87120101091	-1578.40884368	
-3.87812145375	-1578.41016999	
-3.88499433304	-1578.41147942	
-3.89182029811	-1578.41277227	
-3.8985999851	-1578.41404884	
-3.90533401728	-1578.41530939	
-3.91202300543	-1578.41655421	
-3.91866754815	-1578.41778358	
-3.92526823218	-1578.41899775	
-3.93182563272	-1578.420197	
-3.93834031375	-1578.42138157	
-3.94481282825	-1578.42255172	
-3.95124371858	-1578.42370769	
-3.95763351668	-1578.42484972	
-3.96398274436	-1578.42597805	
-3.97029191355	-1578.4270929	
-3.97656152657	-1578.42819451	
-3.98279207632	-1578.42928309	
-3.98898404656	-1578.43035887	
-3.99513791214	-1578.43142204	
-4.00125413916	-1578.43247283	
-4.00733318523	-1578.43351144	
-4.01337549969	-1578.43453806	
-4.01938152375	-1578.43555289	
-4.02535169074	-1578.43655613	
-4.03128642625	-1578.43754796	
-4.03718614838	-1578.43852856	
-4.04305126783	-1578.43949812	
-4.04888218815	-1578.44045681	
-4.05467930583	-1578.44140482	
-4.06044301055	-1578.44234229	
-4.06617368526	-1578.44326942	
-4.07187170637	-1578.44418635	
-4.07753744391	-1578.44509325	
-4.08317126162	-1578.44599027	
-4.08877351717	-1578.44687757	
-4.09434456222	-1578.44775531	
-4.0998847426	-1578.44862362	
-4.10539439841	-1578.44948266	
-4.11087386417	-1578.45033257	
-4.11632346894	-1578.45117348	
-4.12174353641	-1578.45200554	
-4.12713438505	-1578.45282888	
-4.13249632819	-1578.45364363	
-4.13782967416	-1578.45444992	
-4.14313472639	-1578.45524788	
-4.14841178349	-1578.45603763	
-4.15366113938	-1578.45681929	
-4.15888308336	-1578.457593	
-4.16407790024	-1578.45835885	
-4.1692458704	-1578.45911697	
-4.1743872699	-1578.45986748	
-4.17950237056	-1578.46061048	
-4.18459144007	-1578.46134608	
-4.18965474203	-1578.46207439	
-4.19469253606	-1578.46279552	
-4.19970507788	-1578.46350956	
-4.20469261939	-1578.46421663	
-4.20965540873	-1578.46491682	
-4.21459369037	-1578.46561023	
-4.21950770518	-1578.46629695	
-4.22439769047	-1578.46697708	
-4.22926388012	-1578.46765072	
-4.2341065046	-1578.46831794	
-4.23892579103	-1578.46897885	
-4.2437219633	-1578.46963353	
-4.24849524205	-1578.47028207	
-4.25324584481	-1578.47092454	
-4.257973986	-1578.47156105	
-4.26267987704	-1578.47219166	
-4.26736372635	-1578.47281645	
-4.27202573946	-1578.47343552	
-4.27666611902	-1578.47404892	
-4.28128506487	-1578.47465675	
-4.28588277412	-1578.47525907	
-4.29045944115	-1578.47585596	
-4.29501525768	-1578.4764475	
-4.29955041285	-1578.47703374	
-4.3040650932	-1578.47761477	
-4.30855948279	-1578.47819065	
-4.31303376319	-1578.47876145	
-4.31748811354	-1578.47932723	
-4.3219227106	-1578.47988807	
-4.32633772881	-1578.48044402	
-4.33073334029	-1578.48099514	
-4.33510971489	-1578.48154151	
-4.33946702026	-1578.48208318	
-4.34380542185	-1578.48262022	
-4.348125083	-1578.48315267	
-4.3524261649	-1578.48368061	
-4.35670882669	-1578.48420408	
-4.36097322548	-1578.48472314	
-4.36521951636	-1578.48523785	
-4.36944785247	-1578.48574826	
-4.373658385	-1578.48625443	
-4.37785126326	-1578.48675641	
-4.38202663467	-1578.48725425	
-4.38618464482	-1578.487748	
-4.39032543749	-1578.48823771	
-4.39444915467	-1578.48872344	
-4.39855593663	-1578.48920522	
-4.40264592188	-1578.48968312	
-4.40671924726	-1578.49015716	
-4.41077604796	-1578.49062741	
-4.4148164575	-1578.49109391	
-4.4188406078	-1578.4915567	
-4.42284862919	-1578.49201582	
-4.42684065046	-1578.49247133	
-4.43081679884	-1578.49292326	
-4.43477720006	-1578.49337165	
-4.43872197835	-1578.49381655	
-4.44265125649	-1578.494258	
-4.44656515581	-1578.49469603	
-4.45046379623	-1578.4951307	
-4.45434729625	-1578.49556203	
-4.45821577303	-1578.49599006	
-4.46206934235	-1578.49641484	
-4.46590811865	-1578.4968364	
-4.46973221509	-1578.49725477	
-4.47354174351	-1578.49767	
-4.47733681448	-1578.49808212	
-4.48111753732	-1578.49849117	
-4.48488402011	-1578.49889717	
-4.48863636973	-1578.49930016	
-4.49237469184	-1578.49970019	
-4.49609909093	-1578.50009727	
-4.49980967033	-1578.50049145	
-4.50350653221	-1578.50088275	
-4.50718977763	-1578.50127121	
-4.51085950652	-1578.50165685	
-4.51451581772	-1578.50203972	
-4.518158809	-1578.50241983	
-4.52178857705	-1578.50279722	
-4.52540521752	-1578.50317193	
-4.52900882502	-1578.50354397	
-4.53259949315	-1578.50391337	
-4.5361773145	-1578.50428017	
-4.53974238067	-1578.5046444	
-4.54329478227	-1578.50500607	
-4.54683460898	-1578.50536522	
-4.55036194949	-1578.50572188	
-4.5538768916	-1578.50607606	
-4.55737952215	-1578.5064278	
-4.56086992709	-1578.50677713	
-4.56434819147	-1578.50712406	
-4.56781439944	-1578.50746862	
-4.57126863431	-1578.50781084	
-4.5747109785	-1578.50815074	
-4.5781415136	-1578.50848835	
-4.58156032035	-1578.50882368	
-4.58496747867	-1578.50915677	
-4.58836306767	-1578.50948763	
-4.59174716566	-1578.50981629	
-4.59511985013	-1578.51014277	
-4.59848119784	-1578.51046709	
-4.60183128472	-1578.51078927	
-4.60517018599	-1578.51110934	
-4.60849797608	-1578.51142732	
-4.61181472871	-1578.51174322	
-4.61512051684	-1578.51205707	
-4.61841541274	-1578.51236889	
-4.62169948794	-1578.51267869	
-4.62497281328	-1578.5129865	
-4.62823545892	-1578.51329235	
-4.63148749431	-1578.51359623	
-4.63472898823	-1578.51389819	
-4.63796000881	-1578.51419823	
-4.64118062351	-1578.51449637	
-4.64439089914	-1578.51479263	
-4.64759090187	-1578.51508703	
-4.65078069724	-1578.5153796	
-4.65396035016	-1578.51567033	
-4.65712992492	-1578.51595926	
-4.66028948521	-1578.5162464	
-4.66343909411	-1578.51653176	
-4.66657881412	-1578.51681537	
-4.66970870713	-1578.51709724	
-4.67282883446	-1578.51737739	
-4.67593925688	-1578.51765582	
-4.67904003455	-1578.51793257	
-4.68213122712	-1578.51820764	
-4.68521289366	-1578.51848105	
-4.6882850927	-1578.51875282	
-4.69134788223	-1578.51902295	
-4.69440131972	-1578.51929147	
-4.6974454621	-1578.51955839	
-4.70048036579	-1578.51982373	
-4.70350608671	-1578.52008749	
-4.70652268025	-1578.5203497	
-4.70953020131	-1578.52061037	
-4.71252870431	-1578.52086951	
-4.71551824316	-1578.52112713	
-4.7184988713	-1578.52138325	
-4.72147064168	-1578.52163788	
-4.72443360681	-1578.52189104	
-4.72738781871	-1578.52214274	
-4.73033332894	-1578.52239299	
-4.73327018862	-1578.5226418	
-4.73619844839	-1578.52288919	
-4.7391181585	-1578.52313517	
-4.74202936871	-1578.52337976	
-4.74493212836	-1578.52362295	
-4.74782648639	-1578.52386477	
-4.75071249128	-1578.52410523	
-4.75359019111	-1578.52434434	
-4.75645963353	-1578.52458211	
-4.75932086582	-1578.52481856	
-4.7621739348	-1578.52505369	
-4.76501888693	-1578.52528751	
-4.76785576827	-1578.52552004	
-4.77068462447	-1578.52575129	
-4.77350550081	-1578.52598127	
-4.77631844218	-1578.52620999	
-4.77912349311	-1578.52643746	
-4.78192069773	-1578.52666368	
-4.78471009982	-1578.52688868	
-4.78749174278	-1578.52711246	
-4.79026566966	-1578.52733504	
-4.79303192316	-1578.52755641	
-4.7957905456	-1578.52777659	
-4.79854157897	-1578.5279956	
-4.80128506491	-1578.52821344	
-4.80402104473	-1578.52843011	
-4.80674955939	-1578.52864564	
-4.8094706495	-1578.52886003	
-4.81218435537	-1578.52907328	
-4.81489071697	-1578.52928542	
-4.81758977394	-1578.52949644	
-4.82028156561	-1578.52970635	
-4.82296613098	-1578.52991517	
-4.82564350875	-1578.53012291	
-4.8283137373	-1578.53032957	
-4.83097685472	-1578.53053516	
-4.83363289878	-1578.53073968	
-4.83628190695	-1578.53094316	
-4.83892391641	-1578.53114559	
-4.84155896405	-1578.53134699	
-4.84418708646	-1578.53154736	
-4.84680831994	-1578.53174671	
-4.84942270051	-1578.53194505	
-4.85203026392	-1578.53214239	
-4.85463104562	-1578.53233873	
-4.8572250808	-1578.53253408	
-4.85981240436	-1578.53272845	
-4.86239305096	-1578.53292185	
-4.86496705495	-1578.53311429	
-4.86753445046	-1578.53330577	
-4.87009527132	-1578.5334963	
-4.87264955112	-1578.53368588	
-4.8751973232	-1578.53387453	
-4.87773862063	-1578.53406225	
-4.88027347623	-1578.53424905	
-4.88280192259	-1578.53443494	
-4.88532399202	-1578.53461991	
-4.88783971662	-1578.53480399	
-4.89034912822	-1578.53498717	
-4.89285225844	-1578.53516947	
-4.89534913864	-1578.53535088	
-4.89783979995	-1578.53553142	
-4.90032427328	-1578.5357111	
-4.90280258929	-1578.53588991	
-4.90527477844	-1578.53606787	
-4.90774087093	-1578.53624497	
-4.91020089677	-1578.53642124	
-4.91265488574	-1578.53659667	
-4.91510286737	-1578.53677127	
-4.91754487103	-1578.53694505	
-4.91998092583	-1578.537118	
-4.92241106068	-1578.53729015	
-4.92483530429	-1578.53746149	
-4.92725368516	-1578.53763203	
-4.92966623156	-1578.53780178	
-4.93207297159	-1578.53797073	
-4.93447393313	-1578.53813891	
-4.93686914386	-1578.5383063	
-4.93925863125	-1578.53847293	
-4.94164242261	-1578.53863879	
-4.94402054501	-1578.53880388	
-4.94639302537	-1578.53896823	
-4.94875989038	-1578.53913182	
-4.95112116656	-1578.53929466	
-4.95347688026	-1578.53945677	
-4.9558270576	-1578.53961814	
-4.95817172456	-1578.53977878	
-4.96051090691	-1578.5399387	
-4.96284463026	-1578.5400979	
-4.96517292002	-1578.54025639	
-4.96749580144	-1578.54041416	
-4.96981329958	-1578.54057123	
-4.97212543933	-1578.54072761	
-4.97443224543	-1578.54088328	
-4.97673374242	-1578.54103827	
-4.97902995468	-1578.54119257	
-4.98132090643	-1578.54134619	
-4.98360662171	-1578.54149914	
-4.98588712441	-1578.54165141	
-4.98816243824	-1578.54180302	
-4.99043258678	-1578.54195396	
-4.99269759341	-1578.54210425	
-4.99495748138	-1578.54225388	
-4.99721227376	-1578.54240287	
-4.9994619935	-1578.54255121	
-5.00170666335	-1578.54269891	
-5.00394630595	-1578.54284597	
-5.00618094375	-1578.5429924	
-5.00841059907	-1578.54313821	
-5.0106352941	-1578.54328339	
-5.01285505083	-1578.54342795	
-5.01506989116	-1578.5435719	
-5.01727983681	-1578.54371523	
-5.01948490937	-1578.54385796	
-5.02168513028	-1578.54400008	
-5.02388052085	-1578.54414161	
-5.02607110223	-1578.54428254	
-5.02825689545	-1578.54442288	
-5.03043792139	-1578.54456263	
-5.03261420082	-1578.54470179	
-5.03478575433	-1578.54484038	
-5.03695260241	-1578.54497839	
-5.03911476542	-1578.54511583	
-5.04127226356	-1578.5452527	
-5.04342511692	-1578.545389	
-5.04557334546	-1578.54552474	
-5.047716969	-1578.54565993	
-5.04985600725	-1578.54579455	
-5.05199047978	-1578.54592863	
-5.05412040604	-1578.54606216	
-5.05624580535	-1578.54619515	
-5.05836669692	-1578.54632759	
-5.06048309982	-1578.5464595	
-5.06259503303	-1578.54659087	
-5.06470251537	-1578.54672172	
-5.06680556556	-1578.54685203	
-5.06890420222	-1578.54698182	
-5.07099844382	-1578.5471111	
-5.07308830874	-1578.54723985	
-5.07517381523	-1578.54736809	
-5.07725498144	-1578.54749582	
-5.07933182538	-1578.54762304	
-5.08140436498	-1578.54774975	
-5.08347261805	-1578.54787596	
-5.08553660227	-1578.54800168	
-5.08759633523	-1578.5481269	
-5.08965183441	-1578.54825162	
-5.09170311719	-1578.54837586	
-5.09375020081	-1578.54849961	
-5.09579310244	-1578.54862287	
-5.09783183913	-1578.54874566	
-5.09986642782	-1578.54886797	
-5.10189688537	-1578.5489898	
-5.10392322852	-1578.54911116	
-5.1059454739	-1578.54923205	
-5.10796363806	-1578.54935247	
-5.10997773743	-1578.54947243	
-5.11198778836	-1578.54959193	
-5.11399380708	-1578.54971097	
-5.11599580975	-1578.54982955	
-5.11799381242	-1578.54994769	
-5.11998783102	-1578.55006537	
-5.12197788143	-1578.5501826	
-5.1239639794	-1578.55029939	
-5.12594614061	-1578.55041574	
-5.12792438062	-1578.55053164	
-5.12989871492	-1578.55064711	
-5.13186915891	-1578.55076215	
-5.13383572788	-1578.55087675	
-5.13579843705	-1578.55099092	
-5.13775730154	-1578.55110467	
-5.13971233637	-1578.55121799	
-5.1416635565	-1578.55133089	
-5.14361097679	-1578.55144337	
-5.145554612	-1578.55155543	
-5.14749447681	-1578.55166708	
-5.14943058584	-1578.55177831	
-5.15136295359	-1578.55188914	
-5.1532915945	-1578.55199955	
-5.15521652291	-1578.55210956	
-5.15713775309	-1578.55221917	
-5.15905529921	-1578.55232838	
-5.1609691754	-1578.55243719	
-5.16287939565	-1578.5525456	
-5.16478597392	-1578.55265361	
-5.16668892407	-1578.55276124	
-5.16858825987	-1578.55286847	
-5.17048399504	-1578.55297532	
-5.17237614319	-1578.55308178	
-5.17426471788	-1578.55318786	
-5.17614973257	-1578.55329356	
-5.17803120067	-1578.55339887	
-5.1799091355	-1578.55350381	
-5.18178355029	-1578.55360838	
-5.18365445823	-1578.55371257	
-5.1855218724	-1578.5538164	
-5.18738580584	-1578.55391985	
-5.18924627149	-1578.55402293	
-5.19110328224	-1578.55412566	
-5.19295685089	-1578.55422802	
-5.19480699018	-1578.55433001	
-5.19665371277	-1578.55443165	
-5.19849703127	-1578.55453293	
-5.20033695819	-1578.55463386	
-5.202173506	-1578.55473444	
-5.20400668708	-1578.55483466	
-5.20583651375	-1578.55493453	
-5.20766299828	-1578.55503406	
-5.20948615284	-1578.55513324	
-5.21130598956	-1578.55523208	
-5.21312252048	-1578.55533057	
-5.21493575761	-1578.55542873	
-5.21674571285	-1578.55552655	
-5.21855239808	-1578.55562403	
-5.22035582508	-1578.55572118	
-5.22215600558	-1578.55581799	
-5.22395295126	-1578.55591447	
-5.22574667371	-1578.55601062	
-5.22753718449	-1578.55610645	
-5.22932449506	-1578.55620195	
-5.23110861685	-1578.55629713	
-5.23288956123	-1578.55639198	
-5.23466733947	-1578.55648651	
-5.23644196283	-1578.55658072	
-5.23821344248	-1578.55667462	
-5.23998178954	-1578.5567682	
-5.24174701506	-1578.55686147	
-5.24350913005	-1578.55695442	
-5.24526814546	-1578.55704706	
-5.24702407216	-1578.55713939	
-5.24877692099	-1578.55723142	
-5.25052670271	-1578.55732314	
-5.25227342805	-1578.55741455	
-5.25401710765	-1578.55750567	
-5.25575775213	-1578.55759648	
-5.25749537203	-1578.55768699	
-5.25922997784	-1578.5577772	
-5.26096158	-1578.55786711	
-5.2626901889	-1578.55795673	
-5.26441581487	-1578.55804606	
-5.26613846818	-1578.55813509	
-5.26785815906	-1578.55822383	
-5.26957489768	-1578.55831229	
-5.27128869416	-1578.55840045	
-5.27299955856	-1578.55848833	
-5.27470750091	-1578.55857592	
-5.27641253116	-1578.55866323	
-5.27811465923	-1578.55875026	
-5.27981389498	-1578.55883701	
-5.28151024823	-1578.55892347	
-5.28320372874	-1578.55900966	
-5.28489434622	-1578.55909557	
-5.28658211033	-1578.55918121	
-5.28826703069	-1578.55926657	
-5.28994911688	-1578.55935166	
-5.2916283784	-1578.55943648	
-5.29330482472	-1578.55952103	
-5.29497846528	-1578.55960531	
-5.29664930945	-1578.55968932	
-5.29831736655	-1578.55977307	
-5.29998264587	-1578.55985655	
-5.30164515664	-1578.55993977	
-5.30330490806	-1578.56002273	
-5.30496190927	-1578.56010542	
-5.30661616936	-1578.56018786	
-5.3082676974	-1578.56027004	
-5.30991650239	-1578.56035196	
-5.3115625933	-1578.56043362	
-5.31320597904	-1578.56051503	
-5.3148466685	-1578.56059619	
-5.3164846705	-1578.56067709	
-5.31811999384	-1578.56075775	
-5.31975264727	-1578.56083815	
-5.32138263948	-1578.5609183	
-5.32300997914	-1578.56099821	
-5.32463467487	-1578.56107787	
-5.32625673524	-1578.56115729	
-5.32787616879	-1578.56123646	
-5.32949298402	-1578.56131539	
-5.33110718937	-1578.56139408	
-5.33271879327	-1578.56147253	
-5.33432780407	-1578.56155073	
-5.33593423012	-1578.5616287	
-5.3375380797	-1578.56170644	
-5.33913936107	-1578.56178393	
-5.34073808243	-1578.56186119	
-5.34233425196	-1578.56193822	
-5.3439278778	-1578.56201502	
-5.34551896803	-1578.56209158	
-5.34710753072	-1578.56216791	
-5.34869357387	-1578.56224402	
-5.35027710548	-1578.56231989	
-5.35185813348	-1578.56239554	
-5.35343666577	-1578.56247096	
-5.35501271022	-1578.56254616	
-5.35658627467	-1578.56262113	
-5.3581573669	-1578.56269588	
-5.35972599468	-1578.5627704	
-5.36129216571	-1578.56284471	
-5.36285588769	-1578.56291879	
-5.36441716825	-1578.56299266	
-5.36597601502	-1578.56306631	
-5.36753243557	-1578.56313974	
-5.36908643744	-1578.56321295	
-5.37063802813	-1578.56328595	
-5.37218721511	-1578.56335873	
-5.37373400583	-1578.5634313	
-5.37527840768	-1578.56350366	
-5.37682042804	-1578.56357581	
-5.37836007422	-1578.56364775	
-5.37989735354	-1578.56371948	
-5.38143227326	-1578.563791	
-5.38296484061	-1578.56386231	
-5.38449506279	-1578.56393341	
-5.38602294697	-1578.56400431	
-5.38754850028	-1578.56407501	
-5.38907172982	-1578.5641455	
-5.39059264266	-1578.56421578	
-5.39211124583	-1578.56428587	
-5.39362754635	-1578.56435575	
-5.39514155118	-1578.56442544	
-5.39665326727	-1578.56449492	
-5.39816270152	-1578.56456421	
-5.39966986081	-1578.56463329	
-5.40117475199	-1578.56470218	
-5.40267738187	-1578.56477088	
-5.40417775725	-1578.56483938	
-5.40567588487	-1578.56490768	
-5.40717177146	-1578.5649758	
-5.40866542372	-1578.56504372	
-5.4101568483	-1578.56511144	
-5.41164605186	-1578.56517898	
-5.41313304098	-1578.56524633	
-5.41461782224	-1578.56531348	
-5.4161004022	-1578.56538045	
-5.41758078737	-1578.56544724	
-5.41905898424	-1578.56551383	
-5.42053499927	-1578.56558024	
-5.42200883889	-1578.56564646	
-5.4234805095	-1578.5657125	
-5.42495001748	-1578.56577836	
-5.42641736918	-1578.56584403	
-5.4278825709	-1578.56590952	
-5.42934562895	-1578.56597483	
-5.43080654959	-1578.56603995	
-5.43226533906	-1578.5661049	
-5.43372200355	-1578.56616967	
-5.43517654927	-1578.56623426	
-5.43662898235	-1578.56629868	
-5.43807930892	-1578.56636291	
-5.4395275351	-1578.56642698	
-5.44097366695	-1578.56649086	
-5.44241771052	-1578.56655457	
-5.44385967184	-1578.56661811	
-5.4452995569	-1578.56668147	
-5.44673737167	-1578.56674467	
-5.44817312209	-1578.56680769	
-5.44960681409	-1578.56687054	
-5.45103845357	-1578.56693321	
-5.45246804638	-1578.56699572	
-5.45389559837	-1578.56705806	
-5.45532111536	-1578.56712024	
-5.45674460314	-1578.56718224	
-5.45816606749	-1578.56724408	
-5.45958551414	-1578.56730575	
-5.46100294883	-1578.56736726	
-5.46241837723	-1578.5674286	
-5.46383180503	-1578.56748978	
-5.46524323786	-1578.5675508	
-5.46665268137	-1578.56761165	
-5.46806014114	-1578.56767234	
-5.46946562274	-1578.56773287	
-5.47086913175	-1578.56779324	
-5.47227067367	-1578.56785345	
-5.47367025403	-1578.5679135	
-5.47506787829	-1578.56797339	
-5.47646355193	-1578.56803312	
-5.47785728038	-1578.56809269	
-5.47924906905	-1578.56815211	
-5.48063892334	-1578.56821137	
-5.48202684862	-1578.56827048	
-5.48341285022	-1578.56832943	
-5.48479693349	-1578.56838823	
-5.48617910372	-1578.56844687	
-5.48755936619	-1578.56850536	
-5.48893772616	-1578.5685637	
-5.49031418887	-1578.56862189	
-5.49168875953	-1578.56867992	
-5.49306144334	-1578.56873781	
-5.49443224547	-1578.56879554	
-5.49580117108	-1578.56885313	
-5.49716822529	-1578.56891057	
-5.49853341322	-1578.56896785	
-5.49989673995	-1578.56902499	
-5.50125821054	-1578.56908199	
-5.50261783006	-1578.56913883	
-5.50397560352	-1578.56919553	
-5.50533153593	-1578.56925209	
-5.50668563228	-1578.5693085	
-5.50803789753	-1578.56936477	
-5.50938833663	-1578.56942089	
-5.5107369545	-1578.56947687	
-5.51208375605	-1578.56953271	
-5.51342874616	-1578.5695884	
-5.51477192971	-1578.56964396	
-5.51611331154	-1578.56969937	
-5.51745289646	-1578.56975464	
-5.51879068931	-1578.56980978	
-5.52012669485	-1578.56986477	
-5.52146091786	-1578.56991963	
-5.5227933631	-1578.56997434	
-5.52412403528	-1578.57002892	
-5.52545293913	-1578.57008337	
-5.52678007934	-1578.57013767	
-5.52810546058	-1578.57019184	
-5.52942908751	-1578.57024588	
-5.53075096477	-1578.57029978	
-5.53207109697	-1578.57035354	
-5.53338948873	-1578.57040717	
-5.53470614461	-1578.57046067	
-5.53602106919	-1578.57051403	
-5.53733426702	-1578.57056727	
-5.53864574262	-1578.57062037	
-5.5399555005	-1578.57067333	
-5.54126354516	-1578.57072617	
-5.54256988107	-1578.57077888	
-5.5438745127	-1578.57083146	
-5.54517744448	-1578.5708839	
-5.54647868084	-1578.57093622	
-5.54777822618	-1578.57098841	
-5.5490760849	-1578.57104048	
-5.55037226136	-1578.57109241	
-5.55166675992	-1578.57114422	
-5.55295958492	-1578.5711959	
-5.55425074069	-1578.57124746	
-5.55554023152	-1578.57129889	
-5.5568280617	-1578.57135019	
-5.55811423551	-1578.57140137	
-5.5593987572	-1578.57145243	
-5.56068163102	-1578.57150336	
-5.56196286117	-1578.57155417	
-5.56324245188	-1578.57160485	
-5.56452040732	-1578.57165541	
-5.56579673168	-1578.57170586	
-5.56707142911	-1578.57175618	
-5.56834450376	-1578.57180637	
-5.56961595975	-1578.57185645	
-5.57088580119	-1578.57190641	
-5.57215403218	-1578.57195625	
-5.57342065679	-1578.57200597	
-5.5746856791	-1578.57205557	
-5.57594910315	-1578.57210505	
-5.57721093297	-1578.57215441	
-5.57847117258	-1578.57220366	
-5.57972982599	-1578.57225279	
-5.58098689718	-1578.5723018	
-5.58224239012	-1578.5723507	
-5.58349630878	-1578.57239948	
-5.5847486571	-1578.57244814	
-5.585999439	-1578.57249669	
-5.5872486584	-1578.57254513	
-5.5884963192	-1578.57259345	
-5.58974242528	-1578.57264166	
-5.59098698051	-1578.57268975	
-5.59222998875	-1578.57273773	
-5.59347145384	-1578.5727856	
-5.5947113796	-1578.57283336	
-5.59594976985	-1578.572881	
-5.59718662839	-1578.57292854	
-5.598421959	-1578.57297596	
-5.59965576545	-1578.57302327	
-5.60088805149	-1578.57307047	
-5.60211882088	-1578.57311757	
-5.60334807733	-1578.57316455	
-5.60457582457	-1578.57321142	
-5.6058020663	-1578.57325819	
-5.60702680619	-1578.57330485	
-5.60825004793	-1578.57335139	
-5.60947179518	-1578.57339784	
-5.61069205159	-1578.57344417	
-5.61191082078	-1578.5734904	
-5.61312810639	-1578.57353652	
-5.61434391201	-1578.57358254	
-5.61555824124	-1578.57362845	
-5.61677109767	-1578.57367425	
-5.61798248485	-1578.57371995	
-5.61919240636	-1578.57376555	
-5.62040086572	-1578.57381104	
-5.62160786647	-1578.57385643	
-5.62281341212	-1578.57390171	
-5.62401750619	-1578.57394689	
-5.62522015215	-1578.57399197	
-5.6264213535	-1578.57403695	
-5.62762111369	-1578.57408182	
-5.62881943618	-1578.5741266	
-5.63001632442	-1578.57417127	
-5.63121178182	-1578.57421584	
-5.63240581181	-1578.57426031	
-5.6335984178	-1578.57430468	
-5.63478960317	-1578.57434895	
-5.6359793713	-1578.57439312	
-5.63716772557	-1578.57443719	
-5.63835466933	-1578.57448116	
-5.63954020593	-1578.57452504	
-5.64072433869	-1578.57456881	
-5.64190707094	-1578.57461249	
-5.64308840598	-1578.57465607	
-5.64426834712	-1578.57469956	
-5.64544689764	-1578.57474294	
-5.64662406082	-1578.57478624	
-5.64779983991	-1578.57482943	
-5.64897423816	-1578.57487253	
-5.65014725882	-1578.57491553	
-5.65131890512	-1578.57495844	
-5.65248918027	-1578.57500125	
-5.65365808747	-1578.57504397	
-5.65482562993	-1578.57508659	
-5.65599181082	-1578.57512912	
-5.65715663332	-1578.57517156	
-5.65832010058	-1578.5752139	
-5.65948221576	-1578.57525615	
-5.660642982	-1578.57529831	
-5.66180240242	-1578.57534038	
-5.66296048014	-1578.57538235	
-5.66411721826	-1578.57542423	
-5.66527261989	-1578.57546602	
-5.66642668811	-1578.57550772	
-5.66757942599	-1578.57554933	
-5.6687308366	-1578.57559085	
-5.66988092298	-1578.57563228	
-5.67102968818	-1578.57567361	
-5.67217713524	-1578.57571486	
-5.67332326717	-1578.57575602	
-5.67446808699	-1578.57579709	
-5.67561159769	-1578.57583807	
-5.67675380227	-1578.57587896	
-5.6778947037	-1578.57591977	
-5.67903430497	-1578.57596048	
-5.68017260902	-1578.57600111	
-5.6813096188	-1578.57604166	
-5.68244533727	-1578.57608211	
-5.68357976734	-1578.57612248	
-5.68471291194	-1578.57616276	
-5.68584477397	-1578.57620295	
-5.68697535634	-1578.57624306	
-5.68810466194	-1578.57628309	
-5.68923269364	-1578.57632303	
-5.69035945432	-1578.57636288	
-5.69148494685	-1578.57640265	
-5.69260917406	-1578.57644233	
-5.6937321388	-1578.57648193	
-5.69485384391	-1578.57652145	
-5.69597429221	-1578.57656088	
-5.69709348651	-1578.57660023	
-5.69821142961	-1578.5766395	
-5.69932812431	-1578.57667868	
-5.70044357339	-1578.57671778	
-5.70155777963	-1578.5767568	
-5.7026707458	-1578.57679574	
-5.70378247466	-1578.57683459	
-5.70489296894	-1578.57687337	
-5.70600223139	-1578.57691206	
-5.70711026475	-1578.57695067	
-5.70821707172	-1578.5769892	
-5.70932265503	-1578.57702765	
-5.71042701737	-1578.57706602	
-5.71153016145	-1578.57710431	
-5.71263208993	-1578.57714252	
-5.71373280551	-1578.57718065	
-5.71483231084	-1578.5772187	
-5.71593060859	-1578.57725667	
-5.71702770141	-1578.57729456	
-5.71812359193	-1578.57733238	
-5.71921828279	-1578.57737011	
-5.72031177661	-1578.57740777	
-5.72140407601	-1578.57744535	
-5.72249518359	-1578.57748286	
-5.72358510195	-1578.57752028	
-5.72467383369	-1578.57755763	
-5.72576138137	-1578.5775949	
-5.72684774759	-1578.5776321	
-5.72793293489	-1578.57766922	
-5.72901694583	-1578.57770626	
-5.73009978297	-1578.57774323	
-5.73118144884	-1578.57778012	
-5.73226194598	-1578.57781694	
-5.7333412769	-1578.57785368	
-5.73441944412	-1578.57789035	
-5.73549645015	-1578.57792694	
-5.73657229748	-1578.57796346	
-5.73764698861	-1578.5779999	
-5.73872052602	-1578.57803627	
-5.73979291218	-1578.57807257	
-5.74086414956	-1578.57810879	
-5.74193424062	-1578.57814494	
-5.74300318781	-1578.57818101	
-5.74407099357	-1578.57821702	
-5.74513766034	-1578.57825295	
-5.74620319054	-1578.57828881	
-5.7472675866	-1578.57832459	
-5.74833085092	-1578.57836031	
-5.74939298591	-1578.57839595	
-5.75045399397	-1578.57843152	
-5.75151387748	-1578.57846702	
-5.75257263883	-1578.57850245	
-5.75363028038	-1578.57853781	
-5.75468680452	-1578.57857309	
-5.75574221359	-1578.57860831	
-5.75679650994	-1578.57864346	
-5.75784969593	-1578.57867853	
-5.75890177388	-1578.57871354	
-5.75995274612	-1578.57874848	
-5.76100261499	-1578.57878335	
-5.76205138278	-1578.57881815	
-5.76309905181	-1578.57885288	
-5.76414562438	-1578.57888754	
-5.76519110278	-1578.57892213	
-5.7662354893	-1578.57895666	
-5.76727878622	-1578.57899111	
-5.76832099579	-1578.5790255	
-5.7693621203	-1578.57905982	
-5.770402162	-1578.57909408	
-5.77144112313	-1578.57912826	
-5.77247900594	-1578.57916238	
-5.77351581267	-1578.57919643	
-5.77455154554	-1578.57923042	
-5.77558620679	-1578.57926434	
-5.77661979861	-1578.57929819	
-5.77765232322	-1578.57933198	
-5.77868378283	-1578.5793657	
-5.77971417962	-1578.57939935	
-5.78074351579	-1578.57943294	
-5.78177179352	-1578.57946647	
-5.78279901497	-1578.57949993	
-5.78382518233	-1578.57953332	
-5.78485029774	-1578.57956665	
-5.78587436337	-1578.57959992	
-5.78689738137	-1578.57963312	
-5.78791935386	-1578.57966625	
-5.788940283	-1578.57969933	
-5.7899601709	-1578.57973234	
-5.79097901969	-1578.57976528	
-5.79199683148	-1578.57979816	
-5.79301360838	-1578.57983098	
-5.7940293525	-1578.57986374	
-5.79504406593	-1578.57989643	
-5.79605775077	-1578.57992906	
-5.79707040908	-1578.57996163	
-5.79808204295	-1578.57999413	
-5.79909265446	-1578.58002658	
-5.80010224566	-1578.58005896	
-5.80111081862	-1578.58009128	
-5.80211837538	-1578.58012354	
-5.80312491799	-1578.58015573	
-5.80413044849	-1578.58018787	
-5.80513496892	-1578.58021994	
-5.80613848129	-1578.58025196	
-5.80714098764	-1578.58028391	
-5.80814248998	-1578.5803158	
-5.80914299031	-1578.58034763	
