#Site	lnL	
0	-1.67463578225
1	-9.16109158993
2	-1.75759939692
3	-1.67463578225
4	-5.41391949433
5	-1.74282165519
6	-5.48924627694
7	-1.84983630908
8	-1.61342272439
9	-1.78473269021
10	-4.7898188295
11	-5.60939902404
12	-1.67463578225
13	-1.83451686983
14	-1.8562851883
15	-5.14145983089
16	-5.5275381478
17	-12.790096643
18	-1.6890140653
19	-1.84983630908
20	-1.74282165519
21	-8.20958662151
22	-1.83451686983
23	-1.61342272439
24	-7.27031565531
25	-1.70065150699
26	-6.2549568956
27	-1.67463578225
28	-1.84983630908
29	-1.8562851883
30	-5.74099037052
31	-1.70065150699
32	-8.93113385696
33	-6.09877239262
34	-6.46176761932
35	-1.61342272439
36	-7.11176168277
37	-1.84983630908
38	-5.55285406789
39	-5.14145983089
40	-1.84983630908
41	-1.61342272439
42	-1.67463578225
43	-9.39015339948
44	-1.61342272439
45	-1.6890140653
46	-1.70065150699
47	-1.8562851883
48	-1.67463578225
49	-1.84983630908
50	-5.68090987625
51	-5.09967767059
52	-1.83451686983
53	-1.74282165519
54	-5.09967767059
55	-1.83451686983
56	-1.8562851883
57	-1.78473269021
58	-1.84983630908
59	-1.8562851883
60	-1.78473269021
61	-1.84983630908
62	-5.95593581275
63	-1.67463578225
64	-1.84983630908
65	-1.61342272439
66	-5.09967767059
67	-1.70065150699
68	-1.8562851883
69	-1.6890140653
70	-1.84983630908
71	-8.05640250352
72	-1.54852636009
73	-1.84983630908
74	-1.74282165519
75	-1.78473269021
76	-6.0192419596
77	-1.74282165519
78	-5.81510291977
79	-6.79679920651
80	-1.74282165519
81	-5.69633442022
82	-1.70065150699
83	-5.32873172828
84	-1.67463578225
85	-5.5275381478
86	-8.61944743003
87	-7.3145953964
88	-1.84983630908
89	-5.94319539299
90	-1.67463578225
91	-9.55815480162
92	-1.61342272439
93	-1.6890140653
94	-1.83451686983
95	-8.53306855998
96	-1.67463578225
97	-6.11237465265
98	-1.74282165519
99	-1.54852636009
100	-1.95253942699
101	-1.61342272439
102	-5.83785022149
103	-1.70065150699
104	-5.67972551767
105	-1.54852636009
106	-1.84983630908
107	-6.55733799609
108	-1.6890140653
109	-1.70065150699
110	-1.61342272439
111	-6.11151281237
112	-6.10166444543
113	-6.2634493019
114	-1.67463578225
115	-8.40054507997
116	-1.75759939692
117	-1.78473269021
118	-1.83451686983
119	-5.32956715289
120	-1.6890140653
121	-1.83451686983
122	-6.05175007978
123	-1.78473269021
124	-6.40950606303
125	-5.65966000503
126	-1.6890140653
127	-1.70065150699
128	-1.75759939692
129	-6.31952404018
130	-1.70065150699
131	-1.8562851883
132	-1.67463578225
133	-1.84983630908
134	-8.88802877469
135	-1.78473269021
136	-1.95253942699
137	-1.74282165519
138	-9.64690268874
139	-1.83451686983
140	-5.95793589474
141	-1.6890140653
142	-1.95253942699
143	-1.8562851883
144	-1.54852636009
145	-1.84983630908
146	-1.61342272439
147	-1.67463578225
148	-1.70065150699
149	-10.3648316719
150	-1.78473269021
151	-1.70065150699
152	-1.75759939692
153	-1.67463578225
154	-1.84983630908
155	-1.75759939692
156	-5.47650585719
157	-5.52605344547
158	-1.75759939692
159	-5.79913380197
160	-6.45120272892
161	-5.63994283678
162	-1.67463578225
163	-1.70065150699
164	-14.5545562382
165	-1.54852636009
166	-1.70065150699
167	-8.46364746671
168	-1.54852636009
169	-1.84983630908
170	-7.52172929941
171	-6.12479371332
172	-1.70065150699
173	-8.67609291348
174	-1.54852636009
175	-5.41391949433
176	-1.8562851883
177	-1.54852636009
178	-1.84983630908
179	-5.68090987625
180	-1.6890140653
181	-1.83451686983
182	-1.74282165519
183	-1.54852636009
184	-1.70065150699
185	-1.61342272439
186	-6.75389896225
187	-1.84983630908
188	-1.74282165519
189	-1.54852636009
190	-1.84983630908
191	-1.74282165519
192	-1.54852636009
193	-1.84983630908
194	-4.98774262301
195	-1.54852636009
196	-7.04705368349
197	-1.74282165519
198	-1.78473269021
199	-5.46551978538
200	-1.61342272439
201	-5.72010200083
202	-1.83451686983
203	-1.74282165519
204	-1.67463578225
205	-1.95253942699
206	-8.6781041203
207	-7.11197316776
208	-1.70065150699
209	-1.74282165519
210	-5.14009552173
211	-1.70065150699
212	-1.74282165519
213	-5.47650585719
214	-7.95425586994
215	-1.75759939692
216	-1.54852636009
217	-8.24656155292
218	-5.95593581275
219	-1.78473269021
220	-1.95253942699
221	-5.63994283678
222	-1.54852636009
223	-1.84983630908
224	-1.8562851883
225	-1.54852636009
226	-6.12576778742
227	-1.8562851883
228	-1.67463578225
229	-1.84983630908
230	-1.8562851883
231	-1.54852636009
232	-5.3986840937
233	-8.52951798757
234	-1.78473269021
235	-1.83451686983
236	-1.8562851883
237	-1.54852636009
238	-5.40117907457
239	-1.75759939692
240	-5.81510291977
241	-1.83451686983
242	-1.61342272439
243	-1.54852636009
244	-5.41532257908
245	-5.67972551767
246	-1.67463578225
247	-6.81723967618
248	-5.59370871576
249	-1.54852636009
250	-9.62577855318
251	-13.6048775453
252	-1.6890140653
253	-1.95253942699
254	-1.61342272439
255	-1.67463578225
256	-6.12576778742
257	-1.74282165519
258	-1.67463578225
259	-1.70065150699
260	-1.74282165519
261	-1.78473269021
262	-5.50827965446
263	-6.18194188633
264	-1.78473269021
265	-1.95253942699
266	-1.74282165519
267	-1.78473269021
268	-6.03424922979
269	-1.61342272439
270	-5.48742457758
271	-1.84983630908
272	-5.34394422525
273	-1.54852636009
274	-1.83451686983
275	-1.75759939692
276	-1.67463578225
277	-1.70065150699
278	-1.74282165519
279	-1.67463578225
280	-5.82533938715
281	-1.61342272439
282	-1.6890140653
283	-5.87059041391
284	-1.8562851883
285	-5.47650585719
286	-5.87059041391
287	-1.74282165519
288	-1.6890140653
289	-1.95253942699
290	-1.61342272439
291	-1.6890140653
292	-7.21533730827
293	-1.61342272439
294	-6.73655615115
295	-1.95253942699
296	-1.8562851883
297	-1.6890140653
298	-1.84983630908
299	-1.75759939692
300	-1.54852636009
301	-7.6357833376
302	-1.8562851883
303	-1.6890140653
304	-1.70065150699
305	-1.61342272439
306	-6.20183102094
307	-5.17496456857
308	-10.0533836699
309	-1.6890140653
310	-8.32255054859
311	-1.8562851883
312	-1.54852636009
313	-9.9777982851
314	-1.75759939692
315	-1.67463578225
316	-8.17110415284
317	-1.61342272439
318	-5.75931307401
319	-1.84983630908
320	-1.74282165519
321	-1.78473269021
322	-1.70065150699
323	-5.60759471067
324	-13.0686555951
325	-1.84983630908
326	-1.8562851883
327	-1.67463578225
328	-1.95253942699
329	-1.8562851883
330	-1.78473269021
331	-1.70065150699
332	-9.85893560233
333	-6.73655615115
334	-5.5275381478
335	-6.02851261294
336	-1.67463578225
337	-1.95253942699
338	-1.61342272439
339	-1.6890140653
340	-6.80953962627
341	-1.8562851883
342	-1.54852636009
343	-1.84983630908
344	-5.60759471067
345	-1.67463578225
346	-1.70065150699
347	-1.74282165519
348	-1.54852636009
349	-7.62401966465
350	-6.2634493019
351	-7.88518555075
352	-6.03424922979
353	-1.8562851883
354	-1.67463578225
355	-9.01164144425
356	-1.8562851883
357	-5.14009552173
358	-1.83451686983
359	-1.75759939692
360	-1.54852636009
361	-6.11637880762
362	-5.56363906838
363	-1.67463578225
364	-1.95253942699
365	-6.18137650638
366	-1.78473269021
367	-4.83663641439
368	-5.59370871576
369	-1.78473269021
370	-1.83451686983
371	-1.8562851883
372	-1.6890140653
373	-1.70065150699
374	-1.75759939692
375	-1.67463578225
376	-9.23959115303
377	-1.8562851883
378	-1.6890140653
379	-6.03424922979
380	-1.75759939692
381	-1.67463578225
382	-1.70065150699
383	-1.61342272439
384	-1.67463578225
385	-1.95253942699
386	-1.61342272439
387	-1.6890140653
388	-11.8945089467
389	-1.61342272439
390	-1.54852636009
391	-1.84983630908
392	-1.74282165519
393	-1.54852636009
394	-1.70065150699
395	-1.74282165519
396	-1.6890140653
397	-1.70065150699
398	-1.8562851883
399	-1.78473269021
400	-1.95253942699
401	-1.75759939692
402	-1.6890140653
403	-1.70065150699
404	-21.0576661358
405	-7.96416822865
406	-4.7898188295
407	-10.9009135674
408	-1.67463578225
409	-5.88398343669
410	-5.56363906838
411	-1.54852636009
412	-1.84983630908
413	-8.53306855998
414	-6.34440645007
415	-1.95253942699
416	-1.74282165519
417	-1.78473269021
418	-5.1705304167
419	-1.74282165519
420	-1.6890140653
421	-8.97865158617
422	-1.75759939692
423	-1.78473269021
424	-1.70065150699
425	-6.19468230609
426	-1.6890140653
427	-1.70065150699
428	-1.75759939692
429	-1.78473269021
430	-1.70065150699
431	-5.67972551767
432	-1.78473269021
433	-1.70065150699
434	-1.61342272439
435	-1.78473269021
436	-1.70065150699
437	-1.74282165519
438	-6.12479371332
439	-1.70065150699
440	-8.69378832647
441	-1.78473269021
442	-1.84983630908
443	-1.61342272439
444	-1.54852636009
445	-5.50827965446
446	-5.56491442588
447	-1.54852636009
448	-1.95253942699
449	-1.8562851883
450	-1.67463578225
451	-1.83451686983
452	-1.75759939692
453	-1.67463578225
454	-5.50827965446
455	-7.75144580296
456	-7.11197316776
457	-1.70065150699
458	-1.75759939692
459	-5.71039174823
460	-1.95253942699
461	-7.74952105419
462	-1.67463578225
463	-1.95253942699
464	-1.61342272439
465	-1.6890140653
466	-1.95253942699
467	-1.74282165519
468	-1.67463578225
469	-5.7916540435
470	-7.76421680398
