#Site	lnL	
0	-8.99692271524
1	-1.80757943236
2	-6.1165355372
3	-1.75120713165
4	-1.80757943236
5	-9.95420153437
6	-4.69066787349
7	-11.8494622253
8	-6.37171858375
9	-1.82922840963
10	-6.80019344627
11	-1.78288698493
12	-1.69662216957
13	-1.86179538077
14	-1.70770949886
15	-1.75120713165
16	-1.94704682007
17	-6.74886223844
18	-9.12223330902
19	-6.03949471582
20	-1.65295882205
21	-1.91196866291
22	-2.03042700577
23	-5.70506183842
24	-6.0362995342
25	-2.03042700577
26	-6.24140834478
27	-1.82922840963
28	-1.86179538077
29	-1.78288698493
30	-6.17497431902
31	-2.03042700577
32	-1.86539992474
33	-1.82922840963
34	-2.03042700577
35	-1.70770949886
36	-1.69662216957
37	-5.87770689581
38	-8.29542143734
39	-1.91196866291
40	-5.88544300595
41	-1.65295882205
42	-6.13927037031
43	-1.86179538077
44	-6.85600873572
45	-5.36527552446
46	-1.80757943236
47	-1.70770949886
48	-1.82922840963
49	-1.86179538077
50	-1.65295882205
51	-1.91196866291
52	-2.03042700577
53	-1.70770949886
54	-1.75120713165
55	-5.04609482867
56	-1.86539992474
57	-1.69662216957
58	-1.86179538077
59	-1.78288698493
60	-1.69662216957
61	-1.94704682007
62	-1.86539992474
63	-6.67112549953
64	-6.02505691259
65	-1.78288698493
66	-1.75120713165
67	-1.80757943236
68	-1.70770949886
69	-1.91196866291
70	-4.5435602039
71	-1.78288698493
72	-1.69662216957
73	-1.94704682007
74	-1.78288698493
75	-1.91196866291
76	-1.80757943236
77	-5.40979886225
78	-1.69662216957
79	-1.86179538077
80	-1.78288698493
81	-1.75120713165
82	-1.80757943236
83	-1.65295882205
84	-5.36527552446
85	-1.86179538077
86	-6.90348874883
87	-5.35034250534
88	-5.46548483068
89	-1.65295882205
90	-4.57342339763
91	-8.07343408487
92	-1.78288698493
93	-1.82922840963
94	-1.80757943236
95	-6.1165355372
96	-1.75120713165
97	-1.86179538077
98	-6.25560471682
99	-1.75120713165
100	-4.43196656377
101	-1.86539992474
102	-5.49346259268
103	-11.5532280795
104	-1.78288698493
105	-1.91196866291
106	-2.03042700577
107	-6.25560471682
108	-8.57936313384
109	-1.86179538077
110	-1.78288698493
111	-1.91196866291
112	-1.86179538077
113	-4.64867818081
114	-6.27099208316
115	-6.12785318455
116	-1.65295882205
117	-8.21993219483
118	-1.86179538077
119	-1.86539992474
120	-1.75120713165
121	-1.94704682007
122	-6.74886223844
123	-9.00540437309
124	-2.03042700577
125	-1.65295882205
126	-4.57342339763
127	-6.155403282
128	-1.70770949886
129	-5.20262363959
130	-8.03516442476
131	-1.65295882205
132	-1.75120713165
133	-1.80757943236
134	-1.65295882205
135	-1.82922840963
136	-4.5435602039
137	-1.65295882205
138	-9.12223330902
139	-1.80757943236
140	-6.24140834478
141	-1.82922840963
142	-1.94704682007
143	-4.78737632033
144	-13.6951570158
145	-1.80757943236
146	-1.70770949886
147	-1.69662216957
148	-8.35100347522
149	-7.92984219379
150	-1.69662216957
151	-4.40780447971
152	-1.78288698493
153	-7.36584746104
154	-8.53803338731
155	-1.86539992474
156	-1.82922840963
157	-1.80757943236
158	-4.78737632033
159	-1.75120713165
160	-2.03042700577
161	-5.70506183842
162	-1.75120713165
163	-1.80757943236
164	-5.54468671022
165	-1.91196866291
166	-1.86179538077
167	-4.76815269512
168	-1.69662216957
169	-4.40780447971
170	-1.70770949886
171	-1.91196866291
172	-1.94704682007
173	-9.1827508518
174	-1.75120713165
175	-1.94704682007
176	-1.86539992474
177	-5.36527552446
178	-6.26642138022
179	-7.47378202732
180	-1.69662216957
181	-1.94704682007
182	-6.11747221982
183	-5.20262363959
184	-2.03042700577
185	-6.11747221982
186	-1.82922840963
187	-1.94704682007
188	-4.76815269512
189	-13.0766216047
190	-1.94704682007
191	-4.78737632033
192	-1.69662216957
193	-6.03949471582
194	-1.78288698493
195	-1.91196866291
196	-2.03042700577
197	-6.32521532747
198	-1.82922840963
199	-2.03042700577
200	-5.54704903357
201	-1.69662216957
202	-1.94704682007
203	-5.43597599175
204	-1.75120713165
205	-1.94704682007
206	-1.78288698493
207	-6.80396867506
208	-1.86179538077
209	-1.86539992474
210	-1.75120713165
211	-5.49751033129
212	-12.0085596464
213	-8.96757106692
214	-1.86179538077
215	-5.56631253355
216	-1.91196866291
217	-5.46548483068
218	-1.65295882205
219	-1.82922840963
220	-9.29630993951
221	-1.65295882205
222	-1.69662216957
223	-1.86179538077
224	-1.78288698493
225	-1.69662216957
226	-1.94704682007
227	-6.25560471682
228	-1.91196866291
229	-1.94704682007
230	-6.38307955376
231	-1.82922840963
232	-1.80757943236
233	-6.26939761118
234	-8.19134753972
235	-2.03042700577
236	-8.04550367404
237	-1.75120713165
238	-1.86179538077
239	-6.23100798097
240	-1.91196866291
241	-1.94704682007
242	-1.78288698493
243	-1.69662216957
244	-9.59892352125
245	-9.81405718127
246	-1.82922840963
247	-5.33500464216
248	-9.95420153437
249	-1.91196866291
250	-2.03042700577
251	-1.78288698493
252	-1.75120713165
253	-1.80757943236
254	-6.1165355372
255	-13.6409516709
256	-10.5155252633
257	-5.56631253355
258	-1.91196866291
259	-1.80757943236
260	-1.65295882205
261	-1.69662216957
262	-7.89983948492
263	-1.65295882205
264	-1.69662216957
265	-4.5435602039
266	-1.65295882205
267	-6.16207982994
268	-1.94704682007
269	-1.86539992474
270	-10.4184206294
271	-1.86179538077
272	-6.07218413094
273	-1.82922840963
274	-5.15376759755
275	-1.65295882205
276	-1.69662216957
277	-1.86179538077
278	-1.65295882205
279	-1.75120713165
280	-6.69368543584
281	-9.65170181811
282	-1.69662216957
283	-1.80757943236
284	-5.54468671022
285	-1.82922840963
286	-2.03042700577
287	-1.65295882205
288	-1.82922840963
289	-6.155403282
290	-1.86539992474
291	-6.17497431902
292	-7.93023154151
293	-1.86539992474
294	-1.75120713165
295	-4.40780447971
296	-1.78288698493
297	-1.91196866291
298	-1.86179538077
299	-1.78288698493
300	-1.91196866291
301	-5.31380535624
302	-1.86539992474
303	-5.20352832698
304	-1.86179538077
305	-1.78288698493
306	-1.69662216957
307	-6.26419640286
308	-1.78288698493
309	-1.75120713165
310	-4.43196656377
311	-1.86539992474
312	-1.91196866291
313	-1.94704682007
314	-1.65295882205
315	-1.69662216957
316	-5.35800407665
317	-5.40979886225
318	-1.82922840963
319	-1.86179538077
320	-7.30754423053
321	-1.82922840963
322	-5.88544300595
323	-8.49041116698
324	-1.82922840963
325	-1.86179538077
326	-1.78288698493
327	-1.82922840963
328	-5.21357527219
329	-6.38047779077
330	-1.91196866291
331	-1.80757943236
332	-1.65295882205
333	-6.2741909326
334	-7.57856997205
335	-1.65295882205
336	-1.82922840963
337	-1.94704682007
338	-1.86539992474
339	-5.4899989439
340	-1.86179538077
341	-1.65295882205
342	-1.82922840963
343	-1.86179538077
344	-9.65170181811
345	-1.69662216957
346	-2.03042700577
347	-5.40979886225
348	-1.82922840963
349	-5.99448002826
350	-1.65295882205
351	-1.69662216957
352	-8.45854812779
353	-1.70770949886
354	-1.69662216957
355	-2.03042700577
356	-1.86539992474
357	-4.57342339763
358	-1.86179538077
359	-6.8774819859
360	-4.69066787349
361	-1.80757943236
362	-1.70770949886
363	-1.82922840963
364	-1.86179538077
365	-6.23100798097
366	-8.74426412787
367	-1.86179538077
368	-1.70770949886
369	-1.75120713165
370	-5.31380535624
371	-1.78288698493
372	-1.75120713165
373	-5.35800407665
374	-1.86539992474
375	-1.91196866291
376	-4.40780447971
377	-9.55362082565
378	-6.01978476268
379	-7.12913422234
380	-4.64867818081
381	-1.91196866291
382	-5.85641446421
383	-6.23115389341
384	-1.75120713165
385	-5.87770689581
386	-5.57057588225
387	-1.75120713165
388	-1.80757943236
389	-5.28501365556
390	-1.82922840963
391	-7.92749566692
392	-6.216504609
393	-5.4899989439
394	-5.46548483068
395	-1.65295882205
396	-1.91196866291
397	-2.03042700577
398	-1.86539992474
399	-1.75120713165
400	-9.56345765257
401	-6.32521532747
402	-11.5148817043
403	-1.80757943236
404	-1.65295882205
405	-11.3779234585
406	-1.94704682007
407	-5.68298483998
408	-5.4899989439
409	-6.15771066175
410	-4.78737632033
411	-6.13297722645
412	-7.80747676104
413	-5.28417602037
414	-1.75120713165
415	-5.19469208714
416	-1.78288698493
417	-1.82922840963
418	-1.80757943236
419	-1.78288698493
420	-1.69662216957
421	-1.80757943236
422	-1.78288698493
423	-1.69662216957
424	-1.86179538077
425	-6.21792442993
426	-1.75120713165
427	-5.33500464216
428	-1.65295882205
429	-1.91196866291
430	-1.86179538077
431	-6.26939761118
432	-1.75120713165
433	-1.80757943236
434	-1.78288698493
435	-5.49346259268
436	-1.86179538077
437	-11.8054866232
438	-12.8987738183
439	-5.04609482867
440	-1.70770949886
441	-1.91196866291
442	-8.40843386172
443	-10.0932819215
444	-12.1632740694
445	-9.43884592122
446	-4.63191484989
447	-1.82922840963
448	-1.94704682007
449	-1.78288698493
450	-4.71228606457
451	-2.03042700577
452	-1.86539992474
453	-1.75120713165
454	-6.13082324656
455	-1.86539992474
456	-1.75120713165
457	-1.94704682007
458	-1.78288698493
459	-1.91196866291
460	-10.0065154121
461	-4.76815269512
462	-1.75120713165
463	-2.03042700577
464	-1.65295882205
465	-1.91196866291
466	-5.15376759755
467	-1.65295882205
468	-1.91196866291
469	-1.80757943236
470	-8.61205974872
