# log_p 	 lnL 	 
0.0	-1631.9859615	
-0.287682072452	-1631.97831289	
-0.510825623766	-1631.97641166	
-0.69314718056	-1631.97759546	
-0.847297860387	-1631.98029365	
-0.980829253012	-1631.98366799	
-1.09861228867	-1631.98725097	
-1.20397280433	-1631.99078263	
-1.29928298413	-1631.99412506	
-1.38629436112	-1631.99721242	
-1.46633706879	-1632.00002081	
-1.54044504095	-1632.00255013	
-1.60943791243	-1632.00481315	
-1.67397643357	-1632.00682911	
-1.73460105539	-1632.00861985	
-1.79175946923	-1632.01020763	
-1.8458266905	-1632.01161393	
-1.89711998489	-1632.01285876	
-1.94591014906	-1632.01396041	
-1.99243016469	-1632.01493539	
-2.03688192726	-1632.01579838	
-2.07944154168	-1632.01656245	
-2.1202635362	-1632.01723911	
-2.15948424935	-1632.0178385	
-2.19722457734	-1632.01836952	
-2.23359222151	-1632.01883999	
-2.26868354132	-1632.01925677	
-2.30258509299	-1632.01962586	
-2.33537491582	-1632.01995253	
-2.36712361413	-1632.02024143	
-2.3978952728	-1632.02049662	
-2.42774823595	-1632.02072167	
-2.45673577282	-1632.02091976	
-2.48490664979	-1632.02109367	
-2.51230562398	-1632.02124585	
-2.53897387106	-1632.02137849	
-2.56494935746	-1632.02149353	
-2.59026716545	-1632.02159268	
-2.61495977804	-1632.02167747	
-2.63905732962	-1632.02174927	
-2.66258782703	-1632.0218093	
-2.68557734525	-1632.02185865	
-2.7080502011	-1632.02189831	
-2.73002910782	-1632.02192914	
-2.75153531304	-1632.02195195	
-2.77258872224	-1632.02196746	
-2.79320800944	-1632.02197629	
-2.81341071676	-1632.02197905	
-2.83321334406	-1632.02197627	
-2.85263142991	-1632.02196841	
-2.87167962488	-1632.02195592	
-2.8903717579	-1632.0219392	
-2.90872089656	-1632.0219186	
-2.92673940207	-1632.02189447	
-2.94443897917	-1632.0218671	
-2.96183072188	-1632.02183677	
-2.97892515524	-1632.02180373	
-2.99573227355	-1632.02176822	
-3.01226157551	-1632.02173045	
-3.02852209638	-1632.02169061	
-3.04452243772	-1632.02164888	
-3.06027079469	-1632.02160544	
-3.07577498123	-1632.02156042	
-3.09104245336	-1632.02151398	
-3.10608033072	-1632.02146625	
-3.12089541651	-1632.02141733	
-3.13549421593	-1632.02136735	
-3.14988295338	-1632.0213164	
-3.16406758837	-1632.02126458	
-3.17805383035	-1632.02121197	
-3.19184715248	-1632.02115866	
-3.20545280454	-1632.02110471	
-3.21887582487	-1632.02105021	
-3.23212105162	-1632.0209952	
-3.24519313319	-1632.02093976	
-3.25809653802	-1632.02088393	
-3.2708355638	-1632.02082776	
-3.28341434601	-1632.02077131	
-3.295836866	-1632.02071461	
-3.3081069586	-1632.0206577	
-3.32022831913	-1632.02060062	
-3.33220451018	-1632.02054341	
-3.34403896782	-1632.0204861	
-3.35573500759	-1632.02042871	
-3.36729582999	-1632.02037128	
-3.37872452581	-1632.02031382	
-3.39002408106	-1632.02025636	
-3.40119738166	-1632.02019893	
-3.41224721785	-1632.02014154	
-3.42317628838	-1632.02008421	
-3.43398720449	-1632.02002695	
-3.4446824936	-1632.01996979	
-3.45526460293	-1632.01991273	
-3.4657359028	-1632.0198558	
-3.47609868984	-1632.01979899	
-3.48635519	-1632.01974233	
-3.49650756147	-1632.01968582	
-3.50655789732	-1632.01962947	
-3.51650822817	-1632.01957329	
-3.52636052462	-1632.0195173	
-3.53611669956	-1632.01946148	
-3.54577861047	-1632.01940586	
-3.55534806149	-1632.01935044	
-3.56482680544	-1632.01929522	
-3.57421654579	-1632.01924021	
-3.58351893846	-1632.01918541	
-3.59273559356	-1632.01913082	
-3.60186807712	-1632.01907646	
-3.61091791264	-1632.01902231	
-3.61988658263	-1632.0189684	
-3.62877553004	-1632.01891471	
-3.63758615973	-1632.01886125	
-3.6463198397	-1632.01880802	
-3.65497790244	-1632.01875503	
-3.66356164613	-1632.01870227	
-3.6720723358	-1632.01864975	
-3.68051120444	-1632.01859746	
-3.68887945411	-1632.01854541	
-3.69717825693	-1632.0184936	
-3.70540875607	-1632.01844203	
-3.7135720667	-1632.01839069	
-3.72166927694	-1632.0183396	
-3.72970144863	-1632.01828874	
-3.73766961828	-1632.01823812	
-3.74557479779	-1632.01818774	
-3.75341797525	-1632.01813759	
-3.76120011569	-1632.01808768	
-3.76892216179	-1632.01803801	
-3.77658503453	-1632.01798858	
-3.78418963392	-1632.01793937	
-3.79173683955	-1632.01789041	
-3.79922751128	-1632.01784167	
-3.80666248977	-1632.01779317	
-3.81404259707	-1632.0177449	
-3.82136863716	-1632.01769686	
-3.82864139649	-1632.01764905	
-3.83586164446	-1632.01760146	
-3.84303013394	-1632.0175541	
-3.85014760171	-1632.01750697	
-3.85721476893	-1632.01746006	
-3.86423234159	-1632.01741338	
-3.87120101091	-1632.01736692	
-3.87812145375	-1632.01732067	
-3.88499433304	-1632.01727465	
-3.89182029811	-1632.01722885	
-3.8985999851	-1632.01718326	
-3.90533401728	-1632.01713788	
-3.91202300543	-1632.01709272	
-3.91866754815	-1632.01704778	
-3.92526823218	-1632.01700304	
-3.93182563272	-1632.01695851	
-3.93834031375	-1632.0169142	
-3.94481282825	-1632.01687009	
-3.95124371858	-1632.01682618	
-3.95763351668	-1632.01678248	
-3.96398274436	-1632.01673898	
-3.97029191355	-1632.01669568	
-3.97656152657	-1632.01665259	
-3.98279207632	-1632.01660969	
-3.98898404656	-1632.01656699	
-3.99513791214	-1632.01652449	
-4.00125413916	-1632.01648218	
-4.00733318523	-1632.01644006	
-4.01337549969	-1632.01639814	
-4.01938152375	-1632.0163564	
-4.02535169074	-1632.01631486	
-4.03128642625	-1632.01627351	
-4.03718614838	-1632.01623234	
-4.04305126783	-1632.01619135	
-4.04888218815	-1632.01615056	
-4.05467930583	-1632.01610994	
-4.06044301055	-1632.01606951	
-4.06617368526	-1632.01602925	
-4.07187170637	-1632.01598918	
-4.07753744391	-1632.01594928	
-4.08317126162	-1632.01590957	
-4.08877351717	-1632.01587002	
-4.09434456222	-1632.01583065	
-4.0998847426	-1632.01579146	
-4.10539439841	-1632.01575243	
-4.11087386417	-1632.01571358	
-4.11632346894	-1632.0156749	
-4.12174353641	-1632.01563639	
-4.12713438505	-1632.01559804	
-4.13249632819	-1632.01555986	
-4.13782967416	-1632.01552184	
-4.14313472639	-1632.01548399	
-4.14841178349	-1632.0154463	
-4.15366113938	-1632.01540878	
-4.15888308336	-1632.01537141	
-4.16407790024	-1632.0153342	
-4.1692458704	-1632.01529716	
-4.1743872699	-1632.01526027	
-4.17950237056	-1632.01522354	
-4.18459144007	-1632.01518696	
-4.18965474203	-1632.01515053	
-4.19469253606	-1632.01511427	
-4.19970507788	-1632.01507815	
-4.20469261939	-1632.01504218	
-4.20965540873	-1632.01500637	
-4.21459369037	-1632.0149707	
-4.21950770518	-1632.01493519	
-4.22439769047	-1632.01489982	
-4.22926388012	-1632.0148646	
-4.2341065046	-1632.01482952	
-4.23892579103	-1632.01479459	
-4.2437219633	-1632.0147598	
-4.24849524205	-1632.01472516	
-4.25324584481	-1632.01469066	
-4.257973986	-1632.0146563	
-4.26267987704	-1632.01462208	
-4.26736372635	-1632.014588	
-4.27202573946	-1632.01455405	
-4.27666611902	-1632.01452025	
-4.28128506487	-1632.01448658	
-4.28588277412	-1632.01445305	
-4.29045944115	-1632.01441965	
-4.29501525768	-1632.01438639	
-4.29955041285	-1632.01435326	
-4.3040650932	-1632.01432027	
-4.30855948279	-1632.01428741	
-4.31303376319	-1632.01425467	
-4.31748811354	-1632.01422207	
-4.3219227106	-1632.0141896	
-4.32633772881	-1632.01415726	
-4.33073334029	-1632.01412504	
-4.33510971489	-1632.01409295	
-4.33946702026	-1632.01406099	
-4.34380542185	-1632.01402916	
-4.348125083	-1632.01399745	
-4.3524261649	-1632.01396586	
-4.35670882669	-1632.0139344	
-4.36097322548	-1632.01390306	
-4.36521951636	-1632.01387184	
-4.36944785247	-1632.01384075	
-4.373658385	-1632.01380977	
-4.37785126326	-1632.01377891	
-4.38202663467	-1632.01374818	
-4.38618464482	-1632.01371756	
-4.39032543749	-1632.01368706	
-4.39444915467	-1632.01365668	
-4.39855593663	-1632.01362641	
-4.40264592188	-1632.01359626	
-4.40671924726	-1632.01356623	
-4.41077604796	-1632.01353631	
-4.4148164575	-1632.01350651	
-4.4188406078	-1632.01347681	
-4.42284862919	-1632.01344723	
-4.42684065046	-1632.01341777	
-4.43081679884	-1632.01338841	
-4.43477720006	-1632.01335917	
-4.43872197835	-1632.01333003	
-4.44265125649	-1632.01330101	
-4.44656515581	-1632.01327209	
-4.45046379623	-1632.01324328	
-4.45434729625	-1632.01321458	
-4.45821577303	-1632.01318599	
-4.46206934235	-1632.0131575	
-4.46590811865	-1632.01312912	
-4.46973221509	-1632.01310085	
-4.47354174351	-1632.01307268	
-4.47733681448	-1632.01304461	
-4.48111753732	-1632.01301665	
-4.48488402011	-1632.01298879	
-4.48863636973	-1632.01296104	
-4.49237469184	-1632.01293338	
-4.49609909093	-1632.01290583	
-4.49980967033	-1632.01287838	
-4.50350653221	-1632.01285103	
-4.50718977763	-1632.01282378	
-4.51085950652	-1632.01279662	
-4.51451581772	-1632.01276957	
-4.518158809	-1632.01274262	
-4.52178857705	-1632.01271576	
-4.52540521752	-1632.012689	
-4.52900882502	-1632.01266234	
-4.53259949315	-1632.01263577	
-4.5361773145	-1632.0126093	
-4.53974238067	-1632.01258292	
-4.54329478227	-1632.01255664	
-4.54683460898	-1632.01253046	
-4.55036194949	-1632.01250436	
-4.5538768916	-1632.01247836	
-4.55737952215	-1632.01245246	
-4.56086992709	-1632.01242664	
-4.56434819147	-1632.01240092	
-4.56781439944	-1632.01237529	
-4.57126863431	-1632.01234975	
-4.5747109785	-1632.0123243	
-4.5781415136	-1632.01229894	
-4.58156032035	-1632.01227367	
-4.58496747867	-1632.01224849	
-4.58836306767	-1632.0122234	
-4.59174716566	-1632.01219839	
-4.59511985013	-1632.01217347	
-4.59848119784	-1632.01214864	
-4.60183128472	-1632.0121239	
-4.60517018599	-1632.01209925	
-4.60849797608	-1632.01207467	
-4.61181472871	-1632.01205019	
-4.61512051684	-1632.01202579	
-4.61841541274	-1632.01200147	
-4.62169948794	-1632.01197724	
-4.62497281328	-1632.0119531	
-4.62823545892	-1632.01192903	
-4.63148749431	-1632.01190505	
-4.63472898823	-1632.01188115	
-4.63796000881	-1632.01185734	
-4.64118062351	-1632.0118336	
-4.64439089914	-1632.01180995	
-4.64759090187	-1632.01178638	
-4.65078069724	-1632.01176288	
-4.65396035016	-1632.01173947	
-4.65712992492	-1632.01171614	
-4.66028948521	-1632.01169289	
-4.66343909411	-1632.01166971	
-4.66657881412	-1632.01164662	
-4.66970870713	-1632.0116236	
-4.67282883446	-1632.01160066	
-4.67593925688	-1632.0115778	
-4.67904003455	-1632.01155502	
-4.68213122712	-1632.01153231	
-4.68521289366	-1632.01150968	
-4.6882850927	-1632.01148712	
-4.69134788223	-1632.01146464	
-4.69440131972	-1632.01144224	
-4.6974454621	-1632.01141991	
-4.70048036579	-1632.01139765	
-4.70350608671	-1632.01137547	
-4.70652268025	-1632.01135336	
-4.70953020131	-1632.01133133	
-4.71252870431	-1632.01130937	
-4.71551824316	-1632.01128748	
-4.7184988713	-1632.01126566	
-4.72147064168	-1632.01124392	
-4.72443360681	-1632.01122225	
-4.72738781871	-1632.01120065	
-4.73033332894	-1632.01117912	
-4.73327018862	-1632.01115766	
-4.73619844839	-1632.01113627	
-4.7391181585	-1632.01111495	
-4.74202936871	-1632.0110937	
-4.74493212836	-1632.01107252	
-4.74782648639	-1632.01105141	
-4.75071249128	-1632.01103037	
-4.75359019111	-1632.01100939	
-4.75645963353	-1632.01098849	
-4.75932086582	-1632.01096765	
-4.7621739348	-1632.01094688	
-4.76501888693	-1632.01092618	
-4.76785576827	-1632.01090554	
-4.77068462447	-1632.01088497	
-4.77350550081	-1632.01086446	
-4.77631844218	-1632.01084403	
-4.77912349311	-1632.01082365	
-4.78192069773	-1632.01080335	
-4.78471009982	-1632.0107831	
-4.78749174278	-1632.01076293	
-4.79026566966	-1632.01074281	
-4.79303192316	-1632.01072277	
-4.7957905456	-1632.01070278	
-4.79854157897	-1632.01068286	
-4.80128506491	-1632.010663	
-4.80402104473	-1632.0106432	
-4.80674955939	-1632.01062347	
-4.8094706495	-1632.0106038	
-4.81218435537	-1632.01058419	
-4.81489071697	-1632.01056464	
-4.81758977394	-1632.01054516	
-4.82028156561	-1632.01052573	
-4.82296613098	-1632.01050637	
-4.82564350875	-1632.01048707	
-4.8283137373	-1632.01046783	
-4.83097685472	-1632.01044864	
-4.83363289878	-1632.01042952	
-4.83628190695	-1632.01041046	
-4.83892391641	-1632.01039146	
-4.84155896405	-1632.01037251	
-4.84418708646	-1632.01035363	
-4.84680831994	-1632.0103348	
-4.84942270051	-1632.01031603	
-4.85203026392	-1632.01029732	
-4.85463104562	-1632.01027867	
-4.8572250808	-1632.01026007	
-4.85981240436	-1632.01024154	
-4.86239305096	-1632.01022305	
-4.86496705495	-1632.01020463	
-4.86753445046	-1632.01018626	
-4.87009527132	-1632.01016795	
-4.87264955112	-1632.01014969	
-4.8751973232	-1632.01013149	
-4.87773862063	-1632.01011335	
-4.88027347623	-1632.01009526	
-4.88280192259	-1632.01007723	
-4.88532399202	-1632.01005925	
-4.88783971662	-1632.01004132	
-4.89034912822	-1632.01002345	
-4.89285225844	-1632.01000563	
-4.89534913864	-1632.00998787	
-4.89783979995	-1632.00997016	
-4.90032427328	-1632.00995251	
-4.90280258929	-1632.0099349	
-4.90527477844	-1632.00991735	
-4.90774087093	-1632.00989986	
-4.91020089677	-1632.00988241	
-4.91265488574	-1632.00986502	
-4.91510286737	-1632.00984768	
-4.91754487103	-1632.00983039	
-4.91998092583	-1632.00981315	
-4.92241106068	-1632.00979597	
-4.92483530429	-1632.00977883	
-4.92725368516	-1632.00976175	
-4.92966623156	-1632.00974472	
-4.93207297159	-1632.00972773	
-4.93447393313	-1632.0097108	
-4.93686914386	-1632.00969392	
-4.93925863125	-1632.00967708	
-4.94164242261	-1632.0096603	
-4.94402054501	-1632.00964357	
-4.94639302537	-1632.00962688	
-4.94875989038	-1632.00961025	
-4.95112116656	-1632.00959366	
-4.95347688026	-1632.00957712	
-4.9558270576	-1632.00956063	
-4.95817172456	-1632.00954419	
-4.96051090691	-1632.00952779	
-4.96284463026	-1632.00951145	
-4.96517292002	-1632.00949515	
-4.96749580144	-1632.0094789	
-4.96981329958	-1632.00946269	
-4.97212543933	-1632.00944654	
-4.97443224543	-1632.00943042	
-4.97673374242	-1632.00941436	
-4.97902995468	-1632.00939834	
-4.98132090643	-1632.00938237	
-4.98360662171	-1632.00936644	
-4.98588712441	-1632.00935056	
-4.98816243824	-1632.00933473	
-4.99043258678	-1632.00931894	
-4.99269759341	-1632.0093032	
-4.99495748138	-1632.0092875	
-4.99721227376	-1632.00927184	
-4.9994619935	-1632.00925624	
-5.00170666335	-1632.00924067	
-5.00394630595	-1632.00922515	
-5.00618094375	-1632.00920967	
-5.00841059907	-1632.00919424	
-5.0106352941	-1632.00917885	
-5.01285505083	-1632.00916351	
-5.01506989116	-1632.0091482	
-5.01727983681	-1632.00913295	
-5.01948490937	-1632.00911773	
-5.02168513028	-1632.00910256	
-5.02388052085	-1632.00908743	
-5.02607110223	-1632.00907234	
-5.02825689545	-1632.00905729	
-5.03043792139	-1632.00904229	
-5.03261420082	-1632.00902733	
-5.03478575433	-1632.00901241	
-5.03695260241	-1632.00899753	
-5.03911476542	-1632.00898269	
-5.04127226356	-1632.0089679	
-5.04342511692	-1632.00895315	
-5.04557334546	-1632.00893843	
-5.047716969	-1632.00892376	
-5.04985600725	-1632.00890913	
-5.05199047978	-1632.00889454	
-5.05412040604	-1632.00887999	
-5.05624580535	-1632.00886548	
-5.05836669692	-1632.00885101	
-5.06048309982	-1632.00883658	
-5.06259503303	-1632.00882218	
-5.06470251537	-1632.00880783	
-5.06680556556	-1632.00879352	
-5.06890420222	-1632.00877925	
-5.07099844382	-1632.00876501	
-5.07308830874	-1632.00875082	
-5.07517381523	-1632.00873666	
-5.07725498144	-1632.00872255	
-5.07933182538	-1632.00870847	
-5.08140436498	-1632.00869442	
-5.08347261805	-1632.00868042	
-5.08553660227	-1632.00866646	
-5.08759633523	-1632.00865253	
-5.08965183441	-1632.00863864	
-5.09170311719	-1632.00862479	
-5.09375020081	-1632.00861097	
-5.09579310244	-1632.0085972	
-5.09783183913	-1632.00858346	
-5.09986642782	-1632.00856975	
-5.10189688537	-1632.00855609	
-5.10392322852	-1632.00854246	
-5.1059454739	-1632.00852886	
-5.10796363806	-1632.00851531	
-5.10997773743	-1632.00850179	
-5.11198778836	-1632.0084883	
-5.11399380708	-1632.00847485	
-5.11599580975	-1632.00846144	
-5.11799381242	-1632.00844806	
-5.11998783102	-1632.00843472	
-5.12197788143	-1632.00842142	
-5.1239639794	-1632.00840815	
-5.12594614061	-1632.00839491	
-5.12792438062	-1632.00838171	
-5.12989871492	-1632.00836854	
-5.13186915891	-1632.00835541	
-5.13383572788	-1632.00834232	
-5.13579843705	-1632.00832925	
-5.13775730154	-1632.00831623	
-5.13971233637	-1632.00830323	
-5.1416635565	-1632.00829027	
-5.14361097679	-1632.00827735	
-5.145554612	-1632.00826446	
-5.14749447681	-1632.0082516	
-5.14943058584	-1632.00823877	
-5.15136295359	-1632.00822598	
-5.1532915945	-1632.00821323	
-5.15521652291	-1632.0082005	
-5.15713775309	-1632.00818781	
-5.15905529921	-1632.00817515	
-5.1609691754	-1632.00816253	
-5.16287939565	-1632.00814993	
-5.16478597392	-1632.00813737	
-5.16668892407	-1632.00812484	
-5.16858825987	-1632.00811235	
-5.17048399504	-1632.00809988	
-5.17237614319	-1632.00808745	
-5.17426471788	-1632.00807505	
-5.17614973257	-1632.00806268	
-5.17803120067	-1632.00805035	
-5.1799091355	-1632.00803804	
-5.18178355029	-1632.00802577	
-5.18365445823	-1632.00801353	
-5.1855218724	-1632.00800132	
-5.18738580584	-1632.00798914	
-5.18924627149	-1632.00797699	
-5.19110328224	-1632.00796487	
-5.19295685089	-1632.00795279	
-5.19480699018	-1632.00794073	
-5.19665371277	-1632.0079287	
-5.19849703127	-1632.00791671	
-5.20033695819	-1632.00790474	
-5.202173506	-1632.00789281	
-5.20400668708	-1632.00788091	
-5.20583651375	-1632.00786903	
-5.20766299828	-1632.00785719	
-5.20948615284	-1632.00784537	
-5.21130598956	-1632.00783359	
-5.21312252048	-1632.00782183	
-5.21493575761	-1632.0078101	
-5.21674571285	-1632.00779841	
-5.21855239808	-1632.00778674	
-5.22035582508	-1632.0077751	
-5.22215600558	-1632.00776349	
-5.22395295126	-1632.00775191	
-5.22574667371	-1632.00774036	
-5.22753718449	-1632.00772884	
-5.22932449506	-1632.00771734	
-5.23110861685	-1632.00770588	
-5.23288956123	-1632.00769444	
-5.23466733947	-1632.00768303	
-5.23644196283	-1632.00767165	
-5.23821344248	-1632.00766029	
-5.23998178954	-1632.00764897	
-5.24174701506	-1632.00763767	
-5.24350913005	-1632.0076264	
-5.24526814546	-1632.00761516	
-5.24702407216	-1632.00760395	
-5.24877692099	-1632.00759276	
-5.25052670271	-1632.0075816	
-5.25227342805	-1632.00757047	
-5.25401710765	-1632.00755936	
-5.25575775213	-1632.00754829	
-5.25749537203	-1632.00753723	
-5.25922997784	-1632.00752621	
-5.26096158	-1632.00751521	
-5.2626901889	-1632.00750424	
-5.26441581487	-1632.0074933	
-5.26613846818	-1632.00748238	
-5.26785815906	-1632.00747149	
-5.26957489768	-1632.00746063	
-5.27128869416	-1632.00744979	
-5.27299955856	-1632.00743898	
-5.27470750091	-1632.00742819	
-5.27641253116	-1632.00741743	
-5.27811465923	-1632.00740669	
-5.27981389498	-1632.00739599	
-5.28151024823	-1632.0073853	
-5.28320372874	-1632.00737465	
-5.28489434622	-1632.00736401	
-5.28658211033	-1632.00735341	
-5.28826703069	-1632.00734283	
-5.28994911688	-1632.00733227	
-5.2916283784	-1632.00732174	
-5.29330482472	-1632.00731124	
-5.29497846528	-1632.00730075	
-5.29664930945	-1632.0072903	
-5.29831736655	-1632.00727987	
-5.29998264587	-1632.00726946	
-5.30164515664	-1632.00725908	
-5.30330490806	-1632.00724872	
-5.30496190927	-1632.00723839	
-5.30661616936	-1632.00722808	
-5.3082676974	-1632.0072178	
-5.30991650239	-1632.00720754	
-5.3115625933	-1632.0071973	
-5.31320597904	-1632.00718709	
-5.3148466685	-1632.0071769	
-5.3164846705	-1632.00716674	
-5.31811999384	-1632.0071566	
-5.31975264727	-1632.00714648	
-5.32138263948	-1632.00713639	
-5.32300997914	-1632.00712632	
-5.32463467487	-1632.00711628	
-5.32625673524	-1632.00710626	
-5.32787616879	-1632.00709626	
-5.32949298402	-1632.00708628	
-5.33110718937	-1632.00707633	
-5.33271879327	-1632.0070664	
-5.33432780407	-1632.00705649	
-5.33593423012	-1632.00704661	
-5.3375380797	-1632.00703675	
-5.33913936107	-1632.00702691	
-5.34073808243	-1632.0070171	
-5.34233425196	-1632.0070073	
-5.3439278778	-1632.00699753	
-5.34551896803	-1632.00698779	
-5.34710753072	-1632.00697806	
-5.34869357387	-1632.00696836	
-5.35027710548	-1632.00695868	
-5.35185813348	-1632.00694902	
-5.35343666577	-1632.00693938	
-5.35501271022	-1632.00692977	
-5.35658627467	-1632.00692017	
-5.3581573669	-1632.0069106	
-5.35972599468	-1632.00690105	
-5.36129216571	-1632.00689153	
-5.36285588769	-1632.00688202	
-5.36441716825	-1632.00687254	
-5.36597601502	-1632.00686308	
-5.36753243557	-1632.00685363	
-5.36908643744	-1632.00684421	
-5.37063802813	-1632.00683482	
-5.37218721511	-1632.00682544	
-5.37373400583	-1632.00681608	
-5.37527840768	-1632.00680675	
-5.37682042804	-1632.00679743	
-5.37836007422	-1632.00678814	
-5.37989735354	-1632.00677887	
-5.38143227326	-1632.00676962	
-5.38296484061	-1632.00676039	
-5.38449506279	-1632.00675118	
-5.38602294697	-1632.00674199	
-5.38754850028	-1632.00673282	
-5.38907172982	-1632.00672367	
-5.39059264266	-1632.00671454	
-5.39211124583	-1632.00670543	
-5.39362754635	-1632.00669635	
-5.39514155118	-1632.00668728	
-5.39665326727	-1632.00667823	
-5.39816270152	-1632.0066692	
-5.39966986081	-1632.0066602	
-5.40117475199	-1632.00665121	
-5.40267738187	-1632.00664224	
-5.40417775725	-1632.00663329	
-5.40567588487	-1632.00662437	
-5.40717177146	-1632.00661546	
-5.40866542372	-1632.00660657	
-5.4101568483	-1632.0065977	
-5.41164605186	-1632.00658885	
-5.41313304098	-1632.00658002	
-5.41461782224	-1632.00657121	
-5.4161004022	-1632.00656242	
-5.41758078737	-1632.00655365	
-5.41905898424	-1632.00654489	
-5.42053499927	-1632.00653616	
-5.42200883889	-1632.00652744	
-5.4234805095	-1632.00651875	
-5.42495001748	-1632.00651007	
-5.42641736918	-1632.00650141	
-5.4278825709	-1632.00649277	
-5.42934562895	-1632.00648415	
-5.43080654959	-1632.00647555	
-5.43226533906	-1632.00646697	
-5.43372200355	-1632.0064584	
-5.43517654927	-1632.00644986	
-5.43662898235	-1632.00644133	
-5.43807930892	-1632.00643282	
-5.4395275351	-1632.00642433	
-5.44097366695	-1632.00641585	
-5.44241771052	-1632.0064074	
-5.44385967184	-1632.00639896	
-5.4452995569	-1632.00639055	
-5.44673737167	-1632.00638214	
-5.44817312209	-1632.00637376	
-5.44960681409	-1632.0063654	
-5.45103845357	-1632.00635705	
-5.45246804638	-1632.00634872	
-5.45389559837	-1632.00634041	
-5.45532111536	-1632.00633212	
-5.45674460314	-1632.00632384	
-5.45816606749	-1632.00631558	
-5.45958551414	-1632.00630734	
-5.46100294883	-1632.00629912	
-5.46241837723	-1632.00629091	
-5.46383180503	-1632.00628273	
-5.46524323786	-1632.00627456	
-5.46665268137	-1632.0062664	
-5.46806014114	-1632.00625826	
-5.46946562274	-1632.00625015	
-5.47086913175	-1632.00624204	
-5.47227067367	-1632.00623396	
-5.47367025403	-1632.00622589	
-5.47506787829	-1632.00621784	
-5.47646355193	-1632.0062098	
-5.47785728038	-1632.00620179	
-5.47924906905	-1632.00619379	
-5.48063892334	-1632.0061858	
-5.48202684862	-1632.00617783	
-5.48341285022	-1632.00616988	
-5.48479693349	-1632.00616195	
-5.48617910372	-1632.00615403	
-5.48755936619	-1632.00614613	
-5.48893772616	-1632.00613825	
-5.49031418887	-1632.00613038	
-5.49168875953	-1632.00612253	
-5.49306144334	-1632.00611469	
-5.49443224547	-1632.00610687	
-5.49580117108	-1632.00609907	
-5.49716822529	-1632.00609128	
-5.49853341322	-1632.00608351	
-5.49989673995	-1632.00607575	
-5.50125821054	-1632.00606801	
-5.50261783006	-1632.00606029	
-5.50397560352	-1632.00605258	
-5.50533153593	-1632.00604489	
-5.50668563228	-1632.00603722	
-5.50803789753	-1632.00602956	
-5.50938833663	-1632.00602191	
-5.5107369545	-1632.00601428	
-5.51208375605	-1632.00600667	
-5.51342874616	-1632.00599907	
-5.51477192971	-1632.00599149	
-5.51611331154	-1632.00598393	
-5.51745289646	-1632.00597637	
-5.51879068931	-1632.00596884	
-5.52012669485	-1632.00596132	
-5.52146091786	-1632.00595381	
-5.5227933631	-1632.00594632	
-5.52412403528	-1632.00593885	
-5.52545293913	-1632.00593139	
-5.52678007934	-1632.00592394	
-5.52810546058	-1632.00591651	
-5.52942908751	-1632.0059091	
-5.53075096477	-1632.0059017	
-5.53207109697	-1632.00589432	
-5.53338948873	-1632.00588695	
-5.53470614461	-1632.00587959	
-5.53602106919	-1632.00587225	
-5.53733426702	-1632.00586493	
-5.53864574262	-1632.00585762	
-5.5399555005	-1632.00585032	
-5.54126354516	-1632.00584304	
-5.54256988107	-1632.00583577	
-5.5438745127	-1632.00582852	
-5.54517744448	-1632.00582128	
-5.54647868084	-1632.00581406	
-5.54777822618	-1632.00580685	
-5.5490760849	-1632.00579965	
-5.55037226136	-1632.00579247	
-5.55166675992	-1632.00578531	
-5.55295958492	-1632.00577816	
-5.55425074069	-1632.00577102	
-5.55554023152	-1632.00576389	
-5.5568280617	-1632.00575679	
-5.55811423551	-1632.00574969	
-5.5593987572	-1632.00574261	
-5.56068163102	-1632.00573554	
-5.56196286117	-1632.00572849	
-5.56324245188	-1632.00572145	
-5.56452040732	-1632.00571442	
-5.56579673168	-1632.00570741	
-5.56707142911	-1632.00570041	
-5.56834450376	-1632.00569343	
-5.56961595975	-1632.00568646	
-5.57088580119	-1632.0056795	
-5.57215403218	-1632.00567256	
-5.57342065679	-1632.00566563	
-5.5746856791	-1632.00565871	
-5.57594910315	-1632.00565181	
-5.57721093297	-1632.00564492	
-5.57847117258	-1632.00563804	
-5.57972982599	-1632.00563118	
-5.58098689718	-1632.00562433	
-5.58224239012	-1632.00561749	
-5.58349630878	-1632.00561067	
-5.5847486571	-1632.00560386	
-5.585999439	-1632.00559707	
-5.5872486584	-1632.00559028	
-5.5884963192	-1632.00558351	
-5.58974242528	-1632.00557676	
-5.59098698051	-1632.00557001	
-5.59222998875	-1632.00556328	
-5.59347145384	-1632.00555656	
-5.5947113796	-1632.00554986	
-5.59594976985	-1632.00554317	
-5.59718662839	-1632.00553649	
-5.598421959	-1632.00552982	
-5.59965576545	-1632.00552317	
-5.60088805149	-1632.00551653	
-5.60211882088	-1632.0055099	
-5.60334807733	-1632.00550328	
-5.60457582457	-1632.00549668	
-5.6058020663	-1632.00549009	
-5.60702680619	-1632.00548351	
-5.60825004793	-1632.00547695	
-5.60947179518	-1632.00547039	
-5.61069205159	-1632.00546385	
-5.61191082078	-1632.00545733	
-5.61312810639	-1632.00545081	
-5.61434391201	-1632.00544431	
-5.61555824124	-1632.00543782	
-5.61677109767	-1632.00543134	
-5.61798248485	-1632.00542487	
-5.61919240636	-1632.00541842	
-5.62040086572	-1632.00541198	
-5.62160786647	-1632.00540555	
-5.62281341212	-1632.00539913	
-5.62401750619	-1632.00539272	
-5.62522015215	-1632.00538633	
-5.6264213535	-1632.00537995	
-5.62762111369	-1632.00537358	
-5.62881943618	-1632.00536722	
-5.63001632442	-1632.00536088	
-5.63121178182	-1632.00535454	
-5.63240581181	-1632.00534822	
-5.6335984178	-1632.00534191	
-5.63478960317	-1632.00533561	
-5.6359793713	-1632.00532933	
-5.63716772557	-1632.00532305	
-5.63835466933	-1632.00531679	
-5.63954020593	-1632.00531054	
-5.64072433869	-1632.0053043	
-5.64190707094	-1632.00529807	
-5.64308840598	-1632.00529185	
-5.64426834712	-1632.00528565	
-5.64544689764	-1632.00527945	
-5.64662406082	-1632.00527327	
-5.64779983991	-1632.0052671	
-5.64897423816	-1632.00526094	
-5.65014725882	-1632.00525479	
-5.65131890512	-1632.00524866	
-5.65248918027	-1632.00524253	
-5.65365808747	-1632.00523642	
-5.65482562993	-1632.00523031	
-5.65599181082	-1632.00522422	
-5.65715663332	-1632.00521814	
-5.65832010058	-1632.00521207	
-5.65948221576	-1632.00520601	
-5.660642982	-1632.00519997	
-5.66180240242	-1632.00519393	
-5.66296048014	-1632.00518791	
-5.66411721826	-1632.00518189	
-5.66527261989	-1632.00517589	
-5.66642668811	-1632.0051699	
-5.66757942599	-1632.00516392	
-5.6687308366	-1632.00515795	
-5.66988092298	-1632.00515199	
-5.67102968818	-1632.00514604	
-5.67217713524	-1632.0051401	
-5.67332326717	-1632.00513417	
-5.67446808699	-1632.00512826	
-5.67561159769	-1632.00512235	
-5.67675380227	-1632.00511646	
-5.6778947037	-1632.00511057	
-5.67903430497	-1632.0051047	
-5.68017260902	-1632.00509884	
-5.6813096188	-1632.00509298	
-5.68244533727	-1632.00508714	
-5.68357976734	-1632.00508131	
-5.68471291194	-1632.00507549	
-5.68584477397	-1632.00506968	
-5.68697535634	-1632.00506388	
-5.68810466194	-1632.00505809	
-5.68923269364	-1632.00505231	
-5.69035945432	-1632.00504654	
-5.69148494685	-1632.00504078	
-5.69260917406	-1632.00503503	
-5.6937321388	-1632.0050293	
-5.69485384391	-1632.00502357	
-5.69597429221	-1632.00501785	
-5.69709348651	-1632.00501214	
-5.69821142961	-1632.00500645	
-5.69932812431	-1632.00500076	
-5.70044357339	-1632.00499508	
-5.70155777963	-1632.00498941	
-5.7026707458	-1632.00498376	
-5.70378247466	-1632.00497811	
-5.70489296894	-1632.00497247	
-5.70600223139	-1632.00496685	
-5.70711026475	-1632.00496123	
-5.70821707172	-1632.00495562	
-5.70932265503	-1632.00495003	
-5.71042701737	-1632.00494444	
-5.71153016145	-1632.00493886	
-5.71263208993	-1632.00493329	
-5.71373280551	-1632.00492774	
-5.71483231084	-1632.00492219	
-5.71593060859	-1632.00491665	
-5.71702770141	-1632.00491112	
-5.71812359193	-1632.0049056	
-5.71921828279	-1632.00490009	
-5.72031177661	-1632.00489459	
-5.72140407601	-1632.0048891	
-5.72249518359	-1632.00488362	
-5.72358510195	-1632.00487815	
-5.72467383369	-1632.00487269	
-5.72576138137	-1632.00486724	
-5.72684774759	-1632.0048618	
-5.72793293489	-1632.00485636	
-5.72901694583	-1632.00485094	
-5.73009978297	-1632.00484553	
-5.73118144884	-1632.00484012	
-5.73226194598	-1632.00483473	
-5.7333412769	-1632.00482934	
-5.73441944412	-1632.00482396	
-5.73549645015	-1632.0048186	
-5.73657229748	-1632.00481324	
-5.73764698861	-1632.00480789	
-5.73872052602	-1632.00480255	
-5.73979291218	-1632.00479722	
-5.74086414956	-1632.0047919	
-5.74193424062	-1632.00478659	
-5.74300318781	-1632.00478128	
-5.74407099357	-1632.00477599	
-5.74513766034	-1632.0047707	
-5.74620319054	-1632.00476543	
-5.7472675866	-1632.00476016	
-5.74833085092	-1632.0047549	
-5.74939298591	-1632.00474965	
-5.75045399397	-1632.00474442	
-5.75151387748	-1632.00473918	
-5.75257263883	-1632.00473396	
-5.75363028038	-1632.00472875	
-5.75468680452	-1632.00472355	
-5.75574221359	-1632.00471835	
-5.75679650994	-1632.00471316	
-5.75784969593	-1632.00470799	
-5.75890177388	-1632.00470282	
-5.75995274612	-1632.00469766	
-5.76100261499	-1632.00469251	
-5.76205138278	-1632.00468736	
-5.76309905181	-1632.00468223	
-5.76414562438	-1632.0046771	
-5.76519110278	-1632.00467199	
-5.7662354893	-1632.00466688	
-5.76727878622	-1632.00466178	
-5.76832099579	-1632.00465669	
-5.7693621203	-1632.00465161	
-5.770402162	-1632.00464653	
-5.77144112313	-1632.00464147	
-5.77247900594	-1632.00463641	
-5.77351581267	-1632.00463136	
-5.77455154554	-1632.00462633	
-5.77558620679	-1632.00462129	
-5.77661979861	-1632.00461627	
-5.77765232322	-1632.00461126	
-5.77868378283	-1632.00460625	
-5.77971417962	-1632.00460125	
-5.78074351579	-1632.00459626	
-5.78177179352	-1632.00459128	
-5.78279901497	-1632.00458631	
-5.78382518233	-1632.00458135	
-5.78485029774	-1632.00457639	
-5.78587436337	-1632.00457144	
-5.78689738137	-1632.0045665	
-5.78791935386	-1632.00456157	
-5.788940283	-1632.00455665	
-5.7899601709	-1632.00455173	
-5.79097901969	-1632.00454683	
-5.79199683148	-1632.00454193	
-5.79301360838	-1632.00453704	
-5.7940293525	-1632.00453215	
-5.79504406593	-1632.00452728	
-5.79605775077	-1632.00452241	
-5.79707040908	-1632.00451755	
-5.79808204295	-1632.0045127	
-5.79909265446	-1632.00450786	
-5.80010224566	-1632.00450303	
-5.80111081862	-1632.0044982	
-5.80211837538	-1632.00449338	
-5.80312491799	-1632.00448857	
-5.80413044849	-1632.00448377	
-5.80513496892	-1632.00447897	
-5.80613848129	-1632.00447418	
-5.80714098764	-1632.0044694	
-5.80814248998	-1632.00446463	
-5.80914299031	-1632.00445987	
