#Site	lnL	
0	-5.7264341142
1	-5.48838529759
2	-1.82684275266
3	-1.69251747894
4	-1.86262253687
5	-4.26942959558
6	-6.930822943
7	-1.74039098674
8	-1.82684275266
9	-1.65194727626
10	-1.86262253687
11	-5.51268776054
12	-1.69251747894
13	-1.86262253687
14	-8.22737500438
15	-4.4457525912
16	-2.2419342035
17	-6.1600896991
18	-1.65194727626
19	-1.79107799533
20	-2.28177229588
21	-1.69251747894
22	-1.79107799533
23	-2.28177229588
24	-1.65194727626
25	-1.86262253687
26	-1.89963725963
27	-1.69251747894
28	-1.86262253687
29	-5.07696983882
30	-6.61653517247
31	-1.74039098674
32	-1.77250541741
33	-1.65194727626
34	-2.2419342035
35	-1.89963725963
36	-8.26026030758
37	-6.41757668864
38	-1.82684275266
39	-1.76063972246
40	-1.86262253687
41	-1.77250541741
42	-1.76063972246
43	-1.86262253687
44	-7.88659506822
45	-6.930822943
46	-5.50994254567
47	-5.61309580756
48	-1.69251747894
49	-6.46460544013
50	-1.77250541741
51	-1.69251747894
52	-5.42539246869
53	-5.07696983882
54	-8.38266125183
55	-1.79107799533
56	-1.77250541741
57	-1.65194727626
58	-4.60809454891
59	-1.82684275266
60	-8.05913320612
61	-1.79107799533
62	-8.01436488626
63	-1.76063972246
64	-2.2419342035
65	-1.77250541741
66	-1.65194727626
67	-1.79107799533
68	-1.77250541741
69	-6.61653517247
70	-1.86262253687
71	-1.77250541741
72	-1.65194727626
73	-10.6398892175
74	-9.2215957378
75	-1.76063972246
76	-6.40028238295
77	-10.8581870602
78	-1.65194727626
79	-9.92209264398
80	-2.28177229588
81	-5.36986255592
82	-5.42539246869
83	-6.41421919326
84	-2.13235276316
85	-1.74039098674
86	-5.87331992165
87	-5.93775283542
88	-1.79107799533
89	-6.44659763131
90	-1.76063972246
91	-1.86262253687
92	-10.0367562129
93	-1.69251747894
94	-1.74039098674
95	-4.28424773741
96	-1.69251747894
97	-6.78969345245
98	-5.07633070693
99	-1.76063972246
100	-1.74039098674
101	-5.55876629864
102	-1.76063972246
103	-1.79107799533
104	-1.89963725963
105	-7.59750372875
106	-1.79107799533
107	-8.06820091967
108	-1.76063972246
109	-1.74039098674
110	-8.76612469128
111	-1.76063972246
112	-5.11530622523
113	-2.28177229588
114	-13.8911544092
115	-5.26225908688
116	-6.37894285546
117	-1.65194727626
118	-1.74039098674
119	-1.82684275266
120	-1.69251747894
121	-11.3576145867
122	-5.07696983882
123	-1.76063972246
124	-1.79107799533
125	-6.43006523796
126	-1.76063972246
127	-8.32191323288
128	-1.89963725963
129	-1.76063972246
130	-2.2419342035
131	-5.06624416978
132	-7.23593785175
133	-2.2419342035
134	-1.77250541741
135	-6.52116798117
136	-5.50994254567
137	-5.07696983882
138	-1.69251747894
139	-1.79107799533
140	-5.49277815452
141	-1.69251747894
142	-8.02265058935
143	-1.82684275266
144	-1.65194727626
145	-4.60809454891
146	-6.08910385608
147	-2.13235276316
148	-5.10524235546
149	-8.09695558665
150	-2.13235276316
151	-5.17356340593
152	-1.77250541741
153	-4.81388579685
154	-1.74039098674
155	-5.58112146002
156	-2.13235276316
157	-2.2419342035
158	-1.89963725963
159	-1.65194727626
160	-8.90678583104
161	-5.45205589875
162	-5.26594920464
163	-8.05988863541
164	-1.89963725963
165	-1.76063972246
166	-5.48838529759
167	-8.19928750591
168	-5.93775283542
169	-1.79107799533
170	-1.82684275266
171	-1.69251747894
172	-1.79107799533
173	-2.28177229588
174	-1.65194727626
175	-1.74039098674
176	-1.89963725963
177	-8.6535343539
178	-5.97793621165
179	-6.03870496299
180	-1.69251747894
181	-1.74039098674
182	-1.89963725963
183	-1.65194727626
184	-2.2419342035
185	-1.82684275266
186	-1.76063972246
187	-1.79107799533
188	-1.82684275266
189	-1.65194727626
190	-1.86262253687
191	-7.68425941409
192	-5.69235108553
193	-4.60809454891
194	-2.28177229588
195	-1.69251747894
196	-1.86262253687
197	-2.28177229588
198	-1.65194727626
199	-1.74039098674
200	-5.06624416978
201	-1.76063972246
202	-2.2419342035
203	-2.28177229588
204	-1.65194727626
205	-1.79107799533
206	-6.1600896991
207	-5.36986255592
208	-4.60809454891
209	-1.77250541741
210	-1.69251747894
211	-1.86262253687
212	-4.26942959558
213	-1.76063972246
214	-6.56928610182
215	-9.31772669921
216	-4.4457525912
217	-4.69367760081
218	-1.89963725963
219	-1.69251747894
220	-1.74039098674
221	-2.28177229588
222	-2.13235276316
223	-5.42539246869
224	-1.77250541741
225	-1.65194727626
226	-6.12529058035
227	-5.60854457237
228	-1.76063972246
229	-7.08718576781
230	-6.1600896991
231	-6.12095200313
232	-11.329710313
233	-1.89963725963
234	-1.76063972246
235	-1.86262253687
236	-1.82684275266
237	-1.69251747894
238	-1.79107799533
239	-5.22898696882
240	-6.53636474397
241	-1.86262253687
242	-6.75399723992
243	-1.69251747894
244	-1.86262253687
245	-1.89963725963
246	-2.13235276316
247	-4.60809454891
248	-5.58112146002
249	-6.2534458046
250	-1.86262253687
251	-1.82684275266
252	-4.81388579685
253	-5.10524235546
254	-5.76736618011
255	-1.65194727626
256	-8.02034058047
257	-1.77250541741
258	-6.91649473434
259	-6.12529058035
260	-9.53067225457
261	-1.76063972246
262	-1.74039098674
263	-1.89963725963
264	-1.76063972246
265	-1.86262253687
266	-1.77250541741
267	-1.76063972246
268	-2.2419342035
269	-1.77250541741
270	-12.0952537176
271	-1.74039098674
272	-1.77250541741
273	-6.68739920092
274	-1.86262253687
275	-1.77250541741
276	-1.65194727626
277	-5.26225908688
278	-1.82684275266
279	-4.43461809129
280	-1.74039098674
281	-1.82684275266
282	-1.65194727626
283	-1.79107799533
284	-10.1344637832
285	-1.69251747894
286	-1.74039098674
287	-1.77250541741
288	-2.13235276316
289	-4.31963847899
290	-1.77250541741
291	-8.48145225866
292	-5.63929839245
293	-1.82684275266
294	-1.69251747894
295	-6.03637179012
296	-1.82684275266
297	-1.76063972246
298	-6.40028238295
299	-1.82684275266
300	-5.63300402399
301	-1.86262253687
302	-1.89963725963
303	-4.74506680198
304	-1.86262253687
305	-8.94461405025
306	-1.69251747894
307	-1.74039098674
308	-1.82684275266
309	-1.76063972246
310	-5.42539246869
311	-1.89963725963
312	-6.64877255777
313	-9.21140677771
314	-5.51268776054
315	-1.76063972246
316	-1.74039098674
317	-1.89963725963
318	-4.43461809129
319	-1.79107799533
320	-1.82684275266
321	-1.76063972246
322	-1.79107799533
323	-1.89963725963
324	-2.13235276316
325	-5.42539246869
326	-1.89963725963
327	-1.65194727626
328	-11.3513474745
329	-1.89963725963
330	-1.65194727626
331	-1.79107799533
332	-1.77250541741
333	-6.578089367
334	-5.5259529184
335	-1.82684275266
336	-1.76063972246
337	-5.26225908688
338	-5.60854457237
339	-1.65194727626
340	-1.86262253687
341	-6.37894285546
342	-8.6535343539
343	-5.54264806709
344	-4.26942959558
345	-1.69251747894
346	-1.79107799533
347	-2.28177229588
348	-7.32371115176
349	-8.71970611751
350	-2.28177229588
351	-1.76063972246
352	-1.74039098674
353	-1.82684275266
354	-1.69251747894
355	-8.51189848155
356	-8.5112650237
357	-2.13235276316
358	-1.74039098674
359	-10.6960080594
360	-1.76063972246
361	-10.3211134475
362	-7.02969596727
363	-8.01631857914
364	-2.2419342035
365	-1.89963725963
366	-1.65194727626
367	-4.30580162829
368	-1.82684275266
369	-1.65194727626
370	-1.74039098674
371	-2.28177229588
372	-5.36986255592
373	-1.74039098674
374	-1.89963725963
375	-1.69251747894
376	-1.74039098674
377	-1.89963725963
378	-2.13235276316
379	-1.79107799533
380	-1.77250541741
381	-8.04662963023
382	-6.59047493965
383	-1.82684275266
384	-1.76063972246
385	-6.12529058035
386	-2.28177229588
387	-2.13235276316
388	-2.2419342035
389	-5.47560200965
390	-1.65194727626
391	-5.26225908688
392	-6.09303447191
393	-1.69251747894
394	-1.86262253687
395	-1.89963725963
396	-2.13235276316
397	-6.12529058035
398	-9.99305915389
399	-1.76063972246
400	-6.52061733352
401	-1.89963725963
402	-1.69251747894
403	-1.86262253687
404	-1.89963725963
405	-2.13235276316
406	-5.5529555232
407	-1.82684275266
408	-5.36191046652
409	-1.74039098674
410	-1.77250541741
411	-9.98346220082
412	-1.79107799533
413	-2.28177229588
414	-1.65194727626
415	-1.79107799533
416	-1.77250541741
417	-6.68739920092
418	-8.16916408669
419	-1.89963725963
420	-1.76063972246
421	-2.2419342035
422	-1.77250541741
423	-2.13235276316
424	-1.86262253687
425	-1.89963725963
426	-1.69251747894
427	-5.54264806709
428	-1.77250541741
429	-5.36986255592
430	-2.2419342035
431	-5.60854457237
432	-4.43461809129
433	-5.99692960576
434	-5.07696983882
435	-1.69251747894
436	-1.74039098674
437	-1.82684275266
438	-5.75268947461
439	-1.74039098674
440	-1.89963725963
441	-5.36191046652
442	-1.74039098674
443	-1.82684275266
444	-6.2534458046
445	-5.24659200994
446	-1.82684275266
447	-2.13235276316
448	-2.2419342035
449	-9.31047549779
450	-1.69251747894
451	-1.86262253687
452	-9.19943015839
453	-8.04662963023
454	-1.86262253687
455	-1.89963725963
456	-1.65194727626
457	-1.86262253687
458	-8.82798714903
459	-9.79639605309
460	-1.74039098674
461	-1.89963725963
462	-7.91106609218
463	-4.60809454891
464	-7.54660056007
465	-1.65194727626
466	-6.8006364019
467	-12.0256409009
468	-1.69251747894
469	-1.86262253687
470	-1.89963725963
