#Site	lnL	
0	-1.78267883049
1	-1.94965343012
2	-10.8850173398
3	-7.97495293615
4	-1.68364371416
5	-1.70757658472
6	-1.69214264214
7	-1.67212380664
8	-1.61081663394
9	-8.7718792945
10	-4.83327616294
11	-5.74894475948
12	-5.4672782505
13	-1.94965343012
14	-1.70757658472
15	-1.78267883049
16	-9.59856056892
17	-1.88082191729
18	-1.69214264214
19	-1.68364371416
20	-1.62000241237
21	-1.69214264214
22	-1.68364371416
23	-9.14137415545
24	-9.93832463739
25	-1.67212380664
26	-1.88082191729
27	-1.95884978602
28	-6.76396028431
29	-1.62000241237
30	-9.39681228469
31	-1.67212380664
32	-10.0085737335
33	-1.78267883049
34	-1.77382991289
35	-1.70757658472
36	-1.78267883049
37	-1.67212380664
38	-1.61081663394
39	-1.69214264214
40	-1.77382991289
41	-1.62000241237
42	-1.95884978602
43	-1.94965343012
44	-6.3414617913
45	-1.68031185532
46	-6.85332627711
47	-5.66033618234
48	-1.68031185532
49	-1.67212380664
50	-1.61081663394
51	-1.78267883049
52	-1.77382991289
53	-10.1370098815
54	-1.68031185532
55	-5.42412179042
56	-1.61081663394
57	-1.78267883049
58	-1.67212380664
59	-10.4446974896
60	-8.04942172179
61	-5.95756654499
62	-5.60704964587
63	-6.28392165147
64	-1.94965343012
65	-1.62000241237
66	-1.68031185532
67	-1.68364371416
68	-1.70757658472
69	-5.33997960343
70	-11.6441752691
71	-7.22478591227
72	-1.78267883049
73	-6.20752732773
74	-6.2753097595
75	-6.19210595866
76	-1.67212380664
77	-6.28712240498
78	-1.95884978602
79	-1.67212380664
80	-1.61081663394
81	-5.6040782705
82	-5.61896184994
83	-6.43235499461
84	-1.69214264214
85	-7.868876848
86	-1.62000241237
87	-1.95884978602
88	-1.67212380664
89	-1.61081663394
90	-1.95884978602
91	-1.94965343012
92	-1.88082191729
93	-1.95884978602
94	-5.46790535132
95	-10.9879377588
96	-5.65328094928
97	-1.67212380664
98	-1.62000241237
99	-5.33997960343
100	-5.35522327363
101	-1.61081663394
102	-1.68031185532
103	-1.77382991289
104	-1.61081663394
105	-4.83157337666
106	-6.04817347738
107	-1.61081663394
108	-1.95884978602
109	-1.94965343012
110	-1.70757658472
111	-1.78267883049
112	-5.43466402576
113	-7.42631464077
114	-1.69214264214
115	-1.77382991289
116	-1.61081663394
117	-1.68031185532
118	-5.02328753696
119	-7.73468046434
120	-6.02085718846
121	-1.77382991289
122	-1.88082191729
123	-1.78267883049
124	-4.98554356081
125	-1.62000241237
126	-1.68031185532
127	-1.67212380664
128	-6.2719340101
129	-1.78267883049
130	-1.94965343012
131	-9.83953915662
132	-1.78267883049
133	-6.39925961841
134	-1.70757658472
135	-1.68031185532
136	-7.69683700448
137	-10.4930051068
138	-1.68031185532
139	-1.67212380664
140	-8.16780215235
141	-1.69214264214
142	-1.68364371416
143	-1.62000241237
144	-1.78267883049
145	-1.77382991289
146	-1.70757658472
147	-7.63488214568
148	-1.77382991289
149	-5.56145669015
150	-7.96626262559
151	-1.77382991289
152	-1.70757658472
153	-5.4082535472
154	-5.34715420934
155	-1.62000241237
156	-6.39813538119
157	-1.67212380664
158	-1.62000241237
159	-1.69214264214
160	-1.94965343012
161	-1.61081663394
162	-1.69214264214
163	-1.94965343012
164	-1.62000241237
165	-1.68031185532
166	-1.94965343012
167	-1.88082191729
168	-1.78267883049
169	-1.68364371416
170	-1.88082191729
171	-5.4672782505
172	-1.77382991289
173	-6.3540393108
174	-1.78267883049
175	-1.67212380664
176	-1.88082191729
177	-1.69214264214
178	-1.67212380664
179	-5.74894475948
180	-7.29636442862
181	-1.67212380664
182	-1.62000241237
183	-5.33997960343
184	-1.77382991289
185	-1.62000241237
186	-5.4672782505
187	-9.79822878151
188	-7.21345685913
189	-1.95884978602
190	-1.67212380664
191	-1.70757658472
192	-1.69214264214
193	-1.94965343012
194	-1.70757658472
195	-1.68031185532
196	-1.68364371416
197	-1.62000241237
198	-1.68031185532
199	-4.84637166637
200	-1.61081663394
201	-8.14786196179
202	-1.77382991289
203	-6.19677858346
204	-1.95884978602
205	-1.68364371416
206	-1.88082191729
207	-1.78267883049
208	-1.77382991289
209	-5.64092240535
210	-14.5505935519
211	-1.77382991289
212	-1.62000241237
213	-1.78267883049
214	-6.22280595155
215	-5.60704964587
216	-1.68031185532
217	-1.94965343012
218	-1.70757658472
219	-1.95884978602
220	-1.77382991289
221	-1.70757658472
222	-9.66643300961
223	-5.50617434004
224	-1.62000241237
225	-1.95884978602
226	-1.67212380664
227	-5.48118702532
228	-10.611987172
229	-1.94965343012
230	-6.09416516262
231	-5.64431544931
232	-5.65828229081
233	-1.62000241237
234	-1.78267883049
235	-7.10136398755
236	-1.70757658472
237	-5.6040782705
238	-6.29342992019
239	-1.61081663394
240	-1.95884978602
241	-1.94965343012
242	-5.66033618234
243	-1.68031185532
244	-1.67212380664
245	-1.62000241237
246	-5.33997960343
247	-1.67212380664
248	-10.3520070767
249	-1.69214264214
250	-1.77382991289
251	-1.70757658472
252	-1.95884978602
253	-1.77382991289
254	-1.62000241237
255	-1.68031185532
256	-5.43466402576
257	-1.70757658472
258	-1.69214264214
259	-1.68364371416
260	-6.43235499461
261	-10.1080322879
262	-1.68364371416
263	-5.60704964587
264	-1.78267883049
265	-1.94965343012
266	-1.62000241237
267	-4.83157337666
268	-6.20752732773
269	-1.62000241237
270	-4.81817759663
271	-1.68364371416
272	-5.65565763973
273	-4.83157337666
274	-10.6037071665
275	-8.8046720601
276	-1.78267883049
277	-1.94965343012
278	-9.78539837797
279	-1.95884978602
280	-1.94965343012
281	-5.64092240535
282	-6.38462913409
283	-1.67212380664
284	-1.62000241237
285	-1.78267883049
286	-1.67212380664
287	-5.57022754214
288	-1.68031185532
289	-1.67212380664
290	-1.61081663394
291	-1.69214264214
292	-6.16500987167
293	-1.61081663394
294	-4.97019178532
295	-1.94965343012
296	-1.62000241237
297	-5.4082535472
298	-1.68364371416
299	-1.70757658472
300	-1.69214264214
301	-7.69683700448
302	-6.2753097595
303	-1.78267883049
304	-1.77382991289
305	-1.62000241237
306	-1.69214264214
307	-6.03654467186
308	-6.18215960514
309	-11.1892281193
310	-1.67212380664
311	-1.61081663394
312	-1.78267883049
313	-6.82619681989
314	-1.88082191729
315	-1.78267883049
316	-6.07640148292
317	-1.70757658472
318	-1.68031185532
319	-7.62918269363
320	-1.61081663394
321	-5.33173136508
322	-1.68364371416
323	-1.62000241237
324	-4.97019178532
325	-14.9579161511
326	-5.7814249999
327	-1.69214264214
328	-1.68364371416
329	-14.0762903656
330	-1.69214264214
331	-1.94965343012
332	-1.61081663394
333	-11.5525357903
334	-1.77382991289
335	-1.62000241237
336	-1.68031185532
337	-1.77382991289
338	-1.70757658472
339	-1.78267883049
340	-5.52950590009
341	-1.88082191729
342	-1.95884978602
343	-1.77382991289
344	-1.61081663394
345	-1.68031185532
346	-7.92712105271
347	-1.62000241237
348	-1.69214264214
349	-1.67212380664
350	-5.59576820664
351	-1.95884978602
352	-1.77382991289
353	-1.61081663394
354	-1.68031185532
355	-5.65828229081
356	-5.74894475948
357	-1.78267883049
358	-1.94965343012
359	-4.96488283843
360	-1.68031185532
361	-1.67212380664
362	-1.88082191729
363	-1.68031185532
364	-1.94965343012
365	-8.53827526963
366	-1.69214264214
367	-7.31100846476
368	-5.48790660362
369	-1.95884978602
370	-1.94965343012
371	-7.25489769633
372	-1.95884978602
373	-1.68364371416
374	-1.88082191729
375	-6.27825701655
376	-1.94965343012
377	-10.3210781368
378	-1.69214264214
379	-1.68364371416
380	-8.88080178343
381	-1.69214264214
382	-1.77382991289
383	-1.61081663394
384	-1.95884978602
385	-1.67212380664
386	-1.62000241237
387	-1.95884978602
388	-1.67212380664
389	-1.62000241237
390	-5.6040782705
391	-5.52950590009
392	-1.70757658472
393	-1.69214264214
394	-1.94965343012
395	-1.62000241237
396	-1.69214264214
397	-1.68364371416
398	-5.15031234432
399	-1.78267883049
400	-1.77382991289
401	-5.56145669015
402	-6.15037938735
403	-1.94965343012
404	-9.53960845531
405	-5.94659434088
406	-6.16500987167
407	-5.74894475948
408	-9.7134700323
409	-1.94965343012
410	-1.61081663394
411	-1.69214264214
412	-1.67212380664
413	-6.09416516262
414	-1.69214264214
415	-5.46790535132
416	-1.70757658472
417	-6.20774774526
418	-4.83327616294
419	-8.32005174015
420	-1.95884978602
421	-1.77382991289
422	-1.62000241237
423	-5.94179030558
424	-5.69416665506
425	-1.70757658472
426	-1.78267883049
427	-1.67212380664
428	-1.88082191729
429	-5.00880254951
430	-11.7357189147
431	-1.88082191729
432	-1.68031185532
433	-1.94965343012
434	-1.88082191729
435	-4.97019178532
436	-6.1394614592
437	-1.61081663394
438	-1.69214264214
439	-1.67212380664
440	-1.70757658472
441	-1.69214264214
442	-5.50617434004
443	-1.62000241237
444	-1.69214264214
445	-4.98554356081
446	-1.62000241237
447	-1.69214264214
448	-1.77382991289
449	-1.61081663394
450	-1.78267883049
451	-8.1922033857
452	-5.60704964587
453	-1.78267883049
454	-1.94965343012
455	-1.70757658472
456	-1.69214264214
457	-1.68364371416
458	-9.58632076304
459	-1.69214264214
460	-1.67212380664
461	-1.62000241237
462	-1.68031185532
463	-1.77382991289
464	-1.61081663394
465	-5.00880254951
466	-1.68364371416
467	-5.48118702532
468	-1.68031185532
469	-6.76396028431
470	-1.88082191729
