#Site	lnL	
0	-1.67775325939
1	-10.2032989245
2	-1.72290433943
3	-1.48688689001
4	-2.32300582492
5	-1.33683539547
6	-10.1208345511
7	-9.55202136649
8	-6.18701398912
9	-1.67775325939
10	-6.47167408407
11	-1.72290433943
12	-5.53023024234
13	-2.0073487019
14	-1.33683539547
15	-1.62524187557
16	-2.06880711075
17	-1.33683539547
18	-5.79542658061
19	-1.84049304062
20	-1.33683539547
21	-1.67775325939
22	-1.84049304062
23	-8.56823792506
24	-1.67775325939
25	-4.43758095949
26	-1.33683539547
27	-5.04276131709
28	-2.0073487019
29	-1.72290433943
30	-5.4115678037
31	-2.06880711075
32	-6.98154572395
33	-1.62524187557
34	-2.0073487019
35	-1.33683539547
36	-5.08238282389
37	-1.84049304062
38	-1.33683539547
39	-1.48688689001
40	-12.1474961055
41	-1.5121882507
42	-5.72715810481
43	-2.0073487019
44	-1.46335179644
45	-7.16285590432
46	-2.0073487019
47	-1.5121882507
48	-1.48688689001
49	-1.84049304062
50	-1.33683539547
51	-1.48688689001
52	-5.72738479998
53	-6.95573409699
54	-1.62524187557
55	-10.1792798174
56	-6.49597722459
57	-1.67775325939
58	-5.96726875135
59	-6.16854909439
60	-1.48688689001
61	-2.32300582492
62	-1.5121882507
63	-1.62524187557
64	-10.9621654729
65	-1.5121882507
66	-1.62524187557
67	-2.0073487019
68	-15.0059830064
69	-1.90102779001
70	-2.32300582492
71	-6.9623635778
72	-1.90102779001
73	-2.06880711075
74	-1.46335179644
75	-1.67775325939
76	-2.32300582492
77	-10.6111357543
78	-1.67775325939
79	-2.32300582492
80	-1.5121882507
81	-7.86529546446
82	-8.4862952452
83	-1.5121882507
84	-6.563801761
85	-2.0073487019
86	-7.00401470749
87	-1.62524187557
88	-2.0073487019
89	-1.5121882507
90	-1.62524187557
91	-5.696037864
92	-1.46335179644
93	-1.90102779001
94	-4.75816299117
95	-12.5425116535
96	-6.24991232334
97	-5.67173923371
98	-16.3543418737
99	-1.48688689001
100	-2.06880711075
101	-1.33683539547
102	-6.2331410381
103	-6.26896600767
104	-1.5121882507
105	-1.62524187557
106	-2.06880711075
107	-1.46335179644
108	-1.62524187557
109	-2.0073487019
110	-1.33683539547
111	-5.72715810481
112	-1.84049304062
113	-7.00918100078
114	-1.62524187557
115	-5.24853442757
116	-1.72290433943
117	-1.67775325939
118	-7.26514592648
119	-1.33683539547
120	-1.48688689001
121	-2.06880711075
122	-6.18529258289
123	-1.62524187557
124	-1.84049304062
125	-7.46386330875
126	-1.48688689001
127	-1.84049304062
128	-5.72714101289
129	-1.48688689001
130	-2.32300582492
131	-1.72290433943
132	-1.62524187557
133	-4.923700122
134	-1.72290433943
135	-1.67775325939
136	-7.07303938477
137	-1.33683539547
138	-1.62524187557
139	-5.6381217769
140	-1.33683539547
141	-1.62524187557
142	-1.84049304062
143	-7.15827131839
144	-6.26267493478
145	-2.32300582492
146	-1.46335179644
147	-1.48688689001
148	-2.32300582492
149	-6.18701398912
150	-1.62524187557
151	-12.2619314313
152	-6.58053651452
153	-1.62524187557
154	-1.84049304062
155	-6.48705913781
156	-1.62524187557
157	-2.0073487019
158	-1.5121882507
159	-1.48688689001
160	-4.99726796413
161	-1.72290433943
162	-1.48688689001
163	-6.41129812898
164	-1.33683539547
165	-1.67775325939
166	-4.79592013321
167	-1.5121882507
168	-1.62524187557
169	-1.84049304062
170	-1.33683539547
171	-1.48688689001
172	-4.99726796413
173	-1.46335179644
174	-1.62524187557
175	-2.0073487019
176	-1.5121882507
177	-1.48688689001
178	-5.30645011577
179	-6.16854909439
180	-1.67775325939
181	-2.32300582492
182	-1.33683539547
183	-1.62524187557
184	-2.0073487019
185	-1.5121882507
186	-1.48688689001
187	-2.0073487019
188	-1.46335179644
189	-5.53023024234
190	-2.06880711075
191	-13.2588852313
192	-6.27734204148
193	-5.27178281524
194	-7.46386330875
195	-1.48688689001
196	-1.84049304062
197	-6.53538629856
198	-10.5003188366
199	-2.06880711075
200	-7.06649260911
201	-5.3446189936
202	-7.07303938477
203	-1.5121882507
204	-5.81155006068
205	-2.0073487019
206	-1.33683539547
207	-6.16802849135
208	-11.0397247477
209	-1.46335179644
210	-1.62524187557
211	-1.84049304062
212	-6.16011533377
213	-8.83352173632
214	-1.84049304062
215	-1.46335179644
216	-6.17381545307
217	-2.32300582492
218	-12.3834608679
219	-1.67775325939
220	-4.57702915053
221	-13.777454427
222	-1.48688689001
223	-1.84049304062
224	-1.46335179644
225	-1.67775325939
226	-1.84049304062
227	-1.33683539547
228	-1.67775325939
229	-5.99953762367
230	-13.7320594649
231	-1.48688689001
232	-10.2032989245
233	-1.46335179644
234	-1.62524187557
235	-2.32300582492
236	-1.46335179644
237	-1.62524187557
238	-2.06880711075
239	-1.5121882507
240	-1.62524187557
241	-2.06880711075
242	-1.33683539547
243	-9.38699351584
244	-6.47167408407
245	-1.33683539547
246	-1.48688689001
247	-5.72738479998
248	-15.0733595512
249	-1.62524187557
250	-7.22817343152
251	-1.5121882507
252	-1.48688689001
253	-8.73625789806
254	-7.14030457948
255	-1.62524187557
256	-2.06880711075
257	-1.5121882507
258	-1.62524187557
259	-5.22248614112
260	-1.33683539547
261	-1.62524187557
262	-4.99726796413
263	-1.33683539547
264	-5.43135948367
265	-8.20679372594
266	-1.46335179644
267	-1.62524187557
268	-2.32300582492
269	-1.72290433943
270	-6.98270017697
271	-2.06880711075
272	-1.5121882507
273	-1.67775325939
274	-2.06880711075
275	-1.72290433943
276	-1.62524187557
277	-2.0073487019
278	-6.18701398912
279	-1.48688689001
280	-2.0073487019
281	-7.35356638818
282	-1.62524187557
283	-2.0073487019
284	-1.33683539547
285	-1.48688689001
286	-1.84049304062
287	-1.46335179644
288	-1.62524187557
289	-7.4679421533
290	-7.46386330875
291	-1.48688689001
292	-2.32300582492
293	-7.88735060699
294	-1.67775325939
295	-2.06880711075
296	-1.33683539547
297	-1.48688689001
298	-4.75816299117
299	-1.72290433943
300	-6.563801761
301	-6.89830872231
302	-1.72290433943
303	-5.72715810481
304	-6.04446092481
305	-7.35356638818
306	-1.67775325939
307	-4.923700122
308	-1.5121882507
309	-5.43135948367
310	-1.84049304062
311	-1.33683539547
312	-1.67775325939
313	-8.24078351074
314	-1.33683539547
315	-1.67775325939
316	-10.2027420145
317	-6.95573409699
318	-1.48688689001
319	-4.80448135651
320	-1.46335179644
321	-1.48688689001
322	-2.0073487019
323	-1.72290433943
324	-1.48688689001
325	-2.0073487019
326	-5.81823171303
327	-1.62524187557
328	-2.0073487019
329	-1.72290433943
330	-1.90102779001
331	-6.20958210675
332	-8.17654184899
333	-1.90102779001
334	-2.06880711075
335	-6.63336618489
336	-1.67775325939
337	-1.84049304062
338	-6.58053651452
339	-1.90102779001
340	-6.68444920788
341	-1.33683539547
342	-1.62524187557
343	-5.72738479998
344	-1.33683539547
345	-1.67775325939
346	-4.86824599796
347	-1.72290433943
348	-6.98270017697
349	-4.80448135651
350	-1.5121882507
351	-5.42721772183
352	-2.32300582492
353	-1.72290433943
354	-1.67775325939
355	-2.0073487019
356	-1.5121882507
357	-1.48688689001
358	-1.84049304062
359	-7.06414012661
360	-1.48688689001
361	-2.06880711075
362	-1.46335179644
363	-1.48688689001
364	-1.84049304062
365	-1.33683539547
366	-9.24259609873
367	-1.84049304062
368	-1.72290433943
369	-1.62524187557
370	-4.86824599796
371	-7.14030457948
372	-1.67775325939
373	-5.80429585006
374	-6.12022193364
375	-1.67775325939
376	-2.06880711075
377	-8.56823792506
378	-1.48688689001
379	-4.75816299117
380	-7.00918100078
381	-1.48688689001
382	-4.923700122
383	-10.0614407358
384	-10.1318107546
385	-1.84049304062
386	-5.80199749575
387	-1.90102779001
388	-4.45001530191
389	-1.5121882507
390	-1.67775325939
391	-5.80429585006
392	-9.95603725678
393	-4.98072219908
394	-2.0073487019
395	-7.06649260911
396	-1.67775325939
397	-2.32300582492
398	-5.81823171303
399	-1.62524187557
400	-5.96726875135
401	-8.57608453062
402	-1.90102779001
403	-4.57702915053
404	-1.46335179644
405	-1.90102779001
406	-1.84049304062
407	-1.5121882507
408	-1.90102779001
409	-5.22103705807
410	-7.72040359235
411	-1.48688689001
412	-2.0073487019
413	-1.33683539547
414	-1.62524187557
415	-2.0073487019
416	-6.90771565143
417	-1.67775325939
418	-9.30148523106
419	-1.5121882507
420	-1.67775325939
421	-2.06880711075
422	-16.1486344375
423	-5.4115678037
424	-2.06880711075
425	-12.0147326258
426	-1.90102779001
427	-2.0073487019
428	-1.46335179644
429	-1.67775325939
430	-7.34695574104
431	-1.72290433943
432	-1.90102779001
433	-1.84049304062
434	-1.5121882507
435	-1.62524187557
436	-4.57702915053
437	-1.72290433943
438	-1.62524187557
439	-7.34398351402
440	-6.2638683178
441	-5.39093735893
442	-5.696037864
443	-6.18701398912
444	-1.62524187557
445	-11.2848643692
446	-12.2791998287
447	-1.90102779001
448	-11.47411602
449	-1.5121882507
450	-1.62524187557
451	-1.84049304062
452	-1.33683539547
453	-5.85909313272
454	-1.84049304062
455	-12.0147326258
456	-1.62524187557
457	-9.82231659145
458	-1.72290433943
459	-5.04276131709
460	-5.696037864
461	-6.27702238526
462	-1.90102779001
463	-5.24853442757
464	-1.33683539547
465	-1.67775325939
466	-14.7682268245
467	-1.33683539547
468	-1.48688689001
469	-5.2164369112
470	-1.33683539547
