#Site	lnL	
0	-6.26170840626
1	-1.80373662208
2	-1.26887331223
3	-1.73947997745
4	-1.84275930332
5	-1.26887331223
6	-1.65620807089
7	-1.71635351194
8	-16.2045152653
9	-5.47980107977
10	-6.02172262419
11	-14.7585499089
12	-6.96938878331
13	-1.71635351194
14	-16.6444239922
15	-2.08458708066
16	-2.15533372249
17	-1.26887331223
18	-1.73947997745
19	-2.15533372249
20	-16.4273768019
21	-2.08458708066
22	-1.84275930332
23	-15.1004321833
24	-1.65620807089
25	-6.17606107161
26	-16.5701867246
27	-1.77747938448
28	-1.71635351194
29	-1.26887331223
30	-5.4728212785
31	-1.80373662208
32	-14.7270037023
33	-1.77747938448
34	-1.80373662208
35	-1.26887331223
36	-2.08458708066
37	-1.71635351194
38	-1.32570155865
39	-1.77747938448
40	-6.19438862385
41	-1.26887331223
42	-1.77747938448
43	-1.80373662208
44	-15.5712519571
45	-1.77747938448
46	-1.84275930332
47	-1.35725062862
48	-1.77747938448
49	-5.38161717539
50	-43.2470323292
51	-2.08458708066
52	-1.71635351194
53	-15.9328624595
54	-1.77747938448
55	-5.81889331925
56	-14.4908451311
57	-2.08458708066
58	-8.6050737065
59	-14.3230705256
60	-7.38713567226
61	-1.80373662208
62	-1.26887331223
63	-9.37744986136
64	-2.15533372249
65	-1.32570155865
66	-5.50754748703
67	-6.01400241543
68	-14.4908451311
69	-2.08458708066
70	-6.89243313089
71	-1.26887331223
72	-2.08458708066
73	-11.031023905
74	-14.4908456005
75	-1.65620807089
76	-7.11452521605
77	-15.9328649917
78	-1.77747938448
79	-1.80373662208
80	-1.35725062862
81	-1.77747938448
82	-1.84275930332
83	-1.26887331223
84	-2.08458708066
85	-1.84275930332
86	-1.32570155865
87	-1.73947997745
88	-5.5791254308
89	-1.32570155865
90	-1.65620807089
91	-5.25740382857
92	-1.35725062862
93	-2.08458708066
94	-5.59103555022
95	-1.32570155865
96	-5.72686039085
97	-1.84275930332
98	-1.32570155865
99	-1.65620807089
100	-5.39711999291
101	-15.1004326734
102	-5.93742269053
103	-5.59103555022
104	-1.32570155865
105	-6.12762041476
106	-1.71635351194
107	-1.26887331223
108	-1.73947997745
109	-1.71635351194
110	-1.26887331223
111	-1.65620807089
112	-1.80373662208
113	-14.323070245
114	-1.65620807089
115	-2.15533372249
116	-1.35725062862
117	-7.20315894493
118	-1.84275930332
119	-1.32570155865
120	-1.65620807089
121	-1.84275930332
122	-1.26887331223
123	-1.65620807089
124	-1.84275930332
125	-1.35725062862
126	-1.77747938448
127	-5.38161717539
128	-14.1425285133
129	-1.73947997745
130	-1.71635351194
131	-1.26887331223
132	-2.08458708066
133	-7.59049231197
134	-14.323070245
135	-1.65620807089
136	-1.84275930332
137	-1.32570155865
138	-1.65620807089
139	-1.71635351194
140	-29.8599401046
141	-1.65620807089
142	-1.71635351194
143	-1.32570155865
144	-2.08458708066
145	-4.99325748767
146	-14.3653904158
147	-1.73947997745
148	-5.42161481447
149	-1.32570155865
150	-5.50754748703
151	-8.6050737065
152	-1.26887331223
153	-5.47980107977
154	-7.23138682112
155	-15.1239528992
156	-5.08333106537
157	-5.17543036923
158	-28.36415476
159	-5.47396402877
160	-5.81445056922
161	-14.7623409708
162	-2.08458708066
163	-6.19438862385
164	-1.35725062862
165	-2.08458708066
166	-1.71635351194
167	-15.1239545135
168	-1.73947997745
169	-7.55578666657
170	-1.26887331223
171	-1.73947997745
172	-1.71635351194
173	-1.26887331223
174	-1.65620807089
175	-1.71635351194
176	-1.32570155865
177	-9.66038600602
178	-7.52160740877
179	-14.3653904158
180	-2.08458708066
181	-1.84275930332
182	-15.1239528992
183	-8.0098628843
184	-2.15533372249
185	-14.1425332746
186	-1.77747938448
187	-1.71635351194
188	-15.2917287894
189	-2.08458708066
190	-2.15533372249
191	-1.26887331223
192	-1.65620807089
193	-5.39711999291
194	-15.1555018272
195	-5.90818528643
196	-7.59739142367
197	-1.26887331223
198	-1.73947997745
199	-1.80373662208
200	-14.7623409708
201	-2.08458708066
202	-6.00852799704
203	-1.26887331223
204	-5.4728212785
205	-5.17543036923
206	-27.8450601604
207	-6.97564489616
208	-5.21954380632
209	-1.26887331223
210	-1.65620807089
211	-5.64914120173
212	-1.35725062862
213	-1.65620807089
214	-1.84275930332
215	-1.32570155865
216	-5.50754748703
217	-1.84275930332
218	-1.63048918807
219	-6.52825596988
220	-1.84275930332
221	-1.32570155865
222	-10.8215505596
223	-1.80373662208
224	-1.26887331223
225	-2.08458708066
226	-1.71635351194
227	-14.9616620304
228	-5.31938897164
229	-1.84275930332
230	-1.32570155865
231	-9.75096565208
232	-1.71635351194
233	-15.1004326734
234	-1.65620807089
235	-1.80373662208
236	-1.35725062862
237	-2.08458708066
238	-1.84275930332
239	-14.3653904158
240	-1.73947997745
241	-5.17927019909
242	-1.63048918807
243	-1.77747938448
244	-5.17543036923
245	-16.3537798108
246	-5.47980107977
247	-2.15533372249
248	-1.63048918807
249	-5.47396402877
250	-12.7917761671
251	-14.4908451311
252	-5.28784042123
253	-1.84275930332
254	-1.32570155865
255	-1.77747938448
256	-1.84275930332
257	-1.63048918807
258	-1.77747938448
259	-6.79931164491
260	-14.7585499089
261	-2.08458708066
262	-1.84275930332
263	-14.7623401065
264	-1.73947997745
265	-7.52774182509
266	-14.3653886458
267	-1.65620807089
268	-2.15533372249
269	-31.2200358541
270	-5.4728212785
271	-2.15533372249
272	-1.63048918807
273	-5.66645073484
274	-5.62455928361
275	-1.26887331223
276	-6.09571727119
277	-1.71635351194
278	-1.26887331223
279	-5.71773230973
280	-1.84275930332
281	-14.7585522527
282	-1.73947997745
283	-1.84275930332
284	-1.26887331223
285	-5.7308660226
286	-4.80277261434
287	-1.35725062862
288	-4.89504320796
289	-4.80930885164
290	-1.63048918807
291	-8.03099246544
292	-1.84275930332
293	-26.9079619605
294	-1.73947997745
295	-4.80277261434
296	-1.35725062862
297	-9.21582328722
298	-5.81889331925
299	-1.26887331223
300	-6.12762041476
301	-1.71635351194
302	-1.26887331223
303	-5.66645073484
304	-1.84275930332
305	-1.35725062862
306	-1.73947997745
307	-1.84275930332
308	-14.5394792396
309	-2.08458708066
310	-1.80373662208
311	-14.7623409708
312	-1.65620807089
313	-1.84275930332
314	-1.32570155865
315	-1.73947997745
316	-2.15533372249
317	-14.3653904158
318	-1.73947997745
319	-5.63966765345
320	-1.26887331223
321	-6.29903319292
322	-9.99968131818
323	-14.7585522527
324	-1.73947997745
325	-9.79803809616
326	-1.35725062862
327	-7.69849284381
328	-5.58115430871
329	-15.9328624595
330	-1.77747938448
331	-6.26761210913
332	-1.26887331223
333	-5.2687144909
334	-1.71635351194
335	-1.63048918807
336	-7.40954157762
337	-5.19474373598
338	-14.539482142
339	-1.77747938448
340	-5.17543036923
341	-1.32570155865
342	-1.73947997745
343	-6.89243313089
344	-15.9881074682
345	-1.73947997745
346	-1.71635351194
347	-14.9301154026
348	-6.34413461788
349	-5.98478940913
350	-1.32570155865
351	-5.90818528643
352	-9.51070068836
353	-1.32570155865
354	-5.70793373938
355	-1.71635351194
356	-1.26887331223
357	-5.50754748703
358	-1.80373662208
359	-1.35725062862
360	-1.65620807089
361	-1.80373662208
362	-1.35725062862
363	-1.73947997745
364	-1.80373662208
365	-14.4908451311
366	-6.09436561462
367	-5.19474373598
368	-28.81030414
369	-2.08458708066
370	-6.43770114252
371	-14.4908456005
372	-2.08458708066
373	-1.80373662208
374	-1.32570155865
375	-1.77747938448
376	-1.84275930332
377	-1.35725062862
378	-5.70589970964
379	-1.80373662208
380	-1.32570155865
381	-1.73947997745
382	-1.71635351194
383	-1.35725062862
384	-1.65620807089
385	-5.81889331925
386	-1.63048918807
387	-6.52825596988
388	-1.80373662208
389	-14.4908456005
390	-1.65620807089
391	-1.80373662208
392	-1.32570155865
393	-1.77747938448
394	-1.84275930332
395	-1.32570155865
396	-1.65620807089
397	-1.80373662208
398	-13.9261210405
399	-2.08458708066
400	-5.17927019909
401	-1.26887331223
402	-1.77747938448
403	-5.39035555967
404	-15.9881074682
405	-1.77747938448
406	-5.60273504488
407	-15.3168399248
408	-1.73947997745
409	-5.25740382857
410	-15.3232749202
411	-2.08458708066
412	-1.71635351194
413	-26.8511344042
414	-1.73947997745
415	-1.71635351194
416	-1.26887331223
417	-9.04935494525
418	-1.84275930332
419	-31.3960215698
420	-1.77747938448
421	-2.15533372249
422	-14.7623401065
423	-2.08458708066
424	-1.71635351194
425	-14.4908456005
426	-1.73947997745
427	-1.84275930332
428	-15.2917287894
429	-1.65620807089
430	-1.80373662208
431	-1.32570155865
432	-2.08458708066
433	-1.84275930332
434	-1.63048918807
435	-4.88939162374
436	-5.19474373598
437	-1.26887331223
438	-2.08458708066
439	-5.5791254308
440	-1.26887331223
441	-1.77747938448
442	-1.84275930332
443	-15.5712519571
444	-9.39986676049
445	-2.15533372249
446	-14.7270037023
447	-1.77747938448
448	-6.83789820771
449	-14.1425285133
450	-6.29903319292
451	-6.0069269272
452	-28.4197884448
453	-2.08458708066
454	-2.15533372249
455	-15.1239545135
456	-1.73947997745
457	-6.0420523448
458	-1.63048918807
459	-5.70589970964
460	-5.61901433096
461	-1.32570155865
462	-2.08458708066
463	-1.80373662208
464	-15.9013134206
465	-7.63974497627
466	-1.84275930332
467	-1.26887331223
468	-1.65620807089
469	-2.15533372249
470	-14.9616644178
