#Site	lnL	
0	-1.66169416897
1	-1.79236497161
2	-1.4785380689
3	-7.96702267353
4	-1.76209507776
5	-10.1549824876
6	-10.8464429487
7	-5.64110069214
8	-12.0824327092
9	-5.28005742538
10	-1.79236497161
11	-6.1626072893
12	-1.70048286481
13	-4.31086917263
14	-1.52884578415
15	-5.51915051512
16	-5.53502621423
17	-1.72569026058
18	-1.90528312356
19	-1.76209507776
20	-6.22544540914
21	-1.90528312356
22	-6.38725002394
23	-5.07287416188
24	-1.63821465708
25	-7.87856860157
26	-6.1626072893
27	-1.70048286481
28	-6.44344093379
29	-5.07287416188
30	-1.70048286481
31	-7.11397997817
32	-1.52884578415
33	-9.7876140018
34	-6.39567625011
35	-1.72569026058
36	-1.90528312356
37	-1.79236497161
38	-1.4785380689
39	-1.63821465708
40	-5.64902702491
41	-12.8323996908
42	-1.90528312356
43	-7.05126561733
44	-1.52884578415
45	-1.66169416897
46	-10.9744347249
47	-1.52884578415
48	-1.70048286481
49	-1.76209507776
50	-1.52884578415
51	-1.66169416897
52	-1.79236497161
53	-6.92981885287
54	-1.66169416897
55	-5.29905158275
56	-1.49317589706
57	-1.90528312356
58	-1.83360799193
59	-10.9058402717
60	-1.90528312356
61	-5.46973091977
62	-1.72569026058
63	-1.70048286481
64	-2.04484564604
65	-1.52884578415
66	-1.90528312356
67	-1.76209507776
68	-9.92816441929
69	-1.90528312356
70	-1.76209507776
71	-10.5354468556
72	-11.3881466833
73	-6.3649284799
74	-7.18216093633
75	-1.66169416897
76	-1.79236497161
77	-6.39308948177
78	-1.90528312356
79	-8.33807746093
80	-11.4851022509
81	-1.90528312356
82	-8.09461199878
83	-6.34215336273
84	-7.70346112257
85	-1.79236497161
86	-6.16466232149
87	-1.66169416897
88	-2.04484564604
89	-12.0368126545
90	-1.70048286481
91	-1.76209507776
92	-14.1672585192
93	-1.70048286481
94	-10.2990850459
95	-1.4785380689
96	-6.64702208285
97	-1.83360799193
98	-5.07068605921
99	-1.90528312356
100	-1.79236497161
101	-1.49317589706
102	-1.63821465708
103	-5.53502621423
104	-6.34215336273
105	-1.63821465708
106	-1.83360799193
107	-1.72569026058
108	-1.66169416897
109	-1.79236497161
110	-6.22544540914
111	-5.68312880299
112	-1.83360799193
113	-1.72569026058
114	-4.69122804273
115	-1.79236497161
116	-6.34215336273
117	-1.66169416897
118	-2.04484564604
119	-1.52884578415
120	-6.3610433648
121	-1.76209507776
122	-7.24917186312
123	-11.300011037
124	-1.76209507776
125	-6.97102172256
126	-1.66169416897
127	-6.1734964807
128	-1.49317589706
129	-1.90528312356
130	-4.99968515334
131	-7.1387215628
132	-1.63821465708
133	-5.36744519389
134	-1.52884578415
135	-1.70048286481
136	-10.7963055508
137	-1.49317589706
138	-8.2371136164
139	-8.96733601036
140	-11.6210419072
141	-1.90528312356
142	-2.04484564604
143	-1.52884578415
144	-1.70048286481
145	-5.63066228621
146	-6.41582140614
147	-1.70048286481
148	-4.99968515334
149	-1.72569026058
150	-1.66169416897
151	-4.47549888979
152	-1.72569026058
153	-1.70048286481
154	-1.83360799193
155	-1.49317589706
156	-1.66169416897
157	-4.51516791706
158	-1.72569026058
159	-5.67745250888
160	-1.83360799193
161	-1.4785380689
162	-1.63821465708
163	-2.04484564604
164	-12.8241536029
165	-1.63821465708
166	-1.83360799193
167	-1.49317589706
168	-10.1866999194
169	-6.38725002394
170	-6.92621352347
171	-1.63821465708
172	-5.47768922258
173	-1.4785380689
174	-1.66169416897
175	-1.76209507776
176	-7.37472258306
177	-1.66169416897
178	-2.04484564604
179	-1.72569026058
180	-1.63821465708
181	-1.79236497161
182	-7.21650416289
183	-5.48648281489
184	-6.39567625011
185	-10.9555995442
186	-1.70048286481
187	-7.29405700742
188	-6.97102172256
189	-1.66169416897
190	-1.76209507776
191	-1.72569026058
192	-1.66169416897
193	-4.31086917263
194	-1.4785380689
195	-1.66169416897
196	-1.83360799193
197	-10.1502995204
198	-5.79224868994
199	-1.79236497161
200	-1.52884578415
201	-1.66169416897
202	-1.79236497161
203	-1.72569026058
204	-10.680056385
205	-4.51516791706
206	-1.72569026058
207	-4.52577025126
208	-1.79236497161
209	-1.4785380689
210	-1.66169416897
211	-1.79236497161
212	-1.52884578415
213	-8.89781959912
214	-5.03235285357
215	-6.22544540914
216	-4.52132496812
217	-12.9699283294
218	-5.8128679727
219	-1.70048286481
220	-1.76209507776
221	-1.72569026058
222	-5.84715443974
223	-5.46973091977
224	-1.72569026058
225	-1.66169416897
226	-1.76209507776
227	-6.08104337964
228	-5.79224868994
229	-1.76209507776
230	-5.07068605921
231	-1.70048286481
232	-1.76209507776
233	-1.4785380689
234	-1.63821465708
235	-1.76209507776
236	-1.72569026058
237	-1.63821465708
238	-1.83360799193
239	-1.52884578415
240	-1.66169416897
241	-1.83360799193
242	-1.49317589706
243	-5.68312880299
244	-2.04484564604
245	-1.4785380689
246	-4.52577025126
247	-5.80175844634
248	-1.52884578415
249	-1.63821465708
250	-1.76209507776
251	-10.5374166377
252	-1.70048286481
253	-1.83360799193
254	-5.07287416188
255	-1.66169416897
256	-5.36187526462
257	-5.07287416188
258	-1.90528312356
259	-2.04484564604
260	-1.72569026058
261	-1.63821465708
262	-1.76209507776
263	-1.4785380689
264	-1.70048286481
265	-1.79236497161
266	-6.92621352347
267	-1.63821465708
268	-6.4715315817
269	-5.07287416188
270	-4.52132496812
271	-1.83360799193
272	-1.4785380689
273	-1.90528312356
274	-2.04484564604
275	-1.4785380689
276	-5.68312880299
277	-5.47768922258
278	-1.52884578415
279	-1.90528312356
280	-1.83360799193
281	-1.4785380689
282	-1.90528312356
283	-1.83360799193
284	-1.72569026058
285	-1.70048286481
286	-1.76209507776
287	-1.52884578415
288	-4.52132496812
289	-1.79236497161
290	-6.56563399027
291	-6.64702208285
292	-1.79236497161
293	-7.37472258306
294	-1.70048286481
295	-5.05538079963
296	-1.49317589706
297	-1.70048286481
298	-1.76209507776
299	-15.8532565051
300	-1.70048286481
301	-1.79236497161
302	-1.49317589706
303	-5.59437930357
304	-7.11397997817
305	-1.4785380689
306	-1.90528312356
307	-4.51516791706
308	-1.49317589706
309	-1.90528312356
310	-1.83360799193
311	-1.52884578415
312	-7.2964716695
313	-1.79236497161
314	-1.52884578415
315	-1.66169416897
316	-1.79236497161
317	-1.49317589706
318	-1.63821465708
319	-1.76209507776
320	-5.26140890098
321	-6.05027794161
322	-1.83360799193
323	-11.7285941666
324	-1.66169416897
325	-2.04484564604
326	-1.4785380689
327	-1.66169416897
328	-5.47768922258
329	-1.49317589706
330	-6.59779109394
331	-7.7578886884
332	-1.72569026058
333	-1.70048286481
334	-4.31708001897
335	-1.52884578415
336	-1.70048286481
337	-5.36744519389
338	-12.0256947311
339	-1.63821465708
340	-1.79236497161
341	-7.93104984272
342	-1.66169416897
343	-1.76209507776
344	-1.52884578415
345	-6.61435014302
346	-6.61524135053
347	-5.8128679727
348	-1.90528312356
349	-1.79236497161
350	-1.4785380689
351	-1.90528312356
352	-1.76209507776
353	-1.4785380689
354	-5.84715443974
355	-1.83360799193
356	-8.01802715035
357	-1.63821465708
358	-1.83360799193
359	-1.49317589706
360	-7.69737912413
361	-1.79236497161
362	-1.4785380689
363	-1.90528312356
364	-1.76209507776
365	-6.97889916251
366	-1.70048286481
367	-1.79236497161
368	-1.52884578415
369	-1.70048286481
370	-1.83360799193
371	-1.72569026058
372	-1.70048286481
373	-6.50419928192
374	-6.04085929929
375	-1.63821465708
376	-7.89145172916
377	-13.2569092522
378	-1.66169416897
379	-1.76209507776
380	-5.26140890098
381	-1.66169416897
382	-1.76209507776
383	-6.92981885287
384	-1.66169416897
385	-1.76209507776
386	-11.6648415073
387	-1.63821465708
388	-5.64110069214
389	-1.52884578415
390	-7.49796614605
391	-2.04484564604
392	-1.49317589706
393	-4.69122804273
394	-5.01665094088
395	-1.4785380689
396	-1.70048286481
397	-1.76209507776
398	-1.4785380689
399	-1.63821465708
400	-1.83360799193
401	-1.4785380689
402	-1.90528312356
403	-1.79236497161
404	-5.07287416188
405	-1.63821465708
406	-1.76209507776
407	-1.72569026058
408	-1.66169416897
409	-1.76209507776
410	-11.510348417
411	-1.63821465708
412	-1.76209507776
413	-1.4785380689
414	-1.66169416897
415	-1.83360799193
416	-5.83947476373
417	-1.70048286481
418	-6.4715315817
419	-1.72569026058
420	-1.63821465708
421	-1.79236497161
422	-1.4785380689
423	-5.28005742538
424	-4.47549888979
425	-6.08104337964
426	-1.66169416897
427	-5.80175844634
428	-5.26140890098
429	-7.29001773404
430	-1.79236497161
431	-5.07068605921
432	-5.79224868994
433	-6.25595118446
434	-1.4785380689
435	-1.70048286481
436	-1.83360799193
437	-1.52884578415
438	-7.13948556397
439	-1.76209507776
440	-1.72569026058
441	-1.63821465708
442	-1.76209507776
443	-1.4785380689
444	-5.50804875197
445	-1.76209507776
446	-1.72569026058
447	-1.63821465708
448	-2.04484564604
449	-1.72569026058
450	-1.63821465708
451	-6.15937297136
452	-1.52884578415
453	-1.70048286481
454	-5.64110069214
455	-1.52884578415
456	-1.66169416897
457	-2.04484564604
458	-6.04085929929
459	-10.8413200866
460	-6.39567625011
461	-7.37472258306
462	-1.66169416897
463	-1.76209507776
464	-1.4785380689
465	-4.69122804273
466	-12.5534567041
467	-1.52884578415
468	-1.90528312356
469	-1.79236497161
470	-9.02513668926
