#Site	lnL	
0	-1.56160707417
1	-1.80311155889
2	-1.81067746224
3	-1.70941205481
4	-6.345319848
5	-6.96735715078
6	-1.69962129768
7	-2.33335358913
8	-1.36704532467
9	-1.70941205481
10	-1.80311155889
11	-1.81067746224
12	-1.69962129768
13	-6.2984657353
14	-1.36704532467
15	-2.04339091383
16	-5.73713576195
17	-9.26195489787
18	-1.70941205481
19	-1.80311155889
20	-1.49758777974
21	-1.69962129768
22	-2.33335358913
23	-1.81067746224
24	-6.1665965477
25	-8.93275286091
26	-9.69127184041
27	-5.99695590539
28	-1.80311155889
29	-1.81067746224
30	-1.69962129768
31	-1.97259187956
32	-6.89184484144
33	-1.70941205481
34	-5.5309363886
35	-1.48863435699
36	-5.99695590539
37	-1.80311155889
38	-8.43658275738
39	-1.56160707417
40	-1.97259187956
41	-1.49758777974
42	-1.69962129768
43	-1.80311155889
44	-1.36704532467
45	-6.1925933736
46	-5.62637395978
47	-1.36704532467
48	-1.69962129768
49	-9.13931549483
50	-7.29998653249
51	-1.56160707417
52	-1.96173842788
53	-13.2212227014
54	-1.56160707417
55	-8.19216800648
56	-1.49758777974
57	-1.56160707417
58	-8.55598855361
59	-1.81067746224
60	-1.56160707417
61	-6.35604223148
62	-6.74160301437
63	-1.70941205481
64	-1.97259187956
65	-12.5415283645
66	-1.69962129768
67	-6.63111037322
68	-1.48863435699
69	-1.70941205481
70	-1.97259187956
71	-11.9086628722
72	-1.70941205481
73	-6.93074692838
74	-1.49758777974
75	-1.69962129768
76	-1.80311155889
77	-8.45430750287
78	-2.04339091383
79	-1.80311155889
80	-1.48863435699
81	-6.52816101068
82	-1.97259187956
83	-1.48863435699
84	-5.78103901726
85	-5.5309363886
86	-1.81067746224
87	-1.56160707417
88	-1.97259187956
89	-1.49758777974
90	-1.70941205481
91	-1.80311155889
92	-1.36704532467
93	-1.56160707417
94	-1.96173842788
95	-1.81067746224
96	-1.70941205481
97	-1.96173842788
98	-7.86201741106
99	-7.17277007048
100	-1.96173842788
101	-1.48863435699
102	-1.69962129768
103	-11.5035576395
104	-1.48863435699
105	-8.14779729887
106	-9.04905484475
107	-1.36704532467
108	-1.69962129768
109	-1.96173842788
110	-8.45430750287
111	-1.69962129768
112	-1.96173842788
113	-1.81067746224
114	-1.69962129768
115	-7.40766665503
116	-1.81067746224
117	-6.08142226448
118	-5.3074225189
119	-1.48863435699
120	-1.69962129768
121	-1.96173842788
122	-1.48863435699
123	-6.06043008123
124	-2.33335358913
125	-1.49758777974
126	-2.04339091383
127	-6.05634281653
128	-1.49758777974
129	-1.56160707417
130	-1.96173842788
131	-1.36704532467
132	-6.52816101068
133	-1.97259187956
134	-1.49758777974
135	-2.04339091383
136	-1.96173842788
137	-1.49758777974
138	-5.78103901726
139	-1.80311155889
140	-8.55827662251
141	-2.04339091383
142	-1.96173842788
143	-7.55514956118
144	-1.56160707417
145	-2.33335358913
146	-8.56729901893
147	-1.69962129768
148	-5.02619453727
149	-1.36704532467
150	-1.56160707417
151	-1.96173842788
152	-1.81067746224
153	-1.56160707417
154	-1.80311155889
155	-1.36704532467
156	-1.56160707417
157	-6.97512587532
158	-1.49758777974
159	-2.04339091383
160	-5.67528954682
161	-12.4010525763
162	-1.70941205481
163	-5.3799083972
164	-1.48863435699
165	-5.8333669356
166	-1.80311155889
167	-7.18919345031
168	-1.69962129768
169	-1.96173842788
170	-7.51933682238
171	-1.69962129768
172	-1.97259187956
173	-12.9904466909
174	-1.70941205481
175	-10.4725953243
176	-1.36704532467
177	-5.43592887802
178	-8.11503703196
179	-9.25298794545
180	-5.65395901371
181	-1.96173842788
182	-1.48863435699
183	-1.69962129768
184	-1.96173842788
185	-6.85443172528
186	-6.73063477299
187	-1.96173842788
188	-1.48863435699
189	-2.04339091383
190	-5.23065371739
191	-7.08898569391
192	-5.93319464055
193	-5.4514652344
194	-1.36704532467
195	-2.04339091383
196	-1.96173842788
197	-1.81067746224
198	-5.65132594754
199	-1.96173842788
200	-1.48863435699
201	-6.74305682742
202	-1.80311155889
203	-7.18382801244
204	-1.56160707417
205	-1.80311155889
206	-1.36704532467
207	-1.56160707417
208	-5.4514652344
209	-7.55514956118
210	-1.70941205481
211	-5.40598806641
212	-1.49758777974
213	-8.58267922781
214	-1.96173842788
215	-1.36704532467
216	-2.04339091383
217	-5.63502175556
218	-12.7894973588
219	-1.56160707417
220	-1.80311155889
221	-1.49758777974
222	-1.69962129768
223	-1.97259187956
224	-1.81067746224
225	-5.94965308442
226	-1.96173842788
227	-1.36704532467
228	-1.69962129768
229	-1.97259187956
230	-1.49758777974
231	-1.69962129768
232	-1.96173842788
233	-8.29173065411
234	-1.69962129768
235	-2.33335358913
236	-6.85443172528
237	-1.70941205481
238	-7.41767699994
239	-1.49758777974
240	-1.69962129768
241	-1.80311155889
242	-1.36704532467
243	-5.8333669356
244	-1.97259187956
245	-1.36704532467
246	-1.56160707417
247	-2.33335358913
248	-1.48863435699
249	-1.69962129768
250	-10.0776831811
251	-1.81067746224
252	-1.70941205481
253	-6.2984657353
254	-1.81067746224
255	-1.56160707417
256	-1.97259187956
257	-1.36704532467
258	-2.04339091383
259	-6.05634281653
260	-6.77958954554
261	-1.69962129768
262	-1.80311155889
263	-1.48863435699
264	-1.69962129768
265	-8.19216800648
266	-1.81067746224
267	-2.04339091383
268	-1.96173842788
269	-9.69127184041
270	-7.25739972901
271	-1.80311155889
272	-1.49758777974
273	-1.56160707417
274	-5.52192107941
275	-11.5592766248
276	-6.44912323049
277	-1.80311155889
278	-1.36704532467
279	-1.69962129768
280	-1.96173842788
281	-1.36704532467
282	-1.56160707417
283	-1.80311155889
284	-1.81067746224
285	-2.04339091383
286	-1.96173842788
287	-1.36704532467
288	-1.70941205481
289	-1.80311155889
290	-1.49758777974
291	-6.40851488516
292	-13.534554528
293	-6.89184484144
294	-1.70941205481
295	-2.33335358913
296	-1.36704532467
297	-1.70941205481
298	-5.40598806641
299	-6.77958954554
300	-11.4083628428
301	-1.80311155889
302	-9.4690568085
303	-1.70941205481
304	-2.33335358913
305	-1.49758777974
306	-5.65395901371
307	-2.33335358913
308	-1.48863435699
309	-1.70941205481
310	-8.59265033398
311	-13.2536974602
312	-1.56160707417
313	-1.97259187956
314	-1.81067746224
315	-6.39595323831
316	-1.96173842788
317	-15.3496289479
318	-2.04339091383
319	-1.96173842788
320	-7.55514956118
321	-1.70941205481
322	-2.33335358913
323	-6.55742629245
324	-1.56160707417
325	-5.50464092988
326	-12.2555939063
327	-1.69962129768
328	-6.00481910958
329	-1.48863435699
330	-10.0000667458
331	-5.3180400325
332	-7.07675657343
333	-2.04339091383
334	-1.80311155889
335	-7.07440970418
336	-1.69962129768
337	-5.49536233095
338	-1.81067746224
339	-6.07175016935
340	-1.96173842788
341	-1.81067746224
342	-2.04339091383
343	-2.33335358913
344	-1.36704532467
345	-6.39595323831
346	-1.80311155889
347	-6.89184484144
348	-1.69962129768
349	-1.97259187956
350	-7.62782826542
351	-1.56160707417
352	-1.80311155889
353	-1.49758777974
354	-1.70941205481
355	-1.97259187956
356	-1.49758777974
357	-1.56160707417
358	-1.96173842788
359	-6.96735715078
360	-1.56160707417
361	-1.80311155889
362	-1.81067746224
363	-1.70941205481
364	-5.3074225189
365	-1.48863435699
366	-1.69962129768
367	-5.23065371739
368	-1.49758777974
369	-1.69962129768
370	-1.80311155889
371	-6.55714087776
372	-2.04339091383
373	-1.96173842788
374	-1.49758777974
375	-1.69962129768
376	-1.96173842788
377	-1.48863435699
378	-1.70941205481
379	-1.96173842788
380	-1.48863435699
381	-1.56160707417
382	-5.3074225189
383	-1.36704532467
384	-1.56160707417
385	-5.66466396728
386	-7.08314540944
387	-8.10757070248
388	-1.97259187956
389	-1.49758777974
390	-1.70941205481
391	-8.06528219183
392	-15.2694101392
393	-9.13076298057
394	-5.1753625342
395	-1.36704532467
396	-1.70941205481
397	-2.33335358913
398	-7.07675657343
399	-6.08142226448
400	-6.05425980434
401	-1.36704532467
402	-10.6761262443
403	-5.49536233095
404	-1.81067746224
405	-1.56160707417
406	-1.97259187956
407	-1.36704532467
408	-1.56160707417
409	-1.97259187956
410	-1.49758777974
411	-2.04339091383
412	-9.60479707654
413	-7.63465745305
414	-1.70941205481
415	-1.80311155889
416	-1.49758777974
417	-6.07175016935
418	-5.3074225189
419	-1.49758777974
420	-1.70941205481
421	-1.96173842788
422	-1.48863435699
423	-1.56160707417
424	-5.40598806641
425	-1.49758777974
426	-1.69962129768
427	-8.77156919231
428	-6.89184484144
429	-1.56160707417
430	-5.3799083972
431	-7.73912702137
432	-5.43699100769
433	-2.33335358913
434	-1.49758777974
435	-1.69962129768
436	-7.74375605112
437	-1.36704532467
438	-1.69962129768
439	-11.9823942875
440	-1.81067746224
441	-2.04339091383
442	-1.97259187956
443	-1.49758777974
444	-1.56160707417
445	-8.62271307157
446	-1.81067746224
447	-1.56160707417
448	-10.0301409657
449	-1.49758777974
450	-6.39595323831
451	-9.09168562219
452	-13.3283505679
453	-5.65395901371
454	-1.97259187956
455	-1.49758777974
456	-1.56160707417
457	-1.97259187956
458	-1.81067746224
459	-5.70761752758
460	-5.4514652344
461	-7.29998653249
462	-1.70941205481
463	-5.22966054276
464	-1.48863435699
465	-5.94184479734
466	-6.00481910958
467	-1.48863435699
468	-1.70941205481
469	-5.73713576195
470	-1.48863435699
