#Site	lnL	
0	-13.8369321788
1	-2.71945989782
2	-2.71061762095
3	-14.0914913689
4	-2.71945989782
5	-2.43596994453
6	-1.90979204816
7	-6.79983096959
8	-2.71061762095
9	-9.67582004371
10	-2.44396579701
11	-11.3028783558
12	-2.10961598068
13	-2.1362480161
14	-2.129352075
15	-1.90979204816
16	-10.4778639879
17	-2.71061762095
18	-2.10961598068
19	-2.1362480161
20	-5.20709489876
21	-7.03467987837
22	-2.44396579701
23	-2.129352075
24	-2.10961598068
25	-10.4275878327
26	-2.35522771161
27	-1.90979204816
28	-2.44396579701
29	-4.67644506405
30	-11.2514072479
31	-2.3629499198
32	-2.35522771161
33	-7.03467987837
34	-8.78046629519
35	-5.32541641814
36	-2.10961598068
37	-9.69553676264
38	-2.129352075
39	-2.18175459154
40	-2.71945989782
41	-2.43596994453
42	-1.90979204816
43	-2.71945989782
44	-8.01557995914
45	-2.42986607161
46	-2.1362480161
47	-5.76369770902
48	-9.27810658129
49	-2.71945989782
50	-4.78371867928
51	-1.90979204816
52	-11.5081256313
53	-2.43596994453
54	-2.10961598068
55	-4.68524904095
56	-5.26773254285
57	-18.0180964783
58	-2.1362480161
59	-9.28722563584
60	-2.10961598068
61	-8.58985750669
62	-8.38612441861
63	-1.90979204816
64	-5.80132005332
65	-2.43596994453
66	-2.10961598068
67	-2.1362480161
68	-8.44538124105
69	-7.19124279805
70	-6.67013937153
71	-6.19230308094
72	-1.90979204816
73	-2.1362480161
74	-4.69099788889
75	-1.90979204816
76	-2.3629499198
77	-2.43596994453
78	-6.52041036047
79	-2.44396579701
80	-2.71061762095
81	-2.18175459154
82	-4.68524904095
83	-2.43596994453
84	-1.90979204816
85	-2.1362480161
86	-2.129352075
87	-7.12864358533
88	-8.49009805895
89	-2.43596994453
90	-1.90979204816
91	-2.1362480161
92	-13.4858116107
93	-6.06094166909
94	-2.1362480161
95	-2.35522771161
96	-2.10961598068
97	-6.76146395368
98	-8.8457885537
99	-2.10961598068
100	-2.1362480161
101	-4.78371867928
102	-2.10961598068
103	-2.71945989782
104	-2.43596994453
105	-1.90979204816
106	-2.71945989782
107	-10.6813514141
108	-2.18175459154
109	-2.3629499198
110	-10.1214765025
111	-2.10961598068
112	-2.44396579701
113	-2.43596994453
114	-2.10961598068
115	-2.3629499198
116	-2.35522771161
117	-2.42986607161
118	-2.44396579701
119	-2.129352075
120	-2.42986607161
121	-6.82210159777
122	-6.80596014447
123	-5.60019378555
124	-2.3629499198
125	-7.40349255618
126	-6.07166616994
127	-6.42835865921
128	-2.129352075
129	-2.42986607161
130	-2.71945989782
131	-2.129352075
132	-2.18175459154
133	-2.1362480161
134	-2.35522771161
135	-6.04548088447
136	-2.1362480161
137	-4.68022102516
138	-11.1492855441
139	-5.19956793221
140	-2.129352075
141	-2.10961598068
142	-2.71945989782
143	-10.1864283196
144	-2.18175459154
145	-2.1362480161
146	-2.71061762095
147	-5.01715547588
148	-5.31866978038
149	-6.29984305923
150	-2.18175459154
151	-7.92861264097
152	-2.71061762095
153	-5.63591484687
154	-2.44396579701
155	-2.43596994453
156	-6.03847507643
157	-2.1362480161
158	-4.68022102516
159	-1.90979204816
160	-5.74099140692
161	-2.71061762095
162	-6.1370807478
163	-6.31320560676
164	-2.43596994453
165	-2.10961598068
166	-6.17591308185
167	-2.43596994453
168	-1.90979204816
169	-2.44396579701
170	-2.71061762095
171	-1.90979204816
172	-8.09904319064
173	-2.35522771161
174	-2.10961598068
175	-6.76146395368
176	-2.43596994453
177	-2.18175459154
178	-4.67049960408
179	-11.4421166331
180	-2.10961598068
181	-2.1362480161
182	-2.129352075
183	-2.18175459154
184	-2.1362480161
185	-2.129352075
186	-2.42986607161
187	-2.44396579701
188	-2.71061762095
189	-2.10961598068
190	-2.71945989782
191	-8.26604034675
192	-12.9744461907
193	-7.33762499081
194	-9.64857852203
195	-2.18175459154
196	-2.3629499198
197	-8.61062806818
198	-6.1370807478
199	-2.3629499198
200	-2.35522771161
201	-2.18175459154
202	-2.1362480161
203	-2.43596994453
204	-1.90979204816
205	-10.442840035
206	-2.129352075
207	-1.90979204816
208	-5.71233848924
209	-2.129352075
210	-12.1822441273
211	-2.1362480161
212	-2.129352075
213	-10.8743188535
214	-2.1362480161
215	-2.43596994453
216	-9.32443184165
217	-5.73256643338
218	-12.6679703317
219	-6.06094166909
220	-10.165399506
221	-7.64013190251
222	-1.90979204816
223	-2.1362480161
224	-2.35522771161
225	-2.18175459154
226	-8.49009805895
227	-6.80596014447
228	-2.42986607161
229	-7.86769844375
230	-2.71061762095
231	-8.57856925581
232	-2.71945989782
233	-11.0861226244
234	-2.10961598068
235	-5.84748002619
236	-2.129352075
237	-1.90979204816
238	-2.44396579701
239	-2.129352075
240	-1.90979204816
241	-7.92861264097
242	-6.76825733221
243	-2.18175459154
244	-7.89663805168
245	-13.5488783863
246	-2.42986607161
247	-2.1362480161
248	-2.129352075
249	-2.10961598068
250	-6.17591308185
251	-5.32541641814
252	-7.19124279805
253	-5.2602055763
254	-2.35522771161
255	-1.90979204816
256	-2.44396579701
257	-5.26773254285
258	-2.42986607161
259	-2.1362480161
260	-2.35522771161
261	-2.10961598068
262	-5.24357272064
263	-2.71061762095
264	-7.9315005684
265	-2.44396579701
266	-2.129352075
267	-5.01715547588
268	-2.71945989782
269	-2.129352075
270	-1.90979204816
271	-5.31866978038
272	-9.24037486497
273	-2.10961598068
274	-2.71945989782
275	-6.86083654724
276	-2.18175459154
277	-8.82186724842
278	-2.129352075
279	-1.90979204816
280	-6.45324455162
281	-8.43681467796
282	-7.14529576268
283	-2.3629499198
284	-12.2055115811
285	-2.10961598068
286	-2.44396579701
287	-2.129352075
288	-6.04548088447
289	-2.1362480161
290	-5.72794370191
291	-2.42986607161
292	-2.1362480161
293	-2.129352075
294	-2.10961598068
295	-2.1362480161
296	-6.86824598673
297	-2.18175459154
298	-4.77857582811
299	-2.71061762095
300	-2.42986607161
301	-2.71945989782
302	-5.72794370191
303	-2.10961598068
304	-6.34917548174
305	-4.67644506405
306	-1.90979204816
307	-6.17591308185
308	-7.26885560391
309	-1.90979204816
310	-5.72037588672
311	-2.35522771161
312	-2.42986607161
313	-10.3998681503
314	-2.129352075
315	-2.10961598068
316	-7.9287990682
317	-7.34338552335
318	-1.90979204816
319	-2.44396579701
320	-4.78371867928
321	-2.10961598068
322	-2.3629499198
323	-6.93691013378
324	-2.10961598068
325	-5.81904472304
326	-6.19230308094
327	-1.90979204816
328	-2.1362480161
329	-2.43596994453
330	-2.18175459154
331	-4.67049960408
332	-4.69099788889
333	-2.10961598068
334	-2.3629499198
335	-2.35522771161
336	-2.18175459154
337	-2.71945989782
338	-2.35522771161
339	-2.10961598068
340	-4.67367984076
341	-5.72794370191
342	-1.90979204816
343	-2.44396579701
344	-2.129352075
345	-1.90979204816
346	-2.44396579701
347	-4.69099788889
348	-8.22177227481
349	-9.85626681407
350	-2.43596994453
351	-2.18175459154
352	-2.3629499198
353	-2.43596994453
354	-2.42986607161
355	-9.50920798241
356	-2.129352075
357	-1.90979204816
358	-2.71945989782
359	-2.71061762095
360	-2.42986607161
361	-2.3629499198
362	-6.211347598
363	-2.18175459154
364	-9.30845199631
365	-2.71061762095
366	-5.00290517631
367	-4.67049960408
368	-2.129352075
369	-2.18175459154
370	-2.71945989782
371	-2.129352075
372	-2.18175459154
373	-2.1362480161
374	-2.35522771161
375	-2.10961598068
376	-5.24357272064
377	-6.29984305923
378	-2.42986607161
379	-4.77857582811
380	-5.72752512466
381	-5.01715547588
382	-2.44396579701
383	-2.35522771161
384	-1.90979204816
385	-2.71945989782
386	-6.4343432795
387	-2.42986607161
388	-2.3629499198
389	-5.73986697442
390	-2.42986607161
391	-12.8305223905
392	-2.129352075
393	-1.90979204816
394	-6.93044178357
395	-2.71061762095
396	-2.42986607161
397	-2.44396579701
398	-2.35522771161
399	-2.10961598068
400	-2.44396579701
401	-2.129352075
402	-5.57527720278
403	-2.44396579701
404	-2.129352075
405	-2.18175459154
406	-11.6710533825
407	-2.35522771161
408	-6.1370807478
409	-2.71945989782
410	-2.35522771161
411	-2.10961598068
412	-2.3629499198
413	-4.69099788889
414	-2.10961598068
415	-6.17591308185
416	-7.26387478129
417	-1.90979204816
418	-5.74099140692
419	-4.67644506405
420	-11.3363806037
421	-2.1362480161
422	-8.73538674354
423	-2.42986607161
424	-2.71945989782
425	-5.68879431695
426	-2.42986607161
427	-9.61268051379
428	-2.71061762095
429	-6.08368639199
430	-2.44396579701
431	-6.93691013378
432	-1.90979204816
433	-10.3375288627
434	-2.129352075
435	-6.72222648966
436	-2.3629499198
437	-2.43596994453
438	-2.10961598068
439	-6.93044178357
440	-6.19230308094
441	-2.42986607161
442	-2.44396579701
443	-6.9022017829
444	-2.18175459154
445	-5.81904472304
446	-2.129352075
447	-6.08368639199
448	-5.73256643338
449	-5.71906582384
450	-1.90979204816
451	-2.1362480161
452	-2.35522771161
453	-1.90979204816
454	-2.44396579701
455	-6.211347598
456	-2.18175459154
457	-6.31320560676
458	-6.36048070332
459	-2.10961598068
460	-4.67049960408
461	-2.35522771161
462	-2.10961598068
463	-2.44396579701
464	-4.67644506405
465	-2.18175459154
466	-6.79983096959
467	-2.43596994453
468	-2.10961598068
469	-2.1362480161
470	-6.38416401749
