#Site	lnL	
0	-1.91314154344
1	-1.71591478379
2	-6.66513713813
3	-1.5098641704
4	-2.16262393259
5	-1.34114910099
6	-6.72405817659
7	-5.35584180434
8	-1.34114910099
9	-1.91314154344
10	-5.46780130083
11	-5.76429759615
12	-1.73350359533
13	-1.96633318582
14	-6.47118906085
15	-1.64050975511
16	-1.71591478379
17	-6.37268045141
18	-1.73350359533
19	-5.95023221866
20	-1.7096018485
21	-1.5098641704
22	-4.67941671989
23	-1.54322719172
24	-1.91314154344
25	-1.86315316113
26	-11.8616838685
27	-10.8623914945
28	-1.96633318582
29	-1.45840157458
30	-1.73350359533
31	-1.71591478379
32	-1.45840157458
33	-1.5098641704
34	-2.16262393259
35	-1.54322719172
36	-1.64050975511
37	-1.71591478379
38	-6.01225553262
39	-1.73350359533
40	-1.86315316113
41	-6.47587525507
42	-1.5098641704
43	-1.71591478379
44	-1.7096018485
45	-6.18557078934
46	-6.81712712644
47	-1.34114910099
48	-1.5098641704
49	-5.59652193473
50	-1.45840157458
51	-1.5098641704
52	-1.71591478379
53	-5.76429759615
54	-1.64050975511
55	-9.555692254
56	-1.7096018485
57	-1.73350359533
58	-11.8397680733
59	-7.4694274386
60	-5.23072742491
61	-8.40621433663
62	-1.7096018485
63	-1.73350359533
64	-5.95547184823
65	-1.45840157458
66	-1.73350359533
67	-7.62315943873
68	-11.5654427249
69	-1.5098641704
70	-10.7189542872
71	-6.74183775911
72	-1.64050975511
73	-1.71591478379
74	-1.7096018485
75	-16.5974875409
76	-1.96633318582
77	-6.66513713813
78	-1.73350359533
79	-5.85137521567
80	-5.72729569075
81	-1.73350359533
82	-1.71591478379
83	-1.7096018485
84	-1.5098641704
85	-1.71591478379
86	-1.54322719172
87	-1.73350359533
88	-4.85213208414
89	-6.74845990368
90	-7.27976731611
91	-1.86315316113
92	-6.81011107383
93	-1.73350359533
94	-4.85213208414
95	-1.34114910099
96	-1.91314154344
97	-6.09091724669
98	-1.54322719172
99	-1.73350359533
100	-1.86315316113
101	-1.34114910099
102	-5.0197240067
103	-7.42473827146
104	-1.45840157458
105	-1.73350359533
106	-1.71591478379
107	-1.34114910099
108	-1.73350359533
109	-1.96633318582
110	-6.37268045141
111	-1.5098641704
112	-4.86554204818
113	-1.7096018485
114	-5.29309774359
115	-4.86554204818
116	-1.45840157458
117	-1.5098641704
118	-1.86315316113
119	-1.34114910099
120	-1.64050975511
121	-1.71591478379
122	-1.7096018485
123	-1.73350359533
124	-2.16262393259
125	-6.80314376442
126	-1.73350359533
127	-1.86315316113
128	-9.09107001582
129	-1.73350359533
130	-5.95547184823
131	-6.53272146593
132	-11.3901844177
133	-1.86315316113
134	-1.7096018485
135	-1.5098641704
136	-1.86315316113
137	-6.47587525507
138	-6.43777505319
139	-4.59083161805
140	-9.23953897057
141	-5.85782792281
142	-7.62315943873
143	-1.34114910099
144	-1.5098641704
145	-8.60894040759
146	-7.20723255112
147	-1.91314154344
148	-1.96633318582
149	-1.45840157458
150	-1.91314154344
151	-1.86315316113
152	-1.34114910099
153	-1.91314154344
154	-5.85403936433
155	-11.6654195989
156	-5.25960217332
157	-2.16262393259
158	-6.47587525507
159	-7.62684644696
160	-1.96633318582
161	-6.45663707054
162	-1.5098641704
163	-1.96633318582
164	-7.01638177399
165	-1.73350359533
166	-1.71591478379
167	-1.54322719172
168	-1.64050975511
169	-1.86315316113
170	-7.66497339199
171	-1.91314154344
172	-1.86315316113
173	-6.47587525507
174	-5.577718867
175	-1.71591478379
176	-1.54322719172
177	-1.64050975511
178	-1.86315316113
179	-1.7096018485
180	-1.5098641704
181	-1.71591478379
182	-1.34114910099
183	-1.5098641704
184	-1.86315316113
185	-1.45840157458
186	-6.2270325374
187	-6.91876217111
188	-6.01537231544
189	-1.64050975511
190	-6.33657757321
191	-1.45840157458
192	-1.73350359533
193	-5.35584180434
194	-1.7096018485
195	-1.64050975511
196	-6.95449921853
197	-7.553739245
198	-1.64050975511
199	-2.16262393259
200	-6.01537231544
201	-1.5098641704
202	-1.86315316113
203	-6.80314376442
204	-6.32643409063
205	-6.33657757321
206	-1.34114910099
207	-1.5098641704
208	-1.86315316113
209	-1.34114910099
210	-1.5098641704
211	-7.8486381627
212	-1.34114910099
213	-1.64050975511
214	-1.71591478379
215	-1.7096018485
216	-1.91314154344
217	-5.37005248644
218	-7.553739245
219	-1.5098641704
220	-11.9135684195
221	-1.45840157458
222	-6.32643409063
223	-1.71591478379
224	-1.54322719172
225	-1.64050975511
226	-2.16262393259
227	-6.01537231544
228	-1.91314154344
229	-4.57521475014
230	-1.45840157458
231	-1.91314154344
232	-4.88016948632
233	-6.81011107383
234	-1.5098641704
235	-6.51437714624
236	-1.45840157458
237	-1.5098641704
238	-4.86554204818
239	-1.45840157458
240	-1.73350359533
241	-1.86315316113
242	-5.72729569075
243	-1.5098641704
244	-1.71591478379
245	-6.05651533979
246	-1.5098641704
247	-9.71716589978
248	-1.45840157458
249	-1.91314154344
250	-1.96633318582
251	-1.45840157458
252	-9.92618196796
253	-1.86315316113
254	-5.76429759615
255	-5.23072742491
256	-1.86315316113
257	-1.45840157458
258	-12.3436151154
259	-1.71591478379
260	-1.34114910099
261	-1.64050975511
262	-1.71591478379
263	-6.74183775911
264	-1.5098641704
265	-4.59083161805
266	-1.54322719172
267	-1.73350359533
268	-2.16262393259
269	-6.0698057173
270	-1.91314154344
271	-1.71591478379
272	-1.34114910099
273	-1.64050975511
274	-1.71591478379
275	-9.19607469241
276	-1.64050975511
277	-1.71591478379
278	-1.34114910099
279	-6.32698088808
280	-1.86315316113
281	-1.45840157458
282	-1.73350359533
283	-5.46134695501
284	-1.45840157458
285	-1.73350359533
286	-2.16262393259
287	-6.98127384588
288	-1.5098641704
289	-1.96633318582
290	-1.34114910099
291	-6.31611372652
292	-1.96633318582
293	-6.74845990368
294	-1.73350359533
295	-4.59598387108
296	-7.12292074472
297	-5.25960217332
298	-1.71591478379
299	-18.1608143194
300	-1.73350359533
301	-1.71591478379
302	-7.02309536313
303	-1.91314154344
304	-2.16262393259
305	-1.34114910099
306	-5.5597335229
307	-4.86554204818
308	-1.54322719172
309	-1.64050975511
310	-2.16262393259
311	-1.54322719172
312	-1.5098641704
313	-5.46780130083
314	-6.47587525507
315	-1.5098641704
316	-2.16262393259
317	-1.54322719172
318	-1.73350359533
319	-1.96633318582
320	-1.34114910099
321	-1.64050975511
322	-1.71591478379
323	-1.34114910099
324	-1.91314154344
325	-4.85213208414
326	-6.45663707054
327	-1.5098641704
328	-10.3186091615
329	-6.7304332391
330	-1.91314154344
331	-1.96633318582
332	-6.01225553262
333	-4.95092148923
334	-5.24684297907
335	-6.47118906085
336	-1.5098641704
337	-5.37725477897
338	-1.34114910099
339	-1.64050975511
340	-6.09091724669
341	-7.66497339199
342	-1.91314154344
343	-1.86315316113
344	-1.45840157458
345	-6.24443192338
346	-9.52889676596
347	-1.54322719172
348	-1.64050975511
349	-8.84000270556
350	-1.54322719172
351	-5.29309774359
352	-1.71591478379
353	-6.98127384588
354	-1.5098641704
355	-4.57521475014
356	-13.4607697194
357	-1.5098641704
358	-1.71591478379
359	-1.45840157458
360	-1.5098641704
361	-1.86315316113
362	-1.45840157458
363	-1.73350359533
364	-4.59598387108
365	-1.7096018485
366	-13.1670703735
367	-1.71591478379
368	-5.78417749631
369	-1.5098641704
370	-1.96633318582
371	-1.54322719172
372	-1.5098641704
373	-8.58399269136
374	-1.45840157458
375	-1.73350359533
376	-8.94062221237
377	-1.7096018485
378	-1.73350359533
379	-2.16262393259
380	-6.51274329654
381	-1.5098641704
382	-5.59652193473
383	-1.45840157458
384	-1.73350359533
385	-1.96633318582
386	-7.02309536313
387	-1.91314154344
388	-1.96633318582
389	-6.98127384588
390	-6.31611372652
391	-1.86315316113
392	-1.7096018485
393	-5.94037670757
394	-1.96633318582
395	-1.54322719172
396	-1.64050975511
397	-2.16262393259
398	-1.34114910099
399	-5.25960217332
400	-1.96633318582
401	-1.7096018485
402	-1.73350359533
403	-5.55253759441
404	-1.7096018485
405	-11.0185191107
406	-1.71591478379
407	-1.45840157458
408	-1.73350359533
409	-1.71591478379
410	-1.45840157458
411	-1.5098641704
412	-1.96633318582
413	-5.78417749631
414	-1.5098641704
415	-2.16262393259
416	-6.0698057173
417	-1.91314154344
418	-1.86315316113
419	-12.3665968043
420	-8.03464553053
421	-1.71591478379
422	-6.74183775911
423	-5.23072742491
424	-1.86315316113
425	-1.7096018485
426	-1.5098641704
427	-5.37725477897
428	-1.34114910099
429	-1.73350359533
430	-5.85403936433
431	-1.7096018485
432	-5.85782792281
433	-1.86315316113
434	-1.45840157458
435	-1.64050975511
436	-1.96633318582
437	-1.7096018485
438	-6.34610725419
439	-11.1649895693
440	-1.54322719172
441	-6.72405817659
442	-1.71591478379
443	-1.45840157458
444	-1.64050975511
445	-4.59598387108
446	-1.45840157458
447	-1.64050975511
448	-4.67941671989
449	-1.45840157458
450	-1.91314154344
451	-4.93740993346
452	-1.34114910099
453	-1.91314154344
454	-5.46134695501
455	-1.7096018485
456	-1.5098641704
457	-4.93740993346
458	-1.45840157458
459	-1.5098641704
460	-9.42705667058
461	-8.71707564322
462	-1.5098641704
463	-1.96633318582
464	-1.34114910099
465	-5.0197240067
466	-1.71591478379
467	-5.78417749631
468	-1.73350359533
469	-1.96633318582
470	-6.51274329654
