#Site	lnL	
0	-5.9295315441
1	-2.11071045191
2	-2.06171062254
3	-1.60044144173
4	-5.45483769543
5	-2.06171062254
6	-1.60044144173
7	-5.72136790476
8	-2.13972389002
9	-1.53646861729
10	-2.06216268179
11	-2.06171062254
12	-5.83560848235
13	-6.13837841712
14	-2.13972389002
15	-1.75329375282
16	-1.81789783713
17	-2.06171062254
18	-1.79499647872
19	-1.88925298007
20	-2.13972389002
21	-1.75329375282
22	-5.22939878067
23	-2.33055762077
24	-5.01362841244
25	-2.11071045191
26	-5.55485902903
27	-1.75329375282
28	-2.06216268179
29	-5.32159662539
30	-1.53646861729
31	-5.72136790476
32	-2.06171062254
33	-6.61945475997
34	-6.16058911602
35	-2.33055762077
36	-1.53646861729
37	-9.42325766884
38	-2.06171062254
39	-1.53646861729
40	-7.57116551543
41	-2.06171062254
42	-5.68184565572
43	-11.6858589898
44	-2.385154078
45	-1.60044144173
46	-7.61925252139
47	-7.29029526674
48	-6.54332259112
49	-1.88925298007
50	-8.04008267488
51	-1.60044144173
52	-4.60129897883
53	-2.33055762077
54	-8.24100753123
55	-1.81789783713
56	-4.46586452724
57	-11.4784674341
58	-8.41700657553
59	-2.13972389002
60	-1.79499647872
61	-4.57007227994
62	-5.79351460004
63	-1.75329375282
64	-1.88925298007
65	-6.08903692049
66	-1.53646861729
67	-1.88925298007
68	-10.0948194769
69	-1.60044144173
70	-5.48686191858
71	-2.13972389002
72	-1.60044144173
73	-4.96222191663
74	-2.06171062254
75	-1.79499647872
76	-1.81789783713
77	-7.36276057035
78	-1.53646861729
79	-1.88925298007
80	-2.06171062254
81	-1.75329375282
82	-2.06216268179
83	-2.385154078
84	-1.60044144173
85	-1.88925298007
86	-2.385154078
87	-6.61945475997
88	-1.81789783713
89	-2.33055762077
90	-1.60044144173
91	-2.11071045191
92	-2.33055762077
93	-1.75329375282
94	-8.36120011299
95	-8.18431094715
96	-1.75329375282
97	-2.11071045191
98	-5.43755935474
99	-1.75329375282
100	-4.57007227994
101	-2.06171062254
102	-1.75329375282
103	-4.53662197562
104	-11.1197430805
105	-1.79499647872
106	-5.55634013605
107	-2.06171062254
108	-1.79499647872
109	-8.30207108564
110	-9.55152102932
111	-1.75329375282
112	-1.81789783713
113	-2.385154078
114	-5.45461687837
115	-2.11071045191
116	-2.13972389002
117	-8.84300175015
118	-2.06216268179
119	-2.33055762077
120	-1.53646861729
121	-2.11071045191
122	-4.38195082634
123	-1.79499647872
124	-4.57007227994
125	-2.13972389002
126	-1.79499647872
127	-7.61925252139
128	-2.385154078
129	-1.53646861729
130	-5.93336033867
131	-2.385154078
132	-5.9699030817
133	-1.88925298007
134	-2.385154078
135	-1.60044144173
136	-2.11071045191
137	-2.06171062254
138	-1.75329375282
139	-2.06216268179
140	-2.13972389002
141	-1.53646861729
142	-1.81789783713
143	-5.79351460004
144	-5.94196391629
145	-2.06216268179
146	-2.385154078
147	-1.53646861729
148	-8.01667532954
149	-2.33055762077
150	-5.01362841244
151	-1.88925298007
152	-2.33055762077
153	-1.53646861729
154	-2.11071045191
155	-10.9781376475
156	-1.53646861729
157	-4.9510557326
158	-12.6281124467
159	-1.75329375282
160	-2.06216268179
161	-6.96580785537
162	-1.75329375282
163	-1.81789783713
164	-2.06171062254
165	-9.86073806349
166	-2.06216268179
167	-2.13972389002
168	-1.79499647872
169	-7.59644591837
170	-2.06171062254
171	-1.79499647872
172	-4.5899903868
173	-2.33055762077
174	-1.75329375282
175	-2.06216268179
176	-7.29029526674
177	-1.79499647872
178	-7.6160378769
179	-2.385154078
180	-1.60044144173
181	-5.48686191858
182	-2.33055762077
183	-1.79499647872
184	-2.11071045191
185	-2.13972389002
186	-1.75329375282
187	-2.06216268179
188	-2.33055762077
189	-1.79499647872
190	-11.1566878088
191	-2.33055762077
192	-5.68184565572
193	-1.81789783713
194	-8.15967578285
195	-1.60044144173
196	-5.36394424594
197	-8.19315317069
198	-1.60044144173
199	-2.11071045191
200	-2.06171062254
201	-5.9699030817
202	-1.81789783713
203	-2.06171062254
204	-1.79499647872
205	-5.92062068464
206	-13.7883343493
207	-1.60044144173
208	-1.81789783713
209	-8.19315317069
210	-5.58382029625
211	-12.1493693846
212	-2.33055762077
213	-1.79499647872
214	-2.06216268179
215	-7.35995844357
216	-1.79499647872
217	-6.05516614991
218	-2.06171062254
219	-1.60044144173
220	-12.1624435649
221	-5.90927173499
222	-1.53646861729
223	-1.88925298007
224	-4.77662386286
225	-1.60044144173
226	-1.88925298007
227	-8.73699520161
228	-1.53646861729
229	-6.34172308565
230	-2.13972389002
231	-1.79499647872
232	-5.55634013605
233	-2.06171062254
234	-1.60044144173
235	-1.81789783713
236	-5.33389869806
237	-1.60044144173
238	-2.06216268179
239	-2.06171062254
240	-6.8084061243
241	-2.11071045191
242	-5.02018685626
243	-8.8414122889
244	-5.46225720346
245	-2.13972389002
246	-1.60044144173
247	-1.81789783713
248	-6.02074337739
249	-1.53646861729
250	-1.88925298007
251	-5.32159662539
252	-1.53646861729
253	-2.06216268179
254	-2.385154078
255	-1.75329375282
256	-2.11071045191
257	-2.13972389002
258	-1.60044144173
259	-5.48686191858
260	-7.46726194105
261	-1.79499647872
262	-5.48686191858
263	-2.385154078
264	-1.75329375282
265	-4.5899903868
266	-2.06171062254
267	-1.60044144173
268	-7.87225402492
269	-2.13972389002
270	-1.60044144173
271	-5.72136790476
272	-5.26706456437
273	-1.60044144173
274	-1.88925298007
275	-2.385154078
276	-1.75329375282
277	-1.81789783713
278	-2.06171062254
279	-13.7272881707
280	-1.88925298007
281	-2.33055762077
282	-1.75329375282
283	-5.52148709772
284	-2.13972389002
285	-1.79499647872
286	-5.86948022617
287	-4.38195082634
288	-1.53646861729
289	-6.27580510879
290	-5.07835127642
291	-1.75329375282
292	-5.65103243095
293	-5.21289674169
294	-6.49001874247
295	-6.32983964283
296	-5.43755935474
297	-1.53646861729
298	-5.48686191858
299	-5.60285457351
300	-1.53646861729
301	-1.81789783713
302	-2.06171062254
303	-1.75329375282
304	-2.11071045191
305	-2.13972389002
306	-1.60044144173
307	-6.03296027353
308	-2.385154078
309	-1.79499647872
310	-13.1591865902
311	-6.25937393879
312	-1.53646861729
313	-1.81789783713
314	-2.385154078
315	-1.75329375282
316	-9.76738667114
317	-2.13972389002
318	-1.60044144173
319	-8.03727938071
320	-5.84105930667
321	-1.75329375282
322	-1.81789783713
323	-2.385154078
324	-6.3548282625
325	-8.6176540413
326	-8.83750723131
327	-6.10650017394
328	-1.88925298007
329	-2.06171062254
330	-1.60044144173
331	-2.11071045191
332	-2.385154078
333	-6.49001874247
334	-2.11071045191
335	-5.3019360762
336	-5.44927483097
337	-5.18945069398
338	-2.06171062254
339	-5.94068788595
340	-2.06216268179
341	-2.13972389002
342	-1.75329375282
343	-5.22939878067
344	-2.33055762077
345	-6.3548282625
346	-2.11071045191
347	-2.33055762077
348	-10.8166108259
349	-1.81789783713
350	-2.13972389002
351	-1.53646861729
352	-8.67183438224
353	-2.33055762077
354	-1.53646861729
355	-4.60129897883
356	-5.3500812455
357	-1.75329375282
358	-5.18945069398
359	-5.95456765135
360	-1.79499647872
361	-5.46225720346
362	-5.79351460004
363	-1.60044144173
364	-2.06216268179
365	-2.06171062254
366	-7.660018334
367	-1.88925298007
368	-4.77662386286
369	-1.60044144173
370	-2.06216268179
371	-2.385154078
372	-1.53646861729
373	-5.42380572479
374	-2.13972389002
375	-1.60044144173
376	-1.88925298007
377	-5.99231539834
378	-1.75329375282
379	-1.88925298007
380	-2.13972389002
381	-1.53646861729
382	-1.81789783713
383	-2.33055762077
384	-1.53646861729
385	-1.88925298007
386	-6.14905137446
387	-1.60044144173
388	-6.03296027353
389	-7.5930566519
390	-1.75329375282
391	-6.20717762038
392	-5.43755935474
393	-1.60044144173
394	-1.81789783713
395	-7.07376509264
396	-1.79499647872
397	-1.81789783713
398	-2.33055762077
399	-1.53646861729
400	-6.34172308565
401	-5.26706456437
402	-1.75329375282
403	-6.05516614991
404	-5.39075302599
405	-1.79499647872
406	-2.11071045191
407	-5.33389869806
408	-8.23182100393
409	-1.81789783713
410	-2.33055762077
411	-1.75329375282
412	-5.1266712288
413	-2.06171062254
414	-1.60044144173
415	-1.81789783713
416	-2.06171062254
417	-7.61101352601
418	-1.81789783713
419	-2.06171062254
420	-5.9295315441
421	-6.51040641116
422	-5.26706456437
423	-1.60044144173
424	-4.57007227994
425	-2.33055762077
426	-6.77055136847
427	-2.11071045191
428	-2.33055762077
429	-1.60044144173
430	-1.88925298007
431	-2.385154078
432	-6.58951723333
433	-5.1266712288
434	-2.385154078
435	-1.53646861729
436	-1.81789783713
437	-2.33055762077
438	-1.75329375282
439	-2.11071045191
440	-2.13972389002
441	-1.53646861729
442	-2.06216268179
443	-2.06171062254
444	-1.75329375282
445	-5.1266712288
446	-5.88112794449
447	-1.75329375282
448	-5.55634013605
449	-2.06171062254
450	-1.79499647872
451	-5.52148709772
452	-2.385154078
453	-5.94068788595
454	-2.11071045191
455	-4.45927466274
456	-1.75329375282
457	-2.11071045191
458	-2.06171062254
459	-6.68694550911
460	-1.81789783713
461	-4.77662386286
462	-1.60044144173
463	-6.10125365681
464	-8.39342960958
465	-6.58951723333
466	-2.11071045191
467	-10.394303948
468	-1.53646861729
469	-1.88925298007
470	-8.17916368106
