#Site	lnL	
0	-1.55730491723
1	-6.65404245823
2	-2.91759990501
3	-1.84105903089
4	-1.77436807959
5	-2.91759990501
6	-1.99503505084
7	-2.08516218966
8	-6.24722054762
9	-1.55730491723
10	-1.77436807959
11	-3.38512202906
12	-5.9031234675
13	-8.94883850932
14	-3.38512202906
15	-1.84105903089
16	-2.08516218966
17	-6.304414146
18	-1.84105903089
19	-5.95520515892
20	-3.17130372159
21	-6.2236599584
22	-6.07228702645
23	-6.19973251527
24	-1.55730491723
25	-2.08516218966
26	-3.63424769297
27	-1.71033534701
28	-2.25307979114
29	-3.38512202906
30	-1.71033534701
31	-4.9841174994
32	-2.91759990501
33	-1.71033534701
34	-1.94223755215
35	-3.63424769297
36	-1.71033534701
37	-1.77436807959
38	-6.02915862372
39	-1.71033534701
40	-2.08516218966
41	-2.91759990501
42	-1.55730491723
43	-1.94223755215
44	-3.17130372159
45	-1.55730491723
46	-5.98473386526
47	-3.38512202906
48	-1.55730491723
49	-2.08516218966
50	-2.91759990501
51	-1.55730491723
52	-6.65784220037
53	-8.22486226243
54	-1.84105903089
55	-1.77436807959
56	-3.17130372159
57	-1.71033534701
58	-1.94223755215
59	-3.63424769297
60	-6.50509202257
61	-6.07228702645
62	-3.17130372159
63	-6.90700992978
64	-2.25307979114
65	-7.02433327849
66	-1.71033534701
67	-6.77480788965
68	-11.1801159927
69	-1.99503505084
70	-2.08516218966
71	-6.10863798587
72	-1.84105903089
73	-9.52340982228
74	-3.17130372159
75	-9.13906295154
76	-1.77436807959
77	-3.63424769297
78	-1.84105903089
79	-1.77436807959
80	-3.38512202906
81	-1.84105903089
82	-5.98473386526
83	-3.38512202906
84	-1.71033534701
85	-1.77436807959
86	-2.91759990501
87	-5.9223232701
88	-2.25307979114
89	-2.91759990501
90	-1.71033534701
91	-4.95218691444
92	-3.38512202906
93	-1.55730491723
94	-6.22352173951
95	-2.91759990501
96	-5.49529936024
97	-6.77480788965
98	-2.91759990501
99	-1.55730491723
100	-6.02080165477
101	-2.91759990501
102	-6.4895732221
103	-2.25307979114
104	-6.98472504827
105	-1.55730491723
106	-8.37702584802
107	-3.17130372159
108	-1.71033534701
109	-5.53999293886
110	-3.38512202906
111	-6.33737717316
112	-2.25307979114
113	-6.24722054762
114	-1.71033534701
115	-6.65404245823
116	-3.17130372159
117	-1.99503505084
118	-1.94223755215
119	-6.72670655223
120	-6.4148364466
121	-6.02080165477
122	-3.38512202906
123	-1.55730491723
124	-2.08516218966
125	-3.17130372159
126	-1.84105903089
127	-8.33653312382
128	-2.91759990501
129	-1.84105903089
130	-1.77436807959
131	-6.1583971031
132	-6.32175273852
133	-2.25307979114
134	-3.38512202906
135	-1.71033534701
136	-11.2480662205
137	-3.17130372159
138	-7.1494192058
139	-7.39958045048
140	-3.17130372159
141	-1.55730491723
142	-2.25307979114
143	-3.63424769297
144	-1.55730491723
145	-2.25307979114
146	-8.07305886938
147	-7.85937170399
148	-1.77436807959
149	-3.17130372159
150	-1.71033534701
151	-1.77436807959
152	-4.90261923728
153	-7.17173215929
154	-6.02080165477
155	-7.78912759731
156	-1.55730491723
157	-7.0944170176
158	-3.38512202906
159	-1.55730491723
160	-6.81134700779
161	-3.38512202906
162	-1.71033534701
163	-7.39958045048
164	-6.67205411891
165	-6.39319838185
166	-1.94223755215
167	-2.91759990501
168	-1.55730491723
169	-5.92160123426
170	-2.91759990501
171	-1.55730491723
172	-1.77436807959
173	-9.21247336481
174	-1.84105903089
175	-1.94223755215
176	-6.14597881435
177	-1.84105903089
178	-2.25307979114
179	-3.63424769297
180	-1.84105903089
181	-8.57989757582
182	-4.91929119661
183	-5.86976306896
184	-1.77436807959
185	-3.38512202906
186	-1.99503505084
187	-2.08516218966
188	-2.91759990501
189	-1.71033534701
190	-5.49071449711
191	-7.27879593388
192	-7.75739597115
193	-1.94223755215
194	-6.72670655223
195	-1.71033534701
196	-7.0944170176
197	-3.17130372159
198	-14.0465242391
199	-5.67738674179
200	-6.07984401698
201	-1.55730491723
202	-7.45412956174
203	-3.17130372159
204	-12.1744469776
205	-1.94223755215
206	-2.91759990501
207	-6.24157068717
208	-5.45873418845
209	-6.72670655223
210	-1.84105903089
211	-6.51668888807
212	-6.65802902246
213	-7.73484779993
214	-2.25307979114
215	-6.19324401994
216	-6.78930015532
217	-1.77436807959
218	-6.07984401698
219	-1.71033534701
220	-8.026545886
221	-3.63424769297
222	-1.71033534701
223	-2.08516218966
224	-3.63424769297
225	-10.9373267295
226	-5.0119320231
227	-3.17130372159
228	-1.84105903089
229	-8.65019465673
230	-2.91759990501
231	-1.55730491723
232	-12.3455093133
233	-3.38512202906
234	-1.99503505084
235	-7.00121823898
236	-2.91759990501
237	-1.99503505084
238	-11.6073784442
239	-6.02915862372
240	-5.47586971583
241	-2.08516218966
242	-3.63424769297
243	-1.55730491723
244	-2.08516218966
245	-3.17130372159
246	-1.71033534701
247	-1.77436807959
248	-3.63424769297
249	-1.55730491723
250	-6.77623845636
251	-3.63424769297
252	-9.22573190019
253	-1.77436807959
254	-3.17130372159
255	-6.01501710822
256	-5.67738674179
257	-9.39737593794
258	-7.14668078103
259	-1.77436807959
260	-2.91759990501
261	-7.22649019281
262	-5.16552923014
263	-6.3541142073
264	-5.28673437598
265	-1.94223755215
266	-6.02915862372
267	-1.99503505084
268	-7.13445721548
269	-2.91759990501
270	-1.99503505084
271	-5.95520515892
272	-6.7892938729
273	-1.99503505084
274	-2.25307979114
275	-4.69435545363
276	-1.84105903089
277	-2.25307979114
278	-2.91759990501
279	-1.84105903089
280	-2.25307979114
281	-3.38512202906
282	-1.84105903089
283	-1.77436807959
284	-3.63424769297
285	-1.99503505084
286	-2.08516218966
287	-2.91759990501
288	-1.71033534701
289	-9.91403859612
290	-7.39803017137
291	-1.71033534701
292	-4.95218691444
293	-3.17130372159
294	-1.71033534701
295	-10.9301986098
296	-3.63424769297
297	-10.3563263126
298	-2.08516218966
299	-2.91759990501
300	-1.71033534701
301	-5.30292303307
302	-4.79087727436
303	-5.9223232701
304	-12.0038538974
305	-5.87474326357
306	-6.46577441225
307	-1.77436807959
308	-2.91759990501
309	-1.99503505084
310	-10.7774311316
311	-6.74060764336
312	-8.75275644111
313	-2.25307979114
314	-6.52044252307
315	-1.55730491723
316	-1.94223755215
317	-3.17130372159
318	-1.99503505084
319	-1.94223755215
320	-3.38512202906
321	-1.55730491723
322	-1.77436807959
323	-8.07268875748
324	-1.71033534701
325	-1.94223755215
326	-3.38512202906
327	-1.55730491723
328	-2.08516218966
329	-6.49254403175
330	-1.71033534701
331	-5.24595308743
332	-3.38512202906
333	-1.55730491723
334	-1.94223755215
335	-6.3541142073
336	-1.71033534701
337	-2.25307979114
338	-3.38512202906
339	-1.71033534701
340	-7.09385115539
341	-7.29512912612
342	-1.84105903089
343	-5.92160123426
344	-3.38512202906
345	-1.55730491723
346	-5.30292303307
347	-3.17130372159
348	-1.55730491723
349	-6.77623845636
350	-5.8673173739
351	-1.55730491723
352	-2.08516218966
353	-3.63424769297
354	-7.46076215208
355	-8.26735476045
356	-6.39874729322
357	-1.99503505084
358	-1.77436807959
359	-2.91759990501
360	-6.2236599584
361	-1.77436807959
362	-7.98394154908
363	-1.55730491723
364	-8.7052360659
365	-4.79087727436
366	-1.55730491723
367	-6.28337849165
368	-3.17130372159
369	-5.58776335655
370	-2.25307979114
371	-3.17130372159
372	-1.84105903089
373	-2.25307979114
374	-6.6866126541
375	-1.55730491723
376	-2.08516218966
377	-4.79087727436
378	-1.71033534701
379	-6.83611738346
380	-3.63424769297
381	-5.9031234675
382	-2.25307979114
383	-6.97385812624
384	-1.55730491723
385	-2.08516218966
386	-6.76644993551
387	-1.55730491723
388	-1.94223755215
389	-6.52044252307
390	-1.99503505084
391	-6.87563738881
392	-3.38512202906
393	-11.2177703376
394	-2.25307979114
395	-3.38512202906
396	-7.3254367115
397	-6.57932896806
398	-3.38512202906
399	-6.91894191214
400	-7.1292653878
401	-2.91759990501
402	-1.55730491723
403	-6.63894801796
404	-3.17130372159
405	-1.55730491723
406	-2.25307979114
407	-6.18971197838
408	-1.71033534701
409	-6.84708422818
410	-3.38512202906
411	-1.84105903089
412	-6.04367786445
413	-6.90261620653
414	-6.24157068717
415	-2.08516218966
416	-4.69435545363
417	-1.55730491723
418	-1.77436807959
419	-3.38512202906
420	-1.84105903089
421	-5.04559142068
422	-10.0216658611
423	-6.97804381801
424	-2.08516218966
425	-3.63424769297
426	-7.13106125503
427	-1.77436807959
428	-10.8889688916
429	-7.47062953248
430	-1.77436807959
431	-3.63424769297
432	-1.55730491723
433	-2.25307979114
434	-3.63424769297
435	-1.71033534701
436	-5.92160123426
437	-2.91759990501
438	-1.84105903089
439	-6.89148949941
440	-6.90261620653
441	-1.84105903089
442	-5.95520515892
443	-6.19324401994
444	-7.15515363531
445	-9.28367241672
446	-2.91759990501
447	-6.82729284442
448	-11.0711493846
449	-2.91759990501
450	-1.55730491723
451	-1.94223755215
452	-3.17130372159
453	-1.71033534701
454	-2.08516218966
455	-3.38512202906
456	-5.79616194897
457	-6.69122260877
458	-2.91759990501
459	-7.14328896634
460	-12.9614168099
461	-6.59886173205
462	-1.84105903089
463	-7.13445721548
464	-3.17130372159
465	-7.50875769581
466	-7.05571654844
467	-3.17130372159
468	-1.71033534701
469	-2.25307979114
470	-2.91759990501
