#Site	lnL	
0	-1.98994285239
1	-1.98864892112
2	-9.4889095361
3	-1.52617249992
4	-1.77702961653
5	-9.65458918035
6	-1.56258569143
7	-1.77702961653
8	-1.42711415535
9	-4.70751818664
10	-5.70513718963
11	-5.2894625731
12	-5.84499318567
13	-1.77702961653
14	-6.80051820015
15	-1.98994285239
16	-1.77702961653
17	-6.17295719835
18	-1.52617249992
19	-1.77702961653
20	-15.1618276435
21	-1.98994285239
22	-6.48408137221
23	-5.0248357545
24	-1.56258569143
25	-1.77702961653
26	-1.42711415535
27	-1.74056991971
28	-5.32853523586
29	-8.36637093432
30	-1.98994285239
31	-8.31103381593
32	-1.63084538842
33	-1.98994285239
34	-5.38478839156
35	-1.46771244223
36	-1.52617249992
37	-1.7497735021
38	-1.42711415535
39	-1.74056991971
40	-1.7497735021
41	-5.00933824784
42	-1.56258569143
43	-1.7497735021
44	-5.60187901717
45	-6.00293061035
46	-1.77702961653
47	-1.87619479233
48	-10.2894024095
49	-1.7497735021
50	-6.35042913578
51	-1.56258569143
52	-1.7497735021
53	-1.63084538842
54	-1.56258569143
55	-5.10310219452
56	-1.46771244223
57	-1.52617249992
58	-1.77702961653
59	-11.5559022875
60	-1.74056991971
61	-2.24774446754
62	-1.42711415535
63	-5.25709956462
64	-4.58939045277
65	-1.46771244223
66	-1.74056991971
67	-9.06894222905
68	-5.779386403
69	-1.98994285239
70	-5.38478839156
71	-6.66687768183
72	-1.98994285239
73	-1.98864892112
74	-11.6511281868
75	-1.56258569143
76	-1.7497735021
77	-5.779386403
78	-6.07538044107
79	-5.93949266477
80	-7.80008395242
81	-1.52617249992
82	-5.38478839156
83	-1.46771244223
84	-1.52617249992
85	-1.7497735021
86	-1.87619479233
87	-5.50464081817
88	-2.24774446754
89	-1.87619479233
90	-6.7432759392
91	-1.98864892112
92	-5.00933824784
93	-1.98994285239
94	-6.22916342075
95	-11.6992041093
96	-10.5640009568
97	-6.41258275946
98	-6.35042913578
99	-1.52617249992
100	-4.32034066981
101	-1.42711415535
102	-1.56258569143
103	-1.77702961653
104	-5.80017615259
105	-6.93513717495
106	-1.7497735021
107	-9.44257929827
108	-1.74056991971
109	-1.77702961653
110	-1.46771244223
111	-1.52617249992
112	-1.77702961653
113	-10.3847818267
114	-1.56258569143
115	-11.2770770374
116	-1.42711415535
117	-1.56258569143
118	-4.32034066981
119	-5.0248357545
120	-5.80139677302
121	-2.24774446754
122	-1.87619479233
123	-5.00233305623
124	-5.66947389743
125	-1.87619479233
126	-1.98994285239
127	-6.58036715911
128	-9.45483956958
129	-1.74056991971
130	-1.7497735021
131	-1.46771244223
132	-1.74056991971
133	-5.65180091876
134	-6.7759879579
135	-1.56258569143
136	-1.7497735021
137	-1.63084538842
138	-1.52617249992
139	-1.7497735021
140	-6.85583540933
141	-1.52617249992
142	-6.22916342075
143	-15.6181363063
144	-4.68392675463
145	-1.7497735021
146	-1.42711415535
147	-6.78498275166
148	-1.77702961653
149	-8.16176786886
150	-1.52617249992
151	-6.85664676695
152	-1.42711415535
153	-6.03599258849
154	-1.98864892112
155	-1.42711415535
156	-1.56258569143
157	-5.38478839156
158	-1.63084538842
159	-1.52617249992
160	-4.36239774614
161	-1.42711415535
162	-1.56258569143
163	-6.16511026862
164	-1.42711415535
165	-1.52617249992
166	-1.77702961653
167	-1.63084538842
168	-6.07538044107
169	-6.14575021651
170	-11.0048748405
171	-1.74056991971
172	-9.06646639347
173	-9.05385090315
174	-1.52617249992
175	-2.24774446754
176	-5.5959670643
177	-1.74056991971
178	-2.24774446754
179	-1.46771244223
180	-1.56258569143
181	-4.66385467014
182	-1.87619479233
183	-1.52617249992
184	-1.7497735021
185	-1.63084538842
186	-1.52617249992
187	-1.98864892112
188	-1.63084538842
189	-1.52617249992
190	-1.98864892112
191	-1.42711415535
192	-1.74056991971
193	-2.24774446754
194	-5.00933824784
195	-1.56258569143
196	-10.2537474142
197	-1.63084538842
198	-1.74056991971
199	-5.47566758926
200	-6.57964609244
201	-10.0153429225
202	-6.87642385958
203	-11.4306890759
204	-5.50464081817
205	-5.49182666386
206	-7.74872737755
207	-1.74056991971
208	-1.7497735021
209	-10.9376287212
210	-1.52617249992
211	-1.98864892112
212	-1.42711415535
213	-1.98994285239
214	-1.7497735021
215	-1.87619479233
216	-5.84499318567
217	-1.77702961653
218	-1.42711415535
219	-1.52617249992
220	-6.0098354107
221	-1.46771244223
222	-1.52617249992
223	-5.10310219452
224	-1.63084538842
225	-6.48553787732
226	-1.7497735021
227	-1.42711415535
228	-1.74056991971
229	-1.77702961653
230	-1.63084538842
231	-1.74056991971
232	-1.77702961653
233	-9.45483956958
234	-1.52617249992
235	-2.24774446754
236	-13.0817404051
237	-8.99761086758
238	-1.98864892112
239	-1.87619479233
240	-1.74056991971
241	-1.98864892112
242	-1.46771244223
243	-1.52617249992
244	-11.9408943386
245	-1.87619479233
246	-1.52617249992
247	-5.93757118974
248	-1.46771244223
249	-1.52617249992
250	-5.91813640159
251	-1.63084538842
252	-1.56258569143
253	-2.24774446754
254	-1.87619479233
255	-6.33199431083
256	-1.7497735021
257	-1.87619479233
258	-1.52617249992
259	-2.24774446754
260	-1.42711415535
261	-1.52617249992
262	-1.7497735021
263	-5.0248357545
264	-1.74056991971
265	-1.77702961653
266	-1.87619479233
267	-1.74056991971
268	-8.19690360129
269	-1.46771244223
270	-1.74056991971
271	-6.13279309339
272	-1.63084538842
273	-5.00233305623
274	-1.7497735021
275	-8.28380795731
276	-6.03807061863
277	-9.59138528171
278	-1.87619479233
279	-1.56258569143
280	-5.32853523586
281	-1.42711415535
282	-1.56258569143
283	-5.68643489751
284	-1.87619479233
285	-1.52617249992
286	-4.36239774614
287	-1.42711415535
288	-1.52617249992
289	-1.77702961653
290	-1.63084538842
291	-1.98994285239
292	-1.7497735021
293	-6.36255111435
294	-5.71829415036
295	-1.98864892112
296	-5.80017615259
297	-1.56258569143
298	-1.7497735021
299	-14.4863506114
300	-1.74056991971
301	-6.0098354107
302	-6.0794961145
303	-1.52617249992
304	-1.7497735021
305	-14.1696134812
306	-1.56258569143
307	-2.24774446754
308	-6.40342256317
309	-6.06456511548
310	-12.0081578826
311	-1.42711415535
312	-8.7679212112
313	-7.58503927471
314	-6.36255111435
315	-1.56258569143
316	-5.32853523586
317	-12.6181572997
318	-6.28418483504
319	-1.7497735021
320	-1.87619479233
321	-1.56258569143
322	-7.58503927471
323	-5.81831399113
324	-1.98994285239
325	-1.77702961653
326	-1.63084538842
327	-1.56258569143
328	-1.77702961653
329	-8.06598646297
330	-1.56258569143
331	-10.9247570641
332	-1.87619479233
333	-1.98994285239
334	-8.55479092631
335	-7.25599686784
336	-1.56258569143
337	-5.16723531234
338	-1.63084538842
339	-1.56258569143
340	-1.98864892112
341	-6.06763583374
342	-1.52617249992
343	-1.98864892112
344	-6.57964609244
345	-1.98994285239
346	-7.4622731324
347	-7.31091422988
348	-1.52617249992
349	-1.77702961653
350	-7.25599686784
351	-1.56258569143
352	-2.24774446754
353	-11.781959881
354	-1.52617249992
355	-1.77702961653
356	-1.42711415535
357	-1.52617249992
358	-1.98864892112
359	-1.63084538842
360	-6.4479458358
361	-1.7497735021
362	-1.46771244223
363	-1.74056991971
364	-1.77702961653
365	-5.60187901717
366	-1.74056991971
367	-1.77702961653
368	-6.33147548426
369	-1.52617249992
370	-4.58939045277
371	-5.0248357545
372	-1.56258569143
373	-5.70513718963
374	-1.42711415535
375	-6.07538044107
376	-1.98864892112
377	-5.80039180361
378	-1.98994285239
379	-8.46113078861
380	-6.66918028457
381	-1.56258569143
382	-1.98864892112
383	-11.1190432068
384	-1.56258569143
385	-1.7497735021
386	-1.46771244223
387	-6.07538044107
388	-5.38478839156
389	-1.87619479233
390	-1.52617249992
391	-5.93429445671
392	-1.63084538842
393	-1.74056991971
394	-1.98864892112
395	-1.87619479233
396	-1.98994285239
397	-1.7497735021
398	-5.0248357545
399	-1.56258569143
400	-2.24774446754
401	-1.87619479233
402	-1.74056991971
403	-11.4348087287
404	-1.46771244223
405	-1.56258569143
406	-2.24774446754
407	-1.42711415535
408	-6.24798445418
409	-2.24774446754
410	-1.46771244223
411	-1.56258569143
412	-1.98864892112
413	-1.42711415535
414	-9.58175206165
415	-1.77702961653
416	-6.17295719835
417	-1.74056991971
418	-1.77702961653
419	-6.06763583374
420	-1.74056991971
421	-5.93757118974
422	-1.46771244223
423	-5.00233305623
424	-5.10310219452
425	-1.46771244223
426	-10.3568608997
427	-5.65180091876
428	-1.46771244223
429	-1.52617249992
430	-5.04649721428
431	-1.46771244223
432	-1.52617249992
433	-1.77702961653
434	-1.87619479233
435	-8.7679212112
436	-2.24774446754
437	-1.63084538842
438	-1.74056991971
439	-7.1034090001
440	-1.46771244223
441	-5.80139677302
442	-2.24774446754
443	-1.63084538842
444	-7.20848404834
445	-1.7497735021
446	-1.46771244223
447	-1.52617249992
448	-9.19164651783
449	-1.46771244223
450	-7.50615013951
451	-1.98864892112
452	-1.42711415535
453	-1.52617249992
454	-5.93949266477
455	-1.87619479233
456	-7.19126751318
457	-2.24774446754
458	-1.42711415535
459	-1.52617249992
460	-2.24774446754
461	-1.87619479233
462	-1.52617249992
463	-1.98864892112
464	-1.87619479233
465	-1.74056991971
466	-1.77702961653
467	-5.0248357545
468	-1.52617249992
469	-2.24774446754
470	-1.87619479233
