# log_p 	 lnL 	 
0.0	-1681.08014662	
-0.287682072452	-1680.96109657	
-0.510825623766	-1680.76595966	
-0.69314718056	-1680.57419147	
-0.847297860387	-1680.39826469	
-0.980829253012	-1680.23868111	
-1.09861228867	-1680.09470144	
-1.20397280433	-1679.96569248	
-1.29928298413	-1679.85099968	
-1.38629436112	-1679.74981084	
-1.46633706879	-1679.66114863	
-1.54044504095	-1679.5839284	
-1.60943791243	-1679.51702764	
-1.67397643357	-1679.45934345	
-1.73460105539	-1679.4098317	
-1.79175946923	-1679.36752982	
-1.8458266905	-1679.33156719	
-1.89711998489	-1679.30116705	
-1.94591014906	-1679.27564317	
-1.99243016469	-1679.25439354	
-2.03688192726	-1679.23689267	
-2.07944154168	-1679.22268335	
-2.1202635362	-1679.21136866	
-2.15948424935	-1679.2026044	
-2.19722457734	-1679.19609219	
-2.23359222151	-1679.19157332	
-2.26868354132	-1679.18882329	
-2.30258509299	-1679.18764703	
-2.33537491582	-1679.1878748	
-2.36712361413	-1679.18935858	
-2.3978952728	-1679.19196899	
-2.42774823595	-1679.1955927	
-2.45673577282	-1679.20013014	
-2.48490664979	-1679.20549358	
-2.51230562398	-1679.21160549	
-2.53897387106	-1679.21839715	
-2.56494935746	-1679.22580741	
-2.59026716545	-1679.23378172	
-2.61495977804	-1679.24227124	
-2.63905732962	-1679.25123208	
-2.66258782703	-1679.26062469	
-2.68557734525	-1679.27041329	
-2.7080502011	-1679.28056544	
-2.73002910782	-1679.29105159	
-2.75153531304	-1679.30184479	
-2.77258872224	-1679.31292034	
-2.79320800944	-1679.32425558	
-2.81341071676	-1679.33582966	
-2.83321334406	-1679.34762332	
-2.85263142991	-1679.35961875	
-2.87167962488	-1679.37179946	
-2.8903717579	-1679.3841501	
-2.90872089656	-1679.39665642	
-2.92673940207	-1679.40930512	
-2.94443897917	-1679.42208377	
-2.96183072188	-1679.43498078	
-2.97892515524	-1679.44798527	
-2.99573227355	-1679.46108706	
-3.01226157551	-1679.47427658	
-3.02852209638	-1679.48754487	
-3.04452243772	-1679.50088349	
-3.06027079469	-1679.51428449	
-3.07577498123	-1679.52774042	
-3.09104245336	-1679.54124425	
-3.10608033072	-1679.55478933	
-3.12089541651	-1679.56836944	
-3.13549421593	-1679.58197869	
-3.14988295338	-1679.59561153	
-3.16406758837	-1679.60926272	
-3.17805383035	-1679.62292734	
-3.19184715248	-1679.63660072	
-3.20545280454	-1679.65027848	
-3.21887582487	-1679.66395648	
-3.23212105162	-1679.67763081	
-3.24519313319	-1679.69129781	
-3.25809653802	-1679.704954	
-3.2708355638	-1679.71859611	
-3.28341434601	-1679.73222108	
-3.295836866	-1679.74582601	
-3.3081069586	-1679.75940818	
-3.32022831913	-1679.77296501	
-3.33220451018	-1679.78649412	
-3.34403896782	-1679.79999322	
-3.35573500759	-1679.81346022	
-3.36729582999	-1679.8268931	
-3.37872452581	-1679.84029001	
-3.39002408106	-1679.85364921	
-3.40119738166	-1679.86696906	
-3.41224721785	-1679.88024803	
-3.42317628838	-1679.8934847	
-3.43398720449	-1679.90667774	
-3.4446824936	-1679.91982592	
-3.45526460293	-1679.9329281	
-3.4657359028	-1679.94598321	
-3.47609868984	-1679.95899026	
-3.48635519	-1679.97194835	
-3.49650756147	-1679.98485663	
-3.50655789732	-1679.99771434	
-3.51650822817	-1680.01052077	
-3.52636052462	-1680.02327528	
-3.53611669956	-1680.03597726	
-3.54577861047	-1680.04862621	
-3.55534806149	-1680.06122162	
-3.56482680544	-1680.07376307	
-3.57421654579	-1680.08625018	
-3.58351893846	-1680.09868261	
-3.59273559356	-1680.11106005	
-3.60186807712	-1680.12338225	
-3.61091791264	-1680.13564899	
-3.61988658263	-1680.14786008	
-3.62877553004	-1680.16001538	
-3.63758615973	-1680.17211476	
-3.6463198397	-1680.18415814	
-3.65497790244	-1680.19614545	
-3.66356164613	-1680.20807666	
-3.6720723358	-1680.21995176	
-3.68051120444	-1680.23177078	
-3.68887945411	-1680.24353375	
-3.69717825693	-1680.25524072	
-3.70540875607	-1680.26689179	
-3.7135720667	-1680.27848705	
-3.72166927694	-1680.29002662	
-3.72970144863	-1680.30151063	
-3.73766961828	-1680.31293923	
-3.74557479779	-1680.3243126	
-3.75341797525	-1680.3356309	
-3.76120011569	-1680.34689433	
-3.76892216179	-1680.35810309	
-3.77658503453	-1680.3692574	
-3.78418963392	-1680.38035749	
-3.79173683955	-1680.39140358	
-3.79922751128	-1680.40239594	
-3.80666248977	-1680.4133348	
-3.81404259707	-1680.42422043	
-3.82136863716	-1680.43505311	
-3.82864139649	-1680.4458331	
-3.83586164446	-1680.45656069	
-3.84303013394	-1680.46723617	
-3.85014760171	-1680.47785983	
-3.85721476893	-1680.48843196	
-3.86423234159	-1680.49895288	
-3.87120101091	-1680.50942288	
-3.87812145375	-1680.51984228	
-3.88499433304	-1680.53021139	
-3.89182029811	-1680.54053052	
-3.8985999851	-1680.5508	
-3.90533401728	-1680.56102015	
-3.91202300543	-1680.57119128	
-3.91866754815	-1680.58131373	
-3.92526823218	-1680.59138781	
-3.93182563272	-1680.60141387	
-3.93834031375	-1680.61139221	
-3.94481282825	-1680.62132318	
-3.95124371858	-1680.6312071	
-3.95763351668	-1680.6410443	
-3.96398274436	-1680.65083511	
-3.97029191355	-1680.66057986	
-3.97656152657	-1680.67027887	
-3.98279207632	-1680.67993249	
-3.98898404656	-1680.68954103	
-3.99513791214	-1680.69910482	
-4.00125413916	-1680.70862419	
-4.00733318523	-1680.71809947	
-4.01337549969	-1680.72753097	
-4.01938152375	-1680.73691903	
-4.02535169074	-1680.74626396	
-4.03128642625	-1680.75556608	
-4.03718614838	-1680.76482572	
-4.04305126783	-1680.77404318	
-4.04888218815	-1680.7832188	
-4.05467930583	-1680.79235287	
-4.06044301055	-1680.80144572	
-4.06617368526	-1680.81049765	
-4.07187170637	-1680.81950897	
-4.07753744391	-1680.82847999	
-4.08317126162	-1680.83741101	
-4.08877351717	-1680.84630234	
-4.09434456222	-1680.85515428	
-4.0998847426	-1680.86396711	
-4.10539439841	-1680.87274115	
-4.11087386417	-1680.88147668	
-4.11632346894	-1680.890174	
-4.12174353641	-1680.89883339	
-4.12713438505	-1680.90745515	
-4.13249632819	-1680.91603955	
-4.13782967416	-1680.92458688	
-4.14313472639	-1680.93309743	
-4.14841178349	-1680.94157146	
-4.15366113938	-1680.95000925	
-4.15888308336	-1680.95841108	
-4.16407790024	-1680.96677722	
-4.1692458704	-1680.97510794	
-4.1743872699	-1680.9834035	
-4.17950237056	-1680.99166416	
-4.18459144007	-1680.9998902	
-4.18965474203	-1681.00808186	
-4.19469253606	-1681.0162394	
-4.19970507788	-1681.02436308	
-4.20469261939	-1681.03245316	
-4.20965540873	-1681.04050987	
-4.21459369037	-1681.04853347	
-4.21950770518	-1681.0565242	
-4.22439769047	-1681.06448231	
-4.22926388012	-1681.07240804	
-4.2341065046	-1681.08030161	
-4.23892579103	-1681.08816328	
-4.2437219633	-1681.09599327	
-4.24849524205	-1681.10379181	
-4.25324584481	-1681.11155914	
-4.257973986	-1681.11929548	
-4.26267987704	-1681.12700105	
-4.26736372635	-1681.13467608	
-4.27202573946	-1681.14232079	
-4.27666611902	-1681.1499354	
-4.28128506487	-1681.15752011	
-4.28588277412	-1681.16507515	
-4.29045944115	-1681.17260073	
-4.29501525768	-1681.18009705	
-4.29955041285	-1681.18756433	
-4.3040650932	-1681.19500276	
-4.30855948279	-1681.20241256	
-4.31303376319	-1681.20979392	
-4.31748811354	-1681.21714705	
-4.3219227106	-1681.22447213	
-4.32633772881	-1681.23176937	
-4.33073334029	-1681.23903896	
-4.33510971489	-1681.24628109	
-4.33946702026	-1681.25349595	
-4.34380542185	-1681.26068373	
-4.348125083	-1681.26784461	
-4.3524261649	-1681.27497877	
-4.35670882669	-1681.28208641	
-4.36097322548	-1681.28916769	
-4.36521951636	-1681.2962228	
-4.36944785247	-1681.30325192	
-4.373658385	-1681.31025521	
-4.37785126326	-1681.31723286	
-4.38202663467	-1681.32418502	
-4.38618464482	-1681.33111188	
-4.39032543749	-1681.3380136	
-4.39444915467	-1681.34489035	
-4.39855593663	-1681.35174229	
-4.40264592188	-1681.35856958	
-4.40671924726	-1681.36537238	
-4.41077604796	-1681.37215086	
-4.4148164575	-1681.37890518	
-4.4188406078	-1681.38563548	
-4.42284862919	-1681.39234193	
-4.42684065046	-1681.39902467	
-4.43081679884	-1681.40568386	
-4.43477720006	-1681.41231966	
-4.43872197835	-1681.4189322	
-4.44265125649	-1681.42552164	
-4.44656515581	-1681.43208812	
-4.45046379623	-1681.43863178	
-4.45434729625	-1681.44515278	
-4.45821577303	-1681.45165125	
-4.46206934235	-1681.45812733	
-4.46590811865	-1681.46458116	
-4.46973221509	-1681.47101288	
-4.47354174351	-1681.47742262	
-4.47733681448	-1681.48381053	
-4.48111753732	-1681.49017672	
-4.48488402011	-1681.49652134	
-4.48863636973	-1681.50284452	
-4.49237469184	-1681.50914639	
-4.49609909093	-1681.51542707	
-4.49980967033	-1681.5216867	
-4.50350653221	-1681.52792539	
-4.50718977763	-1681.53414328	
-4.51085950652	-1681.54034048	
-4.51451581772	-1681.54651713	
-4.518158809	-1681.55267333	
-4.52178857705	-1681.55880922	
-4.52540521752	-1681.56492491	
-4.52900882502	-1681.57102052	
-4.53259949315	-1681.57709616	
-4.5361773145	-1681.58315196	
-4.53974238067	-1681.58918802	
-4.54329478227	-1681.59520447	
-4.54683460898	-1681.6012014	
-4.55036194949	-1681.60717894	
-4.5538768916	-1681.6131372	
-4.55737952215	-1681.61907628	
-4.56086992709	-1681.6249963	
-4.56434819147	-1681.63089735	
-4.56781439944	-1681.63677956	
-4.57126863431	-1681.64264301	
-4.5747109785	-1681.64848783	
-4.5781415136	-1681.6543141	
-4.58156032035	-1681.66012194	
-4.58496747867	-1681.66591145	
-4.58836306767	-1681.67168273	
-4.59174716566	-1681.67743587	
-4.59511985013	-1681.68317097	
-4.59848119784	-1681.68888815	
-4.60183128472	-1681.69458748	
-4.60517018599	-1681.70026908	
-4.60849797608	-1681.70593303	
-4.61181472871	-1681.71157942	
-4.61512051684	-1681.71720837	
-4.61841541274	-1681.72281994	
-4.62169948794	-1681.72841425	
-4.62497281328	-1681.73399138	
-4.62823545892	-1681.73955142	
-4.63148749431	-1681.74509446	
-4.63472898823	-1681.75062059	
-4.63796000881	-1681.75612991	
-4.64118062351	-1681.76162249	
-4.64439089914	-1681.76709842	
-4.64759090187	-1681.7725578	
-4.65078069724	-1681.7780007	
-4.65396035016	-1681.78342721	
-4.65712992492	-1681.78883741	
-4.66028948521	-1681.7942314	
-4.66343909411	-1681.79960925	
-4.66657881412	-1681.80497104	
-4.66970870713	-1681.81031685	
-4.67282883446	-1681.81564677	
-4.67593925688	-1681.82096088	
-4.67904003455	-1681.82625925	
-4.68213122712	-1681.83154196	
-4.68521289366	-1681.8368091	
-4.6882850927	-1681.84206073	
-4.69134788223	-1681.84729694	
-4.69440131972	-1681.85251781	
-4.6974454621	-1681.8577234	
-4.70048036579	-1681.86291379	
-4.70350608671	-1681.86808906	
-4.70652268025	-1681.87324928	
-4.70953020131	-1681.87839453	
-4.71252870431	-1681.88352487	
-4.71551824316	-1681.88864038	
-4.7184988713	-1681.89374113	
-4.72147064168	-1681.8988272	
-4.72443360681	-1681.90389864	
-4.72738781871	-1681.90895554	
-4.73033332894	-1681.91399795	
-4.73327018862	-1681.91902596	
-4.73619844839	-1681.92403963	
-4.7391181585	-1681.92903902	
-4.74202936871	-1681.9340242	
-4.74493212836	-1681.93899524	
-4.74782648639	-1681.94395221	
-4.75071249128	-1681.94889517	
-4.75359019111	-1681.95382418	
-4.75645963353	-1681.95873932	
-4.75932086582	-1681.96364064	
-4.7621739348	-1681.96852822	
-4.76501888693	-1681.9734021	
-4.76785576827	-1681.97826236	
-4.77068462447	-1681.98310906	
-4.77350550081	-1681.98794225	
-4.77631844218	-1681.99276201	
-4.77912349311	-1681.99756839	
-4.78192069773	-1682.00236145	
-4.78471009982	-1682.00714125	
-4.78749174278	-1682.01190786	
-4.79026566966	-1682.01666132	
-4.79303192316	-1682.02140171	
-4.7957905456	-1682.02612908	
-4.79854157897	-1682.03084348	
-4.80128506491	-1682.03554497	
-4.80402104473	-1682.04023362	
-4.80674955939	-1682.04490948	
-4.8094706495	-1682.04957259	
-4.81218435537	-1682.05422303	
-4.81489071697	-1682.05886085	
-4.81758977394	-1682.06348609	
-4.82028156561	-1682.06809882	
-4.82296613098	-1682.07269909	
-4.82564350875	-1682.07728696	
-4.8283137373	-1682.08186247	
-4.83097685472	-1682.08642568	
-4.83363289878	-1682.09097665	
-4.83628190695	-1682.09551542	
-4.83892391641	-1682.10004205	
-4.84155896405	-1682.10455659	
-4.84418708646	-1682.1090591	
-4.84680831994	-1682.11354961	
-4.84942270051	-1682.1180282	
-4.85203026392	-1682.12249489	
-4.85463104562	-1682.12694975	
-4.8572250808	-1682.13139282	
-4.85981240436	-1682.13582416	
-4.86239305096	-1682.14024381	
-4.86496705495	-1682.14465182	
-4.86753445046	-1682.14904824	
-4.87009527132	-1682.15343312	
-4.87264955112	-1682.15780651	
-4.8751973232	-1682.16216845	
-4.87773862063	-1682.16651899	
-4.88027347623	-1682.17085818	
-4.88280192259	-1682.17518606	
-4.88532399202	-1682.17950268	
-4.88783971662	-1682.18380809	
-4.89034912822	-1682.18810234	
-4.89285225844	-1682.19238546	
-4.89534913864	-1682.1966575	
-4.89783979995	-1682.20091852	
-4.90032427328	-1682.20516854	
-4.90280258929	-1682.20940763	
-4.90527477844	-1682.21363581	
-4.90774087093	-1682.21785314	
-4.91020089677	-1682.22205966	
-4.91265488574	-1682.22625541	
-4.91510286737	-1682.23044044	
-4.91754487103	-1682.23461478	
-4.91998092583	-1682.23877848	
-4.92241106068	-1682.24293158	
-4.92483530429	-1682.24707413	
-4.92725368516	-1682.25120617	
-4.92966623156	-1682.25532773	
-4.93207297159	-1682.25943886	
-4.93447393313	-1682.2635396	
-4.93686914386	-1682.26762998	
-4.93925863125	-1682.27171006	
-4.94164242261	-1682.27577987	
-4.94402054501	-1682.27983945	
-4.94639302537	-1682.28388884	
-4.94875989038	-1682.28792808	
-4.95112116656	-1682.29195721	
-4.95347688026	-1682.29597627	
-4.9558270576	-1682.29998529	
-4.95817172456	-1682.30398432	
-4.96051090691	-1682.3079734	
-4.96284463026	-1682.31195255	
-4.96517292002	-1682.31592182	
-4.96749580144	-1682.31988126	
-4.96981329958	-1682.32383088	
-4.97212543933	-1682.32777074	
-4.97443224543	-1682.33170087	
-4.97673374242	-1682.33562131	
-4.97902995468	-1682.33953208	
-4.98132090643	-1682.34343324	
-4.98360662171	-1682.34732481	
-4.98588712441	-1682.35120683	
-4.98816243824	-1682.35507934	
-4.99043258678	-1682.35894238	
-4.99269759341	-1682.36279597	
-4.99495748138	-1682.36664015	
-4.99721227376	-1682.37047497	
-4.9994619935	-1682.37430044	
-5.00170666335	-1682.37811661	
-5.00394630595	-1682.38192352	
-5.00618094375	-1682.38572119	
-5.00841059907	-1682.38950967	
-5.0106352941	-1682.39328897	
-5.01285505083	-1682.39705915	
-5.01506989116	-1682.40082023	
-5.01727983681	-1682.40457224	
-5.01948490937	-1682.40831522	
-5.02168513028	-1682.4120492	
-5.02388052085	-1682.41577421	
-5.02607110223	-1682.41949029	
-5.02825689545	-1682.42319747	
-5.03043792139	-1682.42689579	
-5.03261420082	-1682.43058526	
-5.03478575433	-1682.43426593	
-5.03695260241	-1682.43793783	
-5.03911476542	-1682.44160098	
-5.04127226356	-1682.44525543	
-5.04342511692	-1682.44890119	
-5.04557334546	-1682.45253831	
-5.047716969	-1682.45616682	
-5.04985600725	-1682.45978673	
-5.05199047978	-1682.46339809	
-5.05412040604	-1682.46700093	
-5.05624580535	-1682.47059527	
-5.05836669692	-1682.47418115	
-5.06048309982	-1682.47775859	
-5.06259503303	-1682.48132763	
-5.06470251537	-1682.48488829	
-5.06680556556	-1682.48844061	
-5.06890420222	-1682.49198461	
-5.07099844382	-1682.49552032	
-5.07308830874	-1682.49904778	
-5.07517381523	-1682.50256701	
-5.07725498144	-1682.50607804	
-5.07933182538	-1682.50958089	
-5.08140436498	-1682.51307561	
-5.08347261805	-1682.51656221	
-5.08553660227	-1682.52004072	
-5.08759633523	-1682.52351117	
-5.08965183441	-1682.5269736	
-5.09170311719	-1682.53042802	
-5.09375020081	-1682.53387447	
-5.09579310244	-1682.53731297	
-5.09783183913	-1682.54074355	
-5.09986642782	-1682.54416624	
-5.10189688537	-1682.54758106	
-5.10392322852	-1682.55098805	
-5.1059454739	-1682.55438722	
-5.10796363806	-1682.55777861	
-5.10997773743	-1682.56116224	
-5.11198778836	-1682.56453814	
-5.11399380708	-1682.56790633	
-5.11599580975	-1682.57126685	
-5.11799381242	-1682.57461971	
-5.11998783102	-1682.57796494	
-5.12197788143	-1682.58130258	
-5.1239639794	-1682.58463263	
-5.12594614061	-1682.58795514	
-5.12792438062	-1682.59127012	
-5.12989871492	-1682.59457761	
-5.13186915891	-1682.59787762	
-5.13383572788	-1682.60117018	
-5.13579843705	-1682.60445532	
-5.13775730154	-1682.60773306	
-5.13971233637	-1682.61100343	
-5.1416635565	-1682.61426644	
-5.14361097679	-1682.61752213	
-5.145554612	-1682.62077053	
-5.14749447681	-1682.62401164	
-5.14943058584	-1682.62724551	
-5.15136295359	-1682.63047214	
-5.1532915945	-1682.63369158	
-5.15521652291	-1682.63690383	
-5.15713775309	-1682.64010892	
-5.15905529921	-1682.64330689	
-5.1609691754	-1682.64649775	
-5.16287939565	-1682.64968152	
-5.16478597392	-1682.65285822	
-5.16668892407	-1682.65602789	
-5.16858825987	-1682.65919055	
-5.17048399504	-1682.66234621	
-5.17237614319	-1682.6654949	
-5.17426471788	-1682.66863664	
-5.17614973257	-1682.67177146	
-5.17803120067	-1682.67489938	
-5.1799091355	-1682.67802042	
-5.18178355029	-1682.68113461	
-5.18365445823	-1682.68424195	
-5.1855218724	-1682.68734249	
-5.18738580584	-1682.69043624	
-5.18924627149	-1682.69352321	
-5.19110328224	-1682.69660345	
-5.19295685089	-1682.69967695	
-5.19480699018	-1682.70274376	
-5.19665371277	-1682.70580388	
-5.19849703127	-1682.70885735	
-5.20033695819	-1682.71190418	
-5.202173506	-1682.71494439	
-5.20400668708	-1682.717978	
-5.20583651375	-1682.72100504	
-5.20766299828	-1682.72402553	
-5.20948615284	-1682.72703948	
-5.21130598956	-1682.73004693	
-5.21312252048	-1682.73304788	
-5.21493575761	-1682.73604237	
-5.21674571285	-1682.7390304	
-5.21855239808	-1682.74201201	
-5.22035582508	-1682.7449872	
-5.22215600558	-1682.74795601	
-5.22395295126	-1682.75091846	
-5.22574667371	-1682.75387455	
-5.22753718449	-1682.75682432	
-5.22932449506	-1682.75976778	
-5.23110861685	-1682.76270495	
-5.23288956123	-1682.76563586	
-5.23466733947	-1682.76856052	
-5.23644196283	-1682.77147895	
-5.23821344248	-1682.77439117	
-5.23998178954	-1682.7772972	
-5.24174701506	-1682.78019706	
-5.24350913005	-1682.78309077	
-5.24526814546	-1682.78597836	
-5.24702407216	-1682.78885983	
-5.24877692099	-1682.7917352	
-5.25052670271	-1682.79460451	
-5.25227342805	-1682.79746776	
-5.25401710765	-1682.80032497	
-5.25575775213	-1682.80317616	
-5.25749537203	-1682.80602136	
-5.25922997784	-1682.80886058	
-5.26096158	-1682.81169384	
-5.2626901889	-1682.81452115	
-5.26441581487	-1682.81734254	
-5.26613846818	-1682.82015803	
-5.26785815906	-1682.82296762	
-5.26957489768	-1682.82577135	
-5.27128869416	-1682.82856923	
-5.27299955856	-1682.83136127	
-5.27470750091	-1682.8341475	
-5.27641253116	-1682.83692793	
-5.27811465923	-1682.83970258	
-5.27981389498	-1682.84247147	
-5.28151024823	-1682.84523461	
-5.28320372874	-1682.84799203	
-5.28489434622	-1682.85074374	
-5.28658211033	-1682.85348976	
-5.28826703069	-1682.8562301	
-5.28994911688	-1682.85896479	
-5.2916283784	-1682.86169383	
-5.29330482472	-1682.86441726	
-5.29497846528	-1682.86713507	
-5.29664930945	-1682.86984731	
-5.29831736655	-1682.87255396	
-5.29998264587	-1682.87525507	
-5.30164515664	-1682.87795064	
-5.30330490806	-1682.88064068	
-5.30496190927	-1682.88332523	
-5.30661616936	-1682.88600428	
-5.3082676974	-1682.88867786	
-5.30991650239	-1682.89134599	
-5.3115625933	-1682.89400869	
-5.31320597904	-1682.89666596	
-5.3148466685	-1682.89931782	
-5.3164846705	-1682.9019643	
-5.31811999384	-1682.9046054	
-5.31975264727	-1682.90724115	
-5.32138263948	-1682.90987156	
-5.32300997914	-1682.91249664	
-5.32463467487	-1682.91511641	
-5.32625673524	-1682.91773089	
-5.32787616879	-1682.9203401	
-5.32949298402	-1682.92294404	
-5.33110718937	-1682.92554274	
-5.33271879327	-1682.9281362	
-5.33432780407	-1682.93072446	
-5.33593423012	-1682.93330751	
-5.3375380797	-1682.93588538	
-5.33913936107	-1682.93845809	
-5.34073808243	-1682.94102564	
-5.34233425196	-1682.94358805	
-5.3439278778	-1682.94614535	
-5.34551896803	-1682.94869753	
-5.34710753072	-1682.95124463	
-5.34869357387	-1682.95378664	
-5.35027710548	-1682.9563236	
-5.35185813348	-1682.95885551	
-5.35343666577	-1682.96138238	
-5.35501271022	-1682.96390424	
-5.35658627467	-1682.9664211	
-5.3581573669	-1682.96893297	
-5.35972599468	-1682.97143987	
-5.36129216571	-1682.97394181	
-5.36285588769	-1682.9764388	
-5.36441716825	-1682.97893087	
-5.36597601502	-1682.98141802	
-5.36753243557	-1682.98390027	
-5.36908643744	-1682.98637764	
-5.37063802813	-1682.98885013	
-5.37218721511	-1682.99131777	
-5.37373400583	-1682.99378056	
-5.37527840768	-1682.99623852	
-5.37682042804	-1682.99869167	
-5.37836007422	-1683.00114001	
-5.37989735354	-1683.00358357	
-5.38143227326	-1683.00602236	
-5.38296484061	-1683.00845638	
-5.38449506279	-1683.01088566	
-5.38602294697	-1683.01331021	
-5.38754850028	-1683.01573004	
-5.38907172982	-1683.01814517	
-5.39059264266	-1683.0205556	
-5.39211124583	-1683.02296136	
-5.39362754635	-1683.02536245	
-5.39514155118	-1683.02775889	
-5.39665326727	-1683.0301507	
-5.39816270152	-1683.03253788	
-5.39966986081	-1683.03492045	
-5.40117475199	-1683.03729843	
-5.40267738187	-1683.03967182	
-5.40417775725	-1683.04204064	
-5.40567588487	-1683.0444049	
-5.40717177146	-1683.04676461	
-5.40866542372	-1683.0491198	
-5.4101568483	-1683.05147047	
-5.41164605186	-1683.05381663	
-5.41313304098	-1683.05615829	
-5.41461782224	-1683.05849548	
-5.4161004022	-1683.0608282	
-5.41758078737	-1683.06315647	
-5.41905898424	-1683.06548029	
-5.42053499927	-1683.06779969	
-5.42200883889	-1683.07011467	
-5.4234805095	-1683.07242524	
-5.42495001748	-1683.07473142	
-5.42641736918	-1683.07703323	
-5.4278825709	-1683.07933067	
-5.42934562895	-1683.08162375	
-5.43080654959	-1683.08391249	
-5.43226533906	-1683.0861969	
-5.43372200355	-1683.088477	
-5.43517654927	-1683.09075278	
-5.43662898235	-1683.09302428	
-5.43807930892	-1683.0952915	
-5.4395275351	-1683.09755444	
-5.44097366695	-1683.09981313	
-5.44241771052	-1683.10206758	
-5.44385967184	-1683.10431779	
-5.4452995569	-1683.10656378	
-5.44673737167	-1683.10880556	
-5.44817312209	-1683.11104314	
-5.44960681409	-1683.11327654	
-5.45103845357	-1683.11550577	
-5.45246804638	-1683.11773083	
-5.45389559837	-1683.11995174	
-5.45532111536	-1683.12216851	
-5.45674460314	-1683.12438116	
-5.45816606749	-1683.12658969	
-5.45958551414	-1683.12879412	
-5.46100294883	-1683.13099445	
-5.46241837723	-1683.1331907	
-5.46383180503	-1683.13538288	
-5.46524323786	-1683.13757101	
-5.46665268137	-1683.13975508	
-5.46806014114	-1683.14193512	
-5.46946562274	-1683.14411113	
-5.47086913175	-1683.14628313	
-5.47227067367	-1683.14845113	
-5.47367025403	-1683.15061514	
-5.47506787829	-1683.15277516	
-5.47646355193	-1683.15493122	
-5.47785728038	-1683.15708332	
-5.47924906905	-1683.15923147	
-5.48063892334	-1683.16137568	
-5.48202684862	-1683.16351597	
-5.48341285022	-1683.16565234	
-5.48479693349	-1683.16778481	
-5.48617910372	-1683.16991338	
-5.48755936619	-1683.17203807	
-5.48893772616	-1683.17415889	
-5.49031418887	-1683.17627585	
-5.49168875953	-1683.17838896	
-5.49306144334	-1683.18049822	
-5.49443224547	-1683.18260366	
-5.49580117108	-1683.18470528	
-5.49716822529	-1683.18680309	
-5.49853341322	-1683.1888971	
-5.49989673995	-1683.19098732	
-5.50125821054	-1683.19307376	
-5.50261783006	-1683.19515644	
-5.50397560352	-1683.19723536	
-5.50533153593	-1683.19931054	
-5.50668563228	-1683.20138197	
-5.50803789753	-1683.20344969	
-5.50938833663	-1683.20551368	
-5.5107369545	-1683.20757397	
-5.51208375605	-1683.20963056	
-5.51342874616	-1683.21168347	
-5.51477192971	-1683.2137327	
-5.51611331154	-1683.21577826	
-5.51745289646	-1683.21782017	
-5.51879068931	-1683.21985843	
-5.52012669485	-1683.22189306	
-5.52146091786	-1683.22392406	
-5.5227933631	-1683.22595144	
-5.52412403528	-1683.22797522	
-5.52545293913	-1683.22999539	
-5.52678007934	-1683.23201199	
-5.52810546058	-1683.234025	
-5.52942908751	-1683.23603444	
-5.53075096477	-1683.23804033	
-5.53207109697	-1683.24004267	
-5.53338948873	-1683.24204147	
-5.53470614461	-1683.24403673	
-5.53602106919	-1683.24602848	
-5.53733426702	-1683.24801672	
-5.53864574262	-1683.25000145	
-5.5399555005	-1683.2519827	
-5.54126354516	-1683.25396046	
-5.54256988107	-1683.25593474	
-5.5438745127	-1683.25790557	
-5.54517744448	-1683.25987293	
-5.54647868084	-1683.26183686	
-5.54777822618	-1683.26379734	
-5.5490760849	-1683.2657544	
-5.55037226136	-1683.26770804	
-5.55166675992	-1683.26965827	
-5.55295958492	-1683.2716051	
-5.55425074069	-1683.27354854	
-5.55554023152	-1683.2754886	
-5.5568280617	-1683.27742528	
-5.55811423551	-1683.27935861	
-5.5593987572	-1683.28128857	
-5.56068163102	-1683.28321519	
-5.56196286117	-1683.28513847	
-5.56324245188	-1683.28705843	
-5.56452040732	-1683.28897506	
-5.56579673168	-1683.29088839	
-5.56707142911	-1683.29279841	
-5.56834450376	-1683.29470514	
-5.56961595975	-1683.29660858	
-5.57088580119	-1683.29850875	
-5.57215403218	-1683.30040565	
-5.57342065679	-1683.30229929	
-5.5746856791	-1683.30418968	
-5.57594910315	-1683.30607683	
-5.57721093297	-1683.30796075	
-5.57847117258	-1683.30984144	
-5.57972982599	-1683.31171891	
-5.58098689718	-1683.31359318	
-5.58224239012	-1683.31546425	
-5.58349630878	-1683.31733213	
-5.5847486571	-1683.31919682	
-5.585999439	-1683.32105835	
-5.5872486584	-1683.3229167	
-5.5884963192	-1683.3247719	
-5.58974242528	-1683.32662395	
-5.59098698051	-1683.32847286	
-5.59222998875	-1683.33031863	
-5.59347145384	-1683.33216128	
-5.5947113796	-1683.33400082	
-5.59594976985	-1683.33583724	
-5.59718662839	-1683.33767057	
-5.598421959	-1683.3395008	
-5.59965576545	-1683.34132795	
-5.60088805149	-1683.34315202	
-5.60211882088	-1683.34497302	
-5.60334807733	-1683.34679097	
-5.60457582457	-1683.34860586	
-5.6058020663	-1683.3504177	
-5.60702680619	-1683.35222652	
-5.60825004793	-1683.3540323	
-5.60947179518	-1683.35583506	
-5.61069205159	-1683.35763481	
-5.61191082078	-1683.35943155	
-5.61312810639	-1683.3612253	
-5.61434391201	-1683.36301605	
-5.61555824124	-1683.36480382	
-5.61677109767	-1683.36658862	
-5.61798248485	-1683.36837046	
-5.61919240636	-1683.37014933	
-5.62040086572	-1683.37192525	
-5.62160786647	-1683.37369823	
-5.62281341212	-1683.37546828	
-5.62401750619	-1683.37723539	
-5.62522015215	-1683.37899958	
-5.6264213535	-1683.38076086	
-5.62762111369	-1683.38251923	
-5.62881943618	-1683.38427471	
-5.63001632442	-1683.38602729	
-5.63121178182	-1683.38777699	
-5.63240581181	-1683.38952381	
-5.6335984178	-1683.39126777	
-5.63478960317	-1683.39300886	
-5.6359793713	-1683.3947471	
-5.63716772557	-1683.39648248	
-5.63835466933	-1683.39821503	
-5.63954020593	-1683.39994475	
-5.64072433869	-1683.40167164	
-5.64190707094	-1683.40339572	
-5.64308840598	-1683.40511698	
-5.64426834712	-1683.40683544	
-5.64544689764	-1683.4085511	
-5.64662406082	-1683.41026397	
-5.64779983991	-1683.41197406	
-5.64897423816	-1683.41368137	
-5.65014725882	-1683.41538591	
-5.65131890512	-1683.4170877	
-5.65248918027	-1683.41878672	
-5.65365808747	-1683.420483	
-5.65482562993	-1683.42217654	
-5.65599181082	-1683.42386735	
-5.65715663332	-1683.42555543	
-5.65832010058	-1683.42724079	
-5.65948221576	-1683.42892343	
-5.660642982	-1683.43060337	
-5.66180240242	-1683.43228061	
-5.66296048014	-1683.43395516	
-5.66411721826	-1683.43562702	
-5.66527261989	-1683.4372962	
-5.66642668811	-1683.43896271	
-5.66757942599	-1683.44062655	
-5.6687308366	-1683.44228774	
-5.66988092298	-1683.44394627	
-5.67102968818	-1683.44560216	
-5.67217713524	-1683.44725541	
-5.67332326717	-1683.44890602	
-5.67446808699	-1683.45055401	
-5.67561159769	-1683.45219938	
-5.67675380227	-1683.45384214	
-5.6778947037	-1683.45548229	
-5.67903430497	-1683.45711984	
-5.68017260902	-1683.4587548	
-5.6813096188	-1683.46038717	
-5.68244533727	-1683.46201696	
-5.68357976734	-1683.46364418	
-5.68471291194	-1683.46526883	
-5.68584477397	-1683.46689092	
-5.68697535634	-1683.46851045	
-5.68810466194	-1683.47012743	
-5.68923269364	-1683.47174188	
-5.69035945432	-1683.47335379	
-5.69148494685	-1683.47496316	
-5.69260917406	-1683.47657002	
-5.6937321388	-1683.47817436	
-5.69485384391	-1683.47977618	
-5.69597429221	-1683.4813755	
-5.69709348651	-1683.48297233	
-5.69821142961	-1683.48456666	
-5.69932812431	-1683.48615851	
-5.70044357339	-1683.48774787	
-5.70155777963	-1683.48933476	
-5.7026707458	-1683.49091919	
-5.70378247466	-1683.49250115	
-5.70489296894	-1683.49408066	
-5.70600223139	-1683.49565772	
-5.70711026475	-1683.49723233	
-5.70821707172	-1683.49880451	
-5.70932265503	-1683.50037425	
-5.71042701737	-1683.50194157	
-5.71153016145	-1683.50350647	
-5.71263208993	-1683.50506896	
-5.71373280551	-1683.50662904	
-5.71483231084	-1683.50818672	
-5.71593060859	-1683.509742	
-5.71702770141	-1683.51129489	
-5.71812359193	-1683.5128454	
-5.71921828279	-1683.51439353	
-5.72031177661	-1683.51593928	
-5.72140407601	-1683.51748267	
-5.72249518359	-1683.5190237	
-5.72358510195	-1683.52056237	
-5.72467383369	-1683.5220987	
-5.72576138137	-1683.52363268	
-5.72684774759	-1683.52516432	
-5.72793293489	-1683.52669363	
-5.72901694583	-1683.52822061	
-5.73009978297	-1683.52974527	
-5.73118144884	-1683.53126762	
-5.73226194598	-1683.53278765	
-5.7333412769	-1683.53430538	
-5.73441944412	-1683.53582082	
-5.73549645015	-1683.53733396	
-5.73657229748	-1683.53884481	
-5.73764698861	-1683.54035338	
-5.73872052602	-1683.54185967	
-5.73979291218	-1683.5433637	
-5.74086414956	-1683.54486545	
-5.74193424062	-1683.54636495	
-5.74300318781	-1683.54786219	
-5.74407099357	-1683.54935718	
-5.74513766034	-1683.55084993	
-5.74620319054	-1683.55234045	
-5.7472675866	-1683.55382872	
-5.74833085092	-1683.55531477	
-5.74939298591	-1683.5567986	
-5.75045399397	-1683.55828021	
-5.75151387748	-1683.55975961	
-5.75257263883	-1683.5612368	
-5.75363028038	-1683.5627118	
-5.75468680452	-1683.56418459	
-5.75574221359	-1683.5656552	
-5.75679650994	-1683.56712362	
-5.75784969593	-1683.56858986	
-5.75890177388	-1683.57005393	
-5.75995274612	-1683.57151582	
-5.76100261499	-1683.57297555	
-5.76205138278	-1683.57443313	
-5.76309905181	-1683.57588854	
-5.76414562438	-1683.57734181	
-5.76519110278	-1683.57879294	
-5.7662354893	-1683.58024192	
-5.76727878622	-1683.58168878	
-5.76832099579	-1683.5831335	
-5.7693621203	-1683.5845761	
-5.770402162	-1683.58601658	
-5.77144112313	-1683.58745495	
-5.77247900594	-1683.58889121	
-5.77351581267	-1683.59032537	
-5.77455154554	-1683.59175743	
-5.77558620679	-1683.59318739	
-5.77661979861	-1683.59461527	
-5.77765232322	-1683.59604106	
-5.77868378283	-1683.59746477	
-5.77971417962	-1683.59888641	
-5.78074351579	-1683.60030598	
-5.78177179352	-1683.60172349	
-5.78279901497	-1683.60313894	
-5.78382518233	-1683.60455233	
-5.78485029774	-1683.60596367	
-5.78587436337	-1683.60737297	
-5.78689738137	-1683.60878023	
-5.78791935386	-1683.61018545	
-5.788940283	-1683.61158865	
-5.7899601709	-1683.61298981	
-5.79097901969	-1683.61438896	
-5.79199683148	-1683.61578609	
-5.79301360838	-1683.61718121	
-5.7940293525	-1683.61857433	
-5.79504406593	-1683.61996544	
-5.79605775077	-1683.62135455	
-5.79707040908	-1683.62274167	
-5.79808204295	-1683.62412681	
-5.79909265446	-1683.62550996	
-5.80010224566	-1683.62689113	
-5.80111081862	-1683.62827032	
-5.80211837538	-1683.62964755	
-5.80312491799	-1683.63102282	
-5.80413044849	-1683.63239612	
-5.80513496892	-1683.63376747	
-5.80613848129	-1683.63513686	
-5.80714098764	-1683.63650431	
-5.80814248998	-1683.63786982	
-5.80914299031	-1683.63923339	
