#Site	lnL	
0	-5.99869421807
1	-2.83636508626
2	-5.89460510632
3	-2.64483440067
4	-9.45359097299
5	-10.9378487945
6	-6.71178950025
7	-2.60835343923
8	-3.10094535052
9	-2.6587534068
10	-2.84852715481
11	-6.31495087774
12	-2.64483440067
13	-2.60835343923
14	-3.11078530683
15	-6.55295127645
16	-6.20332887071
17	-5.89460510632
18	-2.5053396238
19	-2.68379092481
20	-8.87500275686
21	-6.18375068659
22	-2.84852715481
23	-2.93010064649
24	-2.5053396238
25	-9.13187205001
26	-2.85015418919
27	-2.64483440067
28	-2.68379092481
29	-2.93010064649
30	-2.43300165631
31	-7.23342873117
32	-3.10094535052
33	-6.18375068659
34	-2.83636508626
35	-3.11078530683
36	-2.43300165631
37	-2.68379092481
38	-3.10094535052
39	-2.43300165631
40	-5.96519473482
41	-3.10094535052
42	-9.69702357648
43	-13.5954380966
44	-3.11078530683
45	-11.9161514965
46	-6.05804443049
47	-2.93010064649
48	-2.6587534068
49	-2.68379092481
50	-3.10094535052
51	-12.4112843662
52	-6.05804443049
53	-7.36140445851
54	-9.51408891388
55	-6.17405582457
56	-5.43097650839
57	-2.5053396238
58	-6.42453755551
59	-2.93010064649
60	-2.43300165631
61	-6.17937873309
62	-3.10094535052
63	-2.5053396238
64	-2.60835343923
65	-6.17416383474
66	-10.9123662864
67	-8.24006891623
68	-3.11078530683
69	-2.6587534068
70	-2.68379092481
71	-3.10094535052
72	-2.6587534068
73	-2.68379092481
74	-2.93010064649
75	-6.77233289001
76	-6.17937873309
77	-3.10094535052
78	-2.6587534068
79	-6.50929866869
80	-2.93010064649
81	-2.5053396238
82	-8.29184367827
83	-3.10094535052
84	-12.0072185379
85	-12.509175261
86	-3.10094535052
87	-2.64483440067
88	-2.60835343923
89	-3.10094535052
90	-2.43300165631
91	-6.89152695751
92	-2.85015418919
93	-11.0011904544
94	-2.83636508626
95	-6.06928393215
96	-2.5053396238
97	-2.68379092481
98	-9.71647228658
99	-2.5053396238
100	-6.46634530496
101	-2.85015418919
102	-2.5053396238
103	-15.6201423816
104	-3.10094535052
105	-7.27765091849
106	-2.60835343923
107	-6.95608589481
108	-6.59832894189
109	-7.56372697228
110	-3.11078530683
111	-7.40076309406
112	-2.68379092481
113	-2.85015418919
114	-2.6587534068
115	-2.60835343923
116	-3.11078530683
117	-5.99869421807
118	-6.42453755551
119	-6.20390242224
120	-2.64483440067
121	-6.36849615502
122	-2.93010064649
123	-6.429096211
124	-6.01925707704
125	-6.45291084351
126	-6.71291819613
127	-2.83636508626
128	-3.10094535052
129	-2.43300165631
130	-11.5618010436
131	-3.10094535052
132	-2.6587534068
133	-2.68379092481
134	-3.10094535052
135	-6.429096211
136	-2.60835343923
137	-5.92039046634
138	-2.6587534068
139	-2.68379092481
140	-2.85015418919
141	-2.64483440067
142	-7.05350538479
143	-3.11078530683
144	-5.78978292411
145	-8.31186973179
146	-3.10094535052
147	-2.64483440067
148	-2.84852715481
149	-9.46101065616
150	-2.64483440067
151	-5.55935644344
152	-2.93010064649
153	-2.43300165631
154	-9.48516561879
155	-2.93010064649
156	-2.5053396238
157	-2.83636508626
158	-13.6473035312
159	-5.75458098118
160	-2.83636508626
161	-5.50158202344
162	-9.53760699593
163	-2.60835343923
164	-2.85015418919
165	-2.5053396238
166	-2.83636508626
167	-2.85015418919
168	-2.5053396238
169	-5.6884084855
170	-3.10094535052
171	-2.6587534068
172	-2.68379092481
173	-3.10094535052
174	-8.45805586888
175	-2.83636508626
176	-9.75175892359
177	-13.4351991361
178	-2.60835343923
179	-9.60857081822
180	-8.64011954988
181	-2.68379092481
182	-2.85015418919
183	-2.6587534068
184	-5.6884084855
185	-6.31495087774
186	-2.6587534068
187	-2.60835343923
188	-2.85015418919
189	-5.92744308744
190	-2.84852715481
191	-2.93010064649
192	-2.6587534068
193	-9.94180896055
194	-5.67722557756
195	-2.43300165631
196	-2.84852715481
197	-3.10094535052
198	-7.07500467831
199	-2.84852715481
200	-5.85113620191
201	-5.75458098118
202	-8.76482279051
203	-5.92039046634
204	-2.5053396238
205	-6.31127154839
206	-2.85015418919
207	-2.43300165631
208	-2.60835343923
209	-2.93010064649
210	-2.43300165631
211	-9.45359097299
212	-2.93010064649
213	-2.43300165631
214	-5.80429603759
215	-2.85015418919
216	-2.6587534068
217	-2.84852715481
218	-2.85015418919
219	-2.6587534068
220	-6.0920443036
221	-5.94811692157
222	-2.6587534068
223	-6.0290438874
224	-7.42671606436
225	-6.429096211
226	-6.43364253722
227	-5.67722557756
228	-2.6587534068
229	-6.31127154839
230	-3.10094535052
231	-6.55624698305
232	-5.65336462754
233	-5.94811692157
234	-2.5053396238
235	-7.46271381148
236	-2.93010064649
237	-7.74925378443
238	-7.23342873117
239	-3.10094535052
240	-2.64483440067
241	-2.68379092481
242	-2.93010064649
243	-2.43300165631
244	-2.83636508626
245	-3.10094535052
246	-2.5053396238
247	-2.60835343923
248	-5.70145200786
249	-5.78978292411
250	-6.52084403621
251	-3.11078530683
252	-2.64483440067
253	-2.84852715481
254	-9.39494592888
255	-2.43300165631
256	-6.59434322812
257	-2.93010064649
258	-2.5053396238
259	-2.68379092481
260	-3.10094535052
261	-2.5053396238
262	-2.83636508626
263	-3.10094535052
264	-2.43300165631
265	-2.83636508626
266	-2.85015418919
267	-2.43300165631
268	-12.8509650489
269	-2.85015418919
270	-2.43300165631
271	-2.84852715481
272	-3.11078530683
273	-2.43300165631
274	-13.8282822473
275	-2.93010064649
276	-8.85986446078
277	-9.88470572726
278	-2.93010064649
279	-2.64483440067
280	-2.83636508626
281	-3.10094535052
282	-11.0601367376
283	-2.68379092481
284	-2.85015418919
285	-2.43300165631
286	-2.60835343923
287	-7.50323231908
288	-10.7929735472
289	-10.2077604592
290	-3.11078530683
291	-2.5053396238
292	-9.5061069321
293	-2.85015418919
294	-2.43300165631
295	-2.60835343923
296	-2.93010064649
297	-2.64483440067
298	-2.84852715481
299	-3.10094535052
300	-2.5053396238
301	-2.83636508626
302	-3.10094535052
303	-2.64483440067
304	-6.50929866869
305	-6.89287302772
306	-6.01107312257
307	-2.68379092481
308	-5.50158202344
309	-10.1151740011
310	-2.68379092481
311	-6.89287302772
312	-2.6587534068
313	-2.60835343923
314	-3.11078530683
315	-5.84549410688
316	-8.0834639446
317	-2.93010064649
318	-6.74263321072
319	-11.0452724873
320	-3.10094535052
321	-6.59832894189
322	-2.84852715481
323	-2.85015418919
324	-2.64483440067
325	-2.60835343923
326	-3.11078530683
327	-2.43300165631
328	-2.68379092481
329	-6.3056430695
330	-6.59832894189
331	-2.60835343923
332	-3.11078530683
333	-2.6587534068
334	-2.84852715481
335	-3.10094535052
336	-2.5053396238
337	-2.83636508626
338	-11.1595358779
339	-6.52642804742
340	-2.83636508626
341	-6.3056430695
342	-6.23982309822
343	-2.60835343923
344	-6.03270656295
345	-2.64483440067
346	-2.83636508626
347	-5.61752652821
348	-8.82246020444
349	-2.83636508626
350	-3.11078530683
351	-6.2635683408
352	-2.84852715481
353	-3.11078530683
354	-7.07500467831
355	-7.46844938589
356	-3.11078530683
357	-2.64483440067
358	-6.01925707704
359	-7.99509662759
360	-2.43300165631
361	-2.60835343923
362	-3.11078530683
363	-2.6587534068
364	-10.2390394094
365	-7.42671606436
366	-2.64483440067
367	-9.82477635628
368	-2.93010064649
369	-2.43300165631
370	-2.68379092481
371	-2.93010064649
372	-2.43300165631
373	-5.6884084855
374	-2.85015418919
375	-2.64483440067
376	-2.68379092481
377	-3.11078530683
378	-2.64483440067
379	-2.68379092481
380	-2.93010064649
381	-2.64483440067
382	-6.14640784909
383	-2.85015418919
384	-2.64483440067
385	-2.68379092481
386	-6.6642014133
387	-2.43300165631
388	-2.60835343923
389	-9.01450228322
390	-6.95042028974
391	-2.68379092481
392	-8.21784009883
393	-2.64483440067
394	-2.84852715481
395	-10.0873886722
396	-2.64483440067
397	-6.14640784909
398	-3.10094535052
399	-2.43300165631
400	-2.83636508626
401	-2.85015418919
402	-6.2635683408
403	-2.68379092481
404	-2.85015418919
405	-2.5053396238
406	-6.55168832755
407	-2.93010064649
408	-6.71178950025
409	-2.60835343923
410	-3.10094535052
411	-2.64483440067
412	-9.55415284014
413	-3.11078530683
414	-7.07500467831
415	-2.68379092481
416	-8.21784009883
417	-2.5053396238
418	-12.1307593249
419	-2.93010064649
420	-6.52642804742
421	-5.60939913642
422	-2.85015418919
423	-2.5053396238
424	-6.24134538298
425	-2.93010064649
426	-2.64483440067
427	-5.55935644344
428	-2.93010064649
429	-5.84549410688
430	-2.83636508626
431	-3.10094535052
432	-2.6587534068
433	-6.60792752053
434	-2.93010064649
435	-2.6587534068
436	-2.84852715481
437	-2.93010064649
438	-2.43300165631
439	-2.83636508626
440	-5.99657435416
441	-2.5053396238
442	-6.0920443036
443	-2.85015418919
444	-2.5053396238
445	-2.84852715481
446	-5.89460510632
447	-2.43300165631
448	-2.60835343923
449	-6.48923586105
450	-5.84549410688
451	-9.82477635628
452	-11.2961906801
453	-6.61548243867
454	-2.84852715481
455	-3.10094535052
456	-2.6587534068
457	-2.60835343923
458	-5.67722557756
459	-2.6587534068
460	-2.68379092481
461	-13.3339986417
462	-6.51183596725
463	-6.64678044375
464	-2.85015418919
465	-2.5053396238
466	-2.60835343923
467	-2.93010064649
468	-2.43300165631
469	-10.7859350842
470	-3.11078530683
