#Site	lnL	
0	-1.77968792548
1	-1.96253018894
2	-7.31117979906
3	-5.24353757275
4	-2.2279844846
5	-1.44809962336
6	-1.98599586129
7	-8.38846288525
8	-1.6530283536
9	-1.99834492379
10	-7.27247979823
11	-6.98042489561
12	-5.88975400454
13	-6.56104825473
14	-12.6659079451
15	-1.75740240532
16	-2.2279844846
17	-9.78042955122
18	-1.77968792548
19	-1.98653155676
20	-1.6530283536
21	-5.83058213692
22	-1.96253018894
23	-1.46791011359
24	-1.99834492379
25	-1.98653155676
26	-12.2372483748
27	-1.75740240532
28	-2.2279844846
29	-1.46791011359
30	-1.98599586129
31	-8.24165529551
32	-1.44809962336
33	-1.98599586129
34	-8.01901213611
35	-1.6530283536
36	-1.77968792548
37	-5.86546519561
38	-6.78548239069
39	-1.77968792548
40	-1.96253018894
41	-1.44809962336
42	-1.98599586129
43	-2.2279844846
44	-13.4196745733
45	-6.83340501594
46	-1.96253018894
47	-1.64351970291
48	-1.98599586129
49	-8.19232971413
50	-6.78606602437
51	-4.50779318893
52	-2.21373499881
53	-1.44809962336
54	-9.99139364623
55	-2.21373499881
56	-1.6530283536
57	-1.98599586129
58	-6.4658936311
59	-8.02255977801
60	-1.75740240532
61	-8.239327796
62	-6.98199866991
63	-6.1290753026
64	-2.2279844846
65	-6.5908715877
66	-7.69848918201
67	-1.98653155676
68	-6.990085344
69	-1.75740240532
70	-1.98653155676
71	-1.64351970291
72	-6.3298482716
73	-1.98653155676
74	-1.44809962336
75	-4.52036627637
76	-1.96253018894
77	-1.46791011359
78	-1.98599586129
79	-2.2279844846
80	-1.44809962336
81	-1.77968792548
82	-1.98653155676
83	-1.44809962336
84	-5.18068832456
85	-5.67297731012
86	-1.44809962336
87	-14.6903850268
88	-1.96253018894
89	-1.6530283536
90	-1.77968792548
91	-2.21373499881
92	-7.12629340745
93	-1.75740240532
94	-1.96253018894
95	-1.44809962336
96	-4.54108048948
97	-2.2279844846
98	-8.06564571362
99	-5.2705308712
100	-2.2279844846
101	-8.22473987002
102	-5.82356364635
103	-2.2279844846
104	-5.70163351452
105	-1.75740240532
106	-2.2279844846
107	-6.98042489561
108	-1.98599586129
109	-2.2279844846
110	-1.64351970291
111	-1.77968792548
112	-1.96253018894
113	-8.68105983475
114	-1.98599586129
115	-1.98653155676
116	-11.5329932245
117	-1.99834492379
118	-2.21373499881
119	-1.6530283536
120	-1.77968792548
121	-6.49355023918
122	-6.43328141375
123	-1.75740240532
124	-4.93280065306
125	-7.13087645228
126	-6.6906732255
127	-5.7028692549
128	-1.6530283536
129	-5.24353757275
130	-2.21373499881
131	-1.46791011359
132	-1.98599586129
133	-8.58671970306
134	-1.46791011359
135	-1.75740240532
136	-5.63329215839
137	-1.46791011359
138	-1.77968792548
139	-5.09961559538
140	-1.46791011359
141	-1.77968792548
142	-5.86546519561
143	-1.64351970291
144	-5.8771356155
145	-1.98653155676
146	-1.6530283536
147	-1.75740240532
148	-2.21373499881
149	-7.13629617061
150	-6.62510604353
151	-1.96253018894
152	-1.46791011359
153	-1.77968792548
154	-5.62509576906
155	-8.02255977801
156	-1.98599586129
157	-2.21373499881
158	-11.3975151924
159	-1.75740240532
160	-7.47317897241
161	-6.78548239069
162	-6.69913627261
163	-2.2279844846
164	-1.6530283536
165	-1.98599586129
166	-5.57769771698
167	-1.46791011359
168	-1.99834492379
169	-1.96253018894
170	-6.58412217182
171	-5.8771356155
172	-8.44569785713
173	-1.44809962336
174	-1.75740240532
175	-5.07808923516
176	-1.6530283536
177	-1.77968792548
178	-1.98653155676
179	-24.531123966
180	-5.82356364635
181	-6.4658936311
182	-6.78548239069
183	-1.75740240532
184	-2.2279844846
185	-1.6530283536
186	-1.77968792548
187	-1.98653155676
188	-1.44809962336
189	-1.99834492379
190	-9.94763708768
191	-1.6530283536
192	-1.75740240532
193	-2.2279844846
194	-1.6530283536
195	-1.77968792548
196	-1.96253018894
197	-1.6530283536
198	-7.96752953465
199	-7.97181118665
200	-7.14496718809
201	-1.77968792548
202	-4.34537297582
203	-18.9129195751
204	-5.57499635625
205	-2.21373499881
206	-1.6530283536
207	-1.75740240532
208	-8.24165529551
209	-8.69218195199
210	-1.99834492379
211	-5.6387637746
212	-8.92955356692
213	-1.77968792548
214	-2.21373499881
215	-7.31117979906
216	-1.99834492379
217	-1.96253018894
218	-1.44809962336
219	-1.77968792548
220	-6.52644841243
221	-1.46791011359
222	-1.77968792548
223	-1.96253018894
224	-1.6530283536
225	-1.75740240532
226	-1.98653155676
227	-1.6530283536
228	-1.75740240532
229	-2.2279844846
230	-5.70906698389
231	-1.77968792548
232	-4.34537297582
233	-1.46791011359
234	-1.75740240532
235	-6.86364267269
236	-1.46791011359
237	-1.99834492379
238	-1.98653155676
239	-5.71253512716
240	-1.77968792548
241	-1.96253018894
242	-1.44809962336
243	-5.88975400454
244	-11.7732870859
245	-6.43118869617
246	-8.85885757962
247	-8.15673621119
248	-6.61925108204
249	-1.75740240532
250	-2.2279844846
251	-1.64351970291
252	-1.98599586129
253	-1.96253018894
254	-1.64351970291
255	-1.75740240532
256	-1.98653155676
257	-1.44809962336
258	-1.77968792548
259	-5.6387637746
260	-8.48801012519
261	-1.99834492379
262	-2.2279844846
263	-6.44088927145
264	-1.75740240532
265	-5.13087528345
266	-9.21240429629
267	-4.54108048948
268	-1.96253018894
269	-9.16643423617
270	-1.77968792548
271	-8.24788341422
272	-11.398338305
273	-1.98599586129
274	-1.98653155676
275	-1.44809962336
276	-1.77968792548
277	-4.3391473871
278	-6.98199866991
279	-1.99834492379
280	-2.21373499881
281	-13.2349304139
282	-14.3024142278
283	-1.96253018894
284	-1.6530283536
285	-1.98599586129
286	-5.34446985988
287	-1.46791011359
288	-10.0427071613
289	-5.63329215839
290	-1.6530283536
291	-1.98599586129
292	-5.57769771698
293	-7.14496718809
294	-1.75740240532
295	-2.2279844846
296	-1.46791011359
297	-1.98599586129
298	-2.21373499881
299	-5.71887115425
300	-7.03036208546
301	-2.21373499881
302	-1.64351970291
303	-4.54108048948
304	-1.96253018894
305	-1.6530283536
306	-4.54108048948
307	-1.96253018894
308	-1.64351970291
309	-1.75740240532
310	-4.28833057473
311	-1.44809962336
312	-1.77968792548
313	-11.6650007204
314	-1.46791011359
315	-1.98599586129
316	-2.2279844846
317	-1.6530283536
318	-1.75740240532
319	-4.93280065306
320	-8.0664018594
321	-1.75740240532
322	-5.13087528345
323	-1.6530283536
324	-1.99834492379
325	-5.67297731012
326	-1.44809962336
327	-1.99834492379
328	-2.21373499881
329	-1.46791011359
330	-1.77968792548
331	-7.30742830564
332	-1.44809962336
333	-1.75740240532
334	-9.04370526449
335	-1.6530283536
336	-1.75740240532
337	-1.98653155676
338	-1.46791011359
339	-1.75740240532
340	-4.28833057473
341	-9.16571341355
342	-6.16617636165
343	-1.96253018894
344	-1.44809962336
345	-4.50779318893
346	-2.2279844846
347	-1.46791011359
348	-1.98599586129
349	-4.30205634302
350	-1.64351970291
351	-1.75740240532
352	-1.96253018894
353	-1.44809962336
354	-1.98599586129
355	-9.48227046233
356	-7.33957799108
357	-7.94995890777
358	-6.68816104217
359	-1.46791011359
360	-1.75740240532
361	-2.2279844846
362	-1.46791011359
363	-5.2705308712
364	-5.07808923516
365	-5.71887115425
366	-6.89710770258
367	-2.2279844846
368	-1.46791011359
369	-8.6442799038
370	-1.98653155676
371	-10.6432436348
372	-1.75740240532
373	-1.96253018894
374	-9.16643423617
375	-1.77968792548
376	-1.96253018894
377	-1.64351970291
378	-5.78093080629
379	-5.9216175752
380	-10.0599991988
381	-7.94567189048
382	-4.93280065306
383	-12.2928185145
384	-1.99834492379
385	-12.7474051094
386	-1.6530283536
387	-1.77968792548
388	-1.96253018894
389	-1.46791011359
390	-5.82356364635
391	-5.7028692549
392	-10.6401891497
393	-1.75740240532
394	-12.6067697832
395	-7.14496718809
396	-1.75740240532
397	-7.30742830564
398	-7.34784531566
399	-1.98599586129
400	-5.7028692549
401	-9.6513242591
402	-1.77968792548
403	-1.96253018894
404	-17.9108953582
405	-9.52966226761
406	-1.98653155676
407	-7.89958691708
408	-1.77968792548
409	-5.34446985988
410	-1.6530283536
411	-9.55249926193
412	-8.79866696967
413	-7.87103491064
414	-7.94995890777
415	-5.01120608271
416	-1.64351970291
417	-1.99834492379
418	-6.1210005256
419	-1.64351970291
420	-1.75740240532
421	-1.96253018894
422	-1.6530283536
423	-1.75740240532
424	-2.2279844846
425	-1.44809962336
426	-1.99834492379
427	-1.98653155676
428	-10.4911581106
429	-1.75740240532
430	-1.96253018894
431	-11.209163803
432	-9.65595613803
433	-1.98653155676
434	-1.44809962336
435	-1.77968792548
436	-2.21373499881
437	-7.34784531566
438	-1.98599586129
439	-1.96253018894
440	-7.89958691708
441	-11.9287108678
442	-2.2279844846
443	-1.46791011359
444	-1.98599586129
445	-1.98653155676
446	-1.6530283536
447	-5.79424216039
448	-8.52720767188
449	-11.9374334639
450	-1.75740240532
451	-1.96253018894
452	-1.64351970291
453	-8.21718805748
454	-6.1210005256
455	-1.6530283536
456	-1.99834492379
457	-5.69865025328
458	-6.43118869617
459	-1.98599586129
460	-4.93626448047
461	-1.6530283536
462	-5.18294338615
463	-7.99795838258
464	-5.70163351452
465	-1.77968792548
466	-2.21373499881
467	-1.44809962336
468	-1.75740240532
469	-6.86364267269
470	-1.46791011359
