#Site	lnL	
0	-7.61943458294
1	-2.64440928838
2	-2.89975892445
3	-2.17979087348
4	-9.00979951226
5	-3.24180751023
6	-2.17979087348
7	-2.36647771721
8	-3.46277073946
9	-2.17979087348
10	-2.36647771721
11	-3.46277073946
12	-7.61943458294
13	-2.36647771721
14	-9.0250772704
15	-2.17979087348
16	-2.36647771721
17	-11.2841736691
18	-2.17979087348
19	-10.2423505464
20	-3.46277073946
21	-2.17979087348
22	-2.36647771721
23	-7.84063982446
24	-2.43664147138
25	-7.17477080495
26	-2.89975892445
27	-2.43664147138
28	-2.64440928838
29	-2.89975892445
30	-2.7399341962
31	-2.81709228981
32	-7.72496869963
33	-2.43664147138
34	-2.36647771721
35	-2.89975892445
36	-2.59311555308
37	-2.81709228981
38	-2.89975892445
39	-2.7399341962
40	-10.2627762893
41	-3.46277073946
42	-2.17979087348
43	-2.36647771721
44	-6.39851432625
45	-2.43664147138
46	-6.53777588893
47	-3.24180751023
48	-7.62024892534
49	-2.81709228981
50	-3.70421842667
51	-2.7399341962
52	-6.70836834778
53	-3.70421842667
54	-2.59311555308
55	-2.64440928838
56	-9.33859974582
57	-2.59311555308
58	-6.47080442702
59	-3.46277073946
60	-2.43664147138
61	-8.51018798243
62	-3.24180751023
63	-2.17979087348
64	-2.81709228981
65	-3.24180751023
66	-2.17979087348
67	-6.70836834778
68	-3.24180751023
69	-2.17979087348
70	-2.64440928838
71	-10.9850343349
72	-2.17979087348
73	-13.7314266862
74	-3.24180751023
75	-8.79750115003
76	-7.67880497085
77	-6.39851432625
78	-2.43664147138
79	-11.5278776573
80	-6.83764166734
81	-13.1875583556
82	-2.64440928838
83	-6.47731041513
84	-5.92911121074
85	-2.81709228981
86	-3.46277073946
87	-2.59311555308
88	-2.64440928838
89	-2.89975892445
90	-2.59311555308
91	-2.64440928838
92	-6.79023010732
93	-2.7399341962
94	-2.98808138203
95	-9.56311908998
96	-8.79750115003
97	-6.9779180212
98	-10.4895956032
99	-2.59311555308
100	-2.64440928838
101	-2.89975892445
102	-2.7399341962
103	-7.18823684985
104	-3.70421842667
105	-2.7399341962
106	-2.81709228981
107	-6.11318364767
108	-2.7399341962
109	-6.1454617651
110	-2.89975892445
111	-2.17979087348
112	-2.81709228981
113	-9.36941065831
114	-2.43664147138
115	-2.81709228981
116	-11.6164995753
117	-2.43664147138
118	-8.0001798715
119	-11.0099738953
120	-2.17979087348
121	-6.08261237665
122	-3.24180751023
123	-11.7262921921
124	-2.98808138203
125	-2.89975892445
126	-2.17979087348
127	-2.64440928838
128	-7.38244771575
129	-2.17979087348
130	-2.36647771721
131	-7.89142823658
132	-2.7399341962
133	-2.81709228981
134	-7.8714155467
135	-2.17979087348
136	-7.18823684985
137	-2.89975892445
138	-5.92911121074
139	-2.36647771721
140	-10.9562118961
141	-2.43664147138
142	-5.4519173701
143	-2.89975892445
144	-2.59311555308
145	-2.64440928838
146	-3.24180751023
147	-2.59311555308
148	-2.36647771721
149	-8.05547753597
150	-2.17979087348
151	-7.75889118706
152	-3.24180751023
153	-2.7399341962
154	-2.36647771721
155	-3.46277073946
156	-7.11860389897
157	-2.36647771721
158	-6.40981301511
159	-2.59311555308
160	-9.24090297041
161	-3.70421842667
162	-2.59311555308
163	-6.1454617651
164	-10.1086040968
165	-7.77541930506
166	-2.36647771721
167	-3.24180751023
168	-2.17979087348
169	-2.64440928838
170	-4.99607488768
171	-2.43664147138
172	-2.36647771721
173	-2.89975892445
174	-2.17979087348
175	-2.81709228981
176	-7.89142823658
177	-2.17979087348
178	-2.64440928838
179	-6.25981575605
180	-2.17979087348
181	-9.02751662251
182	-3.24180751023
183	-2.59311555308
184	-2.64440928838
185	-2.89975892445
186	-2.43664147138
187	-7.79695527378
188	-8.2706821711
189	-2.17979087348
190	-5.49511454387
191	-3.70421842667
192	-2.43664147138
193	-10.2423505464
194	-2.89975892445
195	-2.43664147138
196	-9.06268525261
197	-3.70421842667
198	-2.7399341962
199	-7.67880497085
200	-6.83764166734
201	-2.59311555308
202	-5.4519173701
203	-3.24180751023
204	-2.43664147138
205	-2.81709228981
206	-6.47731041513
207	-2.7399341962
208	-2.36647771721
209	-10.0242949671
210	-2.7399341962
211	-2.64440928838
212	-3.70421842667
213	-7.46136930888
214	-2.81709228981
215	-3.46277073946
216	-6.43370375243
217	-2.64440928838
218	-2.89975892445
219	-2.17979087348
220	-2.36647771721
221	-3.70421842667
222	-2.43664147138
223	-2.36647771721
224	-2.89975892445
225	-2.7399341962
226	-2.98808138203
227	-3.46277073946
228	-2.17979087348
229	-5.4519173701
230	-2.89975892445
231	-5.94420160073
232	-2.64440928838
233	-2.89975892445
234	-2.59311555308
235	-9.63127443575
236	-3.24180751023
237	-2.7399341962
238	-2.36647771721
239	-6.39568879716
240	-2.43664147138
241	-12.2571327204
242	-3.46277073946
243	-2.17979087348
244	-2.36647771721
245	-6.57771822649
246	-2.59311555308
247	-6.67591022172
248	-2.89975892445
249	-5.79570043408
250	-2.36647771721
251	-8.46230545223
252	-5.94420160073
253	-2.64440928838
254	-3.46277073946
255	-2.59311555308
256	-7.65452457367
257	-3.46277073946
258	-2.43664147138
259	-2.98808138203
260	-3.70421842667
261	-2.17979087348
262	-6.64305407891
263	-3.46277073946
264	-2.17979087348
265	-2.81709228981
266	-5.19650461474
267	-6.552924767
268	-2.81709228981
269	-2.89975892445
270	-2.59311555308
271	-2.36647771721
272	-3.24180751023
273	-2.43664147138
274	-2.64440928838
275	-7.61746454416
276	-2.17979087348
277	-2.64440928838
278	-5.54536239031
279	-2.17979087348
280	-2.81709228981
281	-3.46277073946
282	-2.43664147138
283	-2.81709228981
284	-3.46277073946
285	-2.59311555308
286	-10.5150494681
287	-6.47731041513
288	-2.7399341962
289	-2.98808138203
290	-2.89975892445
291	-2.59311555308
292	-8.8021743111
293	-3.70421842667
294	-5.94420160073
295	-6.63602988611
296	-3.24180751023
297	-2.59311555308
298	-2.81709228981
299	-3.24180751023
300	-7.03053772845
301	-2.98808138203
302	-2.89975892445
303	-2.43664147138
304	-2.36647771721
305	-3.70421842667
306	-2.7399341962
307	-2.81709228981
308	-3.46277073946
309	-2.43664147138
310	-7.89702551985
311	-2.89975892445
312	-2.43664147138
313	-5.92954402517
314	-5.26328377963
315	-5.92911121074
316	-9.65074101762
317	-2.89975892445
318	-7.03053772845
319	-2.36647771721
320	-2.89975892445
321	-2.43664147138
322	-8.51018798243
323	-3.46277073946
324	-6.43413175235
325	-2.81709228981
326	-3.24180751023
327	-2.7399341962
328	-8.95069329093
329	-8.77792248184
330	-2.17979087348
331	-5.49511454387
332	-3.70421842667
333	-2.17979087348
334	-2.64440928838
335	-3.24180751023
336	-2.17979087348
337	-10.0622166748
338	-3.70421842667
339	-6.84025276371
340	-2.98808138203
341	-6.27167868232
342	-2.7399341962
343	-6.44643093463
344	-2.89975892445
345	-2.43664147138
346	-2.98808138203
347	-6.57771822649
348	-2.17979087348
349	-2.64440928838
350	-3.24180751023
351	-2.17979087348
352	-2.36647771721
353	-5.67421654977
354	-8.12158966396
355	-2.64440928838
356	-2.89975892445
357	-6.92795869486
358	-5.52339621048
359	-7.71159678224
360	-2.43664147138
361	-7.27316161896
362	-6.3160121658
363	-2.7399341962
364	-2.36647771721
365	-3.46277073946
366	-2.59311555308
367	-2.98808138203
368	-6.85549380088
369	-2.17979087348
370	-2.98808138203
371	-5.70235918162
372	-7.57403148846
373	-2.64440928838
374	-9.40662153099
375	-2.7399341962
376	-2.36647771721
377	-2.89975892445
378	-2.7399341962
379	-2.36647771721
380	-9.76220536147
381	-2.43664147138
382	-2.64440928838
383	-3.24180751023
384	-2.17979087348
385	-2.64440928838
386	-2.89975892445
387	-2.17979087348
388	-2.36647771721
389	-8.08888491171
390	-2.59311555308
391	-2.36647771721
392	-5.67421654977
393	-2.17979087348
394	-2.36647771721
395	-5.71880294442
396	-6.43370375243
397	-6.00140765918
398	-3.70421842667
399	-2.59311555308
400	-2.64440928838
401	-5.19650461474
402	-2.59311555308
403	-2.81709228981
404	-3.70421842667
405	-2.59311555308
406	-2.36647771721
407	-3.70421842667
408	-7.59825855083
409	-2.64440928838
410	-2.89975892445
411	-2.17979087348
412	-6.95213397241
413	-8.82409084194
414	-2.43664147138
415	-6.70998620365
416	-3.70421842667
417	-2.59311555308
418	-2.81709228981
419	-5.62261552667
420	-2.7399341962
421	-2.36647771721
422	-2.89975892445
423	-6.43413175235
424	-2.64440928838
425	-12.1027363779
426	-2.43664147138
427	-9.49192996656
428	-3.46277073946
429	-7.19688737405
430	-2.36647771721
431	-3.24180751023
432	-2.7399341962
433	-2.36647771721
434	-6.25981575605
435	-2.59311555308
436	-7.29435587013
437	-3.70421842667
438	-2.17979087348
439	-2.64440928838
440	-2.89975892445
441	-6.84025276371
442	-2.36647771721
443	-3.70421842667
444	-6.96538669082
445	-8.8021743111
446	-6.14450489216
447	-2.17979087348
448	-6.70836834778
449	-3.70421842667
450	-2.17979087348
451	-9.00285538493
452	-3.24180751023
453	-2.7399341962
454	-2.98808138203
455	-5.76076729092
456	-2.59311555308
457	-2.98808138203
458	-6.25981575605
459	-9.40335265387
460	-2.36647771721
461	-2.89975892445
462	-12.8936896807
463	-8.46275263425
464	-6.68191936753
465	-2.59311555308
466	-6.64305407891
467	-7.01493241582
468	-8.10291511973
469	-2.64440928838
470	-2.89975892445
