#Site	lnL	
0	-5.15212895062
1	-5.22349553478
2	-11.8706872577
3	-5.15212895062
4	-11.5509534988
5	-7.57599146371
6	-11.3317143792
7	-5.22349553478
8	-7.14299554528
9	-5.30778202574
10	-10.0244294992
11	-7.46738674875
12	-10.0137308832
13	-11.0400097057
14	-7.90732980427
15	-10.5240286681
16	-9.97789742063
17	-11.7575030753
18	-5.1013934815
19	-5.22349553478
20	-7.57599146371
21	-10.0994905351
22	-5.27682769827
23	-7.14299554528
24	-4.95074393702
25	-5.06497689031
26	-10.6729410296
27	-5.15212895062
28	-5.22349553478
29	-7.90732980427
30	-16.7285831555
31	-5.06497689031
32	-13.5579920669
33	-4.95074393702
34	-5.22349553478
35	-7.14299554528
36	-4.95074393702
37	-5.22349553478
38	-12.451712694
39	-10.5240286681
40	-5.22349553478
41	-7.14299554528
42	-5.15212895062
43	-10.1552353852
44	-7.14299554528
45	-5.1013934815
46	-5.06497689031
47	-7.90732980427
48	-5.15212895062
49	-9.40888802621
50	-9.88556113545
51	-10.3967363324
52	-5.27682769827
53	-7.57599146371
54	-10.3967363324
55	-5.27682769827
56	-7.90732980427
57	-5.30778202574
58	-5.22349553478
59	-7.90732980427
60	-5.30778202574
61	-5.22349553478
62	-7.14299554528
63	-5.15212895062
64	-16.0326169695
65	-7.14299554528
66	-10.3967363324
67	-12.1738368253
68	-10.8678856751
69	-5.1013934815
70	-12.3557318186
71	-7.90732980427
72	-12.6472915092
73	-5.22349553478
74	-10.0391856283
75	-5.30778202574
76	-5.27682769827
77	-12.3203311571
78	-10.3967363324
79	-5.06497689031
80	-7.57599146371
81	-11.8409493113
82	-9.84493250562
83	-9.25382364767
84	-5.15212895062
85	-11.2285181257
86	-7.14299554528
87	-12.5707907709
88	-5.22349553478
89	-10.6996056285
90	-12.9566469476
91	-5.27682769827
92	-10.497810343
93	-5.1013934815
94	-5.27682769827
95	-7.57599146371
96	-5.15212895062
97	-12.7152957849
98	-7.57599146371
99	-4.95074393702
100	-5.4402971094
101	-7.14299554528
102	-9.53235851566
103	-5.06497689031
104	-7.57599146371
105	-9.51014725926
106	-5.22349553478
107	-10.5927191713
108	-5.1013934815
109	-5.06497689031
110	-7.14299554528
111	-10.5043697158
112	-11.2746402131
113	-7.90732980427
114	-5.15212895062
115	-5.22349553478
116	-10.5672347596
117	-5.30778202574
118	-5.27682769827
119	-11.8878724636
120	-5.1013934815
121	-10.1825941802
122	-7.46738674875
123	-5.30778202574
124	-14.6865031369
125	-7.90732980427
126	-11.5976188754
127	-5.06497689031
128	-7.46738674875
129	-5.15212895062
130	-5.06497689031
131	-7.90732980427
132	-16.2497877978
133	-10.4090814969
134	-7.14299554528
135	-5.30778202574
136	-10.1755627773
137	-7.57599146371
138	-19.7542820966
139	-5.27682769827
140	-10.5767335939
141	-14.9906153021
142	-5.4402971094
143	-11.4942291616
144	-4.95074393702
145	-5.22349553478
146	-7.14299554528
147	-5.15212895062
148	-12.1738368253
149	-7.57599146371
150	-18.3907291508
151	-5.06497689031
152	-10.2757714206
153	-5.15212895062
154	-5.22349553478
155	-7.46738674875
156	-5.15212895062
157	-13.0981206461
158	-7.46738674875
159	-4.95074393702
160	-5.4402971094
161	-10.1627919344
162	-12.0363392317
163	-5.06497689031
164	-10.6515707677
165	-4.95074393702
166	-5.06497689031
167	-13.6461705491
168	-4.95074393702
169	-5.22349553478
170	-13.2018951323
171	-5.1013934815
172	-11.3972738993
173	-11.9312320092
174	-4.95074393702
175	-11.5509534988
176	-12.0527571555
177	-11.7676102335
178	-5.22349553478
179	-7.46738674875
180	-5.1013934815
181	-5.27682769827
182	-7.57599146371
183	-16.2853736459
184	-5.06497689031
185	-7.14299554528
186	-5.1013934815
187	-5.22349553478
188	-10.3814776906
189	-4.95074393702
190	-5.22349553478
191	-7.57599146371
192	-4.95074393702
193	-5.22349553478
194	-8.96478646423
195	-4.95074393702
196	-5.4402971094
197	-10.087186403
198	-5.30778202574
199	-9.97789742063
200	-7.14299554528
201	-11.9360907311
202	-5.27682769827
203	-14.6880008514
204	-5.15212895062
205	-5.4402971094
206	-7.46738674875
207	-5.15212895062
208	-5.06497689031
209	-7.57599146371
210	-10.5688215077
211	-5.06497689031
212	-7.57599146371
213	-11.373137119
214	-5.06497689031
215	-7.46738674875
216	-4.95074393702
217	-14.9853029568
218	-7.14299554528
219	-5.30778202574
220	-5.4402971094
221	-9.82281607096
222	-4.95074393702
223	-5.22349553478
224	-7.90732980427
225	-4.95074393702
226	-11.1219705211
227	-7.90732980427
228	-5.15212895062
229	-5.22349553478
230	-7.90732980427
231	-4.95074393702
232	-11.3647405898
233	-10.755921358
234	-5.30778202574
235	-9.42045971666
236	-7.90732980427
237	-9.51014725926
238	-14.6850492218
239	-7.46738674875
240	-14.0049017864
241	-5.27682769827
242	-7.14299554528
243	-4.95074393702
244	-5.06497689031
245	-7.57599146371
246	-5.15212895062
247	-5.27682769827
248	-13.9595238016
249	-4.95074393702
250	-5.22349553478
251	-7.57599146371
252	-5.1013934815
253	-5.4402971094
254	-7.14299554528
255	-5.15212895062
256	-11.1219705211
257	-7.57599146371
258	-5.15212895062
259	-5.06497689031
260	-7.57599146371
261	-5.30778202574
262	-11.4218259992
263	-11.4942291616
264	-5.30778202574
265	-5.4402971094
266	-10.0391856283
267	-13.5219960853
268	-10.7005448359
269	-10.0825446633
270	-12.4796461977
271	-11.2712087264
272	-9.46012682659
273	-4.95074393702
274	-5.27682769827
275	-10.8969193207
276	-5.15212895062
277	-14.1175704502
278	-15.2490987192
279	-5.15212895062
280	-9.83826253578
281	-10.1239674031
282	-5.1013934815
283	-5.06497689031
284	-15.7039846562
285	-5.15212895062
286	-5.06497689031
287	-7.57599146371
288	-15.5822210871
289	-14.4579008308
290	-7.14299554528
291	-11.5976188754
292	-5.4402971094
293	-7.14299554528
294	-5.30778202574
295	-5.4402971094
296	-10.8678856751
297	-5.1013934815
298	-5.22349553478
299	-7.46738674875
300	-4.95074393702
301	-5.27682769827
302	-7.90732980427
303	-10.2548219538
304	-5.06497689031
305	-7.14299554528
306	-4.95074393702
307	-11.1604469198
308	-10.5672347596
309	-5.1013934815
310	-15.3131145795
311	-7.90732980427
312	-4.95074393702
313	-16.1377981856
314	-7.46738674875
315	-5.15212895062
316	-16.1615384797
317	-7.14299554528
318	-5.1013934815
319	-5.22349553478
320	-7.57599146371
321	-10.8595102102
322	-5.06497689031
323	-7.57599146371
324	-11.4694641776
325	-5.22349553478
326	-10.755921358
327	-5.15212895062
328	-5.4402971094
329	-7.90732980427
330	-5.30778202574
331	-21.1565317449
332	-10.8678856751
333	-5.30778202574
334	-10.2012132526
335	-10.497810343
336	-5.15212895062
337	-5.4402971094
338	-7.14299554528
339	-9.53235851566
340	-5.06497689031
341	-7.90732980427
342	-4.95074393702
343	-5.22349553478
344	-7.57599146371
345	-5.15212895062
346	-5.06497689031
347	-7.57599146371
348	-4.95074393702
349	-5.4402971094
350	-11.1689902584
351	-12.490708642
352	-9.97789742063
353	-7.90732980427
354	-5.15212895062
355	-11.2320813124
356	-7.90732980427
357	-10.5688215077
358	-5.27682769827
359	-7.46738674875
360	-9.51014725926
361	-5.22349553478
362	-7.14299554528
363	-5.15212895062
364	-5.4402971094
365	-12.3444925735
366	-5.30778202574
367	-11.2712087264
368	-7.90732980427
369	-5.30778202574
370	-5.27682769827
371	-7.90732980427
372	-5.1013934815
373	-9.37903764847
374	-13.6598899308
375	-5.15212895062
376	-20.5201492411
377	-7.90732980427
378	-12.0248625059
379	-5.22349553478
380	-10.6515707677
381	-5.15212895062
382	-5.06497689031
383	-7.14299554528
384	-5.15212895062
385	-12.6726245145
386	-7.14299554528
387	-5.1013934815
388	-5.22349553478
389	-7.14299554528
390	-4.95074393702
391	-5.22349553478
392	-11.0039425814
393	-4.95074393702
394	-5.06497689031
395	-10.3814776906
396	-5.1013934815
397	-5.06497689031
398	-10.1514801847
399	-5.30778202574
400	-5.4402971094
401	-7.46738674875
402	-5.1013934815
403	-16.3618050129
404	-7.14299554528
405	-4.95074393702
406	-10.0244294992
407	-7.14299554528
408	-11.6004020903
409	-5.06497689031
410	-10.2904339456
411	-4.95074393702
412	-5.22349553478
413	-7.57599146371
414	-10.8595102102
415	-7.73694469862
416	-7.57599146371
417	-7.85813918425
418	-10.9375932391
419	-7.57599146371
420	-5.1013934815
421	-11.1310280369
422	-7.46738674875
423	-5.30778202574
424	-5.06497689031
425	-11.4528064219
426	-5.1013934815
427	-5.06497689031
428	-7.46738674875
429	-7.85813918425
430	-5.06497689031
431	-7.57599146371
432	-5.30778202574
433	-5.06497689031
434	-7.14299554528
435	-15.1487392367
436	-5.06497689031
437	-7.57599146371
438	-5.1013934815
439	-9.37903764847
440	-7.14299554528
441	-5.30778202574
442	-9.97789742063
443	-8.35773830257
444	-4.95074393702
445	-11.3647405898
446	-10.0317914508
447	-4.95074393702
448	-5.4402971094
449	-10.8264629354
450	-5.15212895062
451	-5.27682769827
452	-7.46738674875
453	-5.15212895062
454	-14.1733402914
455	-7.90732980427
456	-8.27250483793
457	-5.06497689031
458	-10.8969193207
459	-11.7550544825
460	-5.4402971094
461	-7.46738674875
462	-5.15212895062
463	-5.4402971094
464	-10.1239674031
465	-5.1013934815
466	-5.4402971094
467	-7.57599146371
468	-5.15212895062
469	-5.06497689031
470	-8.3365171822
