#Site	lnL	
0	-1.85743429797
1	-2.36892815751
2	-7.70196620426
3	-1.69596188214
4	-1.83744033784
5	-5.60174263315
6	-1.69596188214
7	-2.36892815751
8	-1.50976399674
9	-1.69596188214
10	-2.01683144805
11	-1.61285788205
12	-1.69596188214
13	-2.36892815751
14	-1.50976399674
15	-4.74211112917
16	-6.3252306004
17	-10.5894505954
18	-1.69596188214
19	-5.67704671193
20	-1.61285788205
21	-1.81888372298
22	-1.97545253689
23	-5.93228494228
24	-1.69596188214
25	-1.97545253689
26	-1.50976399674
27	-1.69596188214
28	-1.97545253689
29	-6.70933140368
30	-1.69596188214
31	-5.85207568125
32	-11.5373546738
33	-5.79178594281
34	-5.86431532855
35	-5.37540791571
36	-5.37114976269
37	-8.55282719671
38	-1.96418850377
39	-2.19379985307
40	-4.53660057129
41	-12.0594217319
42	-5.47567616673
43	-6.39019275266
44	-6.43783898176
45	-1.85743429797
46	-9.34533131413
47	-6.44996255794
48	-1.85743429797
49	-1.83744033784
50	-1.64775689567
51	-2.19379985307
52	-2.01683144805
53	-1.96418850377
54	-6.36072739071
55	-5.70472296926
56	-1.61285788205
57	-1.81888372298
58	-1.83744033784
59	-1.50976399674
60	-1.69596188214
61	-5.67704671193
62	-5.93045250232
63	-1.69596188214
64	-1.97545253689
65	-8.56694406398
66	-2.19379985307
67	-2.36892815751
68	-8.12260238438
69	-1.85743429797
70	-5.24088415023
71	-1.50976399674
72	-1.85743429797
73	-6.18092585453
74	-1.61285788205
75	-5.47567616673
76	-1.97545253689
77	-1.50976399674
78	-1.69596188214
79	-2.01683144805
80	-1.64775689567
81	-1.81888372298
82	-1.97545253689
83	-1.61285788205
84	-1.85743429797
85	-5.64288810183
86	-7.17804906544
87	-6.07800450402
88	-2.01683144805
89	-7.65226751671
90	-5.37114976269
91	-1.97545253689
92	-6.69557739961
93	-1.85743429797
94	-2.01683144805
95	-6.69557739961
96	-1.85743429797
97	-2.36892815751
98	-1.61285788205
99	-2.19379985307
100	-2.01683144805
101	-5.97108413143
102	-6.04690081063
103	-1.83744033784
104	-9.73796312335
105	-1.69596188214
106	-5.57529013059
107	-1.64775689567
108	-7.01144906738
109	-2.01683144805
110	-1.61285788205
111	-2.19379985307
112	-2.01683144805
113	-1.96418850377
114	-1.85743429797
115	-2.01683144805
116	-10.8141683614
117	-2.19379985307
118	-1.83744033784
119	-1.50976399674
120	-2.19379985307
121	-6.18092585453
122	-6.01720280164
123	-1.69596188214
124	-1.83744033784
125	-1.61285788205
126	-1.85743429797
127	-1.83744033784
128	-1.61285788205
129	-1.85743429797
130	-1.83744033784
131	-5.37540791571
132	-10.3689310207
133	-1.83744033784
134	-1.61285788205
135	-1.69596188214
136	-5.57529013059
137	-12.2585543159
138	-1.85743429797
139	-1.83744033784
140	-10.1757990521
141	-6.37320343681
142	-9.15402820144
143	-1.64775689567
144	-6.56766540313
145	-5.85207568125
146	-1.61285788205
147	-2.19379985307
148	-1.97545253689
149	-14.0364249977
150	-1.81888372298
151	-5.27337889858
152	-1.50976399674
153	-2.19379985307
154	-1.83744033784
155	-1.61285788205
156	-2.19379985307
157	-2.36892815751
158	-7.04940054013
159	-2.19379985307
160	-1.97545253689
161	-7.24543127218
162	-6.53561016634
163	-5.64288810183
164	-1.61285788205
165	-1.81888372298
166	-5.82002044446
167	-1.61285788205
168	-2.19379985307
169	-1.83744033784
170	-1.96418850377
171	-1.69596188214
172	-2.36892815751
173	-5.37308961798
174	-4.74736792838
175	-1.97545253689
176	-1.50976399674
177	-6.36072739071
178	-2.01683144805
179	-6.57783681055
180	-1.81888372298
181	-2.36892815751
182	-1.61285788205
183	-1.69596188214
184	-5.86431532855
185	-1.61285788205
186	-1.85743429797
187	-6.28495150867
188	-1.50976399674
189	-6.56766540313
190	-1.83744033784
191	-6.98076962559
192	-2.19379985307
193	-5.82002044446
194	-1.50976399674
195	-2.19379985307
196	-2.36892815751
197	-1.61285788205
198	-1.85743429797
199	-1.83744033784
200	-1.50976399674
201	-1.69596188214
202	-1.97545253689
203	-5.93045250232
204	-1.69596188214
205	-1.83744033784
206	-1.96418850377
207	-1.81888372298
208	-5.10103442385
209	-5.60174263315
210	-1.69596188214
211	-2.01683144805
212	-1.61285788205
213	-5.28026785283
214	-2.01683144805
215	-8.53053029897
216	-1.69596188214
217	-2.01683144805
218	-12.4594386334
219	-2.19379985307
220	-2.36892815751
221	-1.64775689567
222	-1.85743429797
223	-6.49627243415
224	-1.50976399674
225	-4.74211112917
226	-7.87661175407
227	-6.58668498691
228	-1.81888372298
229	-2.01683144805
230	-5.93228494228
231	-1.69596188214
232	-5.85207568125
233	-1.64775689567
234	-1.69596188214
235	-1.83744033784
236	-5.60174263315
237	-1.69596188214
238	-5.66568929205
239	-9.77199974685
240	-1.85743429797
241	-5.05819086359
242	-9.50656873451
243	-2.19379985307
244	-1.97545253689
245	-6.69557739961
246	-1.85743429797
247	-1.83744033784
248	-6.15762993084
249	-1.69596188214
250	-2.36892815751
251	-6.09325534302
252	-5.28026785283
253	-6.90459954888
254	-11.35958814
255	-1.85743429797
256	-1.83744033784
257	-1.50976399674
258	-1.81888372298
259	-2.01683144805
260	-1.96418850377
261	-5.47145804213
262	-1.83744033784
263	-1.50976399674
264	-1.81888372298
265	-6.28495150867
266	-5.37540791571
267	-1.81888372298
268	-2.01683144805
269	-12.5931809703
270	-11.0850493603
271	-2.01683144805
272	-1.64775689567
273	-1.85743429797
274	-8.76450272166
275	-10.805398576
276	-5.65335442345
277	-1.83744033784
278	-1.64775689567
279	-1.85743429797
280	-1.83744033784
281	-1.61285788205
282	-1.69596188214
283	-6.39019275266
284	-1.61285788205
285	-4.98986212909
286	-9.35607290581
287	-1.61285788205
288	-2.19379985307
289	-1.83744033784
290	-1.61285788205
291	-2.19379985307
292	-2.01683144805
293	-1.50976399674
294	-6.11578698726
295	-1.83744033784
296	-1.50976399674
297	-5.47567616673
298	-6.37048933885
299	-1.64775689567
300	-1.81888372298
301	-6.14676629302
302	-7.90038883115
303	-1.85743429797
304	-6.39019275266
305	-1.61285788205
306	-2.19379985307
307	-5.06897918707
308	-5.57418688573
309	-1.81888372298
310	-11.8984945248
311	-1.64775689567
312	-1.81888372298
313	-7.69401909796
314	-11.191920878
315	-1.69596188214
316	-1.97545253689
317	-1.96418850377
318	-1.69596188214
319	-5.66568929205
320	-6.09579604953
321	-1.69596188214
322	-6.49627243415
323	-6.32313872309
324	-1.85743429797
325	-2.01683144805
326	-1.64775689567
327	-4.74736792838
328	-2.01683144805
329	-1.50976399674
330	-1.69596188214
331	-2.36892815751
332	-7.17804906544
333	-1.69596188214
334	-2.01683144805
335	-1.61285788205
336	-5.28432209845
337	-5.05819086359
338	-1.64775689567
339	-6.42858455455
340	-5.05251248483
341	-1.64775689567
342	-2.19379985307
343	-2.01683144805
344	-1.50976399674
345	-10.5022365314
346	-6.83869886478
347	-1.96418850377
348	-1.81888372298
349	-1.83744033784
350	-5.37540791571
351	-1.81888372298
352	-2.01683144805
353	-6.5524804794
354	-5.28026785283
355	-1.97545253689
356	-6.09325534302
357	-1.69596188214
358	-1.83744033784
359	-1.64775689567
360	-5.37114976269
361	-1.97545253689
362	-1.50976399674
363	-5.37114976269
364	-2.01683144805
365	-1.61285788205
366	-2.19379985307
367	-7.22333174671
368	-1.50976399674
369	-2.19379985307
370	-1.83744033784
371	-1.50976399674
372	-2.19379985307
373	-1.83744033784
374	-5.60174263315
375	-1.69596188214
376	-1.83744033784
377	-1.50976399674
378	-9.82653262894
379	-5.27337889858
380	-5.37308961798
381	-13.484403978
382	-12.910982617
383	-1.96418850377
384	-5.65335442345
385	-5.66568929205
386	-1.61285788205
387	-1.85743429797
388	-1.83744033784
389	-6.98076962559
390	-4.74736792838
391	-7.04280406588
392	-1.96418850377
393	-1.81888372298
394	-9.06998348101
395	-7.01497422778
396	-1.69596188214
397	-5.60734536737
398	-10.4606067859
399	-1.81888372298
400	-9.75955126388
401	-6.29295241833
402	-5.9351199812
403	-1.83744033784
404	-5.93228494228
405	-5.47567616673
406	-5.06897918707
407	-1.96418850377
408	-2.19379985307
409	-2.01683144805
410	-1.61285788205
411	-7.88852703809
412	-1.97545253689
413	-1.61285788205
414	-2.19379985307
415	-12.4583423198
416	-7.68432275349
417	-7.88387014633
418	-4.70233717677
419	-1.61285788205
420	-2.19379985307
421	-5.66568929205
422	-1.61285788205
423	-1.85743429797
424	-2.01683144805
425	-1.50976399674
426	-5.28432209845
427	-1.97545253689
428	-1.96418850377
429	-8.36595981584
430	-2.01683144805
431	-1.61285788205
432	-5.37114976269
433	-4.70233717677
434	-1.61285788205
435	-8.57886164654
436	-2.01683144805
437	-1.50976399674
438	-1.81888372298
439	-7.90020626956
440	-1.96418850377
441	-1.81888372298
442	-2.36892815751
443	-1.64775689567
444	-1.81888372298
445	-2.01683144805
446	-1.50976399674
447	-6.33626258389
448	-5.60734536737
449	-6.32313872309
450	-2.19379985307
451	-1.97545253689
452	-7.01497422778
453	-1.69596188214
454	-2.36892815751
455	-1.61285788205
456	-5.65335442345
457	-1.97545253689
458	-1.50976399674
459	-2.19379985307
460	-4.70233717677
461	-1.50976399674
462	-1.81888372298
463	-5.82002044446
464	-7.90038883115
465	-4.74211112917
466	-1.97545253689
467	-1.96418850377
468	-1.81888372298
469	-6.15036658369
470	-6.09325534302
