#Site	lnL	
0	-4.92841728908
1	-1.89953742628
2	-1.44530442403
3	-1.7682905655
4	-1.62725414861
5	-16.8174397902
6	-1.51780058192
7	-1.89953742628
8	-18.8707264868
9	-5.16081948888
10	-2.16751078053
11	-16.4606810083
12	-1.51140849676
13	-1.89953742628
14	-33.7105943428
15	-1.51140849676
16	-5.91064895059
17	-16.4606810083
18	-1.51780058192
19	-1.62720688104
20	-1.44530442403
21	-5.61611564728
22	-1.89953742628
23	-17.5030879687
24	-1.51780058192
25	-5.02736521906
26	-16.7318819506
27	-9.99270519962
28	-1.62720688104
29	-1.69411027542
30	-1.7682905655
31	-1.89953742628
32	-1.44530442403
33	-1.51140849676
34	-5.18172274019
35	-32.5249997802
36	-5.58208076397
37	-1.89953742628
38	-1.22577430379
39	-1.51140849676
40	-1.62720688104
41	-50.9341744983
42	-1.7682905655
43	-2.16751078053
44	-1.69411027542
45	-8.71046592715
46	-4.6893374446
47	-1.69411027542
48	-1.51780058192
49	-2.16751078053
50	-1.69411027542
51	-5.96644695299
52	-5.98567142028
53	-32.6461313764
54	-2.03044658158
55	-1.62720688104
56	-1.24816926254
57	-1.51140849676
58	-1.62720688104
59	-1.24816926254
60	-1.51780058192
61	-2.16751078053
62	-1.24816926254
63	-1.7682905655
64	-1.62720688104
65	-17.1249652715
66	-8.81566600016
67	-5.49464823944
68	-1.69411027542
69	-1.7682905655
70	-2.16751078053
71	-17.1249658528
72	-1.7682905655
73	-5.26359524308
74	-18.0297477287
75	-10.1815314826
76	-5.49464823944
77	-1.22577430379
78	-1.51780058192
79	-1.62720688104
80	-1.22577430379
81	-7.00894092368
82	-6.44135027999
83	-1.69411027542
84	-2.03044658158
85	-1.89953742628
86	-1.22577430379
87	-1.51140849676
88	-1.62725414861
89	-17.4502309645
90	-1.51140849676
91	-1.89953742628
92	-1.24816926254
93	-1.51780058192
94	-1.89953742628
95	-1.69411027542
96	-2.03044658158
97	-2.16751078053
98	-1.22577430379
99	-1.7682905655
100	-4.91891702031
101	-16.4921747156
102	-1.7682905655
103	-1.62720688104
104	-1.24816926254
105	-7.53237411945
106	-1.62725414861
107	-16.8537645721
108	-8.30461409487
109	-5.02736521906
110	-34.7097193402
111	-1.51140849676
112	-1.89953742628
113	-1.24816926254
114	-5.76076457277
115	-2.16751078053
116	-1.22577430379
117	-1.51140849676
118	-1.62725414861
119	-17.2766769928
120	-6.4211863521
121	-1.62725414861
122	-18.0297477287
123	-1.51140849676
124	-1.62720688104
125	-1.22577430379
126	-5.73822538088
127	-10.0549938374
128	-1.44530442403
129	-1.51140849676
130	-7.80553269937
131	-31.1537320225
132	-5.76076457277
133	-1.89953742628
134	-1.69411027542
135	-1.7682905655
136	-5.3992139853
137	-1.22577430379
138	-2.03044658158
139	-1.89953742628
140	-19.4671935345
141	-1.51780058192
142	-1.89953742628
143	-1.22577430379
144	-2.03044658158
145	-9.54081763423
146	-1.22577430379
147	-1.51140849676
148	-1.62720688104
149	-1.22577430379
150	-1.7682905655
151	-4.94767716956
152	-16.4606808017
153	-1.51780058192
154	-2.16751078053
155	-1.22577430379
156	-2.03044658158
157	-6.19735108519
158	-1.69411027542
159	-2.03044658158
160	-1.62720688104
161	-17.1249658528
162	-1.51780058192
163	-1.89953742628
164	-1.24816926254
165	-1.7682905655
166	-1.89953742628
167	-1.24816926254
168	-1.51140849676
169	-6.6608800424
170	-17.1249658528
171	-1.51780058192
172	-1.62725414861
173	-1.22577430379
174	-1.51140849676
175	-2.16751078053
176	-47.6158086018
177	-1.51140849676
178	-4.94767716956
179	-1.44530442403
180	-1.51780058192
181	-1.89953742628
182	-17.1249658528
183	-1.7682905655
184	-7.03553700779
185	-17.057147147
186	-1.51140849676
187	-5.70953561726
188	-1.24816926254
189	-1.7682905655
190	-1.62720688104
191	-1.24816926254
192	-1.51140849676
193	-5.18172274019
194	-17.4829102303
195	-1.51140849676
196	-4.91891702031
197	-1.44530442403
198	-2.03044658158
199	-1.62720688104
200	-16.8174397902
201	-5.96644695299
202	-1.62720688104
203	-1.24816926254
204	-1.7682905655
205	-5.70953561726
206	-31.3073260186
207	-1.51780058192
208	-1.62725414861
209	-1.44530442403
210	-6.45057452072
211	-7.32865162547
212	-1.24816926254
213	-1.7682905655
214	-2.16751078053
215	-1.24816926254
216	-1.7682905655
217	-1.62720688104
218	-17.7044819848
219	-1.51140849676
220	-1.89953742628
221	-1.22577430379
222	-1.7682905655
223	-5.98567142028
224	-1.69411027542
225	-1.7682905655
226	-1.62720688104
227	-17.1249658528
228	-10.6274035359
229	-1.89953742628
230	-17.722617739
231	-1.51140849676
232	-1.89953742628
233	-19.3012601663
234	-5.71694092978
235	-5.49464823944
236	-1.24816926254
237	-1.51140849676
238	-2.16751078053
239	-1.44530442403
240	-2.03044658158
241	-5.48746465763
242	-32.8929486804
243	-1.51780058192
244	-1.62725414861
245	-18.029747581
246	-6.20057576342
247	-5.49464823944
248	-1.24816926254
249	-1.51780058192
250	-1.89953742628
251	-1.69411027542
252	-5.42585195456
253	-5.68773351874
254	-17.1249658528
255	-1.51140849676
256	-1.62720688104
257	-17.5030877258
258	-1.51140849676
259	-2.16751078053
260	-1.24816926254
261	-7.7930496942
262	-1.62725414861
263	-1.22577430379
264	-5.24701083805
265	-4.6893374446
266	-18.8707257939
267	-6.16632505101
268	-7.22595893066
269	-1.69411027542
270	-6.15218751654
271	-1.62725414861
272	-1.69411027542
273	-2.03044658158
274	-1.62725414861
275	-1.24816926254
276	-1.51140849676
277	-4.6893374446
278	-16.4606810083
279	-5.71694092978
280	-1.62725414861
281	-16.8537648977
282	-1.7682905655
283	-5.18172274019
284	-17.5030879687
285	-1.51780058192
286	-1.62720688104
287	-1.24816926254
288	-1.51780058192
289	-1.62720688104
290	-1.24816926254
291	-1.7682905655
292	-1.62720688104
293	-1.69411027542
294	-2.03044658158
295	-4.94224781823
296	-31.5571645322
297	-1.51780058192
298	-2.16751078053
299	-16.4606808017
300	-1.51780058192
301	-6.6608800424
302	-17.0571472027
303	-1.7682905655
304	-1.62725414861
305	-1.22577430379
306	-1.51780058192
307	-1.62720688104
308	-17.0571472027
309	-1.51780058192
310	-5.77235905036
311	-19.6867238148
312	-1.7682905655
313	-4.91891702031
314	-1.44530442403
315	-2.03044658158
316	-5.96251078497
317	-1.44530442403
318	-1.51140849676
319	-1.89953742628
320	-1.69411027542
321	-1.51780058192
322	-2.16751078053
323	-16.7318819506
324	-5.16081948888
325	-1.62725414861
326	-17.1249658528
327	-1.51780058192
328	-1.62720688104
329	-48.3387416302
330	-1.7682905655
331	-5.75092497371
332	-1.44530442403
333	-1.51140849676
334	-4.73687253639
335	-1.24816926254
336	-6.37171727894
337	-4.94767716956
338	-17.4502308248
339	-5.42585195456
340	-1.89953742628
341	-1.24816926254
342	-1.51140849676
343	-2.16751078053
344	-16.4921747156
345	-1.7682905655
346	-8.29514015994
347	-1.24816926254
348	-1.51780058192
349	-9.61184524831
350	-1.22577430379
351	-1.51780058192
352	-4.6893374446
353	-18.4756881029
354	-5.98911341562
355	-1.62720688104
356	-16.2209734142
357	-1.51140849676
358	-1.62725414861
359	-1.24816926254
360	-2.03044658158
361	-1.89953742628
362	-1.69411027542
363	-1.51140849676
364	-1.89953742628
365	-1.69411027542
366	-6.23079005125
367	-7.39052915499
368	-16.2209734142
369	-1.51780058192
370	-1.62725414861
371	-1.24816926254
372	-1.7682905655
373	-8.72139240406
374	-1.22577430379
375	-1.51780058192
376	-1.89953742628
377	-35.5792135677
378	-5.18151645682
379	-1.62725414861
380	-1.44530442403
381	-10.0203313653
382	-7.39052915499
383	-1.22577430379
384	-4.96225474549
385	-1.89953742628
386	-1.69411027542
387	-5.1864778198
388	-5.35108177709
389	-17.722617739
390	-1.51140849676
391	-1.62725414861
392	-1.22577430379
393	-1.51780058192
394	-5.49464823944
395	-1.44530442403
396	-2.03044658158
397	-6.52179069563
398	-1.22577430379
399	-1.51780058192
400	-1.62720688104
401	-1.24816926254
402	-1.51140849676
403	-5.68773351874
404	-1.69411027542
405	-6.16528693275
406	-1.89953742628
407	-1.44530442403
408	-1.51780058192
409	-1.62725414861
410	-1.44530442403
411	-5.73822538088
412	-5.96251078497
413	-1.22577430379
414	-1.51780058192
415	-2.16751078053
416	-17.2633801643
417	-1.51780058192
418	-1.62725414861
419	-1.24816926254
420	-1.51780058192
421	-5.68773351874
422	-1.44530442403
423	-1.7682905655
424	-5.99188881277
425	-31.4950907265
426	-1.51780058192
427	-1.62720688104
428	-1.44530442403
429	-2.03044658158
430	-5.75092497371
431	-16.2209737433
432	-1.51140849676
433	-5.3992139853
434	-33.0273803607
435	-1.51780058192
436	-6.52179069563
437	-31.4442602745
438	-1.51780058192
439	-1.89953742628
440	-1.22577430379
441	-4.92841728908
442	-7.98482604463
443	-1.69411027542
444	-6.7393206338
445	-1.62725414861
446	-1.44530442403
447	-1.51140849676
448	-1.62725414861
449	-1.24816926254
450	-1.7682905655
451	-1.62725414861
452	-17.7044819848
453	-1.51140849676
454	-1.89953742628
455	-31.1537320225
456	-1.7682905655
457	-1.62720688104
458	-1.44530442403
459	-2.03044658158
460	-1.62725414861
461	-1.22577430379
462	-1.51780058192
463	-1.89953742628
464	-16.2209737433
465	-1.51780058192
466	-6.52179069563
467	-1.69411027542
468	-7.20023179428
469	-1.62720688104
470	-1.44530442403
