# log_p 	 lnL 	 
0.0	-1644.19162764	
-0.287682072452	-1644.09972458	
-0.510825623766	-1644.01643749	
-0.69314718056	-1643.91965079	
-0.847297860387	-1643.8058803	
-0.980829253012	-1643.67839881	
-1.09861228867	-1643.54202135	
-1.20397280433	-1643.401142	
-1.29928298413	-1643.25919192	
-1.38629436112	-1643.11862799	
-1.46633706879	-1642.98109018	
-1.54044504095	-1642.84758962	
-1.60943791243	-1642.71867762	
-1.67397643357	-1642.59458194	
-1.73460105539	-1642.47531045	
-1.79175946923	-1642.36072725	
-1.8458266905	-1642.25060741	
-1.89711998489	-1642.14467556	
-1.94591014906	-1642.04263274	
-1.99243016469	-1641.94417463	
-2.03688192726	-1641.84900372	
-2.07944154168	-1641.75683705	
-2.1202635362	-1641.66741085	
-2.15948424935	-1641.58048304	
-2.19722457734	-1641.49583413	
-2.23359222151	-1641.41326719	
-2.26868354132	-1641.33260714	
-2.30258509299	-1641.25369953	
-2.33537491582	-1641.17640918	
-2.36712361413	-1641.10061863	
-2.3978952728	-1641.02622654	
-2.42774823595	-1640.95314612	
-2.45673577282	-1640.88130362	
-2.48490664979	-1640.81063683	
-2.51230562398	-1640.74109371	
-2.53897387106	-1640.67263108	
-2.56494935746	-1640.60521345	
-2.59026716545	-1640.53881189	
-2.61495977804	-1640.47340301	
-2.63905732962	-1640.40896807	
-2.66258782703	-1640.34549214	
-2.68557734525	-1640.28296338	
-2.7080502011	-1640.2213724	
-2.73002910782	-1640.16071165	
-2.75153531304	-1640.100975	
-2.77258872224	-1640.04215726	
-2.79320800944	-1639.98425388	
-2.81341071676	-1639.9272606	
-2.83321334406	-1639.87117326	
-2.85263142991	-1639.81598756	
-2.87167962488	-1639.76169895	
-2.8903717579	-1639.70830249	
-2.90872089656	-1639.65579278	
-2.92673940207	-1639.60416387	
-2.94443897917	-1639.55340926	
-2.96183072188	-1639.50352189	
-2.97892515524	-1639.45449409	
-2.99573227355	-1639.40631765	
-3.01226157551	-1639.3589838	
-3.02852209638	-1639.31248325	
-3.04452243772	-1639.26680624	
-3.06027079469	-1639.22194255	
-3.07577498123	-1639.17788158	
-3.09104245336	-1639.13461234	
-3.10608033072	-1639.09212355	
-3.12089541651	-1639.05040362	
-3.13549421593	-1639.00944076	
-3.14988295338	-1638.96922295	
-3.16406758837	-1638.92973803	
-3.17805383035	-1638.89097372	
-3.19184715248	-1638.85291765	
-3.20545280454	-1638.81555739	
-3.21887582487	-1638.77888049	
-3.23212105162	-1638.74287449	
-3.24519313319	-1638.70752697	
-3.25809653802	-1638.67282554	
-3.2708355638	-1638.6387579	
-3.28341434601	-1638.60531182	
-3.295836866	-1638.57247519	
-3.3081069586	-1638.540236	
-3.32022831913	-1638.5085824	
-3.33220451018	-1638.47750266	
-3.34403896782	-1638.44698522	
-3.35573500759	-1638.41701866	
-3.36729582999	-1638.38759175	
-3.37872452581	-1638.35869344	
-3.39002408106	-1638.33031284	
-3.40119738166	-1638.30243928	
-3.41224721785	-1638.27506224	
-3.42317628838	-1638.24817141	
-3.43398720449	-1638.22175669	
-3.4446824936	-1638.19580815	
-3.45526460293	-1638.17031606	
-3.4657359028	-1638.14527089	
-3.47609868984	-1638.12066331	
-3.48635519	-1638.09648418	
-3.49650756147	-1638.07272454	
-3.50655789732	-1638.04937563	
-3.51650822817	-1638.02642889	
-3.52636052462	-1638.00387594	
-3.53611669956	-1637.98170857	
-3.54577861047	-1637.95991877	
-3.55534806149	-1637.93849871	
-3.56482680544	-1637.91744072	
-3.57421654579	-1637.89673732	
-3.58351893846	-1637.87638119	
-3.59273559356	-1637.85636519	
-3.60186807712	-1637.83668232	
-3.61091791264	-1637.81732578	
-3.61988658263	-1637.79828888	
-3.62877553004	-1637.77956513	
-3.63758615973	-1637.76114816	
-3.6463198397	-1637.74303176	
-3.65497790244	-1637.72520987	
-3.66356164613	-1637.70767656	
-3.6720723358	-1637.69042605	
-3.68051120444	-1637.67345267	
-3.68887945411	-1637.65675092	
-3.69717825693	-1637.64031541	
-3.70540875607	-1637.62414086	
-3.7135720667	-1637.60822214	
-3.72166927694	-1637.59255422	
-3.72970144863	-1637.57713221	
-3.73766961828	-1637.5619513	
-3.74557479779	-1637.54700682	
-3.75341797525	-1637.5322942	
-3.76120011569	-1637.51780898	
-3.76892216179	-1637.50354678	
-3.77658503453	-1637.48950336	
-3.78418963392	-1637.47567454	
-3.79173683955	-1637.46205626	
-3.79922751128	-1637.44864455	
-3.80666248977	-1637.43543551	
-3.81404259707	-1637.42242536	
-3.82136863716	-1637.40961039	
-3.82864139649	-1637.39698696	
-3.83586164446	-1637.38455155	
-3.84303013394	-1637.37230068	
-3.85014760171	-1637.36023097	
-3.85721476893	-1637.34833911	
-3.86423234159	-1637.33662186	
-3.87120101091	-1637.32507607	
-3.87812145375	-1637.31369863	
-3.88499433304	-1637.30248653	
-3.89182029811	-1637.2914368	
-3.8985999851	-1637.28054656	
-3.90533401728	-1637.26981297	
-3.91202300543	-1637.25923327	
-3.91866754815	-1637.24880474	
-3.92526823218	-1637.23852474	
-3.93182563272	-1637.22839069	
-3.93834031375	-1637.21840003	
-3.94481282825	-1637.20855029	
-3.95124371858	-1637.19883905	
-3.95763351668	-1637.18926393	
-3.96398274436	-1637.17982259	
-3.97029191355	-1637.17051277	
-3.97656152657	-1637.16133223	
-3.98279207632	-1637.15227879	
-3.98898404656	-1637.14335033	
-3.99513791214	-1637.13454473	
-4.00125413916	-1637.12585996	
-4.00733318523	-1637.11729401	
-4.01337549969	-1637.10884492	
-4.01938152375	-1637.10051075	
-4.02535169074	-1637.09228963	
-4.03128642625	-1637.08417971	
-4.03718614838	-1637.07617918	
-4.04305126783	-1637.06828627	
-4.04888218815	-1637.06049924	
-4.05467930583	-1637.05281639	
-4.06044301055	-1637.04523605	
-4.06617368526	-1637.03775658	
-4.07187170637	-1637.03037639	
-4.07753744391	-1637.0230939	
-4.08317126162	-1637.01590758	
-4.08877351717	-1637.00881591	
-4.09434456222	-1637.00181741	
-4.0998847426	-1636.99491064	
-4.10539439841	-1636.98809417	
-4.11087386417	-1636.9813666	
-4.11632346894	-1636.97472658	
-4.12174353641	-1636.96817274	
-4.12713438505	-1636.96170379	
-4.13249632819	-1636.95531842	
-4.13782967416	-1636.94901536	
-4.14313472639	-1636.94279339	
-4.14841178349	-1636.93665127	
-4.15366113938	-1636.93058781	
-4.15888308336	-1636.92460184	
-4.16407790024	-1636.9186922	
-4.1692458704	-1636.91285776	
-4.1743872699	-1636.90709741	
-4.17950237056	-1636.90141006	
-4.18459144007	-1636.89579464	
-4.18965474203	-1636.89025011	
-4.19469253606	-1636.88477542	
-4.19970507788	-1636.87936957	
-4.20469261939	-1636.87403156	
-4.20965540873	-1636.86876042	
-4.21459369037	-1636.86355518	
-4.21950770518	-1636.85841491	
-4.22439769047	-1636.85333869	
-4.22926388012	-1636.84832559	
-4.2341065046	-1636.84337473	
-4.23892579103	-1636.83848524	
-4.2437219633	-1636.83365624	
-4.24849524205	-1636.82888691	
-4.25324584481	-1636.82417639	
-4.257973986	-1636.81952388	
-4.26267987704	-1636.81492858	
-4.26736372635	-1636.81038969	
-4.27202573946	-1636.80590644	
-4.27666611902	-1636.80147806	
-4.28128506487	-1636.79710382	
-4.28588277412	-1636.79278296	
-4.29045944115	-1636.78851477	
-4.29501525768	-1636.78429853	
-4.29955041285	-1636.78013355	
-4.3040650932	-1636.77601913	
-4.30855948279	-1636.77195461	
-4.31303376319	-1636.7679393	
-4.31748811354	-1636.76397257	
-4.3219227106	-1636.76005376	
-4.32633772881	-1636.75618225	
-4.33073334029	-1636.75235741	
-4.33510971489	-1636.74857862	
-4.33946702026	-1636.74484529	
-4.34380542185	-1636.74115683	
-4.348125083	-1636.73751264	
-4.3524261649	-1636.73391216	
-4.35670882669	-1636.73035482	
-4.36097322548	-1636.72684007	
-4.36521951636	-1636.72336736	
-4.36944785247	-1636.71993615	
-4.373658385	-1636.71654591	
-4.37785126326	-1636.71319612	
-4.38202663467	-1636.70988628	
-4.38618464482	-1636.70661587	
-4.39032543749	-1636.70338439	
-4.39444915467	-1636.70019137	
-4.39855593663	-1636.69703631	
-4.40264592188	-1636.69391875	
-4.40671924726	-1636.69083821	
-4.41077604796	-1636.68779424	
-4.4148164575	-1636.68478638	
-4.4188406078	-1636.6818142	
-4.42284862919	-1636.67887725	
-4.42684065046	-1636.67597509	
-4.43081679884	-1636.67310731	
-4.43477720006	-1636.67027348	
-4.43872197835	-1636.6674732	
-4.44265125649	-1636.66470605	
-4.44656515581	-1636.66197164	
-4.45046379623	-1636.65926956	
-4.45434729625	-1636.65659944	
-4.45821577303	-1636.65396089	
-4.46206934235	-1636.65135353	
-4.46590811865	-1636.648777	
-4.46973221509	-1636.64623091	
-4.47354174351	-1636.64371492	
-4.47733681448	-1636.64122867	
-4.48111753732	-1636.63877181	
-4.48488402011	-1636.63634399	
-4.48863636973	-1636.63394487	
-4.49237469184	-1636.63157412	
-4.49609909093	-1636.6292314	
-4.49980967033	-1636.6269164	
-4.50350653221	-1636.62462879	
-4.50718977763	-1636.62236825	
-4.51085950652	-1636.62013447	
-4.51451581772	-1636.61792714	
-4.518158809	-1636.61574597	
-4.52178857705	-1636.61359065	
-4.52540521752	-1636.61146088	
-4.52900882502	-1636.60935638	
-4.53259949315	-1636.60727686	
-4.5361773145	-1636.60522203	
-4.53974238067	-1636.60319163	
-4.54329478227	-1636.60118536	
-4.54683460898	-1636.59920297	
-4.55036194949	-1636.59724419	
-4.5538768916	-1636.59530874	
-4.55737952215	-1636.59339638	
-4.56086992709	-1636.59150684	
-4.56434819147	-1636.58963987	
-4.56781439944	-1636.58779522	
-4.57126863431	-1636.58597265	
-4.5747109785	-1636.58417191	
-4.5781415136	-1636.58239277	
-4.58156032035	-1636.58063498	
-4.58496747867	-1636.57889832	
-4.58836306767	-1636.57718255	
-4.59174716566	-1636.57548744	
-4.59511985013	-1636.57381278	
-4.59848119784	-1636.57215834	
-4.60183128472	-1636.5705239	
-4.60517018599	-1636.56890925	
-4.60849797608	-1636.56731418	
-4.61181472871	-1636.56573847	
-4.61512051684	-1636.56418192	
-4.61841541274	-1636.56264432	
-4.62169948794	-1636.56112548	
-4.62497281328	-1636.55962519	
-4.62823545892	-1636.55814326	
-4.63148749431	-1636.55667949	
-4.63472898823	-1636.55523369	
-4.63796000881	-1636.55380568	
-4.64118062351	-1636.55239526	
-4.64439089914	-1636.55100225	
-4.64759090187	-1636.54962648	
-4.65078069724	-1636.54826775	
-4.65396035016	-1636.5469259	
-4.65712992492	-1636.54560075	
-4.66028948521	-1636.54429212	
-4.66343909411	-1636.54299985	
-4.66657881412	-1636.54172376	
-4.66970870713	-1636.54046369	
-4.67282883446	-1636.53921948	
-4.67593925688	-1636.53799097	
-4.67904003455	-1636.53677798	
-4.68213122712	-1636.53558037	
-4.68521289366	-1636.53439798	
-4.6882850927	-1636.53323065	
-4.69134788223	-1636.53207823	
-4.69440131972	-1636.53094058	
-4.6974454621	-1636.52981753	
-4.70048036579	-1636.52870895	
-4.70350608671	-1636.52761469	
-4.70652268025	-1636.5265346	
-4.70953020131	-1636.52546855	
-4.71252870431	-1636.52441639	
-4.71551824316	-1636.52337799	
-4.7184988713	-1636.52235321	
-4.72147064168	-1636.52134191	
-4.72443360681	-1636.52034396	
-4.72738781871	-1636.51935922	
-4.73033332894	-1636.51838758	
-4.73327018862	-1636.51742889	
-4.73619844839	-1636.51648304	
-4.7391181585	-1636.51554989	
-4.74202936871	-1636.51462933	
-4.74493212836	-1636.51372122	
-4.74782648639	-1636.51282545	
-4.75071249128	-1636.5119419	
-4.75359019111	-1636.51107045	
-4.75645963353	-1636.51021098	
-4.75932086582	-1636.50936337	
-4.7621739348	-1636.50852752	
-4.76501888693	-1636.5077033	
-4.76785576827	-1636.50689061	
-4.77068462447	-1636.50608934	
-4.77350550081	-1636.50529937	
-4.77631844218	-1636.5045206	
-4.77912349311	-1636.50375292	
-4.78192069773	-1636.50299623	
-4.78471009982	-1636.50225042	
-4.78749174278	-1636.50151539	
-4.79026566966	-1636.50079103	
-4.79303192316	-1636.50007725	
-4.7957905456	-1636.49937394	
-4.79854157897	-1636.49868101	
-4.80128506491	-1636.49799836	
-4.80402104473	-1636.49732589	
-4.80674955939	-1636.4966635	
-4.8094706495	-1636.49601111	
-4.81218435537	-1636.49536862	
-4.81489071697	-1636.49473594	
-4.81758977394	-1636.49411297	
-4.82028156561	-1636.49349963	
-4.82296613098	-1636.49289583	
-4.82564350875	-1636.49230147	
-4.8283137373	-1636.49171647	
-4.83097685472	-1636.49114075	
-4.83363289878	-1636.49057421	
-4.83628190695	-1636.49001678	
-4.83892391641	-1636.48946838	
-4.84155896405	-1636.4889289	
-4.84418708646	-1636.48839829	
-4.84680831994	-1636.48787645	
-4.84942270051	-1636.48736331	
-4.85203026392	-1636.48685878	
-4.85463104562	-1636.48636279	
-4.8572250808	-1636.48587526	
-4.85981240436	-1636.48539612	
-4.86239305096	-1636.48492528	
-4.86496705495	-1636.48446268	
-4.86753445046	-1636.48400824	
-4.87009527132	-1636.48356188	
-4.87264955112	-1636.48312353	
-4.8751973232	-1636.48269312	
-4.87773862063	-1636.48227059	
-4.88027347623	-1636.48185585	
-4.88280192259	-1636.48144884	
-4.88532399202	-1636.4810495	
-4.88783971662	-1636.48065774	
-4.89034912822	-1636.48027351	
-4.89285225844	-1636.47989674	
-4.89534913864	-1636.47952736	
-4.89783979995	-1636.47916531	
-4.90032427328	-1636.47881052	
-4.90280258929	-1636.47846293	
-4.90527477844	-1636.47812247	
-4.90774087093	-1636.47778908	
-4.91020089677	-1636.4774627	
-4.91265488574	-1636.47714327	
-4.91510286737	-1636.47683073	
-4.91754487103	-1636.47652501	
-4.91998092583	-1636.47622607	
-4.92241106068	-1636.47593383	
-4.92483530429	-1636.47564823	
-4.92725368516	-1636.47536923	
-4.92966623156	-1636.47509677	
-4.93207297159	-1636.47483078	
-4.93447393313	-1636.47457122	
-4.93686914386	-1636.47431802	
-4.93925863125	-1636.47407113	
-4.94164242261	-1636.4738305	
-4.94402054501	-1636.47359607	
-4.94639302537	-1636.47336779	
-4.94875989038	-1636.47314561	
-4.95112116656	-1636.47292948	
-4.95347688026	-1636.47271933	
-4.9558270576	-1636.47251513	
-4.95817172456	-1636.47231681	
-4.96051090691	-1636.47212434	
-4.96284463026	-1636.47193766	
-4.96517292002	-1636.47175672	
-4.96749580144	-1636.47158147	
-4.96981329958	-1636.47141186	
-4.97212543933	-1636.47124786	
-4.97443224543	-1636.47108939	
-4.97673374242	-1636.47093644	
-4.97902995468	-1636.47078893	
-4.98132090643	-1636.47064684	
-4.98360662171	-1636.47051011	
-4.98588712441	-1636.4703787	
-4.98816243824	-1636.47025256	
-4.99043258678	-1636.47013165	
-4.99269759341	-1636.47001593	
-4.99495748138	-1636.46990535	
-4.99721227376	-1636.46979986	
-4.9994619935	-1636.46969944	
-5.00170666335	-1636.46960403	
-5.00394630595	-1636.46951359	
-5.00618094375	-1636.46942808	
-5.00841059907	-1636.46934746	
-5.0106352941	-1636.46927169	
-5.01285505083	-1636.46920074	
-5.01506989116	-1636.46913455	
-5.01727983681	-1636.46907308	
-5.01948490937	-1636.46901632	
-5.02168513028	-1636.4689642	
-5.02388052085	-1636.46891669	
-5.02607110223	-1636.46887376	
-5.02825689545	-1636.46883537	
-5.03043792139	-1636.46880148	
-5.03261420082	-1636.46877205	
-5.03478575433	-1636.46874705	
-5.03695260241	-1636.46872644	
-5.03911476542	-1636.46871019	
-5.04127226356	-1636.46869825	
-5.04342511692	-1636.46869059	
-5.04557334546	-1636.46868719	
-5.047716969	-1636.468688	
-5.04985600725	-1636.46869299	
-5.05199047978	-1636.46870212	
-5.05412040604	-1636.46871536	
-5.05624580535	-1636.46873269	
-5.05836669692	-1636.46875406	
-5.06048309982	-1636.46877944	
-5.06259503303	-1636.4688088	
-5.06470251537	-1636.46884211	
-5.06680556556	-1636.46887933	
-5.06890420222	-1636.46892044	
-5.07099844382	-1636.4689654	
-5.07308830874	-1636.46901418	
-5.07517381523	-1636.46906675	
-5.07725498144	-1636.46912309	
-5.07933182538	-1636.46918315	
-5.08140436498	-1636.46924691	
-5.08347261805	-1636.46931435	
-5.08553660227	-1636.46938542	
-5.08759633523	-1636.46946011	
-5.08965183441	-1636.46953838	
-5.09170311719	-1636.4696202	
-5.09375020081	-1636.46970555	
-5.09579310244	-1636.4697944	
-5.09783183913	-1636.46988671	
-5.09986642782	-1636.46998247	
-5.10189688537	-1636.47008165	
-5.10392322852	-1636.47018421	
-5.1059454739	-1636.47029013	
-5.10796363806	-1636.47039938	
-5.10997773743	-1636.47051194	
-5.11198778836	-1636.47062779	
-5.11399380708	-1636.47074688	
-5.11599580975	-1636.47086921	
-5.11799381242	-1636.47099474	
-5.11998783102	-1636.47112345	
-5.12197788143	-1636.47125531	
-5.1239639794	-1636.4713903	
-5.12594614061	-1636.4715284	
-5.12792438062	-1636.47166957	
-5.12989871492	-1636.4718138	
-5.13186915891	-1636.47196106	
-5.13383572788	-1636.47211132	
-5.13579843705	-1636.47226457	
-5.13775730154	-1636.47242078	
-5.13971233637	-1636.47257992	
-5.1416635565	-1636.47274198	
-5.14361097679	-1636.47290693	
-5.145554612	-1636.47307475	
-5.14749447681	-1636.47324541	
-5.14943058584	-1636.4734189	
-5.15136295359	-1636.47359518	
-5.1532915945	-1636.47377425	
-5.15521652291	-1636.47395607	
-5.15713775309	-1636.47414063	
-5.15905529921	-1636.47432791	
-5.1609691754	-1636.47451788	
-5.16287939565	-1636.47471052	
-5.16478597392	-1636.47490581	
-5.16668892407	-1636.47510373	
-5.16858825987	-1636.47530427	
-5.17048399504	-1636.47550739	
-5.17237614319	-1636.47571309	
-5.17426471788	-1636.47592133	
-5.17614973257	-1636.47613211	
-5.17803120067	-1636.47634539	
-5.1799091355	-1636.47656117	
-5.18178355029	-1636.47677942	
-5.18365445823	-1636.47700012	
-5.1855218724	-1636.47722326	
-5.18738580584	-1636.47744881	
-5.18924627149	-1636.47767676	
-5.19110328224	-1636.47790708	
-5.19295685089	-1636.47813977	
-5.19480699018	-1636.47837479	
-5.19665371277	-1636.47861214	
-5.19849703127	-1636.4788518	
-5.20033695819	-1636.47909374	
-5.202173506	-1636.47933795	
-5.20400668708	-1636.47958442	
-5.20583651375	-1636.47983312	
-5.20766299828	-1636.48008403	
-5.20948615284	-1636.48033715	
-5.21130598956	-1636.48059245	
-5.21312252048	-1636.48084992	
-5.21493575761	-1636.48110954	
-5.21674571285	-1636.48137129	
-5.21855239808	-1636.48163516	
-5.22035582508	-1636.48190113	
-5.22215600558	-1636.48216919	
-5.22395295126	-1636.48243931	
-5.22574667371	-1636.48271149	
-5.22753718449	-1636.4829857	
-5.22932449506	-1636.48326194	
-5.23110861685	-1636.48354019	
-5.23288956123	-1636.48382042	
-5.23466733947	-1636.48410263	
-5.23644196283	-1636.4843868	
-5.23821344248	-1636.48467292	
-5.23998178954	-1636.48496096	
-5.24174701506	-1636.48525093	
-5.24350913005	-1636.48554279	
-5.24526814546	-1636.48583654	
-5.24702407216	-1636.48613217	
-5.24877692099	-1636.48642965	
-5.25052670271	-1636.48672897	
-5.25227342805	-1636.48703013	
-5.25401710765	-1636.4873331	
-5.25575775213	-1636.48763787	
-5.25749537203	-1636.48794443	
-5.25922997784	-1636.48825276	
-5.26096158	-1636.48856286	
-5.2626901889	-1636.4888747	
-5.26441581487	-1636.48918828	
-5.26613846818	-1636.48950358	
-5.26785815906	-1636.48982058	
-5.26957489768	-1636.49013928	
-5.27128869416	-1636.49045967	
-5.27299955856	-1636.49078172	
-5.27470750091	-1636.49110542	
-5.27641253116	-1636.49143078	
-5.27811465923	-1636.49175776	
-5.27981389498	-1636.49208636	
-5.28151024823	-1636.49241657	
-5.28320372874	-1636.49274837	
-5.28489434622	-1636.49308175	
-5.28658211033	-1636.49341671	
-5.28826703069	-1636.49375322	
-5.28994911688	-1636.49409128	
-5.2916283784	-1636.49443087	
-5.29330482472	-1636.49477198	
-5.29497846528	-1636.49511461	
-5.29664930945	-1636.49545873	
-5.29831736655	-1636.49580435	
-5.29998264587	-1636.49615144	
-5.30164515664	-1636.49649999	
-5.30330490806	-1636.49685	
-5.30496190927	-1636.49720146	
-5.30661616936	-1636.49755434	
-5.3082676974	-1636.49790865	
-5.30991650239	-1636.49826437	
-5.3115625933	-1636.49862148	
-5.31320597904	-1636.49897999	
-5.3148466685	-1636.49933988	
-5.3164846705	-1636.49970113	
-5.31811999384	-1636.50006374	
-5.31975264727	-1636.5004277	
-5.32138263948	-1636.50079299	
-5.32300997914	-1636.50115961	
-5.32463467487	-1636.50152755	
-5.32625673524	-1636.50189679	
-5.32787616879	-1636.50226734	
-5.32949298402	-1636.50263916	
-5.33110718937	-1636.50301227	
-5.33271879327	-1636.50338664	
-5.33432780407	-1636.50376227	
-5.33593423012	-1636.50413915	
-5.3375380797	-1636.50451726	
-5.33913936107	-1636.50489661	
-5.34073808243	-1636.50527717	
-5.34233425196	-1636.50565894	
-5.3439278778	-1636.50604192	
-5.34551896803	-1636.50642608	
-5.34710753072	-1636.50681143	
-5.34869357387	-1636.50719796	
-5.35027710548	-1636.50758564	
-5.35185813348	-1636.50797449	
-5.35343666577	-1636.50836447	
-5.35501271022	-1636.5087556	
-5.35658627467	-1636.50914786	
-5.3581573669	-1636.50954123	
-5.35972599468	-1636.50993572	
-5.36129216571	-1636.51033132	
-5.36285588769	-1636.510728	
-5.36441716825	-1636.51112578	
-5.36597601502	-1636.51152463	
-5.36753243557	-1636.51192455	
-5.36908643744	-1636.51232553	
-5.37063802813	-1636.51272757	
-5.37218721511	-1636.51313065	
-5.37373400583	-1636.51353477	
-5.37527840768	-1636.51393992	
-5.37682042804	-1636.51434609	
-5.37836007422	-1636.51475327	
-5.37989735354	-1636.51516146	
-5.38143227326	-1636.51557065	
-5.38296484061	-1636.51598082	
-5.38449506279	-1636.51639198	
-5.38602294697	-1636.51680412	
-5.38754850028	-1636.51721722	
-5.38907172982	-1636.51763128	
-5.39059264266	-1636.5180463	
-5.39211124583	-1636.51846225	
-5.39362754635	-1636.51887915	
-5.39514155118	-1636.51929698	
-5.39665326727	-1636.51971573	
-5.39816270152	-1636.52013539	
-5.39966986081	-1636.52055597	
-5.40117475199	-1636.52097744	
-5.40267738187	-1636.52139982	
-5.40417775725	-1636.52182308	
-5.40567588487	-1636.52224722	
-5.40717177146	-1636.52267223	
-5.40866542372	-1636.52309811	
-5.4101568483	-1636.52352485	
-5.41164605186	-1636.52395245	
-5.41313304098	-1636.52438089	
-5.41461782224	-1636.52481017	
-5.4161004022	-1636.52524029	
-5.41758078737	-1636.52567123	
-5.41905898424	-1636.52610299	
-5.42053499927	-1636.52653557	
-5.42200883889	-1636.52696895	
-5.4234805095	-1636.52740314	
-5.42495001748	-1636.52783812	
-5.42641736918	-1636.52827389	
-5.4278825709	-1636.52871045	
-5.42934562895	-1636.52914778	
-5.43080654959	-1636.52958588	
-5.43226533906	-1636.53002474	
-5.43372200355	-1636.53046436	
-5.43517654927	-1636.53090473	
-5.43662898235	-1636.53134585	
-5.43807930892	-1636.53178771	
-5.4395275351	-1636.53223031	
-5.44097366695	-1636.53267363	
-5.44241771052	-1636.53311768	
-5.44385967184	-1636.53356244	
-5.4452995569	-1636.53400791	
-5.44673737167	-1636.53445409	
-5.44817312209	-1636.53490097	
-5.44960681409	-1636.53534854	
-5.45103845357	-1636.5357968	
-5.45246804638	-1636.53624574	
-5.45389559837	-1636.53669536	
-5.45532111536	-1636.53714565	
-5.45674460314	-1636.53759661	
-5.45816606749	-1636.53804823	
-5.45958551414	-1636.53850051	
-5.46100294883	-1636.53895344	
-5.46241837723	-1636.53940701	
-5.46383180503	-1636.53986122	
-5.46524323786	-1636.54031606	
-5.46665268137	-1636.54077154	
-5.46806014114	-1636.54122764	
-5.46946562274	-1636.54168436	
-5.47086913175	-1636.5421417	
-5.47227067367	-1636.54259964	
-5.47367025403	-1636.54305819	
-5.47506787829	-1636.54351733	
-5.47646355193	-1636.54397707	
-5.47785728038	-1636.5444374	
-5.47924906905	-1636.54489832	
-5.48063892334	-1636.54535982	
-5.48202684862	-1636.54582189	
-5.48341285022	-1636.54628453	
-5.48479693349	-1636.54674773	
-5.48617910372	-1636.5472115	
-5.48755936619	-1636.54767582	
-5.48893772616	-1636.54814069	
-5.49031418887	-1636.54860611	
-5.49168875953	-1636.54907208	
-5.49306144334	-1636.54953858	
-5.49443224547	-1636.55000561	
-5.49580117108	-1636.55047317	
-5.49716822529	-1636.55094126	
-5.49853341322	-1636.55140987	
-5.49989673995	-1636.55187899	
-5.50125821054	-1636.55234862	
-5.50261783006	-1636.55281876	
-5.50397560352	-1636.55328941	
-5.50533153593	-1636.55376055	
-5.50668563228	-1636.55423218	
-5.50803789753	-1636.5547043	
-5.50938833663	-1636.55517691	
-5.5107369545	-1636.55565	
-5.51208375605	-1636.55612357	
-5.51342874616	-1636.55659761	
-5.51477192971	-1636.55707212	
-5.51611331154	-1636.5575471	
-5.51745289646	-1636.55802253	
-5.51879068931	-1636.55849843	
-5.52012669485	-1636.55897477	
-5.52146091786	-1636.55945157	
-5.5227933631	-1636.55992881	
-5.52412403528	-1636.56040649	
-5.52545293913	-1636.5608846	
-5.52678007934	-1636.56136316	
-5.52810546058	-1636.56184214	
-5.52942908751	-1636.56232154	
-5.53075096477	-1636.56280137	
-5.53207109697	-1636.56328162	
-5.53338948873	-1636.56376228	
-5.53470614461	-1636.56424335	
-5.53602106919	-1636.56472483	
-5.53733426702	-1636.56520672	
-5.53864574262	-1636.565689	
-5.5399555005	-1636.56617168	
-5.54126354516	-1636.56665475	
-5.54256988107	-1636.56713821	
-5.5438745127	-1636.56762206	
-5.54517744448	-1636.56810629	
-5.54647868084	-1636.56859089	
-5.54777822618	-1636.56907588	
-5.5490760849	-1636.56956123	
-5.55037226136	-1636.57004695	
-5.55166675992	-1636.57053304	
-5.55295958492	-1636.57101949	
-5.55425074069	-1636.5715063	
-5.55554023152	-1636.57199346	
-5.5568280617	-1636.57248097	
-5.55811423551	-1636.57296884	
-5.5593987572	-1636.57345704	
-5.56068163102	-1636.57394559	
-5.56196286117	-1636.57443448	
-5.56324245188	-1636.5749237	
-5.56452040732	-1636.57541326	
-5.56579673168	-1636.57590314	
-5.56707142911	-1636.57639335	
-5.56834450376	-1636.57688388	
-5.56961595975	-1636.57737473	
-5.57088580119	-1636.5778659	
-5.57215403218	-1636.57835739	
-5.57342065679	-1636.57884918	
-5.5746856791	-1636.57934128	
-5.57594910315	-1636.57983368	
-5.57721093297	-1636.58032639	
-5.57847117258	-1636.58081939	
-5.57972982599	-1636.58131269	
-5.58098689718	-1636.58180628	
-5.58224239012	-1636.58230017	
-5.58349630878	-1636.58279434	
-5.5847486571	-1636.58328879	
-5.585999439	-1636.58378352	
-5.5872486584	-1636.58427854	
-5.5884963192	-1636.58477382	
-5.58974242528	-1636.58526938	
-5.59098698051	-1636.58576521	
-5.59222998875	-1636.58626131	
-5.59347145384	-1636.58675767	
-5.5947113796	-1636.5872543	
-5.59594976985	-1636.58775118	
-5.59718662839	-1636.58824832	
-5.598421959	-1636.58874571	
-5.59965576545	-1636.58924335	
-5.60088805149	-1636.58974124	
-5.60211882088	-1636.59023938	
-5.60334807733	-1636.59073776	
-5.60457582457	-1636.59123638	
-5.6058020663	-1636.59173524	
-5.60702680619	-1636.59223433	
-5.60825004793	-1636.59273366	
-5.60947179518	-1636.59323322	
-5.61069205159	-1636.593733	
-5.61191082078	-1636.59423301	
-5.61312810639	-1636.59473325	
-5.61434391201	-1636.5952337	
-5.61555824124	-1636.59573437	
-5.61677109767	-1636.59623526	
-5.61798248485	-1636.59673636	
-5.61919240636	-1636.59723767	
-5.62040086572	-1636.59773918	
-5.62160786647	-1636.59824091	
-5.62281341212	-1636.59874284	
-5.62401750619	-1636.59924497	
-5.62522015215	-1636.59974729	
-5.6264213535	-1636.60024982	
-5.62762111369	-1636.60075254	
-5.62881943618	-1636.60125545	
-5.63001632442	-1636.60175855	
-5.63121178182	-1636.60226184	
-5.63240581181	-1636.60276531	
-5.6335984178	-1636.60326897	
-5.63478960317	-1636.6037728	
-5.6359793713	-1636.60427682	
-5.63716772557	-1636.60478101	
-5.63835466933	-1636.60528538	
-5.63954020593	-1636.60578991	
-5.64072433869	-1636.60629462	
-5.64190707094	-1636.6067995	
-5.64308840598	-1636.60730454	
-5.64426834712	-1636.60780975	
-5.64544689764	-1636.60831511	
-5.64662406082	-1636.60882064	
-5.64779983991	-1636.60932632	
-5.64897423816	-1636.60983216	
-5.65014725882	-1636.61033816	
-5.65131890512	-1636.6108443	
-5.65248918027	-1636.61135059	
-5.65365808747	-1636.61185703	
-5.65482562993	-1636.61236362	
-5.65599181082	-1636.61287035	
-5.65715663332	-1636.61337722	
-5.65832010058	-1636.61388423	
-5.65948221576	-1636.61439137	
-5.660642982	-1636.61489866	
-5.66180240242	-1636.61540607	
-5.66296048014	-1636.61591362	
-5.66411721826	-1636.6164213	
-5.66527261989	-1636.61692911	
-5.66642668811	-1636.61743704	
-5.66757942599	-1636.61794509	
-5.6687308366	-1636.61845327	
-5.66988092298	-1636.61896157	
-5.67102968818	-1636.61946999	
-5.67217713524	-1636.61997853	
-5.67332326717	-1636.62048718	
-5.67446808699	-1636.62099594	
-5.67561159769	-1636.62150481	
-5.67675380227	-1636.6220138	
-5.6778947037	-1636.62252289	
-5.67903430497	-1636.62303209	
-5.68017260902	-1636.62354139	
-5.6813096188	-1636.6240508	
-5.68244533727	-1636.62456031	
-5.68357976734	-1636.62506992	
-5.68471291194	-1636.62557962	
-5.68584477397	-1636.62608942	
-5.68697535634	-1636.62659932	
-5.68810466194	-1636.62710931	
-5.68923269364	-1636.62761939	
-5.69035945432	-1636.62812956	
-5.69148494685	-1636.62863981	
-5.69260917406	-1636.62915016	
-5.6937321388	-1636.62966058	
-5.69485384391	-1636.6301711	
-5.69597429221	-1636.63068169	
-5.69709348651	-1636.63119236	
-5.69821142961	-1636.63170311	
-5.69932812431	-1636.63221394	
-5.70044357339	-1636.63272484	
-5.70155777963	-1636.63323582	
-5.7026707458	-1636.63374687	
-5.70378247466	-1636.63425799	
-5.70489296894	-1636.63476917	
-5.70600223139	-1636.63528043	
-5.70711026475	-1636.63579175	
-5.70821707172	-1636.63630314	
-5.70932265503	-1636.63681459	
-5.71042701737	-1636.6373261	
-5.71153016145	-1636.63783767	
-5.71263208993	-1636.6383493	
-5.71373280551	-1636.63886099	
-5.71483231084	-1636.63937273	
-5.71593060859	-1636.63988453	
-5.71702770141	-1636.64039638	
-5.71812359193	-1636.64090829	
-5.71921828279	-1636.64142024	
-5.72031177661	-1636.64193224	
-5.72140407601	-1636.64244429	
-5.72249518359	-1636.64295639	
-5.72358510195	-1636.64346853	
-5.72467383369	-1636.64398071	
-5.72576138137	-1636.64449294	
-5.72684774759	-1636.64500521	
-5.72793293489	-1636.64551752	
-5.72901694583	-1636.64602986	
-5.73009978297	-1636.64654224	
-5.73118144884	-1636.64705466	
-5.73226194598	-1636.64756711	
-5.7333412769	-1636.6480796	
-5.73441944412	-1636.64859211	
-5.73549645015	-1636.64910466	
-5.73657229748	-1636.64961724	
-5.73764698861	-1636.65012984	
-5.73872052602	-1636.65064247	
-5.73979291218	-1636.65115513	
-5.74086414956	-1636.65166781	
-5.74193424062	-1636.65218051	
-5.74300318781	-1636.65269323	
-5.74407099357	-1636.65320598	
-5.74513766034	-1636.65371874	
-5.74620319054	-1636.65423153	
-5.7472675866	-1636.65474433	
-5.74833085092	-1636.65525714	
-5.74939298591	-1636.65576997	
-5.75045399397	-1636.65628281	
-5.75151387748	-1636.65679567	
-5.75257263883	-1636.65730854	
-5.75363028038	-1636.65782141	
-5.75468680452	-1636.6583343	
-5.75574221359	-1636.65884719	
-5.75679650994	-1636.65936009	
-5.75784969593	-1636.659873	
-5.75890177388	-1636.66038591	
-5.75995274612	-1636.66089882	
-5.76100261499	-1636.66141174	
-5.76205138278	-1636.66192465	
-5.76309905181	-1636.66243757	
-5.76414562438	-1636.66295048	
-5.76519110278	-1636.6634634	
-5.7662354893	-1636.66397631	
-5.76727878622	-1636.66448921	
-5.76832099579	-1636.66500211	
-5.7693621203	-1636.665515	
-5.770402162	-1636.66602789	
-5.77144112313	-1636.66654077	
-5.77247900594	-1636.66705364	
-5.77351581267	-1636.6675665	
-5.77455154554	-1636.66807934	
-5.77558620679	-1636.66859218	
-5.77661979861	-1636.669105	
-5.77765232322	-1636.6696178	
-5.77868378283	-1636.67013059	
-5.77971417962	-1636.67064337	
-5.78074351579	-1636.67115612	
-5.78177179352	-1636.67166886	
-5.78279901497	-1636.67218158	
-5.78382518233	-1636.67269428	
-5.78485029774	-1636.67320696	
-5.78587436337	-1636.67371961	
-5.78689738137	-1636.67423224	
-5.78791935386	-1636.67474485	
-5.788940283	-1636.67525743	
-5.7899601709	-1636.67576999	
-5.79097901969	-1636.67628252	
-5.79199683148	-1636.67679502	
-5.79301360838	-1636.6773075	
-5.7940293525	-1636.67781994	
-5.79504406593	-1636.67833235	
-5.79605775077	-1636.67884473	
-5.79707040908	-1636.67935708	
-5.79808204295	-1636.6798694	
-5.79909265446	-1636.68038168	
-5.80010224566	-1636.68089393	
-5.80111081862	-1636.68140614	
-5.80211837538	-1636.68191832	
-5.80312491799	-1636.68243046	
-5.80413044849	-1636.68294256	
-5.80513496892	-1636.68345462	
-5.80613848129	-1636.68396664	
-5.80714098764	-1636.68447862	
-5.80814248998	-1636.68499056	
-5.80914299031	-1636.68550245	
