# log_p 	 lnL 	 
0.0	-1696.19227274	
-0.287682072452	-1696.10930722	
-0.510825623766	-1696.09620262	
-0.69314718056	-1696.11116698	
-0.847297860387	-1696.13789612	
-0.980829253012	-1696.17021684	
-1.09861228867	-1696.20580024	
-1.20397280433	-1696.24376697	
-1.29928298413	-1696.28374894	
-1.38629436112	-1696.32553205	
-1.46633706879	-1696.36893319	
-1.54044504095	-1696.41376673	
-1.60943791243	-1696.45984143	
-1.67397643357	-1696.5069654	
-1.73460105539	-1696.55495166	
-1.79175946923	-1696.6036222	
-1.8458266905	-1696.65281064	
-1.89711998489	-1696.70236357	
-1.94591014906	-1696.75214117	
-1.99243016469	-1696.80201726	
-2.03688192726	-1696.85187896	
-2.07944154168	-1696.90162613	
-2.1202635362	-1696.9511707	
-2.15948424935	-1697.0004359	
-2.19722457734	-1697.0493554	
-2.23359222151	-1697.09787247	
-2.26868354132	-1697.14593915	
-2.30258509299	-1697.19351544	
-2.33537491582	-1697.24056847	
-2.36712361413	-1697.28707177	
-2.3978952728	-1697.33300459	
-2.42774823595	-1697.37835119	
-2.45673577282	-1697.4231003	
-2.48490664979	-1697.46724449	
-2.51230562398	-1697.51077975	
-2.53897387106	-1697.55370494	
-2.56494935746	-1697.59602146	
-2.59026716545	-1697.63773282	
-2.61495977804	-1697.67884435	
-2.63905732962	-1697.71936288	
-2.66258782703	-1697.7592965	
-2.68557734525	-1697.79865432	
-2.7080502011	-1697.83744626	
-2.73002910782	-1697.8756829	
-2.75153531304	-1697.91337533	
-2.77258872224	-1697.95053496	
-2.79320800944	-1697.98717351	
-2.81341071676	-1698.02330279	
-2.83321334406	-1698.05893472	
-2.85263142991	-1698.09408121	
-2.87167962488	-1698.1287541	
-2.8903717579	-1698.16296512	
-2.90872089656	-1698.19672586	
-2.92673940207	-1698.23004772	
-2.94443897917	-1698.26294187	
-2.96183072188	-1698.29541927	
-2.97892515524	-1698.32749061	
-2.99573227355	-1698.35916633	
-3.01226157551	-1698.39045659	
-3.02852209638	-1698.42137126	
-3.04452243772	-1698.45191994	
-3.06027079469	-1698.48211196	
-3.07577498123	-1698.51195633	
-3.09104245336	-1698.5414618	
-3.10608033072	-1698.57063685	
-3.12089541651	-1698.59948967	
-3.13549421593	-1698.62802818	
-3.14988295338	-1698.65626006	
-3.16406758837	-1698.6841927	
-3.17805383035	-1698.71183327	
-3.19184715248	-1698.73918868	
-3.20545280454	-1698.76626562	
-3.21887582487	-1698.79307052	
-3.23212105162	-1698.81960963	
-3.24519313319	-1698.84588897	
-3.25809653802	-1698.87191433	
-3.2708355638	-1698.89769135	
-3.28341434601	-1698.92322544	
-3.295836866	-1698.94852183	
-3.3081069586	-1698.97358559	
-3.32022831913	-1698.99842161	
-3.33220451018	-1699.02303462	
-3.34403896782	-1699.04742918	
-3.35573500759	-1699.07160971	
-3.36729582999	-1699.09558047	
-3.37872452581	-1699.1193456	
-3.39002408106	-1699.1429091	
-3.40119738166	-1699.16627483	
-3.41224721785	-1699.18944653	
-3.42317628838	-1699.21242782	
-3.43398720449	-1699.23522222	
-3.4446824936	-1699.25783311	
-3.45526460293	-1699.2802638	
-3.4657359028	-1699.30251748	
-3.47609868984	-1699.32459723	
-3.48635519	-1699.34650606	
-3.49650756147	-1699.36824687	
-3.50655789732	-1699.3898225	
-3.51650822817	-1699.41123568	
-3.52636052462	-1699.43248907	
-3.53611669956	-1699.45358526	
-3.54577861047	-1699.47452675	
-3.55534806149	-1699.49531599	
-3.56482680544	-1699.51595534	
-3.57421654579	-1699.53644711	
-3.58351893846	-1699.55679354	
-3.59273559356	-1699.57699681	
-3.60186807712	-1699.59705904	
-3.61091791264	-1699.61698231	
-3.61988658263	-1699.63676861	
-3.62877553004	-1699.65641992	
-3.63758615973	-1699.67593813	
-3.6463198397	-1699.69532511	
-3.65497790244	-1699.71458266	
-3.66356164613	-1699.73371257	
-3.6720723358	-1699.75271654	
-3.68051120444	-1699.77159627	
-3.68887945411	-1699.79035339	
-3.69717825693	-1699.80898951	
-3.70540875607	-1699.82750618	
-3.7135720667	-1699.84590494	
-3.72166927694	-1699.86418728	
-3.72970144863	-1699.88235465	
-3.73766961828	-1699.90040848	
-3.74557479779	-1699.91835017	
-3.75341797525	-1699.93618107	
-3.76120011569	-1699.95390251	
-3.76892216179	-1699.9715158	
-3.77658503453	-1699.98902221	
-3.78418963392	-1700.006423	
-3.79173683955	-1700.02371937	
-3.79922751128	-1700.04091253	
-3.80666248977	-1700.05800365	
-3.81404259707	-1700.07499387	
-3.82136863716	-1700.09188432	
-3.82864139649	-1700.10867609	
-3.83586164446	-1700.12537028	
-3.84303013394	-1700.14196793	
-3.85014760171	-1700.15847009	
-3.85721476893	-1700.17487777	
-3.86423234159	-1700.19119198	
-3.87120101091	-1700.20741368	
-3.87812145375	-1700.22354384	
-3.88499433304	-1700.23958341	
-3.89182029811	-1700.25553331	
-3.8985999851	-1700.27139445	
-3.90533401728	-1700.28716773	
-3.91202300543	-1700.30285401	
-3.91866754815	-1700.31845417	
-3.92526823218	-1700.33396904	
-3.93182563272	-1700.34939947	
-3.93834031375	-1700.36474627	
-3.94481282825	-1700.38001024	
-3.95124371858	-1700.39519217	
-3.95763351668	-1700.41029284	
-3.96398274436	-1700.42531301	
-3.97029191355	-1700.44025345	
-3.97656152657	-1700.45511487	
-3.98279207632	-1700.46989803	
-3.98898404656	-1700.48460362	
-3.99513791214	-1700.49923235	
-4.00125413916	-1700.51378493	
-4.00733318523	-1700.52826202	
-4.01337549969	-1700.54266431	
-4.01938152375	-1700.55699246	
-4.02535169074	-1700.57124711	
-4.03128642625	-1700.58542892	
-4.03718614838	-1700.59953851	
-4.04305126783	-1700.6135765	
-4.04888218815	-1700.62754352	
-4.05467930583	-1700.64144016	
-4.06044301055	-1700.65526703	
-4.06617368526	-1700.6690247	
-4.07187170637	-1700.68271377	
-4.07753744391	-1700.69633481	
-4.08317126162	-1700.70988837	
-4.08877351717	-1700.72337501	
-4.09434456222	-1700.73679528	
-4.0998847426	-1700.75014973	
-4.10539439841	-1700.76343888	
-4.11087386417	-1700.77666326	
-4.11632346894	-1700.78982339	
-4.12174353641	-1700.80291979	
-4.12713438505	-1700.81595295	
-4.13249632819	-1700.82892339	
-4.13782967416	-1700.84183158	
-4.14313472639	-1700.85467802	
-4.14841178349	-1700.86746318	
-4.15366113938	-1700.88018755	
-4.15888308336	-1700.89285159	
-4.16407790024	-1700.90545575	
-4.1692458704	-1700.91800051	
-4.1743872699	-1700.9304863	
-4.17950237056	-1700.94291357	
-4.18459144007	-1700.95528277	
-4.18965474203	-1700.96759432	
-4.19469253606	-1700.97984866	
-4.19970507788	-1700.99204622	
-4.20469261939	-1701.0041874	
-4.20965540873	-1701.01627262	
-4.21459369037	-1701.0283023	
-4.21950770518	-1701.04027684	
-4.22439769047	-1701.05219663	
-4.22926388012	-1701.06406208	
-4.2341065046	-1701.07587357	
-4.23892579103	-1701.08763149	
-4.2437219633	-1701.09933622	
-4.24849524205	-1701.11098815	
-4.25324584481	-1701.12258763	
-4.257973986	-1701.13413505	
-4.26267987704	-1701.14563077	
-4.26736372635	-1701.15707514	
-4.27202573946	-1701.16846853	
-4.27666611902	-1701.17981129	
-4.28128506487	-1701.19110377	
-4.28588277412	-1701.20234631	
-4.29045944115	-1701.21353927	
-4.29501525768	-1701.22468296	
-4.29955041285	-1701.23577774	
-4.3040650932	-1701.24682393	
-4.30855948279	-1701.25782186	
-4.31303376319	-1701.26877186	
-4.31748811354	-1701.27967424	
-4.3219227106	-1701.29052933	
-4.32633772881	-1701.30133743	
-4.33073334029	-1701.31209887	
-4.33510971489	-1701.32281394	
-4.33946702026	-1701.33348296	
-4.34380542185	-1701.34410623	
-4.348125083	-1701.35468404	
-4.3524261649	-1701.36521669	
-4.35670882669	-1701.37570448	
-4.36097322548	-1701.38614769	
-4.36521951636	-1701.39654662	
-4.36944785247	-1701.40690154	
-4.373658385	-1701.41721275	
-4.37785126326	-1701.42748051	
-4.38202663467	-1701.43770512	
-4.38618464482	-1701.44788683	
-4.39032543749	-1701.45802592	
-4.39444915467	-1701.46812267	
-4.39855593663	-1701.47817733	
-4.40264592188	-1701.48819017	
-4.40671924726	-1701.49816145	
-4.41077604796	-1701.50809144	
-4.4148164575	-1701.51798039	
-4.4188406078	-1701.52782854	
-4.42284862919	-1701.53763616	
-4.42684065046	-1701.5474035	
-4.43081679884	-1701.55713079	
-4.43477720006	-1701.56681829	
-4.43872197835	-1701.57646625	
-4.44265125649	-1701.58607489	
-4.44656515581	-1701.59564446	
-4.45046379623	-1701.60517519	
-4.45434729625	-1701.61466732	
-4.45821577303	-1701.62412109	
-4.46206934235	-1701.63353671	
-4.46590811865	-1701.64291443	
-4.46973221509	-1701.65225446	
-4.47354174351	-1701.66155704	
-4.47733681448	-1701.67082237	
-4.48111753732	-1701.68005069	
-4.48488402011	-1701.68924222	
-4.48863636973	-1701.69839716	
-4.49237469184	-1701.70751573	
-4.49609909093	-1701.71659815	
-4.49980967033	-1701.72564463	
-4.50350653221	-1701.73465537	
-4.50718977763	-1701.74363059	
-4.51085950652	-1701.75257049	
-4.51451581772	-1701.76147528	
-4.518158809	-1701.77034515	
-4.52178857705	-1701.77918031	
-4.52540521752	-1701.78798096	
-4.52900882502	-1701.79674729	
-4.53259949315	-1701.80547951	
-4.5361773145	-1701.8141778	
-4.53974238067	-1701.82284235	
-4.54329478227	-1701.83147337	
-4.54683460898	-1701.84007104	
-4.55036194949	-1701.84863554	
-4.5538768916	-1701.85716707	
-4.55737952215	-1701.86566581	
-4.56086992709	-1701.87413193	
-4.56434819147	-1701.88256564	
-4.56781439944	-1701.8909671	
-4.57126863431	-1701.89933649	
-4.5747109785	-1701.907674	
-4.5781415136	-1701.91597979	
-4.58156032035	-1701.92425405	
-4.58496747867	-1701.93249695	
-4.58836306767	-1701.94070866	
-4.59174716566	-1701.94888936	
-4.59511985013	-1701.9570392	
-4.59848119784	-1701.96515836	
-4.60183128472	-1701.97324702	
-4.60517018599	-1701.98130532	
-4.60849797608	-1701.98933344	
-4.61181472871	-1701.99733155	
-4.61512051684	-1702.0052998	
-4.61841541274	-1702.01323835	
-4.62169948794	-1702.02114737	
-4.62497281328	-1702.02902701	
-4.62823545892	-1702.03687743	
-4.63148749431	-1702.04469878	
-4.63472898823	-1702.05249123	
-4.63796000881	-1702.06025492	
-4.64118062351	-1702.06799001	
-4.64439089914	-1702.07569666	
-4.64759090187	-1702.083375	
-4.65078069724	-1702.09102519	
-4.65396035016	-1702.09864737	
-4.65712992492	-1702.10624171	
-4.66028948521	-1702.11380833	
-4.66343909411	-1702.12134739	
-4.66657881412	-1702.12885903	
-4.66970870713	-1702.1363434	
-4.67282883446	-1702.14380062	
-4.67593925688	-1702.15123086	
-4.67904003455	-1702.15863424	
-4.68213122712	-1702.16601091	
-4.68521289366	-1702.17336099	
-4.6882850927	-1702.18068464	
-4.69134788223	-1702.18798199	
-4.69440131972	-1702.19525316	
-4.6974454621	-1702.2024983	
-4.70048036579	-1702.20971754	
-4.70350608671	-1702.21691101	
-4.70652268025	-1702.22407884	
-4.70953020131	-1702.23122116	
-4.71252870431	-1702.2383381	
-4.71551824316	-1702.2454298	
-4.7184988713	-1702.25249637	
-4.72147064168	-1702.25953794	
-4.72443360681	-1702.26655465	
-4.72738781871	-1702.27354661	
-4.73033332894	-1702.28051395	
-4.73327018862	-1702.28745679	
-4.73619844839	-1702.29437526	
-4.7391181585	-1702.30126947	
-4.74202936871	-1702.30813955	
-4.74493212836	-1702.31498563	
-4.74782648639	-1702.3218078	
-4.75071249128	-1702.3286062	
-4.75359019111	-1702.33538095	
-4.75645963353	-1702.34213216	
-4.75932086582	-1702.34885994	
-4.7621739348	-1702.35556441	
-4.76501888693	-1702.36224569	
-4.76785576827	-1702.36890388	
-4.77068462447	-1702.37553911	
-4.77350550081	-1702.38215148	
-4.77631844218	-1702.38874111	
-4.77912349311	-1702.39530811	
-4.78192069773	-1702.40185258	
-4.78471009982	-1702.40837464	
-4.78749174278	-1702.41487439	
-4.79026566966	-1702.42135194	
-4.79303192316	-1702.42780741	
-4.7957905456	-1702.43424089	
-4.79854157897	-1702.44065249	
-4.80128506491	-1702.44704232	
-4.80402104473	-1702.45341048	
-4.80674955939	-1702.45975707	
-4.8094706495	-1702.4660822	
-4.81218435537	-1702.47238597	
-4.81489071697	-1702.47866848	
-4.81758977394	-1702.48492984	
-4.82028156561	-1702.49117014	
-4.82296613098	-1702.49738948	
-4.82564350875	-1702.50358797	
-4.8283137373	-1702.50976569	
-4.83097685472	-1702.51592276	
-4.83363289878	-1702.52205926	
-4.83628190695	-1702.52817529	
-4.83892391641	-1702.53427095	
-4.84155896405	-1702.54034634	
-4.84418708646	-1702.54640154	
-4.84680831994	-1702.55243666	
-4.84942270051	-1702.55845179	
-4.85203026392	-1702.56444701	
-4.85463104562	-1702.57042243	
-4.8572250808	-1702.57637813	
-4.85981240436	-1702.58231421	
-4.86239305096	-1702.58823075	
-4.86496705495	-1702.59412786	
-4.86753445046	-1702.6000056	
-4.87009527132	-1702.60586409	
-4.87264955112	-1702.61170339	
-4.8751973232	-1702.61752361	
-4.87773862063	-1702.62332483	
-4.88027347623	-1702.62910713	
-4.88280192259	-1702.63487061	
-4.88532399202	-1702.64061535	
-4.88783971662	-1702.64634143	
-4.89034912822	-1702.65204894	
-4.89285225844	-1702.65773796	
-4.89534913864	-1702.66340858	
-4.89783979995	-1702.66906088	
-4.90032427328	-1702.67469495	
-4.90280258929	-1702.68031086	
-4.90527477844	-1702.68590869	
-4.90774087093	-1702.69148854	
-4.91020089677	-1702.69705047	
-4.91265488574	-1702.70259458	
-4.91510286737	-1702.70812093	
-4.91754487103	-1702.71362962	
-4.91998092583	-1702.71912071	
-4.92241106068	-1702.72459428	
-4.92483530429	-1702.73005043	
-4.92725368516	-1702.73548921	
-4.92966623156	-1702.74091072	
-4.93207297159	-1702.74631502	
-4.93447393313	-1702.75170219	
-4.93686914386	-1702.75707231	
-4.93925863125	-1702.76242545	
-4.94164242261	-1702.76776169	
-4.94402054501	-1702.7730811	
-4.94639302537	-1702.77838376	
-4.94875989038	-1702.78366973	
-4.95112116656	-1702.7889391	
-4.95347688026	-1702.79419194	
-4.9558270576	-1702.79942831	
-4.95817172456	-1702.8046483	
-4.96051090691	-1702.80985196	
-4.96284463026	-1702.81503937	
-4.96517292002	-1702.82021061	
-4.96749580144	-1702.82536574	
-4.96981329958	-1702.83050484	
-4.97212543933	-1702.83562796	
-4.97443224543	-1702.84073519	
-4.97673374242	-1702.84582658	
-4.97902995468	-1702.85090221	
-4.98132090643	-1702.85596215	
-4.98360662171	-1702.86100646	
-4.98588712441	-1702.86603521	
-4.98816243824	-1702.87104847	
-4.99043258678	-1702.8760463	
-4.99269759341	-1702.88102877	
-4.99495748138	-1702.88599594	
-4.99721227376	-1702.89094788	
-4.9994619935	-1702.89588466	
-5.00170666335	-1702.90080634	
-5.00394630595	-1702.90571297	
-5.00618094375	-1702.91060464	
-5.00841059907	-1702.91548139	
-5.0106352941	-1702.9203433	
-5.01285505083	-1702.92519043	
-5.01506989116	-1702.93002283	
-5.01727983681	-1702.93484057	
-5.01948490937	-1702.93964371	
-5.02168513028	-1702.94443231	
-5.02388052085	-1702.94920644	
-5.02607110223	-1702.95396616	
-5.02825689545	-1702.95871151	
-5.03043792139	-1702.96344257	
-5.03261420082	-1702.9681594	
-5.03478575433	-1702.97286205	
-5.03695260241	-1702.97755058	
-5.03911476542	-1702.98222505	
-5.04127226356	-1702.98688552	
-5.04342511692	-1702.99153205	
-5.04557334546	-1702.99616469	
-5.047716969	-1703.00078351	
-5.04985600725	-1703.00538855	
-5.05199047978	-1703.00997988	
-5.05412040604	-1703.01455755	
-5.05624580535	-1703.01912162	
-5.05836669692	-1703.02367215	
-5.06048309982	-1703.02820918	
-5.06259503303	-1703.03273278	
-5.06470251537	-1703.037243	
-5.06680556556	-1703.0417399	
-5.06890420222	-1703.04622352	
-5.07099844382	-1703.05069393	
-5.07308830874	-1703.05515117	
-5.07517381523	-1703.0595953	
-5.07725498144	-1703.06402638	
-5.07933182538	-1703.06844445	
-5.08140436498	-1703.07284957	
-5.08347261805	-1703.07724179	
-5.08553660227	-1703.08162116	
-5.08759633523	-1703.08598774	
-5.08965183441	-1703.09034158	
-5.09170311719	-1703.09468272	
-5.09375020081	-1703.09901122	
-5.09579310244	-1703.10332713	
-5.09783183913	-1703.1076305	
-5.09986642782	-1703.11192138	
-5.10189688537	-1703.11619982	
-5.10392322852	-1703.12046587	
-5.1059454739	-1703.12471958	
-5.10796363806	-1703.12896099	
-5.10997773743	-1703.13319016	
-5.11198778836	-1703.13740714	
-5.11399380708	-1703.14161197	
-5.11599580975	-1703.1458047	
-5.11799381242	-1703.14998538	
-5.11998783102	-1703.15415406	
-5.12197788143	-1703.15831078	
-5.1239639794	-1703.1624556	
-5.12594614061	-1703.16658855	
-5.12792438062	-1703.17070969	
-5.12989871492	-1703.17481906	
-5.13186915891	-1703.1789167	
-5.13383572788	-1703.18300267	
-5.13579843705	-1703.18707701	
-5.13775730154	-1703.19113976	
-5.13971233637	-1703.19519097	
-5.1416635565	-1703.19923069	
-5.14361097679	-1703.20325895	
-5.145554612	-1703.20727581	
-5.14749447681	-1703.21128131	
-5.14943058584	-1703.21527549	
-5.15136295359	-1703.21925839	
-5.1532915945	-1703.22323007	
-5.15521652291	-1703.22719055	
-5.15713775309	-1703.2311399	
-5.15905529921	-1703.23507814	
-5.1609691754	-1703.23900532	
-5.16287939565	-1703.24292149	
-5.16478597392	-1703.24682668	
-5.16668892407	-1703.25072094	
-5.16858825987	-1703.25460432	
-5.17048399504	-1703.25847684	
-5.17237614319	-1703.26233856	
-5.17426471788	-1703.26618951	
-5.17614973257	-1703.27002974	
-5.17803120067	-1703.27385929	
-5.1799091355	-1703.27767819	
-5.18178355029	-1703.28148649	
-5.18365445823	-1703.28528423	
-5.1855218724	-1703.28907144	
-5.18738580584	-1703.29284818	
-5.18924627149	-1703.29661447	
-5.19110328224	-1703.30037036	
-5.19295685089	-1703.30411588	
-5.19480699018	-1703.30785108	
-5.19665371277	-1703.31157599	
-5.19849703127	-1703.31529066	
-5.20033695819	-1703.31899511	
-5.202173506	-1703.3226894	
-5.20400668708	-1703.32637355	
-5.20583651375	-1703.3300476	
-5.20766299828	-1703.33371161	
-5.20948615284	-1703.33736559	
-5.21130598956	-1703.34100958	
-5.21312252048	-1703.34464364	
-5.21493575761	-1703.34826778	
-5.21674571285	-1703.35188206	
-5.21855239808	-1703.3554865	
-5.22035582508	-1703.35908114	
-5.22215600558	-1703.36266602	
-5.22395295126	-1703.36624117	
-5.22574667371	-1703.36980663	
-5.22753718449	-1703.37336244	
-5.22932449506	-1703.37690863	
-5.23110861685	-1703.38044524	
-5.23288956123	-1703.3839723	
-5.23466733947	-1703.38748985	
-5.23644196283	-1703.39099791	
-5.23821344248	-1703.39449654	
-5.23998178954	-1703.39798575	
-5.24174701506	-1703.4014656	
-5.24350913005	-1703.4049361	
-5.24526814546	-1703.40839729	
-5.24702407216	-1703.41184922	
-5.24877692099	-1703.4152919	
-5.25052670271	-1703.41872538	
-5.25227342805	-1703.42214969	
-5.25401710765	-1703.42556486	
-5.25575775213	-1703.42897092	
-5.25749537203	-1703.43236791	
-5.25922997784	-1703.43575587	
-5.26096158	-1703.43913481	
-5.2626901889	-1703.44250478	
-5.26441581487	-1703.44586581	
-5.26613846818	-1703.44921793	
-5.26785815906	-1703.45256118	
-5.26957489768	-1703.45589557	
-5.27128869416	-1703.45922115	
-5.27299955856	-1703.46253795	
-5.27470750091	-1703.465846	
-5.27641253116	-1703.46914533	
-5.27811465923	-1703.47243597	
-5.27981389498	-1703.47571795	
-5.28151024823	-1703.4789913	
-5.28320372874	-1703.48225606	
-5.28489434622	-1703.48551225	
-5.28658211033	-1703.48875991	
-5.28826703069	-1703.49199906	
-5.28994911688	-1703.49522974	
-5.2916283784	-1703.49845197	
-5.29330482472	-1703.50166579	
-5.29497846528	-1703.50487122	
-5.29664930945	-1703.50806829	
-5.29831736655	-1703.51125704	
-5.29998264587	-1703.5144375	
-5.30164515664	-1703.51760968	
-5.30330490806	-1703.52077362	
-5.30496190927	-1703.52392936	
-5.30661616936	-1703.52707691	
-5.3082676974	-1703.53021631	
-5.30991650239	-1703.53334759	
-5.3115625933	-1703.53647077	
-5.31320597904	-1703.53958589	
-5.3148466685	-1703.54269296	
-5.3164846705	-1703.54579202	
-5.31811999384	-1703.5488831	
-5.31975264727	-1703.55196623	
-5.32138263948	-1703.55504142	
-5.32300997914	-1703.55810872	
-5.32463467487	-1703.56116814	
-5.32625673524	-1703.56421972	
-5.32787616879	-1703.56726347	
-5.32949298402	-1703.57029944	
-5.33110718937	-1703.57332764	
-5.33271879327	-1703.5763481	
-5.33432780407	-1703.57936085	
-5.33593423012	-1703.58236591	
-5.3375380797	-1703.58536332	
-5.33913936107	-1703.58835309	
-5.34073808243	-1703.59133525	
-5.34233425196	-1703.59430984	
-5.3439278778	-1703.59727687	
-5.34551896803	-1703.60023637	
-5.34710753072	-1703.60318837	
-5.34869357387	-1703.6061329	
-5.35027710548	-1703.60906997	
-5.35185813348	-1703.61199961	
-5.35343666577	-1703.61492185	
-5.35501271022	-1703.61783672	
-5.35658627467	-1703.62074423	
-5.3581573669	-1703.62364442	
-5.35972599468	-1703.62653731	
-5.36129216571	-1703.62942292	
-5.36285588769	-1703.63230127	
-5.36441716825	-1703.6351724	
-5.36597601502	-1703.63803633	
-5.36753243557	-1703.64089308	
-5.36908643744	-1703.64374267	
-5.37063802813	-1703.64658513	
-5.37218721511	-1703.64942048	
-5.37373400583	-1703.65224875	
-5.37527840768	-1703.65506996	
-5.37682042804	-1703.65788414	
-5.37836007422	-1703.6606913	
-5.37989735354	-1703.66349147	
-5.38143227326	-1703.66628468	
-5.38296484061	-1703.66907095	
-5.38449506279	-1703.67185029	
-5.38602294697	-1703.67462274	
-5.38754850028	-1703.67738832	
-5.38907172982	-1703.68014704	
-5.39059264266	-1703.68289894	
-5.39211124583	-1703.68564403	
-5.39362754635	-1703.68838234	
-5.39514155118	-1703.69111389	
-5.39665326727	-1703.6938387	
-5.39816270152	-1703.69655679	
-5.39966986081	-1703.69926819	
-5.40117475199	-1703.70197292	
-5.40267738187	-1703.704671	
-5.40417775725	-1703.70736245	
-5.40567588487	-1703.7100473	
-5.40717177146	-1703.71272556	
-5.40866542372	-1703.71539725	
-5.4101568483	-1703.71806241	
-5.41164605186	-1703.72072105	
-5.41313304098	-1703.72337318	
-5.41461782224	-1703.72601884	
-5.4161004022	-1703.72865805	
-5.41758078737	-1703.73129081	
-5.41905898424	-1703.73391717	
-5.42053499927	-1703.73653712	
-5.42200883889	-1703.73915071	
-5.4234805095	-1703.74175795	
-5.42495001748	-1703.74435885	
-5.42641736918	-1703.74695344	
-5.4278825709	-1703.74954174	
-5.42934562895	-1703.75212377	
-5.43080654959	-1703.75469955	
-5.43226533906	-1703.7572691	
-5.43372200355	-1703.75983244	
-5.43517654927	-1703.76238959	
-5.43662898235	-1703.76494057	
-5.43807930892	-1703.7674854	
-5.4395275351	-1703.7700241	
-5.44097366695	-1703.77255668	
-5.44241771052	-1703.77508318	
-5.44385967184	-1703.7776036	
-5.4452995569	-1703.78011798	
-5.44673737167	-1703.78262632	
-5.44817312209	-1703.78512864	
-5.44960681409	-1703.78762497	
-5.45103845357	-1703.79011533	
-5.45246804638	-1703.79259972	
-5.45389559837	-1703.79507819	
-5.45532111536	-1703.79755073	
-5.45674460314	-1703.80001737	
-5.45816606749	-1703.80247813	
-5.45958551414	-1703.80493303	
-5.46100294883	-1703.80738208	
-5.46241837723	-1703.80982531	
-5.46383180503	-1703.81226273	
-5.46524323786	-1703.81469436	
-5.46665268137	-1703.81712022	
-5.46806014114	-1703.81954033	
-5.46946562274	-1703.8219547	
-5.47086913175	-1703.82436336	
-5.47227067367	-1703.82676632	
-5.47367025403	-1703.8291636	
-5.47506787829	-1703.83155521	
-5.47646355193	-1703.83394118	
-5.47785728038	-1703.83632152	
-5.47924906905	-1703.83869626	
-5.48063892334	-1703.8410654	
-5.48202684862	-1703.84342896	
-5.48341285022	-1703.84578697	
-5.48479693349	-1703.84813944	
-5.48617910372	-1703.85048638	
-5.48755936619	-1703.85282782	
-5.48893772616	-1703.85516377	
-5.49031418887	-1703.85749425	
-5.49168875953	-1703.85981927	
-5.49306144334	-1703.86213885	
-5.49443224547	-1703.86445302	
-5.49580117108	-1703.86676178	
-5.49716822529	-1703.86906515	
-5.49853341322	-1703.87136315	
-5.49989673995	-1703.8736558	
-5.50125821054	-1703.8759431	
-5.50261783006	-1703.87822509	
-5.50397560352	-1703.88050177	
-5.50533153593	-1703.88277316	
-5.50668563228	-1703.88503928	
-5.50803789753	-1703.88730015	
-5.50938833663	-1703.88955577	
-5.5107369545	-1703.89180617	
-5.51208375605	-1703.89405136	
-5.51342874616	-1703.89629135	
-5.51477192971	-1703.89852617	
-5.51611331154	-1703.90075583	
-5.51745289646	-1703.90298035	
-5.51879068931	-1703.90519973	
-5.52012669485	-1703.907414	
-5.52146091786	-1703.90962318	
-5.5227933631	-1703.91182726	
-5.52412403528	-1703.91402629	
-5.52545293913	-1703.91622026	
-5.52678007934	-1703.91840919	
-5.52810546058	-1703.9205931	
-5.52942908751	-1703.922772	
-5.53075096477	-1703.92494592	
-5.53207109697	-1703.92711485	
-5.53338948873	-1703.92927883	
-5.53470614461	-1703.93143786	
-5.53602106919	-1703.93359195	
-5.53733426702	-1703.93574113	
-5.53864574262	-1703.93788541	
-5.5399555005	-1703.9400248	
-5.54126354516	-1703.94215932	
-5.54256988107	-1703.94428898	
-5.5438745127	-1703.9464138	
-5.54517744448	-1703.94853379	
-5.54647868084	-1703.95064896	
-5.54777822618	-1703.95275934	
-5.5490760849	-1703.95486492	
-5.55037226136	-1703.95696574	
-5.55166675992	-1703.9590618	
-5.55295958492	-1703.96115311	
-5.55425074069	-1703.9632397	
-5.55554023152	-1703.96532157	
-5.5568280617	-1703.96739874	
-5.55811423551	-1703.96947122	
-5.5593987572	-1703.97153903	
-5.56068163102	-1703.97360218	
-5.56196286117	-1703.97566068	
-5.56324245188	-1703.97771455	
-5.56452040732	-1703.97976381	
-5.56579673168	-1703.98180846	
-5.56707142911	-1703.98384851	
-5.56834450376	-1703.98588399	
-5.56961595975	-1703.98791491	
-5.57088580119	-1703.98994127	
-5.57215403218	-1703.9919631	
-5.57342065679	-1703.9939804	
-5.5746856791	-1703.9959932	
-5.57594910315	-1703.99800149	
-5.57721093297	-1704.0000053	
-5.57847117258	-1704.00200464	
-5.57972982599	-1704.00399952	
-5.58098689718	-1704.00598996	
-5.58224239012	-1704.00797596	
-5.58349630878	-1704.00995754	
-5.5847486571	-1704.01193472	
-5.585999439	-1704.0139075	
-5.5872486584	-1704.0158759	
-5.5884963192	-1704.01783994	
-5.58974242528	-1704.01979962	
-5.59098698051	-1704.02175495	
-5.59222998875	-1704.02370596	
-5.59347145384	-1704.02565264	
-5.5947113796	-1704.02759502	
-5.59594976985	-1704.02953311	
-5.59718662839	-1704.03146692	
-5.598421959	-1704.03339646	
-5.59965576545	-1704.03532175	
-5.60088805149	-1704.03724279	
-5.60211882088	-1704.0391596	
-5.60334807733	-1704.04107219	
-5.60457582457	-1704.04298057	
-5.6058020663	-1704.04488476	
-5.60702680619	-1704.04678476	
-5.60825004793	-1704.0486806	
-5.60947179518	-1704.05057227	
-5.61069205159	-1704.0524598	
-5.61191082078	-1704.05434319	
-5.61312810639	-1704.05622246	
-5.61434391201	-1704.05809762	
-5.61555824124	-1704.05996867	
-5.61677109767	-1704.06183564	
-5.61798248485	-1704.06369854	
-5.61919240636	-1704.06555736	
-5.62040086572	-1704.06741214	
-5.62160786647	-1704.06926287	
-5.62281341212	-1704.07110957	
-5.62401750619	-1704.07295225	
-5.62522015215	-1704.07479093	
-5.6264213535	-1704.0766256	
-5.62762111369	-1704.0784563	
-5.62881943618	-1704.08028302	
-5.63001632442	-1704.08210577	
-5.63121178182	-1704.08392458	
-5.63240581181	-1704.08573944	
-5.6335984178	-1704.08755038	
-5.63478960317	-1704.0893574	
-5.6359793713	-1704.09116051	
-5.63716772557	-1704.09295972	
-5.63835466933	-1704.09475505	
-5.63954020593	-1704.09654651	
-5.64072433869	-1704.0983341	
-5.64190707094	-1704.10011784	
-5.64308840598	-1704.10189774	
-5.64426834712	-1704.1036738	
-5.64544689764	-1704.10544605	
-5.64662406082	-1704.10721449	
-5.64779983991	-1704.10897913	
-5.64897423816	-1704.11073998	
-5.65014725882	-1704.11249705	
-5.65131890512	-1704.11425035	
-5.65248918027	-1704.1159999	
-5.65365808747	-1704.1177457	
-5.65482562993	-1704.11948777	
-5.65599181082	-1704.12122611	
-5.65715663332	-1704.12296073	
-5.65832010058	-1704.12469165	
-5.65948221576	-1704.12641888	
-5.660642982	-1704.12814242	
-5.66180240242	-1704.12986229	
-5.66296048014	-1704.13157849	
-5.66411721826	-1704.13329104	
-5.66527261989	-1704.13499994	
-5.66642668811	-1704.13670521	
-5.66757942599	-1704.13840686	
-5.6687308366	-1704.14010489	
-5.66988092298	-1704.14179932	
-5.67102968818	-1704.14349016	
-5.67217713524	-1704.14517741	
-5.67332326717	-1704.14686108	
-5.67446808699	-1704.1485412	
-5.67561159769	-1704.15021775	
-5.67675380227	-1704.15189077	
-5.6778947037	-1704.15356024	
-5.67903430497	-1704.1552262	
-5.68017260902	-1704.15688863	
-5.6813096188	-1704.15854756	
-5.68244533727	-1704.16020299	
-5.68357976734	-1704.16185494	
-5.68471291194	-1704.16350341	
-5.68584477397	-1704.16514841	
-5.68697535634	-1704.16678995	
-5.68810466194	-1704.16842804	
-5.68923269364	-1704.17006269	
-5.69035945432	-1704.17169391	
-5.69148494685	-1704.17332171	
-5.69260917406	-1704.17494609	
-5.6937321388	-1704.17656708	
-5.69485384391	-1704.17818467	
-5.69597429221	-1704.17979887	
-5.69709348651	-1704.1814097	
-5.69821142961	-1704.18301716	
-5.69932812431	-1704.18462127	
-5.70044357339	-1704.18622203	
-5.70155777963	-1704.18781945	
-5.7026707458	-1704.18941353	
-5.70378247466	-1704.1910043	
-5.70489296894	-1704.19259176	
-5.70600223139	-1704.19417591	
-5.70711026475	-1704.19575677	
-5.70821707172	-1704.19733434	
-5.70932265503	-1704.19890863	
-5.71042701737	-1704.20047966	
-5.71153016145	-1704.20204743	
-5.71263208993	-1704.20361194	
-5.71373280551	-1704.20517322	
-5.71483231084	-1704.20673126	
-5.71593060859	-1704.20828608	
-5.71702770141	-1704.20983768	
-5.71812359193	-1704.21138607	
-5.71921828279	-1704.21293126	
-5.72031177661	-1704.21447327	
-5.72140407601	-1704.21601209	
-5.72249518359	-1704.21754774	
-5.72358510195	-1704.21908022	
-5.72467383369	-1704.22060955	
-5.72576138137	-1704.22213573	
-5.72684774759	-1704.22365877	
-5.72793293489	-1704.22517867	
-5.72901694583	-1704.22669546	
-5.73009978297	-1704.22820913	
-5.73118144884	-1704.22971969	
-5.73226194598	-1704.23122715	
-5.7333412769	-1704.23273152	
-5.73441944412	-1704.23423281	
-5.73549645015	-1704.23573103	
-5.73657229748	-1704.23722618	
-5.73764698861	-1704.23871827	
-5.73872052602	-1704.24020732	
-5.73979291218	-1704.24169332	
-5.74086414956	-1704.24317628	
-5.74193424062	-1704.24465622	
-5.74300318781	-1704.24613314	
-5.74407099357	-1704.24760706	
-5.74513766034	-1704.24907797	
-5.74620319054	-1704.25054588	
-5.7472675866	-1704.25201081	
-5.74833085092	-1704.25347276	
-5.74939298591	-1704.25493174	
-5.75045399397	-1704.25638775	
-5.75151387748	-1704.25784081	
-5.75257263883	-1704.25929093	
-5.75363028038	-1704.2607381	
-5.75468680452	-1704.26218234	
-5.75574221359	-1704.26362365	
-5.75679650994	-1704.26506205	
-5.75784969593	-1704.26649754	
-5.75890177388	-1704.26793012	
-5.75995274612	-1704.26935981	
-5.76100261499	-1704.27078662	
-5.76205138278	-1704.27221054	
-5.76309905181	-1704.27363159	
-5.76414562438	-1704.27504978	
-5.76519110278	-1704.27646511	
-5.7662354893	-1704.27787759	
-5.76727878622	-1704.27928723	
-5.76832099579	-1704.28069403	
-5.7693621203	-1704.282098	
-5.770402162	-1704.28349916	
-5.77144112313	-1704.2848975	
-5.77247900594	-1704.28629303	
-5.77351581267	-1704.28768576	
-5.77455154554	-1704.28907571	
-5.77558620679	-1704.29046287	
-5.77661979861	-1704.29184725	
-5.77765232322	-1704.29322886	
-5.77868378283	-1704.2946077	
-5.77971417962	-1704.29598379	
-5.78074351579	-1704.29735714	
-5.78177179352	-1704.29872774	
-5.78279901497	-1704.3000956	
-5.78382518233	-1704.30146074	
-5.78485029774	-1704.30282315	
-5.78587436337	-1704.30418285	
-5.78689738137	-1704.30553985	
-5.78791935386	-1704.30689414	
-5.788940283	-1704.30824574	
-5.7899601709	-1704.30959465	
-5.79097901969	-1704.31094089	
-5.79199683148	-1704.31228445	
-5.79301360838	-1704.31362534	
-5.7940293525	-1704.31496358	
-5.79504406593	-1704.31629916	
-5.79605775077	-1704.3176321	
-5.79707040908	-1704.31896239	
-5.79808204295	-1704.32029006	
-5.79909265446	-1704.32161509	
-5.80010224566	-1704.32293751	
-5.80111081862	-1704.32425732	
-5.80211837538	-1704.32557452	
-5.80312491799	-1704.32688912	
-5.80413044849	-1704.32820113	
-5.80513496892	-1704.32951055	
-5.80613848129	-1704.33081739	
-5.80714098764	-1704.33212166	
-5.80814248998	-1704.33342336	
-5.80914299031	-1704.3347225	
