# log_p 	 lnL 	 
0.0	-1576.03009958	
-0.287682072452	-1576.11808371	
-0.510825623766	-1576.14966941	
-0.69314718056	-1576.14669904	
-0.847297860387	-1576.12541686	
-0.980829253012	-1576.09463729	
-1.09861228867	-1576.05961068	
-1.20397280433	-1576.0236725	
-1.29928298413	-1575.98892845	
-1.38629436112	-1575.95663513	
-1.46633706879	-1575.92746354	
-1.54044504095	-1575.90169222	
-1.60943791243	-1575.87934698	
-1.67397643357	-1575.86029907	
-1.73460105539	-1575.84433199	
-1.79175946923	-1575.83118587	
-1.8458266905	-1575.82058594	
-1.89711998489	-1575.81226019	
-1.94591014906	-1575.80594979	
-1.99243016469	-1575.80141471	
-2.03688192726	-1575.79843624	
-2.07944154168	-1575.79681764	
-2.1202635362	-1575.79638353	
-2.15948424935	-1575.79697866	
-2.19722457734	-1575.79846634	
-2.23359222151	-1575.80072668	
-2.26868354132	-1575.80365489	
-2.30258509299	-1575.80715958	
-2.33537491582	-1575.8111612	
-2.36712361413	-1575.81559064	
-2.3978952728	-1575.82038793	
-2.42774823595	-1575.82550104	
-2.45673577282	-1575.83088492	
-2.48490664979	-1575.83650056	
-2.51230562398	-1575.84231422	
-2.53897387106	-1575.8482967	
-2.56494935746	-1575.85442277	
-2.59026716545	-1575.86067061	
-2.61495977804	-1575.86702138	
-2.63905732962	-1575.87345883	
-2.66258782703	-1575.87996889	
-2.68557734525	-1575.88653946	
-2.7080502011	-1575.89316009	
-2.73002910782	-1575.89982177	
-2.75153531304	-1575.90651674	
-2.77258872224	-1575.91323833	
-2.79320800944	-1575.91998079	
-2.81341071676	-1575.9267392	
-2.83321334406	-1575.93350933	
-2.85263142991	-1575.94028757	
-2.87167962488	-1575.94707081	
-2.8903717579	-1575.95385643	
-2.90872089656	-1575.96064218	
-2.92673940207	-1575.96742616	
-2.94443897917	-1575.97420676	
-2.96183072188	-1575.98098263	
-2.97892515524	-1575.98775265	
-2.99573227355	-1575.99451587	
-3.01226157551	-1576.00127153	
-3.02852209638	-1576.00801899	
-3.04452243772	-1576.01475774	
-3.06027079469	-1576.02148738	
-3.07577498123	-1576.0282076	
-3.09104245336	-1576.03491816	
-3.10608033072	-1576.04161889	
-3.12089541651	-1576.04830968	
-3.13549421593	-1576.05499046	
-3.14988295338	-1576.06166122	
-3.16406758837	-1576.06832195	
-3.17805383035	-1576.07497269	
-3.19184715248	-1576.08161351	
-3.20545280454	-1576.08824449	
-3.21887582487	-1576.09486573	
-3.23212105162	-1576.10147732	
-3.24519313319	-1576.10807939	
-3.25809653802	-1576.11467206	
-3.2708355638	-1576.12125547	
-3.28341434601	-1576.12782975	
-3.295836866	-1576.13439503	
-3.3081069586	-1576.14095145	
-3.32022831913	-1576.14749915	
-3.33220451018	-1576.15403826	
-3.34403896782	-1576.16056891	
-3.35573500759	-1576.16709124	
-3.36729582999	-1576.17360537	
-3.37872452581	-1576.18011142	
-3.39002408106	-1576.18660952	
-3.40119738166	-1576.19309977	
-3.41224721785	-1576.19958229	
-3.42317628838	-1576.20605718	
-3.43398720449	-1576.21252455	
-3.4446824936	-1576.21898448	
-3.45526460293	-1576.22543708	
-3.4657359028	-1576.23188241	
-3.47609868984	-1576.23832057	
-3.48635519	-1576.24475163	
-3.49650756147	-1576.25117565	
-3.50655789732	-1576.25759272	
-3.51650822817	-1576.26400288	
-3.52636052462	-1576.27040619	
-3.53611669956	-1576.2768027	
-3.54577861047	-1576.28319247	
-3.55534806149	-1576.28957554	
-3.56482680544	-1576.29595194	
-3.57421654579	-1576.30232171	
-3.58351893846	-1576.30868488	
-3.59273559356	-1576.31504148	
-3.60186807712	-1576.32139153	
-3.61091791264	-1576.32773506	
-3.61988658263	-1576.33407208	
-3.62877553004	-1576.34040261	
-3.63758615973	-1576.34672666	
-3.6463198397	-1576.35304423	
-3.65497790244	-1576.35935533	
-3.66356164613	-1576.36565997	
-3.6720723358	-1576.37195814	
-3.68051120444	-1576.37824985	
-3.68887945411	-1576.38453509	
-3.69717825693	-1576.39081385	
-3.70540875607	-1576.39708613	
-3.7135720667	-1576.40335191	
-3.72166927694	-1576.40961119	
-3.72970144863	-1576.41586395	
-3.73766961828	-1576.42211017	
-3.74557479779	-1576.42834984	
-3.75341797525	-1576.43458295	
-3.76120011569	-1576.44080946	
-3.76892216179	-1576.44702937	
-3.77658503453	-1576.45324264	
-3.78418963392	-1576.45944927	
-3.79173683955	-1576.46564921	
-3.79922751128	-1576.47184246	
-3.80666248977	-1576.47802897	
-3.81404259707	-1576.48420874	
-3.82136863716	-1576.49038172	
-3.82864139649	-1576.49654789	
-3.83586164446	-1576.50270723	
-3.84303013394	-1576.5088597	
-3.85014760171	-1576.51500528	
-3.85721476893	-1576.52114393	
-3.86423234159	-1576.52727563	
-3.87120101091	-1576.53340034	
-3.87812145375	-1576.53951804	
-3.88499433304	-1576.5456287	
-3.89182029811	-1576.55173227	
-3.8985999851	-1576.55782874	
-3.90533401728	-1576.56391807	
-3.91202300543	-1576.57000022	
-3.91866754815	-1576.57607518	
-3.92526823218	-1576.5821429	
-3.93182563272	-1576.58820335	
-3.93834031375	-1576.59425651	
-3.94481282825	-1576.60030234	
-3.95124371858	-1576.60634081	
-3.95763351668	-1576.61237189	
-3.96398274436	-1576.61839555	
-3.97029191355	-1576.62441175	
-3.97656152657	-1576.63042048	
-3.98279207632	-1576.63642169	
-3.98898404656	-1576.64241535	
-3.99513791214	-1576.64840145	
-4.00125413916	-1576.65437994	
-4.00733318523	-1576.6603508	
-4.01337549969	-1576.666314	
-4.01938152375	-1576.67226951	
-4.02535169074	-1576.6782173	
-4.03128642625	-1576.68415735	
-4.03718614838	-1576.69008962	
-4.04305126783	-1576.6960141	
-4.04888218815	-1576.70193074	
-4.05467930583	-1576.70783953	
-4.06044301055	-1576.71374044	
-4.06617368526	-1576.71963345	
-4.07187170637	-1576.72551852	
-4.07753744391	-1576.73139564	
-4.08317126162	-1576.73726477	
-4.08877351717	-1576.7431259	
-4.09434456222	-1576.748979	
-4.0998847426	-1576.75482405	
-4.10539439841	-1576.76066102	
-4.11087386417	-1576.7664899	
-4.11632346894	-1576.77231066	
-4.12174353641	-1576.77812327	
-4.12713438505	-1576.78392773	
-4.13249632819	-1576.789724	
-4.13782967416	-1576.79551207	
-4.14313472639	-1576.80129191	
-4.14841178349	-1576.80706351	
-4.15366113938	-1576.81282685	
-4.15888308336	-1576.81858192	
-4.16407790024	-1576.82432868	
-4.1692458704	-1576.83006713	
-4.1743872699	-1576.83579725	
-4.17950237056	-1576.84151901	
-4.18459144007	-1576.84723242	
-4.18965474203	-1576.85293744	
-4.19469253606	-1576.85863406	
-4.19970507788	-1576.86432227	
-4.20469261939	-1576.87000206	
-4.20965540873	-1576.87567341	
-4.21459369037	-1576.8813363	
-4.21950770518	-1576.88699073	
-4.22439769047	-1576.89263667	
-4.22926388012	-1576.89827413	
-4.2341065046	-1576.90390308	
-4.23892579103	-1576.90952351	
-4.2437219633	-1576.91513542	
-4.24849524205	-1576.92073879	
-4.25324584481	-1576.92633361	
-4.257973986	-1576.93191987	
-4.26267987704	-1576.93749757	
-4.26736372635	-1576.94306669	
-4.27202573946	-1576.94862722	
-4.27666611902	-1576.95417916	
-4.28128506487	-1576.9597225	
-4.28588277412	-1576.96525722	
-4.29045944115	-1576.97078334	
-4.29501525768	-1576.97630082	
-4.29955041285	-1576.98180968	
-4.3040650932	-1576.9873099	
-4.30855948279	-1576.99280148	
-4.31303376319	-1576.99828441	
-4.31748811354	-1577.00375869	
-4.3219227106	-1577.00922431	
-4.32633772881	-1577.01468127	
-4.33073334029	-1577.02012956	
-4.33510971489	-1577.02556919	
-4.33946702026	-1577.03100014	
-4.34380542185	-1577.03642241	
-4.348125083	-1577.04183601	
-4.3524261649	-1577.04724092	
-4.35670882669	-1577.05263715	
-4.36097322548	-1577.0580247	
-4.36521951636	-1577.06340356	
-4.36944785247	-1577.06877373	
-4.373658385	-1577.07413521	
-4.37785126326	-1577.079488	
-4.38202663467	-1577.08483211	
-4.38618464482	-1577.09016752	
-4.39032543749	-1577.09549424	
-4.39444915467	-1577.10081228	
-4.39855593663	-1577.10612162	
-4.40264592188	-1577.11142228	
-4.40671924726	-1577.11671425	
-4.41077604796	-1577.12199754	
-4.4148164575	-1577.12727215	
-4.4188406078	-1577.13253807	
-4.42284862919	-1577.13779532	
-4.42684065046	-1577.14304389	
-4.43081679884	-1577.14828379	
-4.43477720006	-1577.15351502	
-4.43872197835	-1577.15873758	
-4.44265125649	-1577.16395149	
-4.44656515581	-1577.16915673	
-4.45046379623	-1577.17435331	
-4.45434729625	-1577.17954125	
-4.45821577303	-1577.18472054	
-4.46206934235	-1577.18989119	
-4.46590811865	-1577.1950532	
-4.46973221509	-1577.20020658	
-4.47354174351	-1577.20535134	
-4.47733681448	-1577.21048747	
-4.48111753732	-1577.21561499	
-4.48488402011	-1577.2207339	
-4.48863636973	-1577.22584421	
-4.49237469184	-1577.23094592	
-4.49609909093	-1577.23603903	
-4.49980967033	-1577.24112357	
-4.50350653221	-1577.24619953	
-4.50718977763	-1577.25126691	
-4.51085950652	-1577.25632574	
-4.51451581772	-1577.26137601	
-4.518158809	-1577.26641773	
-4.52178857705	-1577.27145091	
-4.52540521752	-1577.27647556	
-4.52900882502	-1577.28149168	
-4.53259949315	-1577.28649928	
-4.5361773145	-1577.29149838	
-4.53974238067	-1577.29648898	
-4.54329478227	-1577.30147109	
-4.54683460898	-1577.30644471	
-4.55036194949	-1577.31140986	
-4.5538768916	-1577.31636654	
-4.55737952215	-1577.32131477	
-4.56086992709	-1577.32625455	
-4.56434819147	-1577.3311859	
-4.56781439944	-1577.33610882	
-4.57126863431	-1577.34102331	
-4.5747109785	-1577.34592941	
-4.5781415136	-1577.3508271	
-4.58156032035	-1577.3557164	
-4.58496747867	-1577.36059733	
-4.58836306767	-1577.36546989	
-4.59174716566	-1577.37033409	
-4.59511985013	-1577.37518994	
-4.59848119784	-1577.38003746	
-4.60183128472	-1577.38487665	
-4.60517018599	-1577.38970752	
-4.60849797608	-1577.39453009	
-4.61181472871	-1577.39934437	
-4.61512051684	-1577.40415037	
-4.61841541274	-1577.40894809	
-4.62169948794	-1577.41373755	
-4.62497281328	-1577.41851877	
-4.62823545892	-1577.42329175	
-4.63148749431	-1577.4280565	
-4.63472898823	-1577.43281304	
-4.63796000881	-1577.43756137	
-4.64118062351	-1577.44230152	
-4.64439089914	-1577.44703348	
-4.64759090187	-1577.45175728	
-4.65078069724	-1577.45647293	
-4.65396035016	-1577.46118043	
-4.65712992492	-1577.4658798	
-4.66028948521	-1577.47057105	
-4.66343909411	-1577.4752542	
-4.66657881412	-1577.47992925	
-4.66970870713	-1577.48459622	
-4.67282883446	-1577.48925512	
-4.67593925688	-1577.49390596	
-4.67904003455	-1577.49854877	
-4.68213122712	-1577.50318354	
-4.68521289366	-1577.50781029	
-4.6882850927	-1577.51242903	
-4.69134788223	-1577.51703978	
-4.69440131972	-1577.52164256	
-4.6974454621	-1577.52623736	
-4.70048036579	-1577.53082421	
-4.70350608671	-1577.53540312	
-4.70652268025	-1577.5399741	
-4.70953020131	-1577.54453717	
-4.71252870431	-1577.54909234	
-4.71551824316	-1577.55363961	
-4.7184988713	-1577.55817901	
-4.72147064168	-1577.56271055	
-4.72443360681	-1577.56723424	
-4.72738781871	-1577.5717501	
-4.73033332894	-1577.57625813	
-4.73327018862	-1577.58075835	
-4.73619844839	-1577.58525078	
-4.7391181585	-1577.58973543	
-4.74202936871	-1577.59421231	
-4.74493212836	-1577.59868143	
-4.74782648639	-1577.60314282	
-4.75071249128	-1577.60759647	
-4.75359019111	-1577.61204242	
-4.75645963353	-1577.61648066	
-4.75932086582	-1577.62091122	
-4.7621739348	-1577.6253341	
-4.76501888693	-1577.62974933	
-4.76785576827	-1577.63415691	
-4.77068462447	-1577.63855686	
-4.77350550081	-1577.64294919	
-4.77631844218	-1577.64733392	
-4.77912349311	-1577.65171106	
-4.78192069773	-1577.65608063	
-4.78471009982	-1577.66044263	
-4.78749174278	-1577.66479709	
-4.79026566966	-1577.66914401	
-4.79303192316	-1577.67348341	
-4.7957905456	-1577.6778153	
-4.79854157897	-1577.68213971	
-4.80128506491	-1577.68645663	
-4.80402104473	-1577.6907661	
-4.80674955939	-1577.69506811	
-4.8094706495	-1577.69936268	
-4.81218435537	-1577.70364984	
-4.81489071697	-1577.70792959	
-4.81758977394	-1577.71220194	
-4.82028156561	-1577.71646691	
-4.82296613098	-1577.72072452	
-4.82564350875	-1577.72497478	
-4.8283137373	-1577.7292177	
-4.83097685472	-1577.73345329	
-4.83363289878	-1577.73768158	
-4.83628190695	-1577.74190257	
-4.83892391641	-1577.74611628	
-4.84155896405	-1577.75032273	
-4.84418708646	-1577.75452192	
-4.84680831994	-1577.75871387	
-4.84942270051	-1577.7628986	
-4.85203026392	-1577.76707612	
-4.85463104562	-1577.77124644	
-4.8572250808	-1577.77540958	
-4.85981240436	-1577.77956555	
-4.86239305096	-1577.78371436	
-4.86496705495	-1577.78785604	
-4.86753445046	-1577.79199059	
-4.87009527132	-1577.79611803	
-4.87264955112	-1577.80023838	
-4.8751973232	-1577.80435163	
-4.87773862063	-1577.80845782	
-4.88027347623	-1577.81255696	
-4.88280192259	-1577.81664905	
-4.88532399202	-1577.82073412	
-4.88783971662	-1577.82481217	
-4.89034912822	-1577.82888322	
-4.89285225844	-1577.83294729	
-4.89534913864	-1577.83700439	
-4.89783979995	-1577.84105453	
-4.90032427328	-1577.84509772	
-4.90280258929	-1577.84913399	
-4.90527477844	-1577.85316335	
-4.90774087093	-1577.8571858	
-4.91020089677	-1577.86120136	
-4.91265488574	-1577.86521006	
-4.91510286737	-1577.86921189	
-4.91754487103	-1577.87320688	
-4.91998092583	-1577.87719503	
-4.92241106068	-1577.88117637	
-4.92483530429	-1577.88515091	
-4.92725368516	-1577.88911865	
-4.92966623156	-1577.89307962	
-4.93207297159	-1577.89703383	
-4.93447393313	-1577.90098129	
-4.93686914386	-1577.90492202	
-4.93925863125	-1577.90885603	
-4.94164242261	-1577.91278333	
-4.94402054501	-1577.91670393	
-4.94639302537	-1577.92061786	
-4.94875989038	-1577.92452513	
-4.95112116656	-1577.92842574	
-4.95347688026	-1577.93231971	
-4.9558270576	-1577.93620706	
-4.95817172456	-1577.9400878	
-4.96051090691	-1577.94396194	
-4.96284463026	-1577.9478295	
-4.96517292002	-1577.95169049	
-4.96749580144	-1577.95554493	
-4.96981329958	-1577.95939282	
-4.97212543933	-1577.96323418	
-4.97443224543	-1577.96706903	
-4.97673374242	-1577.97089738	
-4.97902995468	-1577.97471924	
-4.98132090643	-1577.97853463	
-4.98360662171	-1577.98234355	
-4.98588712441	-1577.98614603	
-4.98816243824	-1577.98994207	
-4.99043258678	-1577.99373169	
-4.99269759341	-1577.99751491	
-4.99495748138	-1578.00129173	
-4.99721227376	-1578.00506217	
-4.9994619935	-1578.00882625	
-5.00170666335	-1578.01258397	
-5.00394630595	-1578.01633535	
-5.00618094375	-1578.0200804	
-5.00841059907	-1578.02381914	
-5.0106352941	-1578.02755158	
-5.01285505083	-1578.03127773	
-5.01506989116	-1578.0349976	
-5.01727983681	-1578.03871122	
-5.01948490937	-1578.04241859	
-5.02168513028	-1578.04611972	
-5.02388052085	-1578.04981463	
-5.02607110223	-1578.05350333	
-5.02825689545	-1578.05718584	
-5.03043792139	-1578.06086217	
-5.03261420082	-1578.06453232	
-5.03478575433	-1578.06819632	
-5.03695260241	-1578.07185418	
-5.03911476542	-1578.0755059	
-5.04127226356	-1578.07915151	
-5.04342511692	-1578.08279101	
-5.04557334546	-1578.08642442	
-5.047716969	-1578.09005176	
-5.04985600725	-1578.09367302	
-5.05199047978	-1578.09728824	
-5.05412040604	-1578.10089741	
-5.05624580535	-1578.10450055	
-5.05836669692	-1578.10809768	
-5.06048309982	-1578.11168881	
-5.06259503303	-1578.11527395	
-5.06470251537	-1578.11885311	
-5.06680556556	-1578.12242631	
-5.06890420222	-1578.12599355	
-5.07099844382	-1578.12955486	
-5.07308830874	-1578.13311024	
-5.07517381523	-1578.1366597	
-5.07725498144	-1578.14020327	
-5.07933182538	-1578.14374094	
-5.08140436498	-1578.14727274	
-5.08347261805	-1578.15079867	
-5.08553660227	-1578.15431876	
-5.08759633523	-1578.157833	
-5.08965183441	-1578.16134142	
-5.09170311719	-1578.16484402	
-5.09375020081	-1578.16834082	
-5.09579310244	-1578.17183183	
-5.09783183913	-1578.17531706	
-5.09986642782	-1578.17879653	
-5.10189688537	-1578.18227024	
-5.10392322852	-1578.18573822	
-5.1059454739	-1578.18920046	
-5.10796363806	-1578.19265699	
-5.10997773743	-1578.19610781	
-5.11198778836	-1578.19955294	
-5.11399380708	-1578.20299239	
-5.11599580975	-1578.20642617	
-5.11799381242	-1578.2098543	
-5.11998783102	-1578.21327678	
-5.12197788143	-1578.21669363	
-5.1239639794	-1578.22010486	
-5.12594614061	-1578.22351048	
-5.12792438062	-1578.2269105	
-5.12989871492	-1578.23030494	
-5.13186915891	-1578.2336938	
-5.13383572788	-1578.23707711	
-5.13579843705	-1578.24045486	
-5.13775730154	-1578.24382708	
-5.13971233637	-1578.24719377	
-5.1416635565	-1578.25055495	
-5.14361097679	-1578.25391062	
-5.145554612	-1578.25726081	
-5.14749447681	-1578.26060551	
-5.14943058584	-1578.26394475	
-5.15136295359	-1578.26727853	
-5.1532915945	-1578.27060687	
-5.15521652291	-1578.27392977	
-5.15713775309	-1578.27724725	
-5.15905529921	-1578.28055933	
-5.1609691754	-1578.283866	
-5.16287939565	-1578.28716729	
-5.16478597392	-1578.2904632	
-5.16668892407	-1578.29375374	
-5.16858825987	-1578.29703894	
-5.17048399504	-1578.30031879	
-5.17237614319	-1578.30359331	
-5.17426471788	-1578.30686252	
-5.17614973257	-1578.31012641	
-5.17803120067	-1578.31338501	
-5.1799091355	-1578.31663832	
-5.18178355029	-1578.31988636	
-5.18365445823	-1578.32312914	
-5.1855218724	-1578.32636666	
-5.18738580584	-1578.32959895	
-5.18924627149	-1578.332826	
-5.19110328224	-1578.33604784	
-5.19295685089	-1578.33926446	
-5.19480699018	-1578.34247589	
-5.19665371277	-1578.34568214	
-5.19849703127	-1578.34888321	
-5.20033695819	-1578.35207911	
-5.202173506	-1578.35526987	
-5.20400668708	-1578.35845548	
-5.20583651375	-1578.36163596	
-5.20766299828	-1578.36481132	
-5.20948615284	-1578.36798157	
-5.21130598956	-1578.37114672	
-5.21312252048	-1578.37430678	
-5.21493575761	-1578.37746176	
-5.21674571285	-1578.38061168	
-5.21855239808	-1578.38375654	
-5.22035582508	-1578.38689636	
-5.22215600558	-1578.39003114	
-5.22395295126	-1578.3931609	
-5.22574667371	-1578.39628564	
-5.22753718449	-1578.39940538	
-5.22932449506	-1578.40252013	
-5.23110861685	-1578.40562989	
-5.23288956123	-1578.40873468	
-5.23466733947	-1578.41183452	
-5.23644196283	-1578.4149294	
-5.23821344248	-1578.41801934	
-5.23998178954	-1578.42110435	
-5.24174701506	-1578.42418444	
-5.24350913005	-1578.42725962	
-5.24526814546	-1578.4303299	
-5.24702407216	-1578.43339529	
-5.24877692099	-1578.43645581	
-5.25052670271	-1578.43951145	
-5.25227342805	-1578.44256224	
-5.25401710765	-1578.44560818	
-5.25575775213	-1578.44864928	
-5.25749537203	-1578.45168556	
-5.25922997784	-1578.45471701	
-5.26096158	-1578.45774366	
-5.2626901889	-1578.46076551	
-5.26441581487	-1578.46378257	
-5.26613846818	-1578.46679486	
-5.26785815906	-1578.46980238	
-5.26957489768	-1578.47280514	
-5.27128869416	-1578.47580315	
-5.27299955856	-1578.47879643	
-5.27470750091	-1578.48178497	
-5.27641253116	-1578.4847688	
-5.27811465923	-1578.48774792	
-5.27981389498	-1578.49072234	
-5.28151024823	-1578.49369208	
-5.28320372874	-1578.49665713	
-5.28489434622	-1578.49961751	
-5.28658211033	-1578.50257324	
-5.28826703069	-1578.50552432	
-5.28994911688	-1578.50847075	
-5.2916283784	-1578.51141256	
-5.29330482472	-1578.51434974	
-5.29497846528	-1578.51728231	
-5.29664930945	-1578.52021028	
-5.29831736655	-1578.52313366	
-5.29998264587	-1578.52605246	
-5.30164515664	-1578.52896668	
-5.30330490806	-1578.53187634	
-5.30496190927	-1578.53478145	
-5.30661616936	-1578.53768201	
-5.3082676974	-1578.54057804	
-5.30991650239	-1578.54346954	
-5.3115625933	-1578.54635652	
-5.31320597904	-1578.54923899	
-5.3148466685	-1578.55211697	
-5.3164846705	-1578.55499046	
-5.31811999384	-1578.55785947	
-5.31975264727	-1578.56072401	
-5.32138263948	-1578.56358409	
-5.32300997914	-1578.56643972	
-5.32463467487	-1578.5692909	
-5.32625673524	-1578.57213766	
-5.32787616879	-1578.57497998	
-5.32949298402	-1578.5778179	
-5.33110718937	-1578.5806514	
-5.33271879327	-1578.58348051	
-5.33432780407	-1578.58630523	
-5.33593423012	-1578.58912558	
-5.3375380797	-1578.59194155	
-5.33913936107	-1578.59475316	
-5.34073808243	-1578.59756042	
-5.34233425196	-1578.60036334	
-5.3439278778	-1578.60316193	
-5.34551896803	-1578.60595619	
-5.34710753072	-1578.60874613	
-5.34869357387	-1578.61153176	
-5.35027710548	-1578.6143131	
-5.35185813348	-1578.61709015	
-5.35343666577	-1578.61986291	
-5.35501271022	-1578.62263141	
-5.35658627467	-1578.62539564	
-5.3581573669	-1578.62815562	
-5.35972599468	-1578.63091135	
-5.36129216571	-1578.63366284	
-5.36285588769	-1578.6364101	
-5.36441716825	-1578.63915315	
-5.36597601502	-1578.64189198	
-5.36753243557	-1578.64462661	
-5.36908643744	-1578.64735705	
-5.37063802813	-1578.6500833	
-5.37218721511	-1578.65280537	
-5.37373400583	-1578.65552327	
-5.37527840768	-1578.65823702	
-5.37682042804	-1578.66094661	
-5.37836007422	-1578.66365206	
-5.37989735354	-1578.66635338	
-5.38143227326	-1578.66905057	
-5.38296484061	-1578.67174364	
-5.38449506279	-1578.6744326	
-5.38602294697	-1578.67711746	
-5.38754850028	-1578.67979823	
-5.38907172982	-1578.68247491	
-5.39059264266	-1578.68514751	
-5.39211124583	-1578.68781605	
-5.39362754635	-1578.69048053	
-5.39514155118	-1578.69314096	
-5.39665326727	-1578.69579734	
-5.39816270152	-1578.69844969	
-5.39966986081	-1578.70109801	
-5.40117475199	-1578.70374232	
-5.40267738187	-1578.70638261	
-5.40417775725	-1578.7090189	
-5.40567588487	-1578.71165119	
-5.40717177146	-1578.7142795	
-5.40866542372	-1578.71690383	
-5.4101568483	-1578.71952419	
-5.41164605186	-1578.72214059	
-5.41313304098	-1578.72475303	
-5.41461782224	-1578.72736153	
-5.4161004022	-1578.72996609	
-5.41758078737	-1578.73256671	
-5.41905898424	-1578.73516342	
-5.42053499927	-1578.73775621	
-5.42200883889	-1578.74034509	
-5.4234805095	-1578.74293008	
-5.42495001748	-1578.74551117	
-5.42641736918	-1578.74808838	
-5.4278825709	-1578.75066172	
-5.42934562895	-1578.75323118	
-5.43080654959	-1578.75579679	
-5.43226533906	-1578.75835854	
-5.43372200355	-1578.76091645	
-5.43517654927	-1578.76347053	
-5.43662898235	-1578.76602077	
-5.43807930892	-1578.76856719	
-5.4395275351	-1578.7711098	
-5.44097366695	-1578.7736486	
-5.44241771052	-1578.77618361	
-5.44385967184	-1578.77871482	
-5.4452995569	-1578.78124225	
-5.44673737167	-1578.7837659	
-5.44817312209	-1578.78628579	
-5.44960681409	-1578.78880191	
-5.45103845357	-1578.79131429	
-5.45246804638	-1578.79382291	
-5.45389559837	-1578.7963278	
-5.45532111536	-1578.79882895	
-5.45674460314	-1578.80132639	
-5.45816606749	-1578.8038201	
-5.45958551414	-1578.80631011	
-5.46100294883	-1578.80879642	
-5.46241837723	-1578.81127903	
-5.46383180503	-1578.81375795	
-5.46524323786	-1578.8162332	
-5.46665268137	-1578.81870477	
-5.46806014114	-1578.82117268	
-5.46946562274	-1578.82363693	
-5.47086913175	-1578.82609754	
-5.47227067367	-1578.8285545	
-5.47367025403	-1578.83100782	
-5.47506787829	-1578.83345751	
-5.47646355193	-1578.83590359	
-5.47785728038	-1578.83834604	
-5.47924906905	-1578.8407849	
-5.48063892334	-1578.84322015	
-5.48202684862	-1578.84565181	
-5.48341285022	-1578.84807988	
-5.48479693349	-1578.85050437	
-5.48617910372	-1578.85292529	
-5.48755936619	-1578.85534265	
-5.48893772616	-1578.85775645	
-5.49031418887	-1578.8601667	
-5.49168875953	-1578.86257341	
-5.49306144334	-1578.86497658	
-5.49443224547	-1578.86737622	
-5.49580117108	-1578.86977233	
-5.49716822529	-1578.87216494	
-5.49853341322	-1578.87455403	
-5.49989673995	-1578.87693962	
-5.50125821054	-1578.87932171	
-5.50261783006	-1578.88170032	
-5.50397560352	-1578.88407545	
-5.50533153593	-1578.8864471	
-5.50668563228	-1578.88881528	
-5.50803789753	-1578.89118	
-5.50938833663	-1578.89354127	
-5.5107369545	-1578.89589909	
-5.51208375605	-1578.89825347	
-5.51342874616	-1578.90060442	
-5.51477192971	-1578.90295193	
-5.51611331154	-1578.90529603	
-5.51745289646	-1578.90763672	
-5.51879068931	-1578.90997399	
-5.52012669485	-1578.91230787	
-5.52146091786	-1578.91463835	
-5.5227933631	-1578.91696545	
-5.52412403528	-1578.91928916	
-5.52545293913	-1578.9216095	
-5.52678007934	-1578.92392647	
-5.52810546058	-1578.92624008	
-5.52942908751	-1578.92855034	
-5.53075096477	-1578.93085725	
-5.53207109697	-1578.93316082	
-5.53338948873	-1578.93546105	
-5.53470614461	-1578.93775795	
-5.53602106919	-1578.94005153	
-5.53733426702	-1578.9423418	
-5.53864574262	-1578.94462876	
-5.5399555005	-1578.94691241	
-5.54126354516	-1578.94919277	
-5.54256988107	-1578.95146983	
-5.5438745127	-1578.95374362	
-5.54517744448	-1578.95601412	
-5.54647868084	-1578.95828136	
-5.54777822618	-1578.96054533	
-5.5490760849	-1578.96280604	
-5.55037226136	-1578.9650635	
-5.55166675992	-1578.96731772	
-5.55295958492	-1578.96956869	
-5.55425074069	-1578.97181644	
-5.55554023152	-1578.97406095	
-5.5568280617	-1578.97630225	
-5.55811423551	-1578.97854033	
-5.5593987572	-1578.9807752	
-5.56068163102	-1578.98300687	
-5.56196286117	-1578.98523534	
-5.56324245188	-1578.98746062	
-5.56452040732	-1578.98968272	
-5.56579673168	-1578.99190164	
-5.56707142911	-1578.99411739	
-5.56834450376	-1578.99632998	
-5.56961595975	-1578.9985394	
-5.57088580119	-1579.00074568	
-5.57215403218	-1579.0029488	
-5.57342065679	-1579.00514878	
-5.5746856791	-1579.00734563	
-5.57594910315	-1579.00953935	
-5.57721093297	-1579.01172995	
-5.57847117258	-1579.01391742	
-5.57972982599	-1579.01610179	
-5.58098689718	-1579.01828305	
-5.58224239012	-1579.02046121	
-5.58349630878	-1579.02263628	
-5.5847486571	-1579.02480826	
-5.585999439	-1579.02697716	
-5.5872486584	-1579.02914299	
-5.5884963192	-1579.03130574	
-5.58974242528	-1579.03346543	
-5.59098698051	-1579.03562206	
-5.59222998875	-1579.03777564	
-5.59347145384	-1579.03992617	
-5.5947113796	-1579.04207366	
-5.59594976985	-1579.04421811	
-5.59718662839	-1579.04635954	
-5.598421959	-1579.04849794	
-5.59965576545	-1579.05063333	
-5.60088805149	-1579.0527657	
-5.60211882088	-1579.05489507	
-5.60334807733	-1579.05702143	
-5.60457582457	-1579.0591448	
-5.6058020663	-1579.06126518	
-5.60702680619	-1579.06338258	
-5.60825004793	-1579.065497	
-5.60947179518	-1579.06760845	
-5.61069205159	-1579.06971693	
-5.61191082078	-1579.07182245	
-5.61312810639	-1579.07392501	
-5.61434391201	-1579.07602462	
-5.61555824124	-1579.07812129	
-5.61677109767	-1579.08021502	
-5.61798248485	-1579.08230582	
-5.61919240636	-1579.08439369	
-5.62040086572	-1579.08647863	
-5.62160786647	-1579.08856066	
-5.62281341212	-1579.09063978	
-5.62401750619	-1579.09271599	
-5.62522015215	-1579.09478931	
-5.6264213535	-1579.09685972	
-5.62762111369	-1579.09892725	
-5.62881943618	-1579.1009919	
-5.63001632442	-1579.10305366	
-5.63121178182	-1579.10511255	
-5.63240581181	-1579.10716858	
-5.6335984178	-1579.10922174	
-5.63478960317	-1579.11127205	
-5.6359793713	-1579.1133195	
-5.63716772557	-1579.11536411	
-5.63835466933	-1579.11740587	
-5.63954020593	-1579.1194448	
-5.64072433869	-1579.1214809	
-5.64190707094	-1579.12351418	
-5.64308840598	-1579.12554463	
-5.64426834712	-1579.12757227	
-5.64544689764	-1579.1295971	
-5.64662406082	-1579.13161913	
-5.64779983991	-1579.13363836	
-5.64897423816	-1579.13565479	
-5.65014725882	-1579.13766844	
-5.65131890512	-1579.1396793	
-5.65248918027	-1579.14168739	
-5.65365808747	-1579.1436927	
-5.65482562993	-1579.14569524	
-5.65599181082	-1579.14769503	
-5.65715663332	-1579.14969205	
-5.65832010058	-1579.15168632	
-5.65948221576	-1579.15367785	
-5.660642982	-1579.15566663	
-5.66180240242	-1579.15765268	
-5.66296048014	-1579.15963599	
-5.66411721826	-1579.16161658	
-5.66527261989	-1579.16359444	
-5.66642668811	-1579.16556959	
-5.66757942599	-1579.16754203	
-5.6687308366	-1579.16951176	
-5.66988092298	-1579.17147879	
-5.67102968818	-1579.17344312	
-5.67217713524	-1579.17540476	
-5.67332326717	-1579.17736372	
-5.67446808699	-1579.17931999	
-5.67561159769	-1579.18127359	
-5.67675380227	-1579.18322451	
-5.6778947037	-1579.18517277	
-5.67903430497	-1579.18711836	
-5.68017260902	-1579.1890613	
-5.6813096188	-1579.19100159	
-5.68244533727	-1579.19293923	
-5.68357976734	-1579.19487422	
-5.68471291194	-1579.19680658	
-5.68584477397	-1579.19873631	
-5.68697535634	-1579.20066341	
-5.68810466194	-1579.20258788	
-5.68923269364	-1579.20450974	
-5.69035945432	-1579.20642898	
-5.69148494685	-1579.20834562	
-5.69260917406	-1579.21025965	
-5.6937321388	-1579.21217108	
-5.69485384391	-1579.21407992	
-5.69597429221	-1579.21598617	
-5.69709348651	-1579.21788983	
-5.69821142961	-1579.21979092	
-5.69932812431	-1579.22168943	
-5.70044357339	-1579.22358537	
-5.70155777963	-1579.22547874	
-5.7026707458	-1579.22736955	
-5.70378247466	-1579.22925781	
-5.70489296894	-1579.23114351	
-5.70600223139	-1579.23302666	
-5.70711026475	-1579.23490728	
-5.70821707172	-1579.23678535	
-5.70932265503	-1579.2386609	
-5.71042701737	-1579.24053391	
-5.71153016145	-1579.2424044	
-5.71263208993	-1579.24427237	
-5.71373280551	-1579.24613783	
-5.71483231084	-1579.24800077	
-5.71593060859	-1579.24986122	
-5.71702770141	-1579.25171915	
-5.71812359193	-1579.2535746	
-5.71921828279	-1579.25542755	
-5.72031177661	-1579.25727801	
-5.72140407601	-1579.25912599	
-5.72249518359	-1579.26097149	
-5.72358510195	-1579.26281452	
-5.72467383369	-1579.26465508	
-5.72576138137	-1579.26649317	
-5.72684774759	-1579.26832881	
-5.72793293489	-1579.27016198	
-5.72901694583	-1579.27199271	
-5.73009978297	-1579.27382099	
-5.73118144884	-1579.27564682	
-5.73226194598	-1579.27747022	
-5.7333412769	-1579.27929118	
-5.73441944412	-1579.28110972	
-5.73549645015	-1579.28292583	
-5.73657229748	-1579.28473952	
-5.73764698861	-1579.28655079	
-5.73872052602	-1579.28835965	
-5.73979291218	-1579.2901661	
-5.74086414956	-1579.29197015	
-5.74193424062	-1579.2937718	
-5.74300318781	-1579.29557105	
-5.74407099357	-1579.29736792	
-5.74513766034	-1579.2991624	
-5.74620319054	-1579.3009545	
-5.7472675866	-1579.30274421	
-5.74833085092	-1579.30453156	
-5.74939298591	-1579.30631654	
-5.75045399397	-1579.30809915	
-5.75151387748	-1579.3098794	
-5.75257263883	-1579.3116573	
-5.75363028038	-1579.31343285	
-5.75468680452	-1579.31520604	
-5.75574221359	-1579.3169769	
-5.75679650994	-1579.31874541	
-5.75784969593	-1579.32051159	
-5.75890177388	-1579.32227544	
-5.75995274612	-1579.32403696	
-5.76100261499	-1579.32579616	
-5.76205138278	-1579.32755304	
-5.76309905181	-1579.3293076	
-5.76414562438	-1579.33105986	
-5.76519110278	-1579.33280981	
-5.7662354893	-1579.33455746	
-5.76727878622	-1579.33630281	
-5.76832099579	-1579.33804586	
-5.7693621203	-1579.33978663	
-5.770402162	-1579.34152511	
-5.77144112313	-1579.34326131	
-5.77247900594	-1579.34499523	
-5.77351581267	-1579.34672688	
-5.77455154554	-1579.34845626	
-5.77558620679	-1579.35018338	
-5.77661979861	-1579.35190823	
-5.77765232322	-1579.35363082	
-5.77868378283	-1579.35535117	
-5.77971417962	-1579.35706926	
-5.78074351579	-1579.35878511	
-5.78177179352	-1579.36049872	
-5.78279901497	-1579.36221009	
-5.78382518233	-1579.36391922	
-5.78485029774	-1579.36562613	
-5.78587436337	-1579.36733081	
-5.78689738137	-1579.36903327	
-5.78791935386	-1579.37073352	
-5.788940283	-1579.37243155	
-5.7899601709	-1579.37412737	
-5.79097901969	-1579.37582098	
-5.79199683148	-1579.37751239	
-5.79301360838	-1579.37920161	
-5.7940293525	-1579.38088863	
-5.79504406593	-1579.38257346	
-5.79605775077	-1579.3842561	
-5.79707040908	-1579.38593656	
-5.79808204295	-1579.38761485	
-5.79909265446	-1579.38929096	
-5.80010224566	-1579.39096489	
-5.80111081862	-1579.39263666	
-5.80211837538	-1579.39430627	
-5.80312491799	-1579.39597372	
-5.80413044849	-1579.39763901	
-5.80513496892	-1579.39930215	
-5.80613848129	-1579.40096314	
-5.80714098764	-1579.40262199	
-5.80814248998	-1579.4042787	
-5.80914299031	-1579.40593327	
