# log_p 	 lnL 	 
0.0	-1633.99702546	
-0.287682072452	-1634.1104952	
-0.510825623766	-1634.19064665	
-0.69314718056	-1634.24892923	
-0.847297860387	-1634.29184976	
-0.980829253012	-1634.32389866	
-1.09861228867	-1634.34816921	
-1.20397280433	-1634.36676335	
-1.29928298413	-1634.38111128	
-1.38629436112	-1634.39220032	
-1.46633706879	-1634.40072796	
-1.54044504095	-1634.40720093	
-1.60943791243	-1634.41199866	
-1.67397643357	-1634.41541374	
-1.73460105539	-1634.41767803	
-1.79175946923	-1634.41897964	
-1.8458266905	-1634.41947418	
-1.89711998489	-1634.41929234	
-1.94591014906	-1634.41854513	
-1.99243016469	-1634.41732764	
-2.03688192726	-1634.41572174	
-2.07944154168	-1634.41379815	
-2.1202635362	-1634.41161809	
-2.15948424935	-1634.40923456	
-2.19722457734	-1634.40669339	
-2.23359222151	-1634.4040342	
-2.26868354132	-1634.4012911	
-2.30258509299	-1634.39849344	
-2.33537491582	-1634.39566631	
-2.36712361413	-1634.39283113	
-2.3978952728	-1634.39000607	
-2.42774823595	-1634.38720643	
-2.45673577282	-1634.38444504	
-2.48490664979	-1634.38173256	
-2.51230562398	-1634.37907773	
-2.53897387106	-1634.37648765	
-2.56494935746	-1634.373968	
-2.59026716545	-1634.3715232	
-2.61495977804	-1634.3691566	
-2.63905732962	-1634.36687064	
-2.66258782703	-1634.36466695	
-2.68557734525	-1634.3625465	
-2.7080502011	-1634.36050967	
-2.73002910782	-1634.35855634	
-2.75153531304	-1634.35668602	
-2.77258872224	-1634.35489783	
-2.79320800944	-1634.35319062	
-2.81341071676	-1634.35156301	
-2.83321334406	-1634.35001343	
-2.85263142991	-1634.34854013	
-2.87167962488	-1634.34714127	
-2.8903717579	-1634.34581489	
-2.90872089656	-1634.34455899	
-2.92673940207	-1634.3433715	
-2.94443897917	-1634.34225032	
-2.96183072188	-1634.34119336	
-2.97892515524	-1634.34019849	
-2.99573227355	-1634.33926362	
-3.01226157551	-1634.33838667	
-3.02852209638	-1634.33756558	
-3.04452243772	-1634.33679832	
-3.06027079469	-1634.3360829	
-3.07577498123	-1634.33541739	
-3.09104245336	-1634.33479987	
-3.10608033072	-1634.3342285	
-3.12089541651	-1634.33370146	
-3.13549421593	-1634.333217	
-3.14988295338	-1634.33277341	
-3.16406758837	-1634.33236905	
-3.17805383035	-1634.33200231	
-3.19184715248	-1634.33167163	
-3.20545280454	-1634.33137553	
-3.21887582487	-1634.33111256	
-3.23212105162	-1634.33088132	
-3.24519313319	-1634.33068046	
-3.25809653802	-1634.33050868	
-3.2708355638	-1634.33036473	
-3.28341434601	-1634.33024742	
-3.295836866	-1634.33015557	
-3.3081069586	-1634.33008807	
-3.32022831913	-1634.33004384	
-3.33220451018	-1634.33002187	
-3.34403896782	-1634.33002114	
-3.35573500759	-1634.33004072	
-3.36729582999	-1634.33007968	
-3.37872452581	-1634.33013714	
-3.39002408106	-1634.33021226	
-3.40119738166	-1634.33030423	
-3.41224721785	-1634.33041228	
-3.42317628838	-1634.33053565	
-3.43398720449	-1634.33067363	
-3.4446824936	-1634.33082553	
-3.45526460293	-1634.33099069	
-3.4657359028	-1634.33116849	
-3.47609868984	-1634.33135832	
-3.48635519	-1634.33155959	
-3.49650756147	-1634.33177176	
-3.50655789732	-1634.33199428	
-3.51650822817	-1634.33222665	
-3.52636052462	-1634.33246838	
-3.53611669956	-1634.33271899	
-3.54577861047	-1634.33297805	
-3.55534806149	-1634.33324511	
-3.56482680544	-1634.33351977	
-3.57421654579	-1634.33380163	
-3.58351893846	-1634.33409032	
-3.59273559356	-1634.33438547	
-3.60186807712	-1634.33468673	
-3.61091791264	-1634.33499378	
-3.61988658263	-1634.33530629	
-3.62877553004	-1634.33562396	
-3.63758615973	-1634.33594651	
-3.6463198397	-1634.33627364	
-3.65497790244	-1634.3366051	
-3.66356164613	-1634.33694063	
-3.6720723358	-1634.33727998	
-3.68051120444	-1634.33762293	
-3.68887945411	-1634.33796924	
-3.69717825693	-1634.33831871	
-3.70540875607	-1634.33867112	
-3.7135720667	-1634.33902629	
-3.72166927694	-1634.33938402	
-3.72970144863	-1634.33974414	
-3.73766961828	-1634.34010647	
-3.74557479779	-1634.34047085	
-3.75341797525	-1634.34083713	
-3.76120011569	-1634.34120515	
-3.76892216179	-1634.34157477	
-3.77658503453	-1634.34194585	
-3.78418963392	-1634.34231827	
-3.79173683955	-1634.34269189	
-3.79922751128	-1634.34306659	
-3.80666248977	-1634.34344227	
-3.81404259707	-1634.34381882	
-3.82136863716	-1634.34419612	
-3.82864139649	-1634.34457408	
-3.83586164446	-1634.3449526	
-3.84303013394	-1634.3453316	
-3.85014760171	-1634.34571098	
-3.85721476893	-1634.34609066	
-3.86423234159	-1634.34647057	
-3.87120101091	-1634.34685062	
-3.87812145375	-1634.34723074	
-3.88499433304	-1634.34761088	
-3.89182029811	-1634.34799095	
-3.8985999851	-1634.34837089	
-3.90533401728	-1634.34875066	
-3.91202300543	-1634.34913018	
-3.91866754815	-1634.34950941	
-3.92526823218	-1634.34988829	
-3.93182563272	-1634.35026678	
-3.93834031375	-1634.35064482	
-3.94481282825	-1634.35102237	
-3.95124371858	-1634.35139939	
-3.95763351668	-1634.35177584	
-3.96398274436	-1634.35215168	
-3.97029191355	-1634.35252687	
-3.97656152657	-1634.35290138	
-3.98279207632	-1634.35327517	
-3.98898404656	-1634.35364821	
-3.99513791214	-1634.35402047	
-4.00125413916	-1634.35439193	
-4.00733318523	-1634.35476255	
-4.01337549969	-1634.35513231	
-4.01938152375	-1634.35550119	
-4.02535169074	-1634.35586916	
-4.03128642625	-1634.3562362	
-4.03718614838	-1634.3566023	
-4.04305126783	-1634.35696742	
-4.04888218815	-1634.35733155	
-4.05467930583	-1634.35769467	
-4.06044301055	-1634.35805678	
-4.06617368526	-1634.35841784	
-4.07187170637	-1634.35877785	
-4.07753744391	-1634.3591368	
-4.08317126162	-1634.35949466	
-4.08877351717	-1634.35985143	
-4.09434456222	-1634.3602071	
-4.0998847426	-1634.36056165	
-4.10539439841	-1634.36091508	
-4.11087386417	-1634.36126737	
-4.11632346894	-1634.36161852	
-4.12174353641	-1634.36196852	
-4.12713438505	-1634.36231736	
-4.13249632819	-1634.36266504	
-4.13782967416	-1634.36301154	
-4.14313472639	-1634.36335686	
-4.14841178349	-1634.363701	
-4.15366113938	-1634.36404395	
-4.15888308336	-1634.36438571	
-4.16407790024	-1634.36472627	
-4.1692458704	-1634.36506563	
-4.1743872699	-1634.36540378	
-4.17950237056	-1634.36574072	
-4.18459144007	-1634.36607646	
-4.18965474203	-1634.36641098	
-4.19469253606	-1634.36674429	
-4.19970507788	-1634.36707638	
-4.20469261939	-1634.36740725	
-4.20965540873	-1634.36773691	
-4.21459369037	-1634.36806534	
-4.21950770518	-1634.36839256	
-4.22439769047	-1634.36871855	
-4.22926388012	-1634.36904333	
-4.2341065046	-1634.36936688	
-4.23892579103	-1634.36968922	
-4.2437219633	-1634.37001034	
-4.24849524205	-1634.37033023	
-4.25324584481	-1634.37064891	
-4.257973986	-1634.37096638	
-4.26267987704	-1634.37128263	
-4.26736372635	-1634.37159767	
-4.27202573946	-1634.37191149	
-4.27666611902	-1634.37222411	
-4.28128506487	-1634.37253552	
-4.28588277412	-1634.37284572	
-4.29045944115	-1634.37315473	
-4.29501525768	-1634.37346253	
-4.29955041285	-1634.37376913	
-4.3040650932	-1634.37407453	
-4.30855948279	-1634.37437875	
-4.31303376319	-1634.37468177	
-4.31748811354	-1634.37498361	
-4.3219227106	-1634.37528426	
-4.32633772881	-1634.37558373	
-4.33073334029	-1634.37588202	
-4.33510971489	-1634.37617914	
-4.33946702026	-1634.37647509	
-4.34380542185	-1634.37676987	
-4.348125083	-1634.37706348	
-4.3524261649	-1634.37735594	
-4.35670882669	-1634.37764723	
-4.36097322548	-1634.37793738	
-4.36521951636	-1634.37822637	
-4.36944785247	-1634.37851422	
-4.373658385	-1634.37880092	
-4.37785126326	-1634.37908649	
-4.38202663467	-1634.37937092	
-4.38618464482	-1634.37965422	
-4.39032543749	-1634.37993639	
-4.39444915467	-1634.38021744	
-4.39855593663	-1634.38049737	
-4.40264592188	-1634.38077619	
-4.40671924726	-1634.3810539	
-4.41077604796	-1634.3813305	
-4.4148164575	-1634.38160599	
-4.4188406078	-1634.38188039	
-4.42284862919	-1634.3821537	
-4.42684065046	-1634.38242591	
-4.43081679884	-1634.38269704	
-4.43477720006	-1634.38296709	
-4.43872197835	-1634.38323606	
-4.44265125649	-1634.38350396	
-4.44656515581	-1634.38377079	
-4.45046379623	-1634.38403655	
-4.45434729625	-1634.38430125	
-4.45821577303	-1634.3845649	
-4.46206934235	-1634.3848275	
-4.46590811865	-1634.38508905	
-4.46973221509	-1634.38534955	
-4.47354174351	-1634.38560902	
-4.47733681448	-1634.38586746	
-4.48111753732	-1634.38612486	
-4.48488402011	-1634.38638124	
-4.48863636973	-1634.38663659	
-4.49237469184	-1634.38689093	
-4.49609909093	-1634.38714426	
-4.49980967033	-1634.38739657	
-4.50350653221	-1634.38764789	
-4.50718977763	-1634.3878982	
-4.51085950652	-1634.38814752	
-4.51451581772	-1634.38839584	
-4.518158809	-1634.38864318	
-4.52178857705	-1634.38888954	
-4.52540521752	-1634.38913492	
-4.52900882502	-1634.38937932	
-4.53259949315	-1634.38962276	
-4.5361773145	-1634.38986522	
-4.53974238067	-1634.39010673	
-4.54329478227	-1634.39034728	
-4.54683460898	-1634.39058688	
-4.55036194949	-1634.39082552	
-4.5538768916	-1634.39106323	
-4.55737952215	-1634.39129999	
-4.56086992709	-1634.39153581	
-4.56434819147	-1634.39177071	
-4.56781439944	-1634.39200467	
-4.57126863431	-1634.39223771	
-4.5747109785	-1634.39246984	
-4.5781415136	-1634.39270104	
-4.58156032035	-1634.39293134	
-4.58496747867	-1634.39316073	
-4.58836306767	-1634.39338921	
-4.59174716566	-1634.3936168	
-4.59511985013	-1634.39384349	
-4.59848119784	-1634.39406929	
-4.60183128472	-1634.3942942	
-4.60517018599	-1634.39451823	
-4.60849797608	-1634.39474138	
-4.61181472871	-1634.39496365	
-4.61512051684	-1634.39518505	
-4.61841541274	-1634.39540559	
-4.62169948794	-1634.39562526	
-4.62497281328	-1634.39584408	
-4.62823545892	-1634.39606203	
-4.63148749431	-1634.39627914	
-4.63472898823	-1634.3964954	
-4.63796000881	-1634.39671081	
-4.64118062351	-1634.39692539	
-4.64439089914	-1634.39713913	
-4.64759090187	-1634.39735203	
-4.65078069724	-1634.39756411	
-4.65396035016	-1634.39777536	
-4.65712992492	-1634.39798579	
-4.66028948521	-1634.39819541	
-4.66343909411	-1634.39840421	
-4.66657881412	-1634.3986122	
-4.66970870713	-1634.39881939	
-4.67282883446	-1634.39902577	
-4.67593925688	-1634.39923135	
-4.67904003455	-1634.39943614	
-4.68213122712	-1634.39964014	
-4.68521289366	-1634.39984335	
-4.6882850927	-1634.40004578	
-4.69134788223	-1634.40024742	
-4.69440131972	-1634.40044829	
-4.6974454621	-1634.40064838	
-4.70048036579	-1634.40084771	
-4.70350608671	-1634.40104627	
-4.70652268025	-1634.40124406	
-4.70953020131	-1634.4014411	
-4.71252870431	-1634.40163738	
-4.71551824316	-1634.4018329	
-4.7184988713	-1634.40202768	
-4.72147064168	-1634.40222172	
-4.72443360681	-1634.40241501	
-4.72738781871	-1634.40260756	
-4.73033332894	-1634.40279938	
-4.73327018862	-1634.40299046	
-4.73619844839	-1634.40318082	
-4.7391181585	-1634.40337045	
-4.74202936871	-1634.40355936	
-4.74493212836	-1634.40374755	
-4.74782648639	-1634.40393502	
-4.75071249128	-1634.40412178	
-4.75359019111	-1634.40430784	
-4.75645963353	-1634.40449319	
-4.75932086582	-1634.40467783	
-4.7621739348	-1634.40486178	
-4.76501888693	-1634.40504503	
-4.76785576827	-1634.40522759	
-4.77068462447	-1634.40540946	
-4.77350550081	-1634.40559064	
-4.77631844218	-1634.40577114	
-4.77912349311	-1634.40595096	
-4.78192069773	-1634.4061301	
-4.78471009982	-1634.40630857	
-4.78749174278	-1634.40648636	
-4.79026566966	-1634.40666349	
-4.79303192316	-1634.40683996	
-4.7957905456	-1634.40701576	
-4.79854157897	-1634.40719091	
-4.80128506491	-1634.40736539	
-4.80402104473	-1634.40753923	
-4.80674955939	-1634.40771242	
-4.8094706495	-1634.40788495	
-4.81218435537	-1634.40805685	
-4.81489071697	-1634.4082281	
-4.81758977394	-1634.40839872	
-4.82028156561	-1634.4085687	
-4.82296613098	-1634.40873805	
-4.82564350875	-1634.40890677	
-4.8283137373	-1634.40907486	
-4.83097685472	-1634.40924233	
-4.83363289878	-1634.40940918	
-4.83628190695	-1634.40957541	
-4.83892391641	-1634.40974103	
-4.84155896405	-1634.40990603	
-4.84418708646	-1634.41007043	
-4.84680831994	-1634.41023421	
-4.84942270051	-1634.4103974	
-4.85203026392	-1634.41055998	
-4.85463104562	-1634.41072196	
-4.8572250808	-1634.41088335	
-4.85981240436	-1634.41104414	
-4.86239305096	-1634.41120435	
-4.86496705495	-1634.41136396	
-4.86753445046	-1634.41152299	
-4.87009527132	-1634.41168144	
-4.87264955112	-1634.41183931	
-4.8751973232	-1634.4119966	
-4.87773862063	-1634.41215332	
-4.88027347623	-1634.41230946	
-4.88280192259	-1634.41246503	
-4.88532399202	-1634.41262004	
-4.88783971662	-1634.41277449	
-4.89034912822	-1634.41292837	
-4.89285225844	-1634.41308169	
-4.89534913864	-1634.41323445	
-4.89783979995	-1634.41338666	
-4.90032427328	-1634.41353832	
-4.90280258929	-1634.41368943	
-4.90527477844	-1634.41384	
-4.90774087093	-1634.41399001	
-4.91020089677	-1634.41413949	
-4.91265488574	-1634.41428843	
-4.91510286737	-1634.41443683	
-4.91754487103	-1634.41458469	
-4.91998092583	-1634.41473202	
-4.92241106068	-1634.41487882	
-4.92483530429	-1634.4150251	
-4.92725368516	-1634.41517085	
-4.92966623156	-1634.41531608	
-4.93207297159	-1634.41546078	
-4.93447393313	-1634.41560497	
-4.93686914386	-1634.41574864	
-4.93925863125	-1634.4158918	
-4.94164242261	-1634.41603445	
-4.94402054501	-1634.41617658	
-4.94639302537	-1634.41631821	
-4.94875989038	-1634.41645934	
-4.95112116656	-1634.41659996	
-4.95347688026	-1634.41674009	
-4.9558270576	-1634.41687971	
-4.95817172456	-1634.41701884	
-4.96051090691	-1634.41715748	
-4.96284463026	-1634.41729563	
-4.96517292002	-1634.41743328	
-4.96749580144	-1634.41757045	
-4.96981329958	-1634.41770714	
-4.97212543933	-1634.41784334	
-4.97443224543	-1634.41797906	
-4.97673374242	-1634.4181143	
-4.97902995468	-1634.41824907	
-4.98132090643	-1634.41838336	
-4.98360662171	-1634.41851718	
-4.98588712441	-1634.41865053	
-4.98816243824	-1634.41878341	
-4.99043258678	-1634.41891583	
-4.99269759341	-1634.41904778	
-4.99495748138	-1634.41917927	
-4.99721227376	-1634.4193103	
-4.9994619935	-1634.41944088	
-5.00170666335	-1634.41957099	
-5.00394630595	-1634.41970066	
-5.00618094375	-1634.41982987	
-5.00841059907	-1634.41995863	
-5.0106352941	-1634.42008694	
-5.01285505083	-1634.42021481	
-5.01506989116	-1634.42034224	
-5.01727983681	-1634.42046922	
-5.01948490937	-1634.42059576	
-5.02168513028	-1634.42072186	
-5.02388052085	-1634.42084753	
-5.02607110223	-1634.42097277	
-5.02825689545	-1634.42109757	
-5.03043792139	-1634.42122194	
-5.03261420082	-1634.42134588	
-5.03478575433	-1634.42146939	
-5.03695260241	-1634.42159248	
-5.03911476542	-1634.42171515	
-5.04127226356	-1634.42183739	
-5.04342511692	-1634.42195922	
-5.04557334546	-1634.42208063	
-5.047716969	-1634.42220162	
-5.04985600725	-1634.4223222	
-5.05199047978	-1634.42244236	
-5.05412040604	-1634.42256212	
-5.05624580535	-1634.42268147	
-5.05836669692	-1634.42280041	
-5.06048309982	-1634.42291894	
-5.06259503303	-1634.42303707	
-5.06470251537	-1634.4231548	
-5.06680556556	-1634.42327213	
-5.06890420222	-1634.42338906	
-5.07099844382	-1634.4235056	
-5.07308830874	-1634.42362173	
-5.07517381523	-1634.42373748	
-5.07725498144	-1634.42385284	
-5.07933182538	-1634.4239678	
-5.08140436498	-1634.42408238	
-5.08347261805	-1634.42419657	
-5.08553660227	-1634.42431037	
-5.08759633523	-1634.4244238	
-5.08965183441	-1634.42453684	
-5.09170311719	-1634.4246495	
-5.09375020081	-1634.42476178	
-5.09579310244	-1634.42487369	
-5.09783183913	-1634.42498522	
-5.09986642782	-1634.42509638	
-5.10189688537	-1634.42520716	
-5.10392322852	-1634.42531758	
-5.1059454739	-1634.42542762	
-5.10796363806	-1634.4255373	
-5.10997773743	-1634.42564662	
-5.11198778836	-1634.42575557	
-5.11399380708	-1634.42586415	
-5.11599580975	-1634.42597238	
-5.11799381242	-1634.42608025	
-5.11998783102	-1634.42618775	
-5.12197788143	-1634.42629491	
-5.1239639794	-1634.4264017	
-5.12594614061	-1634.42650815	
-5.12792438062	-1634.42661424	
-5.12989871492	-1634.42671998	
-5.13186915891	-1634.42682537	
-5.13383572788	-1634.42693042	
-5.13579843705	-1634.42703512	
-5.13775730154	-1634.42713947	
-5.13971233637	-1634.42724348	
-5.1416635565	-1634.42734715	
-5.14361097679	-1634.42745048	
-5.145554612	-1634.42755347	
-5.14749447681	-1634.42765612	
-5.14943058584	-1634.42775844	
-5.15136295359	-1634.42786042	
-5.1532915945	-1634.42796207	
-5.15521652291	-1634.42806339	
-5.15713775309	-1634.42816438	
-5.15905529921	-1634.42826503	
-5.1609691754	-1634.42836536	
-5.16287939565	-1634.42846537	
-5.16478597392	-1634.42856505	
-5.16668892407	-1634.4286644	
-5.16858825987	-1634.42876343	
-5.17048399504	-1634.42886214	
-5.17237614319	-1634.42896054	
-5.17426471788	-1634.42905861	
-5.17614973257	-1634.42915637	
-5.17803120067	-1634.42925381	
-5.1799091355	-1634.42935093	
-5.18178355029	-1634.42944775	
-5.18365445823	-1634.42954425	
-5.1855218724	-1634.42964044	
-5.18738580584	-1634.42973632	
-5.18924627149	-1634.4298319	
-5.19110328224	-1634.42992717	
-5.19295685089	-1634.43002213	
-5.19480699018	-1634.43011679	
-5.19665371277	-1634.43021114	
-5.19849703127	-1634.43030519	
-5.20033695819	-1634.43039895	
-5.202173506	-1634.4304924	
-5.20400668708	-1634.43058556	
-5.20583651375	-1634.43067842	
-5.20766299828	-1634.43077098	
-5.20948615284	-1634.43086325	
-5.21130598956	-1634.43095523	
-5.21312252048	-1634.43104691	
-5.21493575761	-1634.4311383	
-5.21674571285	-1634.43122941	
-5.21855239808	-1634.43132022	
-5.22035582508	-1634.43141075	
-5.22215600558	-1634.431501	
-5.22395295126	-1634.43159095	
-5.22574667371	-1634.43168063	
-5.22753718449	-1634.43177002	
-5.22932449506	-1634.43185913	
-5.23110861685	-1634.43194796	
-5.23288956123	-1634.43203651	
-5.23466733947	-1634.43212478	
-5.23644196283	-1634.43221278	
-5.23821344248	-1634.4323005	
-5.23998178954	-1634.43238794	
-5.24174701506	-1634.43247511	
-5.24350913005	-1634.43256201	
-5.24526814546	-1634.43264864	
-5.24702407216	-1634.432735	
-5.24877692099	-1634.43282109	
-5.25052670271	-1634.43290691	
-5.25227342805	-1634.43299246	
-5.25401710765	-1634.43307775	
-5.25575775213	-1634.43316277	
-5.25749537203	-1634.43324753	
-5.25922997784	-1634.43333203	
-5.26096158	-1634.43341626	
-5.2626901889	-1634.43350024	
-5.26441581487	-1634.43358395	
-5.26613846818	-1634.43366741	
-5.26785815906	-1634.43375061	
-5.26957489768	-1634.43383355	
-5.27128869416	-1634.43391623	
-5.27299955856	-1634.43399867	
-5.27470750091	-1634.43408084	
-5.27641253116	-1634.43416277	
-5.27811465923	-1634.43424444	
-5.27981389498	-1634.43432587	
-5.28151024823	-1634.43440704	
-5.28320372874	-1634.43448797	
-5.28489434622	-1634.43456865	
-5.28658211033	-1634.43464908	
-5.28826703069	-1634.43472927	
-5.28994911688	-1634.43480921	
-5.2916283784	-1634.43488891	
-5.29330482472	-1634.43496836	
-5.29497846528	-1634.43504758	
-5.29664930945	-1634.43512655	
-5.29831736655	-1634.43520528	
-5.29998264587	-1634.43528378	
-5.30164515664	-1634.43536204	
-5.30330490806	-1634.43544006	
-5.30496190927	-1634.43551784	
-5.30661616936	-1634.43559539	
-5.3082676974	-1634.4356727	
-5.30991650239	-1634.43574978	
-5.3115625933	-1634.43582663	
-5.31320597904	-1634.43590325	
-5.3148466685	-1634.43597964	
-5.3164846705	-1634.4360558	
-5.31811999384	-1634.43613172	
-5.31975264727	-1634.43620742	
-5.32138263948	-1634.4362829	
-5.32300997914	-1634.43635815	
-5.32463467487	-1634.43643317	
-5.32625673524	-1634.43650797	
-5.32787616879	-1634.43658254	
-5.32949298402	-1634.43665689	
-5.33110718937	-1634.43673102	
-5.33271879327	-1634.43680493	
-5.33432780407	-1634.43687862	
-5.33593423012	-1634.43695209	
-5.3375380797	-1634.43702535	
-5.33913936107	-1634.43709838	
-5.34073808243	-1634.4371712	
-5.34233425196	-1634.4372438	
-5.3439278778	-1634.43731619	
-5.34551896803	-1634.43738836	
-5.34710753072	-1634.43746032	
-5.34869357387	-1634.43753207	
-5.35027710548	-1634.4376036	
-5.35185813348	-1634.43767493	
-5.35343666577	-1634.43774604	
-5.35501271022	-1634.43781695	
-5.35658627467	-1634.43788764	
-5.3581573669	-1634.43795813	
-5.35972599468	-1634.43802842	
-5.36129216571	-1634.43809849	
-5.36285588769	-1634.43816836	
-5.36441716825	-1634.43823803	
-5.36597601502	-1634.43830749	
-5.36753243557	-1634.43837675	
-5.36908643744	-1634.43844581	
-5.37063802813	-1634.43851467	
-5.37218721511	-1634.43858332	
-5.37373400583	-1634.43865178	
-5.37527840768	-1634.43872004	
-5.37682042804	-1634.43878809	
-5.37836007422	-1634.43885595	
-5.37989735354	-1634.43892362	
-5.38143227326	-1634.43899109	
-5.38296484061	-1634.43905836	
-5.38449506279	-1634.43912544	
-5.38602294697	-1634.43919232	
-5.38754850028	-1634.43925901	
-5.38907172982	-1634.43932551	
-5.39059264266	-1634.43939182	
-5.39211124583	-1634.43945793	
-5.39362754635	-1634.43952386	
-5.39514155118	-1634.43958959	
-5.39665326727	-1634.43965514	
-5.39816270152	-1634.4397205	
-5.39966986081	-1634.43978567	
-5.40117475199	-1634.43985065	
-5.40267738187	-1634.43991545	
-5.40417775725	-1634.43998006	
-5.40567588487	-1634.44004449	
-5.40717177146	-1634.44010874	
-5.40866542372	-1634.4401728	
-5.4101568483	-1634.44023668	
-5.41164605186	-1634.44030037	
-5.41313304098	-1634.44036389	
-5.41461782224	-1634.44042722	
-5.4161004022	-1634.44049038	
-5.41758078737	-1634.44055336	
-5.41905898424	-1634.44061615	
-5.42053499927	-1634.44067877	
-5.42200883889	-1634.44074121	
-5.4234805095	-1634.44080348	
-5.42495001748	-1634.44086557	
-5.42641736918	-1634.44092748	
-5.4278825709	-1634.44098922	
-5.42934562895	-1634.44105079	
-5.43080654959	-1634.44111218	
-5.43226533906	-1634.4411734	
-5.43372200355	-1634.44123445	
-5.43517654927	-1634.44129533	
-5.43662898235	-1634.44135603	
-5.43807930892	-1634.44141657	
-5.4395275351	-1634.44147693	
-5.44097366695	-1634.44153713	
-5.44241771052	-1634.44159716	
-5.44385967184	-1634.44165702	
-5.4452995569	-1634.44171671	
-5.44673737167	-1634.44177624	
-5.44817312209	-1634.4418356	
-5.44960681409	-1634.4418948	
-5.45103845357	-1634.44195383	
-5.45246804638	-1634.4420127	
-5.45389559837	-1634.4420714	
-5.45532111536	-1634.44212994	
-5.45674460314	-1634.44218832	
-5.45816606749	-1634.44224654	
-5.45958551414	-1634.4423046	
-5.46100294883	-1634.44236249	
-5.46241837723	-1634.44242023	
-5.46383180503	-1634.4424778	
-5.46524323786	-1634.44253522	
-5.46665268137	-1634.44259248	
-5.46806014114	-1634.44264958	
-5.46946562274	-1634.44270653	
-5.47086913175	-1634.44276332	
-5.47227067367	-1634.44281995	
-5.47367025403	-1634.44287643	
-5.47506787829	-1634.44293275	
-5.47646355193	-1634.44298892	
-5.47785728038	-1634.44304493	
-5.47924906905	-1634.44310079	
-5.48063892334	-1634.4431565	
-5.48202684862	-1634.44321206	
-5.48341285022	-1634.44326746	
-5.48479693349	-1634.44332272	
-5.48617910372	-1634.44337782	
-5.48755936619	-1634.44343278	
-5.48893772616	-1634.44348758	
-5.49031418887	-1634.44354224	
-5.49168875953	-1634.44359674	
-5.49306144334	-1634.4436511	
-5.49443224547	-1634.44370532	
-5.49580117108	-1634.44375938	
-5.49716822529	-1634.4438133	
-5.49853341322	-1634.44386708	
-5.49989673995	-1634.44392071	
-5.50125821054	-1634.44397419	
-5.50261783006	-1634.44402753	
-5.50397560352	-1634.44408073	
-5.50533153593	-1634.44413378	
-5.50668563228	-1634.44418669	
-5.50803789753	-1634.44423946	
-5.50938833663	-1634.44429209	
-5.5107369545	-1634.44434458	
-5.51208375605	-1634.44439692	
-5.51342874616	-1634.44444913	
-5.51477192971	-1634.4445012	
-5.51611331154	-1634.44455312	
-5.51745289646	-1634.44460491	
-5.51879068931	-1634.44465656	
-5.52012669485	-1634.44470808	
-5.52146091786	-1634.44475945	
-5.5227933631	-1634.44481069	
-5.52412403528	-1634.44486179	
-5.52545293913	-1634.44491276	
-5.52678007934	-1634.44496359	
-5.52810546058	-1634.44501429	
-5.52942908751	-1634.44506485	
-5.53075096477	-1634.44511528	
-5.53207109697	-1634.44516558	
-5.53338948873	-1634.44521574	
-5.53470614461	-1634.44526577	
-5.53602106919	-1634.44531567	
-5.53733426702	-1634.44536544	
-5.53864574262	-1634.44541507	
-5.5399555005	-1634.44546458	
-5.54126354516	-1634.44551396	
-5.54256988107	-1634.4455632	
-5.5438745127	-1634.44561232	
-5.54517744448	-1634.44566131	
-5.54647868084	-1634.44571017	
-5.54777822618	-1634.4457589	
-5.5490760849	-1634.4458075	
-5.55037226136	-1634.44585598	
-5.55166675992	-1634.44590433	
-5.55295958492	-1634.44595255	
-5.55425074069	-1634.44600065	
-5.55554023152	-1634.44604862	
-5.5568280617	-1634.44609647	
-5.55811423551	-1634.4461442	
-5.5593987572	-1634.4461918	
-5.56068163102	-1634.44623927	
-5.56196286117	-1634.44628663	
-5.56324245188	-1634.44633386	
-5.56452040732	-1634.44638097	
-5.56579673168	-1634.44642795	
-5.56707142911	-1634.44647482	
-5.56834450376	-1634.44652156	
-5.56961595975	-1634.44656818	
-5.57088580119	-1634.44661469	
-5.57215403218	-1634.44666107	
-5.57342065679	-1634.44670734	
-5.5746856791	-1634.44675348	
-5.57594910315	-1634.44679951	
-5.57721093297	-1634.44684541	
-5.57847117258	-1634.44689121	
-5.57972982599	-1634.44693688	
-5.58098689718	-1634.44698243	
-5.58224239012	-1634.44702787	
-5.58349630878	-1634.4470732	
-5.5847486571	-1634.4471184	
-5.585999439	-1634.4471635	
-5.5872486584	-1634.44720847	
-5.5884963192	-1634.44725334	
-5.58974242528	-1634.44729808	
-5.59098698051	-1634.44734272	
-5.59222998875	-1634.44738724	
-5.59347145384	-1634.44743165	
-5.5947113796	-1634.44747594	
-5.59594976985	-1634.44752012	
-5.59718662839	-1634.44756419	
-5.598421959	-1634.44760815	
-5.59965576545	-1634.447652	
-5.60088805149	-1634.44769574	
-5.60211882088	-1634.44773936	
-5.60334807733	-1634.44778288	
-5.60457582457	-1634.44782629	
-5.6058020663	-1634.44786958	
-5.60702680619	-1634.44791277	
-5.60825004793	-1634.44795585	
-5.60947179518	-1634.44799882	
-5.61069205159	-1634.44804169	
-5.61191082078	-1634.44808444	
-5.61312810639	-1634.44812709	
-5.61434391201	-1634.44816963	
-5.61555824124	-1634.44821207	
-5.61677109767	-1634.4482544	
-5.61798248485	-1634.44829662	
-5.61919240636	-1634.44833874	
-5.62040086572	-1634.44838075	
-5.62160786647	-1634.44842266	
-5.62281341212	-1634.44846447	
-5.62401750619	-1634.44850616	
-5.62522015215	-1634.44854776	
-5.6264213535	-1634.44858925	
-5.62762111369	-1634.44863064	
-5.62881943618	-1634.44867193	
-5.63001632442	-1634.44871312	
-5.63121178182	-1634.4487542	
-5.63240581181	-1634.44879518	
-5.6335984178	-1634.44883606	
-5.63478960317	-1634.44887684	
-5.6359793713	-1634.44891752	
-5.63716772557	-1634.44895809	
-5.63835466933	-1634.44899857	
-5.63954020593	-1634.44903895	
-5.64072433869	-1634.44907923	
-5.64190707094	-1634.44911941	
-5.64308840598	-1634.44915949	
-5.64426834712	-1634.44919947	
-5.64544689764	-1634.44923935	
-5.64662406082	-1634.44927914	
-5.64779983991	-1634.44931883	
-5.64897423816	-1634.44935842	
-5.65014725882	-1634.44939792	
-5.65131890512	-1634.44943732	
-5.65248918027	-1634.44947662	
-5.65365808747	-1634.44951582	
-5.65482562993	-1634.44955494	
-5.65599181082	-1634.44959395	
-5.65715663332	-1634.44963287	
-5.65832010058	-1634.4496717	
-5.65948221576	-1634.44971043	
-5.660642982	-1634.44974907	
-5.66180240242	-1634.44978761	
-5.66296048014	-1634.44982606	
-5.66411721826	-1634.44986442	
-5.66527261989	-1634.44990269	
-5.66642668811	-1634.44994086	
-5.66757942599	-1634.44997894	
-5.6687308366	-1634.45001693	
-5.66988092298	-1634.45005482	
-5.67102968818	-1634.45009263	
-5.67217713524	-1634.45013034	
-5.67332326717	-1634.45016797	
-5.67446808699	-1634.4502055	
-5.67561159769	-1634.45024294	
-5.67675380227	-1634.4502803	
-5.6778947037	-1634.45031756	
-5.67903430497	-1634.45035473	
-5.68017260902	-1634.45039182	
-5.6813096188	-1634.45042882	
-5.68244533727	-1634.45046572	
-5.68357976734	-1634.45050254	
-5.68471291194	-1634.45053928	
-5.68584477397	-1634.45057592	
-5.68697535634	-1634.45061248	
-5.68810466194	-1634.45064895	
-5.68923269364	-1634.45068533	
-5.69035945432	-1634.45072163	
-5.69148494685	-1634.45075784	
-5.69260917406	-1634.45079396	
-5.6937321388	-1634.45083	
-5.69485384391	-1634.45086595	
-5.69597429221	-1634.45090182	
-5.69709348651	-1634.4509376	
-5.69821142961	-1634.4509733	
-5.69932812431	-1634.45100892	
-5.70044357339	-1634.45104445	
-5.70155777963	-1634.45107989	
-5.7026707458	-1634.45111525	
-5.70378247466	-1634.45115053	
-5.70489296894	-1634.45118573	
-5.70600223139	-1634.45122084	
-5.70711026475	-1634.45125588	
-5.70821707172	-1634.45129082	
-5.70932265503	-1634.45132569	
-5.71042701737	-1634.45136048	
-5.71153016145	-1634.45139518	
-5.71263208993	-1634.4514298	
-5.71373280551	-1634.45146434	
-5.71483231084	-1634.4514988	
-5.71593060859	-1634.45153318	
-5.71702770141	-1634.45156748	
-5.71812359193	-1634.4516017	
-5.71921828279	-1634.45163584	
-5.72031177661	-1634.45166991	
-5.72140407601	-1634.45170389	
-5.72249518359	-1634.45173779	
-5.72358510195	-1634.45177161	
-5.72467383369	-1634.45180536	
-5.72576138137	-1634.45183903	
-5.72684774759	-1634.45187261	
-5.72793293489	-1634.45190613	
-5.72901694583	-1634.45193956	
-5.73009978297	-1634.45197292	
-5.73118144884	-1634.45200619	
-5.73226194598	-1634.4520394	
-5.7333412769	-1634.45207252	
-5.73441944412	-1634.45210557	
-5.73549645015	-1634.45213855	
-5.73657229748	-1634.45217144	
-5.73764698861	-1634.45220427	
-5.73872052602	-1634.45223701	
-5.73979291218	-1634.45226968	
-5.74086414956	-1634.45230228	
-5.74193424062	-1634.4523348	
-5.74300318781	-1634.45236725	
-5.74407099357	-1634.45239962	
-5.74513766034	-1634.45243192	
-5.74620319054	-1634.45246415	
-5.7472675866	-1634.4524963	
-5.74833085092	-1634.45252838	
-5.74939298591	-1634.45256038	
-5.75045399397	-1634.45259231	
-5.75151387748	-1634.45262417	
-5.75257263883	-1634.45265596	
-5.75363028038	-1634.45268767	
-5.75468680452	-1634.45271932	
-5.75574221359	-1634.45275089	
-5.75679650994	-1634.45278239	
-5.75784969593	-1634.45281381	
-5.75890177388	-1634.45284517	
-5.75995274612	-1634.45287646	
-5.76100261499	-1634.45290767	
-5.76205138278	-1634.45293881	
-5.76309905181	-1634.45296989	
-5.76414562438	-1634.45300089	
-5.76519110278	-1634.45303183	
-5.7662354893	-1634.45306269	
-5.76727878622	-1634.45309349	
-5.76832099579	-1634.45312421	
-5.7693621203	-1634.45315487	
-5.770402162	-1634.45318546	
-5.77144112313	-1634.45321597	
-5.77247900594	-1634.45324643	
-5.77351581267	-1634.45327681	
-5.77455154554	-1634.45330712	
-5.77558620679	-1634.45333737	
-5.77661979861	-1634.45336755	
-5.77765232322	-1634.45339766	
-5.77868378283	-1634.4534277	
-5.77971417962	-1634.45345768	
-5.78074351579	-1634.45348759	
-5.78177179352	-1634.45351744	
-5.78279901497	-1634.45354721	
-5.78382518233	-1634.45357692	
-5.78485029774	-1634.45360657	
-5.78587436337	-1634.45363615	
-5.78689738137	-1634.45366566	
-5.78791935386	-1634.45369511	
-5.788940283	-1634.45372449	
-5.7899601709	-1634.45375381	
-5.79097901969	-1634.45378307	
-5.79199683148	-1634.45381225	
-5.79301360838	-1634.45384138	
-5.7940293525	-1634.45387044	
-5.79504406593	-1634.45389943	
-5.79605775077	-1634.45392837	
-5.79707040908	-1634.45395723	
-5.79808204295	-1634.45398604	
-5.79909265446	-1634.45401478	
-5.80010224566	-1634.45404346	
-5.80111081862	-1634.45407207	
-5.80211837538	-1634.45410062	
-5.80312491799	-1634.45412911	
-5.80413044849	-1634.45415754	
-5.80513496892	-1634.45418591	
-5.80613848129	-1634.45421421	
-5.80714098764	-1634.45424245	
-5.80814248998	-1634.45427063	
-5.80914299031	-1634.45429875	
