#Site	lnL	
0	-1.82969545653
1	-5.28287781106
2	-1.49206605708
3	-1.59108801631
4	-1.86665227856
5	-17.9422297357
6	-1.82969545653
7	-7.68460932423
8	-15.4956186803
9	-1.59108801631
10	-5.89554629197
11	-1.2702745385
12	-5.14441977706
13	-2.01220736053
14	-1.40869962485
15	-1.72903313381
16	-7.51435167166
17	-1.40869962485
18	-6.11917908049
19	-2.02334428397
20	-1.40869962485
21	-1.59108801631
22	-7.22068983537
23	-1.49206605708
24	-1.59108801631
25	-2.02334428397
26	-14.7759632675
27	-1.82969545653
28	-2.01220736053
29	-1.38697289714
30	-1.82969545653
31	-1.86665227856
32	-1.2702745385
33	-9.67212025926
34	-1.86665227856
35	-16.0998239744
36	-1.73288628392
37	-2.01220736053
38	-1.49206605708
39	-1.73288628392
40	-5.01692210347
41	-1.40869962485
42	-1.73288628392
43	-2.02334428397
44	-27.2998304011
45	-1.59108801631
46	-2.02334428397
47	-14.5324461357
48	-1.59108801631
49	-9.72183488776
50	-1.38697289714
51	-1.82969545653
52	-2.02334428397
53	-1.2702745385
54	-1.82969545653
55	-2.02334428397
56	-1.38697289714
57	-1.82969545653
58	-2.12089245133
59	-1.49206605708
60	-1.73288628392
61	-5.00488790692
62	-1.38697289714
63	-1.59108801631
64	-4.75314834547
65	-1.2702745385
66	-1.73288628392
67	-8.13027835614
68	-1.40869962485
69	-1.72903313381
70	-5.74390652273
71	-16.5873701097
72	-1.72903313381
73	-2.01220736053
74	-14.5680782773
75	-1.73288628392
76	-2.12089245133
77	-1.38697289714
78	-5.06723181307
79	-2.01220736053
80	-15.495618365
81	-1.82969545653
82	-2.02334428397
83	-1.40869962485
84	-1.73288628392
85	-5.04678809315
86	-1.38697289714
87	-5.95637664559
88	-2.12089245133
89	-1.38697289714
90	-6.95734659456
91	-5.01692210347
92	-14.2577056908
93	-1.59108801631
94	-1.86665227856
95	-14.5324461357
96	-9.17836491747
97	-7.47386034132
98	-1.38697289714
99	-1.73288628392
100	-2.02334428397
101	-15.3789205268
102	-1.72903313381
103	-8.67378736437
104	-1.2702745385
105	-1.72903313381
106	-2.12089245133
107	-1.49206605708
108	-11.5449917139
109	-1.86665227856
110	-1.40869962485
111	-11.6466734887
112	-9.05321098397
113	-1.40869962485
114	-1.82969545653
115	-2.01220736053
116	-1.40869962485
117	-6.1049575688
118	-8.64229232625
119	-17.06240211
120	-1.72903313381
121	-2.01220736053
122	-16.1207062113
123	-1.59108801631
124	-2.01220736053
125	-30.9924583012
126	-1.82969545653
127	-2.01220736053
128	-1.40869962485
129	-6.71689720767
130	-2.02334428397
131	-28.3498404862
132	-1.59108801631
133	-2.12089245133
134	-15.4122520625
135	-5.97392751707
136	-2.12089245133
137	-1.49206605708
138	-1.73288628392
139	-4.77197531033
140	-30.7203162229
141	-1.72903313381
142	-1.86665227856
143	-1.49206605708
144	-5.90401832319
145	-4.75314834547
146	-14.2577072739
147	-5.14441977706
148	-2.12089245133
149	-1.40869962485
150	-1.73288628392
151	-4.72400290552
152	-15.1710369401
153	-1.72903313381
154	-2.01220736053
155	-15.2877341123
156	-1.73288628392
157	-2.12089245133
158	-16.4246743829
159	-1.59108801631
160	-5.60184687813
161	-29.7787951039
162	-6.01259364081
163	-5.01155893787
164	-14.2577072739
165	-1.73288628392
166	-2.12089245133
167	-1.40869962485
168	-1.59108801631
169	-6.63329417129
170	-1.40869962485
171	-1.72903313381
172	-5.75045112499
173	-1.38697289714
174	-5.61553009774
175	-1.86665227856
176	-1.38697289714
177	-1.82969545653
178	-6.70302439225
179	-1.40869962485
180	-1.59108801631
181	-5.58110011588
182	-1.2702745385
183	-1.82969545653
184	-5.26057716454
185	-1.2702745385
186	-5.08766605755
187	-5.74390652273
188	-15.1710369401
189	-1.73288628392
190	-4.68610690218
191	-1.49206605708
192	-5.36948683328
193	-5.62837127477
194	-15.0208167407
195	-1.73288628392
196	-5.01155893787
197	-1.40869962485
198	-1.82969545653
199	-1.86665227856
200	-15.1041833903
201	-1.73288628392
202	-9.56151738324
203	-14.5324461357
204	-1.59108801631
205	-5.42872000057
206	-1.40869962485
207	-1.72903313381
208	-1.86665227856
209	-1.2702745385
210	-1.73288628392
211	-2.02334428397
212	-14.3245595706
213	-1.59108801631
214	-1.86665227856
215	-29.9763416407
216	-1.73288628392
217	-10.3536258982
218	-15.495618365
219	-5.98289742971
220	-2.02334428397
221	-14.5324461357
222	-1.82969545653
223	-5.01692210347
224	-15.1710369401
225	-6.01806582784
226	-2.01220736053
227	-1.40869962485
228	-5.98289742971
229	-5.55520263808
230	-1.49206605708
231	-1.59108801631
232	-7.18010308301
233	-1.40869962485
234	-1.82969545653
235	-4.68610690218
236	-1.2702745385
237	-6.71689720767
238	-2.01220736053
239	-1.49206605708
240	-6.94303693053
241	-5.58439755377
242	-1.40869962485
243	-1.82969545653
244	-5.55520263808
245	-1.2702745385
246	-1.59108801631
247	-5.85593763998
248	-27.4953278496
249	-1.73288628392
250	-5.28287781106
251	-1.40869962485
252	-1.72903313381
253	-5.00488790692
254	-1.40869962485
255	-6.11608120133
256	-12.8083833264
257	-1.38697289714
258	-1.59108801631
259	-4.77197531033
260	-30.2898018676
261	-1.59108801631
262	-1.86665227856
263	-1.2702745385
264	-1.72903313381
265	-2.01220736053
266	-1.2702745385
267	-1.59108801631
268	-5.72767859581
269	-16.7027823666
270	-1.59108801631
271	-5.28287781106
272	-1.49206605708
273	-1.72903313381
274	-5.63793487653
275	-1.2702745385
276	-1.72903313381
277	-4.77197531033
278	-1.38697289714
279	-1.82969545653
280	-1.86665227856
281	-15.1375138026
282	-1.59108801631
283	-8.53390929287
284	-1.49206605708
285	-1.59108801631
286	-2.12089245133
287	-14.2577072739
288	-5.95637664559
289	-5.28287781106
290	-1.2702745385
291	-6.1048241308
292	-1.86665227856
293	-15.0876706188
294	-7.93647399588
295	-2.02334428397
296	-1.49206605708
297	-1.72903313381
298	-1.86665227856
299	-1.40869962485
300	-9.65878022116
301	-1.86665227856
302	-1.40869962485
303	-1.72903313381
304	-5.58439755377
305	-1.40869962485
306	-5.32912693005
307	-6.91441038851
308	-1.2702745385
309	-1.59108801631
310	-1.86665227856
311	-17.0838800534
312	-5.13408105511
313	-2.02334428397
314	-28.9105875971
315	-1.72903313381
316	-5.60184687813
317	-15.2877341123
318	-1.72903313381
319	-7.0617732214
320	-1.2702745385
321	-1.59108801631
322	-2.02334428397
323	-1.40869962485
324	-1.59108801631
325	-2.12089245133
326	-1.40869962485
327	-5.38182478976
328	-2.01220736053
329	-1.2702745385
330	-1.72903313381
331	-6.59032482129
332	-1.38697289714
333	-1.73288628392
334	-5.75045112499
335	-1.49206605708
336	-1.73288628392
337	-2.01220736053
338	-15.2955553224
339	-1.72903313381
340	-5.85593763998
341	-14.5012254862
342	-1.82969545653
343	-9.21426307526
344	-1.40869962485
345	-5.38840005215
346	-2.02334428397
347	-1.2702745385
348	-5.95637664559
349	-2.12089245133
350	-15.4122532715
351	-12.0557728996
352	-5.51208540937
353	-1.49206605708
354	-1.82969545653
355	-2.02334428397
356	-1.38697289714
357	-1.59108801631
358	-5.04678809315
359	-1.2702745385
360	-1.73288628392
361	-1.86665227856
362	-1.49206605708
363	-5.14441977706
364	-5.50159681504
365	-15.2877341123
366	-5.38182478976
367	-5.04678809315
368	-1.38697289714
369	-1.82969545653
370	-7.94483947227
371	-1.40869962485
372	-6.23587582057
373	-1.86665227856
374	-1.49206605708
375	-1.82969545653
376	-15.1475165505
377	-17.5505456994
378	-1.82969545653
379	-2.02334428397
380	-1.38697289714
381	-1.82969545653
382	-2.01220736053
383	-1.38697289714
384	-1.59108801631
385	-2.01220736053
386	-1.40869962485
387	-5.38840005215
388	-5.58439755377
389	-1.38697289714
390	-6.01259364081
391	-2.12089245133
392	-14.3245603883
393	-1.82969545653
394	-2.12089245133
395	-1.40869962485
396	-1.82969545653
397	-2.01220736053
398	-14.7759632675
399	-6.11917908049
400	-2.12089245133
401	-30.1036446122
402	-1.73288628392
403	-8.05260681266
404	-1.40869962485
405	-1.73288628392
406	-2.02334428397
407	-1.38697289714
408	-1.59108801631
409	-2.12089245133
410	-1.38697289714
411	-1.72903313381
412	-6.63329417129
413	-1.40869962485
414	-1.59108801631
415	-2.12089245133
416	-16.7027811538
417	-1.59108801631
418	-1.86665227856
419	-1.2702745385
420	-1.59108801631
421	-2.01220736053
422	-14.5324447113
423	-1.72903313381
424	-7.59897808157
425	-1.40869962485
426	-1.72903313381
427	-7.31292417203
428	-15.204367994
429	-5.31617098242
430	-2.01220736053
431	-15.4122532715
432	-1.59108801631
433	-15.122367627
434	-1.49206605708
435	-5.98289742971
436	-1.86665227856
437	-1.49206605708
438	-1.72903313381
439	-9.8420738436
440	-1.38697289714
441	-1.82969545653
442	-7.50724570078
443	-15.2208801304
444	-1.73288628392
445	-1.86665227856
446	-1.40869962485
447	-1.59108801631
448	-2.12089245133
449	-15.1375138026
450	-1.73288628392
451	-1.86665227856
452	-1.38697289714
453	-1.73288628392
454	-1.86665227856
455	-14.3245603883
456	-8.00233245958
457	-1.86665227856
458	-1.40869962485
459	-1.82969545653
460	-1.86665227856
461	-1.40869962485
462	-6.01259364081
463	-2.12089245133
464	-30.7897774366
465	-1.73288628392
466	-2.12089245133
467	-15.4956186803
468	-1.59108801631
469	-2.01220736053
470	-1.38697289714
