# log_p 	 lnL 	 
0.0	-1739.42143657	
-0.287682072452	-1739.01404439	
-0.510825623766	-1738.64871806	
-0.69314718056	-1738.33170288	
-0.847297860387	-1738.0580684	
-0.980829253012	-1737.82037013	
-1.09861228867	-1737.61202742	
-1.20397280433	-1737.42796943	
-1.29928298413	-1737.26443361	
-1.38629436112	-1737.11861897	
-1.46633706879	-1736.988391	
-1.54044504095	-1736.87206901	
-1.60943791243	-1736.76828246	
-1.67397643357	-1736.67587687	
-1.73460105539	-1736.59385299	
-1.79175946923	-1736.52132754	
-1.8458266905	-1736.45750789	
-1.89711998489	-1736.40167535	
-1.94591014906	-1736.35317386	
-1.99243016469	-1736.31140216	
-2.03688192726	-1736.27580794	
-2.07944154168	-1736.24588332	
-2.1202635362	-1736.2211611	
-2.15948424935	-1736.2012116	
-2.19722457734	-1736.18563975	
-2.23359222151	-1736.1740825	
-2.26868354132	-1736.16620638	
-2.30258509299	-1736.16170529	
-2.33537491582	-1736.1602983	
-2.36712361413	-1736.16172776	
-2.3978952728	-1736.16575737	
-2.42774823595	-1736.1721705	
-2.45673577282	-1736.18076855	
-2.48490664979	-1736.19136948	
-2.51230562398	-1736.20380641	
-2.53897387106	-1736.21792635	
-2.56494935746	-1736.233589	
-2.59026716545	-1736.25066571	
-2.61495977804	-1736.26903842	
-2.63905732962	-1736.28859881	
-2.66258782703	-1736.30924742	
-2.68557734525	-1736.33089291	
-2.7080502011	-1736.35345136	
-2.73002910782	-1736.37684559	
-2.75153531304	-1736.40100464	
-2.77258872224	-1736.4258632	
-2.79320800944	-1736.45136113	
-2.81341071676	-1736.47744304	
-2.83321334406	-1736.50405784	
-2.85263142991	-1736.53115844	
-2.87167962488	-1736.55870136	
-2.8903717579	-1736.58664645	
-2.90872089656	-1736.61495663	
-2.92673940207	-1736.64359759	
-2.94443897917	-1736.67253761	
-2.96183072188	-1736.70174732	
-2.97892515524	-1736.73119952	
-2.99573227355	-1736.76086902	
-3.01226157551	-1736.79073243	
-3.02852209638	-1736.82076808	
-3.04452243772	-1736.85095585	
-3.06027079469	-1736.88127706	
-3.07577498123	-1736.91171435	
-3.09104245336	-1736.94225157	
-3.10608033072	-1736.97287373	
-3.12089541651	-1737.00356686	
-3.13549421593	-1737.03431798	
-3.14988295338	-1737.06511498	
-3.16406758837	-1737.09594662	
-3.17805383035	-1737.12680239	
-3.19184715248	-1737.15767252	
-3.20545280454	-1737.18854789	
-3.21887582487	-1737.21942001	
-3.23212105162	-1737.25028095	
-3.24519313319	-1737.28112334	
-3.25809653802	-1737.31194027	
-3.2708355638	-1737.34272532	
-3.28341434601	-1737.37347249	
-3.295836866	-1737.4041762	
-3.3081069586	-1737.43483122	
-3.32022831913	-1737.46543271	
-3.33220451018	-1737.4959761	
-3.34403896782	-1737.5264572	
-3.35573500759	-1737.55687204	
-3.36729582999	-1737.58721695	
-3.37872452581	-1737.61748853	
-3.39002408106	-1737.64768359	
-3.40119738166	-1737.67779915	
-3.41224721785	-1737.70783248	
-3.42317628838	-1737.737781	
-3.43398720449	-1737.76764235	
-3.4446824936	-1737.79741432	
-3.45526460293	-1737.82709486	
-3.4657359028	-1737.85668208	
-3.47609868984	-1737.88617424	
-3.48635519	-1737.91556971	
-3.49650756147	-1737.94486701	
-3.50655789732	-1737.97406477	
-3.51650822817	-1738.00316174	
-3.52636052462	-1738.03215674	
-3.53611669956	-1738.06104875	
-3.54577861047	-1738.08983678	
-3.55534806149	-1738.11851998	
-3.56482680544	-1738.14709754	
-3.57421654579	-1738.17556877	
-3.58351893846	-1738.20393301	
-3.59273559356	-1738.23218971	
-3.60186807712	-1738.26033837	
-3.61091791264	-1738.28837853	
-3.61988658263	-1738.31630982	
-3.62877553004	-1738.34413192	
-3.63758615973	-1738.37184454	
-3.6463198397	-1738.39944747	
-3.65497790244	-1738.42694052	
-3.66356164613	-1738.45432355	
-3.6720723358	-1738.48159648	
-3.68051120444	-1738.50875924	
-3.68887945411	-1738.53581182	
-3.69717825693	-1738.56275424	
-3.70540875607	-1738.58958653	
-3.7135720667	-1738.61630878	
-3.72166927694	-1738.64292111	
-3.72970144863	-1738.66942363	
-3.73766961828	-1738.69581652	
-3.74557479779	-1738.72209996	
-3.75341797525	-1738.74827416	
-3.76120011569	-1738.77433935	
-3.76892216179	-1738.80029578	
-3.77658503453	-1738.82614371	
-3.78418963392	-1738.85188344	
-3.79173683955	-1738.87751528	
-3.79922751128	-1738.90303953	
-3.80666248977	-1738.92845654	
-3.81404259707	-1738.95376665	
-3.82136863716	-1738.97897023	
-3.82864139649	-1739.00406766	
-3.83586164446	-1739.02905931	
-3.84303013394	-1739.05394558	
-3.85014760171	-1739.07872689	
-3.85721476893	-1739.10340365	
-3.86423234159	-1739.12797628	
-3.87120101091	-1739.15244521	
-3.87812145375	-1739.1768109	
-3.88499433304	-1739.20107377	
-3.89182029811	-1739.2252343	
-3.8985999851	-1739.24929294	
-3.90533401728	-1739.27325016	
-3.91202300543	-1739.29710642	
-3.91866754815	-1739.3208622	
-3.92526823218	-1739.34451799	
-3.93182563272	-1739.36807426	
-3.93834031375	-1739.39153151	
-3.94481282825	-1739.41489023	
-3.95124371858	-1739.4381509	
-3.95763351668	-1739.46131402	
-3.96398274436	-1739.4843801	
-3.97029191355	-1739.50734964	
-3.97656152657	-1739.53022312	
-3.98279207632	-1739.55300107	
-3.98898404656	-1739.57568398	
-3.99513791214	-1739.59827236	
-4.00125413916	-1739.62076672	
-4.00733318523	-1739.64316756	
-4.01337549969	-1739.66547539	
-4.01938152375	-1739.68769071	
-4.02535169074	-1739.70981404	
-4.03128642625	-1739.73184589	
-4.03718614838	-1739.75378676	
-4.04305126783	-1739.77563715	
-4.04888218815	-1739.79739757	
-4.05467930583	-1739.81906854	
-4.06044301055	-1739.84065054	
-4.06617368526	-1739.8621441	
-4.07187170637	-1739.8835497	
-4.07753744391	-1739.90486785	
-4.08317126162	-1739.92609905	
-4.08877351717	-1739.9472438	
-4.09434456222	-1739.96830259	
-4.0998847426	-1739.98927592	
-4.10539439841	-1740.01016429	
-4.11087386417	-1740.03096819	
-4.11632346894	-1740.05168809	
-4.12174353641	-1740.07232451	
-4.12713438505	-1740.09287791	
-4.13249632819	-1740.11334879	
-4.13782967416	-1740.13373762	
-4.14313472639	-1740.15404489	
-4.14841178349	-1740.17427107	
-4.15366113938	-1740.19441665	
-4.15888308336	-1740.21448209	
-4.16407790024	-1740.23446786	
-4.1692458704	-1740.25437443	
-4.1743872699	-1740.27420227	
-4.17950237056	-1740.29395185	
-4.18459144007	-1740.31362361	
-4.18965474203	-1740.33321804	
-4.19469253606	-1740.35273557	
-4.19970507788	-1740.37217666	
-4.20469261939	-1740.39154177	
-4.20965540873	-1740.41083134	
-4.21459369037	-1740.43004582	
-4.21950770518	-1740.44918566	
-4.22439769047	-1740.46825129	
-4.22926388012	-1740.48724315	
-4.2341065046	-1740.50616168	
-4.23892579103	-1740.52500731	
-4.2437219633	-1740.54378047	
-4.24849524205	-1740.56248159	
-4.25324584481	-1740.58111109	
-4.257973986	-1740.5996694	
-4.26267987704	-1740.61815694	
-4.26736372635	-1740.63657412	
-4.27202573946	-1740.65492136	
-4.27666611902	-1740.67319907	
-4.28128506487	-1740.69140766	
-4.28588277412	-1740.70954753	
-4.29045944115	-1740.72761909	
-4.29501525768	-1740.74562274	
-4.29955041285	-1740.76355888	
-4.3040650932	-1740.7814279	
-4.30855948279	-1740.7992302	
-4.31303376319	-1740.81696616	
-4.31748811354	-1740.83463618	
-4.3219227106	-1740.85224063	
-4.32633772881	-1740.86977991	
-4.33073334029	-1740.88725439	
-4.33510971489	-1740.90466445	
-4.33946702026	-1740.92201046	
-4.34380542185	-1740.93929279	
-4.348125083	-1740.95651182	
-4.3524261649	-1740.97366791	
-4.35670882669	-1740.99076143	
-4.36097322548	-1741.00779273	
-4.36521951636	-1741.02476218	
-4.36944785247	-1741.04167013	
-4.373658385	-1741.05851694	
-4.37785126326	-1741.07530296	
-4.38202663467	-1741.09202853	
-4.38618464482	-1741.10869401	
-4.39032543749	-1741.12529973	
-4.39444915467	-1741.14184605	
-4.39855593663	-1741.15833329	
-4.40264592188	-1741.1747618	
-4.40671924726	-1741.19113191	
-4.41077604796	-1741.20744395	
-4.4148164575	-1741.22369826	
-4.4188406078	-1741.23989515	
-4.42284862919	-1741.25603496	
-4.42684065046	-1741.272118	
-4.43081679884	-1741.2881446	
-4.43477720006	-1741.30411508	
-4.43872197835	-1741.32002975	
-4.44265125649	-1741.33588891	
-4.44656515581	-1741.3516929	
-4.45046379623	-1741.36744201	
-4.45434729625	-1741.38313655	
-4.45821577303	-1741.39877682	
-4.46206934235	-1741.41436313	
-4.46590811865	-1741.42989578	
-4.46973221509	-1741.44537506	
-4.47354174351	-1741.46080127	
-4.47733681448	-1741.47617471	
-4.48111753732	-1741.49149566	
-4.48488402011	-1741.50676442	
-4.48863636973	-1741.52198127	
-4.49237469184	-1741.5371465	
-4.49609909093	-1741.55226038	
-4.49980967033	-1741.56732321	
-4.50350653221	-1741.58233526	
-4.50718977763	-1741.59729681	
-4.51085950652	-1741.61220813	
-4.51451581772	-1741.62706949	
-4.518158809	-1741.64188117	
-4.52178857705	-1741.65664344	
-4.52540521752	-1741.67135656	
-4.52900882502	-1741.6860208	
-4.53259949315	-1741.70063642	
-4.5361773145	-1741.71520368	
-4.53974238067	-1741.72972284	
-4.54329478227	-1741.74419417	
-4.54683460898	-1741.75861791	
-4.55036194949	-1741.77299432	
-4.5538768916	-1741.78732365	
-4.55737952215	-1741.80160615	
-4.56086992709	-1741.81584208	
-4.56434819147	-1741.83003167	
-4.56781439944	-1741.84417518	
-4.57126863431	-1741.85827284	
-4.5747109785	-1741.8723249	
-4.5781415136	-1741.88633159	
-4.58156032035	-1741.90029317	
-4.58496747867	-1741.91420985	
-4.58836306767	-1741.92808188	
-4.59174716566	-1741.94190949	
-4.59511985013	-1741.95569291	
-4.59848119784	-1741.96943237	
-4.60183128472	-1741.9831281	
-4.60517018599	-1741.99678033	
-4.60849797608	-1742.01038927	
-4.61181472871	-1742.02395516	
-4.61512051684	-1742.03747822	
-4.61841541274	-1742.05095866	
-4.62169948794	-1742.06439671	
-4.62497281328	-1742.07779257	
-4.62823545892	-1742.09114648	
-4.63148749431	-1742.10445864	
-4.63472898823	-1742.11772926	
-4.63796000881	-1742.13095855	
-4.64118062351	-1742.14414673	
-4.64439089914	-1742.157294	
-4.64759090187	-1742.17040057	
-4.65078069724	-1742.18346665	
-4.65396035016	-1742.19649243	
-4.65712992492	-1742.20947813	
-4.66028948521	-1742.22242394	
-4.66343909411	-1742.23533006	
-4.66657881412	-1742.24819669	
-4.66970870713	-1742.26102403	
-4.67282883446	-1742.27381227	
-4.67593925688	-1742.28656161	
-4.67904003455	-1742.29927223	
-4.68213122712	-1742.31194434	
-4.68521289366	-1742.32457812	
-4.6882850927	-1742.33717376	
-4.69134788223	-1742.34973145	
-4.69440131972	-1742.36225138	
-4.6974454621	-1742.37473372	
-4.70048036579	-1742.38717867	
-4.70350608671	-1742.3995864	
-4.70652268025	-1742.4119571	
-4.70953020131	-1742.42429095	
-4.71252870431	-1742.43658813	
-4.71551824316	-1742.44884881	
-4.7184988713	-1742.46107317	
-4.72147064168	-1742.47326139	
-4.72443360681	-1742.48541364	
-4.72738781871	-1742.4975301	
-4.73033332894	-1742.50961093	
-4.73327018862	-1742.5216563	
-4.73619844839	-1742.5336664	
-4.7391181585	-1742.54564137	
-4.74202936871	-1742.5575814	
-4.74493212836	-1742.56948665	
-4.74782648639	-1742.58135728	
-4.75071249128	-1742.59319346	
-4.75359019111	-1742.60499534	
-4.75645963353	-1742.6167631	
-4.75932086582	-1742.6284969	
-4.7621739348	-1742.64019688	
-4.76501888693	-1742.65186322	
-4.76785576827	-1742.66349607	
-4.77068462447	-1742.67509558	
-4.77350550081	-1742.68666191	
-4.77631844218	-1742.69819522	
-4.77912349311	-1742.70969566	
-4.78192069773	-1742.72116338	
-4.78471009982	-1742.73259854	
-4.78749174278	-1742.74400128	
-4.79026566966	-1742.75537176	
-4.79303192316	-1742.76671011	
-4.7957905456	-1742.7780165	
-4.79854157897	-1742.78929107	
-4.80128506491	-1742.80053396	
-4.80402104473	-1742.81174532	
-4.80674955939	-1742.82292529	
-4.8094706495	-1742.83407402	
-4.81218435537	-1742.84519164	
-4.81489071697	-1742.85627831	
-4.81758977394	-1742.86733415	
-4.82028156561	-1742.87835932	
-4.82296613098	-1742.88935394	
-4.82564350875	-1742.90031815	
-4.8283137373	-1742.9112521	
-4.83097685472	-1742.92215592	
-4.83363289878	-1742.93302974	
-4.83628190695	-1742.94387369	
-4.83892391641	-1742.95468792	
-4.84155896405	-1742.96547256	
-4.84418708646	-1742.97622773	
-4.84680831994	-1742.98695356	
-4.84942270051	-1742.9976502	
-4.85203026392	-1743.00831775	
-4.85463104562	-1743.01895637	
-4.8572250808	-1743.02956617	
-4.85981240436	-1743.04014727	
-4.86239305096	-1743.05069981	
-4.86496705495	-1743.06122392	
-4.86753445046	-1743.07171971	
-4.87009527132	-1743.08218731	
-4.87264955112	-1743.09262684	
-4.8751973232	-1743.10303843	
-4.87773862063	-1743.1134222	
-4.88027347623	-1743.12377826	
-4.88280192259	-1743.13410674	
-4.88532399202	-1743.14440776	
-4.88783971662	-1743.15468144	
-4.89034912822	-1743.16492789	
-4.89285225844	-1743.17514723	
-4.89534913864	-1743.18533958	
-4.89783979995	-1743.19550506	
-4.90032427328	-1743.20564377	
-4.90280258929	-1743.21575584	
-4.90527477844	-1743.22584138	
-4.90774087093	-1743.23590049	
-4.91020089677	-1743.24593331	
-4.91265488574	-1743.25593992	
-4.91510286737	-1743.26592045	
-4.91754487103	-1743.27587501	
-4.91998092583	-1743.28580371	
-4.92241106068	-1743.29570665	
-4.92483530429	-1743.30558395	
-4.92725368516	-1743.3154357	
-4.92966623156	-1743.32526203	
-4.93207297159	-1743.33506304	
-4.93447393313	-1743.34483882	
-4.93686914386	-1743.3545895	
-4.93925863125	-1743.36431516	
-4.94164242261	-1743.37401592	
-4.94402054501	-1743.38369189	
-4.94639302537	-1743.39334315	
-4.94875989038	-1743.40296982	
-4.95112116656	-1743.412572	
-4.95347688026	-1743.42214979	
-4.9558270576	-1743.43170328	
-4.95817172456	-1743.44123259	
-4.96051090691	-1743.4507378	
-4.96284463026	-1743.46021902	
-4.96517292002	-1743.46967635	
-4.96749580144	-1743.47910988	
-4.96981329958	-1743.4885197	
-4.97212543933	-1743.49790593	
-4.97443224543	-1743.50726865	
-4.97673374242	-1743.51660796	
-4.97902995468	-1743.52592395	
-4.98132090643	-1743.53521672	
-4.98360662171	-1743.54448637	
-4.98588712441	-1743.55373297	
-4.98816243824	-1743.56295664	
-4.99043258678	-1743.57215746	
-4.99269759341	-1743.58133552	
-4.99495748138	-1743.59049091	
-4.99721227376	-1743.59962373	
-4.9994619935	-1743.60873406	
-5.00170666335	-1743.617822	
-5.00394630595	-1743.62688764	
-5.00618094375	-1743.63593105	
-5.00841059907	-1743.64495234	
-5.0106352941	-1743.65395158	
-5.01285505083	-1743.66292888	
-5.01506989116	-1743.6718843	
-5.01727983681	-1743.68081795	
-5.01948490937	-1743.6897299	
-5.02168513028	-1743.69862024	
-5.02388052085	-1743.70748906	
-5.02607110223	-1743.71633643	
-5.02825689545	-1743.72516245	
-5.03043792139	-1743.7339672	
-5.03261420082	-1743.74275077	
-5.03478575433	-1743.75151322	
-5.03695260241	-1743.76025465	
-5.03911476542	-1743.76897514	
-5.04127226356	-1743.77767477	
-5.04342511692	-1743.78635361	
-5.04557334546	-1743.79501176	
-5.047716969	-1743.80364929	
-5.04985600725	-1743.81226628	
-5.05199047978	-1743.8208628	
-5.05412040604	-1743.82943895	
-5.05624580535	-1743.83799479	
-5.05836669692	-1743.8465304	
-5.06048309982	-1743.85504587	
-5.06259503303	-1743.86354126	
-5.06470251537	-1743.87201666	
-5.06680556556	-1743.88047215	
-5.06890420222	-1743.88890778	
-5.07099844382	-1743.89732366	
-5.07308830874	-1743.90571984	
-5.07517381523	-1743.9140964	
-5.07725498144	-1743.92245342	
-5.07933182538	-1743.93079096	
-5.08140436498	-1743.93910912	
-5.08347261805	-1743.94740795	
-5.08553660227	-1743.95568753	
-5.08759633523	-1743.96394793	
-5.08965183441	-1743.97218923	
-5.09170311719	-1743.98041149	
-5.09375020081	-1743.98861479	
-5.09579310244	-1743.99679919	
-5.09783183913	-1744.00496478	
-5.09986642782	-1744.01311161	
-5.10189688537	-1744.02123976	
-5.10392322852	-1744.0293493	
-5.1059454739	-1744.03744029	
-5.10796363806	-1744.04551281	
-5.10997773743	-1744.05356693	
-5.11198778836	-1744.0616027	
-5.11399380708	-1744.0696202	
-5.11599580975	-1744.0776195	
-5.11799381242	-1744.08560066	
-5.11998783102	-1744.09356376	
-5.12197788143	-1744.10150884	
-5.1239639794	-1744.10943599	
-5.12594614061	-1744.11734527	
-5.12792438062	-1744.12523674	
-5.12989871492	-1744.13311047	
-5.13186915891	-1744.14096651	
-5.13383572788	-1744.14880495	
-5.13579843705	-1744.15662583	
-5.13775730154	-1744.16442923	
-5.13971233637	-1744.17221521	
-5.1416635565	-1744.17998383	
-5.14361097679	-1744.18773514	
-5.145554612	-1744.19546923	
-5.14749447681	-1744.20318614	
-5.14943058584	-1744.21088594	
-5.15136295359	-1744.21856869	
-5.1532915945	-1744.22623445	
-5.15521652291	-1744.23388328	
-5.15713775309	-1744.24151525	
-5.15905529921	-1744.24913041	
-5.1609691754	-1744.25672882	
-5.16287939565	-1744.26431054	
-5.16478597392	-1744.27187564	
-5.16668892407	-1744.27942416	
-5.16858825987	-1744.28695618	
-5.17048399504	-1744.29447174	
-5.17237614319	-1744.30197091	
-5.17426471788	-1744.30945374	
-5.17614973257	-1744.31692029	
-5.17803120067	-1744.32437063	
-5.1799091355	-1744.33180479	
-5.18178355029	-1744.33922285	
-5.18365445823	-1744.34662486	
-5.1855218724	-1744.35401088	
-5.18738580584	-1744.36138095	
-5.18924627149	-1744.36873514	
-5.19110328224	-1744.37607351	
-5.19295685089	-1744.3833961	
-5.19480699018	-1744.39070297	
-5.19665371277	-1744.39799418	
-5.19849703127	-1744.40526978	
-5.20033695819	-1744.41252982	
-5.202173506	-1744.41977436	
-5.20400668708	-1744.42700346	
-5.20583651375	-1744.43421716	
-5.20766299828	-1744.44141552	
-5.20948615284	-1744.44859859	
-5.21130598956	-1744.45576642	
-5.21312252048	-1744.46291907	
-5.21493575761	-1744.47005659	
-5.21674571285	-1744.47717903	
-5.21855239808	-1744.48428644	
-5.22035582508	-1744.49137887	
-5.22215600558	-1744.49845638	
-5.22395295126	-1744.50551901	
-5.22574667371	-1744.51256681	
-5.22753718449	-1744.51959984	
-5.22932449506	-1744.52661815	
-5.23110861685	-1744.53362178	
-5.23288956123	-1744.54061079	
-5.23466733947	-1744.54758522	
-5.23644196283	-1744.55454512	
-5.23821344248	-1744.56149055	
-5.23998178954	-1744.56842155	
-5.24174701506	-1744.57533817	
-5.24350913005	-1744.58224045	
-5.24526814546	-1744.58912845	
-5.24702407216	-1744.59600222	
-5.24877692099	-1744.60286179	
-5.25052670271	-1744.60970723	
-5.25227342805	-1744.61653857	
-5.25401710765	-1744.62335586	
-5.25575775213	-1744.63015916	
-5.25749537203	-1744.63694849	
-5.25922997784	-1744.64372392	
-5.26096158	-1744.65048549	
-5.2626901889	-1744.65723325	
-5.26441581487	-1744.66396723	
-5.26613846818	-1744.67068749	
-5.26785815906	-1744.67739406	
-5.26957489768	-1744.68408701	
-5.27128869416	-1744.69076636	
-5.27299955856	-1744.69743217	
-5.27470750091	-1744.70408448	
-5.27641253116	-1744.71072333	
-5.27811465923	-1744.71734877	
-5.27981389498	-1744.72396084	
-5.28151024823	-1744.73055958	
-5.28320372874	-1744.73714504	
-5.28489434622	-1744.74371727	
-5.28658211033	-1744.7502763	
-5.28826703069	-1744.75682217	
-5.28994911688	-1744.76335494	
-5.2916283784	-1744.76987463	
-5.29330482472	-1744.77638131	
-5.29497846528	-1744.782875	
-5.29664930945	-1744.78935574	
-5.29831736655	-1744.79582359	
-5.29998264587	-1744.80227858	
-5.30164515664	-1744.80872076	
-5.30330490806	-1744.81515015	
-5.30496190927	-1744.82156682	
-5.30661616936	-1744.82797078	
-5.3082676974	-1744.8343621	
-5.30991650239	-1744.8407408	
-5.3115625933	-1744.84710693	
-5.31320597904	-1744.85346052	
-5.3148466685	-1744.85980163	
-5.3164846705	-1744.86613028	
-5.31811999384	-1744.87244651	
-5.31975264727	-1744.87875037	
-5.32138263948	-1744.8850419	
-5.32300997914	-1744.89132113	
-5.32463467487	-1744.8975881	
-5.32625673524	-1744.90384286	
-5.32787616879	-1744.91008543	
-5.32949298402	-1744.91631587	
-5.33110718937	-1744.92253419	
-5.33271879327	-1744.92874046	
-5.33432780407	-1744.93493469	
-5.33593423012	-1744.94111694	
-5.3375380797	-1744.94728723	
-5.33913936107	-1744.9534456	
-5.34073808243	-1744.9595921	
-5.34233425196	-1744.96572676	
-5.3439278778	-1744.97184961	
-5.34551896803	-1744.9779607	
-5.34710753072	-1744.98406005	
-5.34869357387	-1744.99014771	
-5.35027710548	-1744.99622371	
-5.35185813348	-1745.00228809	
-5.35343666577	-1745.00834089	
-5.35501271022	-1745.01438213	
-5.35658627467	-1745.02041185	
-5.3581573669	-1745.0264301	
-5.35972599468	-1745.0324369	
-5.36129216571	-1745.0384323	
-5.36285588769	-1745.04441632	
-5.36441716825	-1745.050389	
-5.36597601502	-1745.05635037	
-5.36753243557	-1745.06230048	
-5.36908643744	-1745.06823935	
-5.37063802813	-1745.07416701	
-5.37218721511	-1745.08008352	
-5.37373400583	-1745.08598888	
-5.37527840768	-1745.09188315	
-5.37682042804	-1745.09776635	
-5.37836007422	-1745.10363853	
-5.37989735354	-1745.1094997	
-5.38143227326	-1745.1153499	
-5.38296484061	-1745.12118918	
-5.38449506279	-1745.12701755	
-5.38602294697	-1745.13283506	
-5.38754850028	-1745.13864174	
-5.38907172982	-1745.14443761	
-5.39059264266	-1745.15022271	
-5.39211124583	-1745.15599708	
-5.39362754635	-1745.16176075	
-5.39514155118	-1745.16751374	
-5.39665326727	-1745.17325609	
-5.39816270152	-1745.17898783	
-5.39966986081	-1745.184709	
-5.40117475199	-1745.19041962	
-5.40267738187	-1745.19611973	
-5.40417775725	-1745.20180935	
-5.40567588487	-1745.20748852	
-5.40717177146	-1745.21315727	
-5.40866542372	-1745.21881564	
-5.4101568483	-1745.22446364	
-5.41164605186	-1745.23010131	
-5.41313304098	-1745.23572869	
-5.41461782224	-1745.2413458	
-5.4161004022	-1745.24695267	
-5.41758078737	-1745.25254934	
-5.41905898424	-1745.25813583	
-5.42053499927	-1745.26371217	
-5.42200883889	-1745.26927839	
-5.4234805095	-1745.27483453	
-5.42495001748	-1745.2803806	
-5.42641736918	-1745.28591665	
-5.4278825709	-1745.2914427	
-5.42934562895	-1745.29695878	
-5.43080654959	-1745.30246492	
-5.43226533906	-1745.30796114	
-5.43372200355	-1745.31344748	
-5.43517654927	-1745.31892397	
-5.43662898235	-1745.32439062	
-5.43807930892	-1745.32984749	
-5.4395275351	-1745.33529458	
-5.44097366695	-1745.34073193	
-5.44241771052	-1745.34615956	
-5.44385967184	-1745.35157751	
-5.4452995569	-1745.35698581	
-5.44673737167	-1745.36238447	
-5.44817312209	-1745.36777353	
-5.44960681409	-1745.37315302	
-5.45103845357	-1745.37852296	
-5.45246804638	-1745.38388338	
-5.45389559837	-1745.38923431	
-5.45532111536	-1745.39457577	
-5.45674460314	-1745.39990779	
-5.45816606749	-1745.40523041	
-5.45958551414	-1745.41054364	
-5.46100294883	-1745.41584751	
-5.46241837723	-1745.42114205	
-5.46383180503	-1745.42642728	
-5.46524323786	-1745.43170324	
-5.46665268137	-1745.43696994	
-5.46806014114	-1745.44222742	
-5.46946562274	-1745.4474757	
-5.47086913175	-1745.4527148	
-5.47227067367	-1745.45794475	
-5.47367025403	-1745.46316559	
-5.47506787829	-1745.46837733	
-5.47646355193	-1745.47357999	
-5.47785728038	-1745.47877361	
-5.47924906905	-1745.48395821	
-5.48063892334	-1745.48913382	
-5.48202684862	-1745.49430045	
-5.48341285022	-1745.49945814	
-5.48479693349	-1745.50460691	
-5.48617910372	-1745.50974679	
-5.48755936619	-1745.51487779	
-5.48893772616	-1745.51999995	
-5.49031418887	-1745.52511329	
-5.49168875953	-1745.53021783	
-5.49306144334	-1745.5353136	
-5.49443224547	-1745.54040063	
-5.49580117108	-1745.54547893	
-5.49716822529	-1745.55054853	
-5.49853341322	-1745.55560945	
-5.49989673995	-1745.56066172	
-5.50125821054	-1745.56570537	
-5.50261783006	-1745.57074041	
-5.50397560352	-1745.57576687	
-5.50533153593	-1745.58078478	
-5.50668563228	-1745.58579415	
-5.50803789753	-1745.59079502	
-5.50938833663	-1745.59578739	
-5.5107369545	-1745.6007713	
-5.51208375605	-1745.60574678	
-5.51342874616	-1745.61071383	
-5.51477192971	-1745.61567249	
-5.51611331154	-1745.62062279	
-5.51745289646	-1745.62556473	
-5.51879068931	-1745.63049834	
-5.52012669485	-1745.63542366	
-5.52146091786	-1745.64034069	
-5.5227933631	-1745.64524946	
-5.52412403528	-1745.65015	
-5.52545293913	-1745.65504233	
-5.52678007934	-1745.65992646	
-5.52810546058	-1745.66480243	
-5.52942908751	-1745.66967024	
-5.53075096477	-1745.67452993	
-5.53207109697	-1745.67938152	
-5.53338948873	-1745.68422503	
-5.53470614461	-1745.68906047	
-5.53602106919	-1745.69388788	
-5.53733426702	-1745.69870727	
-5.53864574262	-1745.70351867	
-5.5399555005	-1745.70832209	
-5.54126354516	-1745.71311756	
-5.54256988107	-1745.71790509	
-5.5438745127	-1745.72268472	
-5.54517744448	-1745.72745645	
-5.54647868084	-1745.73222032	
-5.54777822618	-1745.73697634	
-5.5490760849	-1745.74172454	
-5.55037226136	-1745.74646492	
-5.55166675992	-1745.75119753	
-5.55295958492	-1745.75592236	
-5.55425074069	-1745.76063946	
-5.55554023152	-1745.76534882	
-5.5568280617	-1745.77005049	
-5.55811423551	-1745.77474447	
-5.5593987572	-1745.77943079	
-5.56068163102	-1745.78410947	
-5.56196286117	-1745.78878052	
-5.56324245188	-1745.79344397	
-5.56452040732	-1745.79809984	
-5.56579673168	-1745.80274815	
-5.56707142911	-1745.80738891	
-5.56834450376	-1745.81202214	
-5.56961595975	-1745.81664788	
-5.57088580119	-1745.82126613	
-5.57215403218	-1745.82587691	
-5.57342065679	-1745.83048025	
-5.5746856791	-1745.83507617	
-5.57594910315	-1745.83966467	
-5.57721093297	-1745.84424579	
-5.57847117258	-1745.84881954	
-5.57972982599	-1745.85338594	
-5.58098689718	-1745.85794501	
-5.58224239012	-1745.86249677	
-5.58349630878	-1745.86704123	
-5.5847486571	-1745.87157843	
-5.585999439	-1745.87610836	
-5.5872486584	-1745.88063106	
-5.5884963192	-1745.88514655	
-5.58974242528	-1745.88965483	
-5.59098698051	-1745.89415593	
-5.59222998875	-1745.89864987	
-5.59347145384	-1745.90313667	
-5.5947113796	-1745.90761633	
-5.59594976985	-1745.9120889	
-5.59718662839	-1745.91655437	
-5.598421959	-1745.92101277	
-5.59965576545	-1745.92546412	
-5.60088805149	-1745.92990843	
-5.60211882088	-1745.93434572	
-5.60334807733	-1745.93877601	
-5.60457582457	-1745.94319933	
-5.6058020663	-1745.94761567	
-5.60702680619	-1745.95202507	
-5.60825004793	-1745.95642754	
-5.60947179518	-1745.9608231	
-5.61069205159	-1745.96521177	
-5.61191082078	-1745.96959356	
-5.61312810639	-1745.97396848	
-5.61434391201	-1745.97833657	
-5.61555824124	-1745.98269783	
-5.61677109767	-1745.98705228	
-5.61798248485	-1745.99139994	
-5.61919240636	-1745.99574083	
-5.62040086572	-1746.00007496	
-5.62160786647	-1746.00440235	
-5.62281341212	-1746.00872302	
-5.62401750619	-1746.01303698	
-5.62522015215	-1746.01734425	
-5.6264213535	-1746.02164485	
-5.62762111369	-1746.02593879	
-5.62881943618	-1746.03022609	
-5.63001632442	-1746.03450677	
-5.63121178182	-1746.03878084	
-5.63240581181	-1746.04304832	
-5.6335984178	-1746.04730923	
-5.63478960317	-1746.05156358	
-5.6359793713	-1746.05581138	
-5.63716772557	-1746.06005266	
-5.63835466933	-1746.06428743	
-5.63954020593	-1746.06851571	
-5.64072433869	-1746.07273751	
-5.64190707094	-1746.07695285	
-5.64308840598	-1746.08116174	
-5.64426834712	-1746.0853642	
-5.64544689764	-1746.08956025	
-5.64662406082	-1746.0937499	
-5.64779983991	-1746.09793317	
-5.64897423816	-1746.10211007	
-5.65014725882	-1746.10628061	
-5.65131890512	-1746.11044483	
-5.65248918027	-1746.11460272	
-5.65365808747	-1746.1187543	
-5.65482562993	-1746.1228996	
-5.65599181082	-1746.12703862	
-5.65715663332	-1746.13117138	
-5.65832010058	-1746.1352979	
-5.65948221576	-1746.13941818	
-5.660642982	-1746.14353226	
-5.66180240242	-1746.14764013	
-5.66296048014	-1746.15174182	
-5.66411721826	-1746.15583735	
-5.66527261989	-1746.15992671	
-5.66642668811	-1746.16400994	
-5.66757942599	-1746.16808705	
-5.6687308366	-1746.17215804	
-5.66988092298	-1746.17622294	
-5.67102968818	-1746.18028176	
-5.67217713524	-1746.18433451	
-5.67332326717	-1746.18838121	
-5.67446808699	-1746.19242187	
-5.67561159769	-1746.19645651	
-5.67675380227	-1746.20048515	
-5.6778947037	-1746.20450779	
-5.67903430497	-1746.20852444	
-5.68017260902	-1746.21253514	
-5.6813096188	-1746.21653988	
-5.68244533727	-1746.22053869	
-5.68357976734	-1746.22453157	
-5.68471291194	-1746.22851855	
-5.68584477397	-1746.23249963	
-5.68697535634	-1746.23647483	
-5.68810466194	-1746.24044416	
-5.68923269364	-1746.24440764	
-5.69035945432	-1746.24836528	
-5.69148494685	-1746.2523171	
-5.69260917406	-1746.2562631	
-5.6937321388	-1746.2602033	
-5.69485384391	-1746.26413773	
-5.69597429221	-1746.26806638	
-5.69709348651	-1746.27198927	
-5.69821142961	-1746.27590642	
-5.69932812431	-1746.27981784	
-5.70044357339	-1746.28372354	
-5.70155777963	-1746.28762354	
-5.7026707458	-1746.29151785	
-5.70378247466	-1746.29540649	
-5.70489296894	-1746.29928946	
-5.70600223139	-1746.30316678	
-5.70711026475	-1746.30703846	
-5.70821707172	-1746.31090452	
-5.70932265503	-1746.31476496	
-5.71042701737	-1746.31861981	
-5.71153016145	-1746.32246908	
-5.71263208993	-1746.32631277	
-5.71373280551	-1746.3301509	
-5.71483231084	-1746.33398349	
-5.71593060859	-1746.33781055	
-5.71702770141	-1746.34163208	
-5.71812359193	-1746.34544811	
-5.71921828279	-1746.34925864	
-5.72031177661	-1746.35306369	
-5.72140407601	-1746.35686326	
-5.72249518359	-1746.36065739	
-5.72358510195	-1746.36444606	
-5.72467383369	-1746.36822931	
-5.72576138137	-1746.37200713	
-5.72684774759	-1746.37577955	
-5.72793293489	-1746.37954657	
-5.72901694583	-1746.38330821	
-5.73009978297	-1746.38706448	
-5.73118144884	-1746.39081539	
-5.73226194598	-1746.39456096	
-5.7333412769	-1746.39830119	
-5.73441944412	-1746.4020361	
-5.73549645015	-1746.40576571	
-5.73657229748	-1746.40949001	
-5.73764698861	-1746.41320903	
-5.73872052602	-1746.41692277	
-5.73979291218	-1746.42063126	
-5.74086414956	-1746.42433449	
-5.74193424062	-1746.42803249	
-5.74300318781	-1746.43172526	
-5.74407099357	-1746.43541282	
-5.74513766034	-1746.43909518	
-5.74620319054	-1746.44277234	
-5.7472675866	-1746.44644433	
-5.74833085092	-1746.45011115	
-5.74939298591	-1746.45377281	
-5.75045399397	-1746.45742933	
-5.75151387748	-1746.46108072	
-5.75257263883	-1746.46472699	
-5.75363028038	-1746.46836814	
-5.75468680452	-1746.4720042	
-5.75574221359	-1746.47563518	
-5.75679650994	-1746.47926108	
-5.75784969593	-1746.48288191	
-5.75890177388	-1746.48649769	
-5.75995274612	-1746.49010843	
-5.76100261499	-1746.49371414	
-5.76205138278	-1746.49731484	
-5.76309905181	-1746.50091052	
-5.76414562438	-1746.50450121	
-5.76519110278	-1746.50808691	
-5.7662354893	-1746.51166764	
-5.76727878622	-1746.5152434	
-5.76832099579	-1746.51881421	
-5.7693621203	-1746.52238008	
-5.770402162	-1746.52594102	
-5.77144112313	-1746.52949704	
-5.77247900594	-1746.53304816	
-5.77351581267	-1746.53659437	
-5.77455154554	-1746.54013569	
-5.77558620679	-1746.54367214	
-5.77661979861	-1746.54720373	
-5.77765232322	-1746.55073046	
-5.77868378283	-1746.55425234	
-5.77971417962	-1746.55776939	
-5.78074351579	-1746.56128162	
-5.78177179352	-1746.56478903	
-5.78279901497	-1746.56829165	
-5.78382518233	-1746.57178947	
-5.78485029774	-1746.57528251	
-5.78587436337	-1746.57877078	
-5.78689738137	-1746.58225428	
-5.78791935386	-1746.58573304	
-5.788940283	-1746.58920706	
-5.7899601709	-1746.59267635	
-5.79097901969	-1746.59614092	
-5.79199683148	-1746.59960078	
-5.79301360838	-1746.60305595	
-5.7940293525	-1746.60650642	
-5.79504406593	-1746.60995222	
-5.79605775077	-1746.61339334	
-5.79707040908	-1746.61682981	
-5.79808204295	-1746.62026163	
-5.79909265446	-1746.62368882	
-5.80010224566	-1746.62711137	
-5.80111081862	-1746.63052931	
-5.80211837538	-1746.63394264	
-5.80312491799	-1746.63735137	
-5.80413044849	-1746.64075551	
-5.80513496892	-1746.64415507	
-5.80613848129	-1746.64755007	
-5.80714098764	-1746.6509405	
-5.80814248998	-1746.65432639	
-5.80914299031	-1746.65770773	
