#Site	lnL	
0	-1.47656676747
1	-1.60050829659
2	-1.41537430173
3	-1.66064424681
4	-1.79769476463
5	-14.950063837
6	-1.47656676747
7	-6.41613883825
8	-15.0384682155
9	-5.12424028772
10	-1.60050829659
11	-15.6284821711
12	-1.47656676747
13	-5.54151878209
14	-15.6284824847
15	-1.91300878784
16	-1.79769476463
17	-15.6408747716
18	-5.89714106611
19	-5.5786411863
20	-15.8784854851
21	-1.91300878784
22	-2.06754900481
23	-17.3533886114
24	-1.47656676747
25	-2.06754900481
26	-1.41537430173
27	-5.96684300964
28	-1.60050829659
29	-14.950063837
30	-1.91300878784
31	-4.89410769982
32	-17.6167046599
33	-11.5253637199
34	-1.85638183462
35	-16.6588405826
36	-1.7154845162
37	-1.79769476463
38	-14.9500640069
39	-1.7154845162
40	-5.63257158946
41	-15.8024723781
42	-1.7154845162
43	-1.79769476463
44	-1.2120179848
45	-1.7154845162
46	-1.85638183462
47	-1.36859415984
48	-5.15073342346
49	-5.6159546394
50	-1.58434419009
51	-1.47656676747
52	-1.85638183462
53	-15.7556924905
54	-5.82296008522
55	-2.06754900481
56	-1.36859415984
57	-8.58740032399
58	-5.76388736727
59	-1.2120179848
60	-1.7154845162
61	-8.16953450476
62	-1.36859415984
63	-5.96684300964
64	-1.79769476463
65	-1.36859415984
66	-1.47656676747
67	-1.85638183462
68	-15.8784841483
69	-1.91300878784
70	-1.60050829659
71	-17.353388072
72	-1.47656676747
73	-8.12396497005
74	-1.2120179848
75	-1.66064424681
76	-9.80863485007
77	-1.2120179848
78	-8.76770623432
79	-8.16953450476
80	-1.36859415984
81	-6.85511514398
82	-4.89410769982
83	-14.9624569268
84	-5.96040737155
85	-6.75716567842
86	-1.41537430173
87	-1.91300878784
88	-6.09877084266
89	-1.58434419009
90	-1.66064424681
91	-2.06754900481
92	-14.9624582785
93	-1.66064424681
94	-2.06754900481
95	-29.1969401751
96	-1.91300878784
97	-6.71713199021
98	-46.3837477644
99	-1.47656676747
100	-1.79769476463
101	-1.2120179848
102	-5.12424028772
103	-4.9883270098
104	-14.9624569268
105	-5.94583239275
106	-2.06754900481
107	-1.36859415984
108	-5.24019182896
109	-2.06754900481
110	-18.3805106298
111	-5.99176694763
112	-1.85638183462
113	-1.2120179848
114	-1.47656676747
115	-4.89252725738
116	-16.1280171431
117	-6.34793709062
118	-1.60050829659
119	-29.2212544762
120	-1.91300878784
121	-4.93419683552
122	-1.36859415984
123	-1.66064424681
124	-5.7273747723
125	-15.7556929608
126	-6.82219543943
127	-1.79769476463
128	-1.41537430173
129	-1.66064424681
130	-1.85638183462
131	-15.0260760709
132	-1.7154845162
133	-1.79769476463
134	-16.4341104838
135	-1.47656676747
136	-1.60050829659
137	-15.8188262134
138	-1.47656676747
139	-2.06754900481
140	-1.58434419009
141	-1.7154845162
142	-6.71713199021
143	-1.2120179848
144	-1.7154845162
145	-1.60050829659
146	-1.41537430173
147	-1.91300878784
148	-2.06754900481
149	-29.9929769662
150	-5.19930992394
151	-1.60050829659
152	-1.41537430173
153	-1.47656676747
154	-1.79769476463
155	-31.7412087406
156	-1.91300878784
157	-2.06754900481
158	-17.9890307789
159	-1.47656676747
160	-1.60050829659
161	-16.8532162845
162	-1.66064424681
163	-1.60050829659
164	-1.41537430173
165	-6.31075697253
166	-4.89252725738
167	-1.36859415984
168	-1.7154845162
169	-1.60050829659
170	-15.8024723781
171	-1.47656676747
172	-1.60050829659
173	-15.8317043399
174	-5.99176694763
175	-1.79769476463
176	-15.8024729844
177	-1.47656676747
178	-1.60050829659
179	-16.8110762649
180	-1.7154845162
181	-5.63078062
182	-16.8110762649
183	-1.66064424681
184	-1.85638183462
185	-1.41537430173
186	-1.66064424681
187	-4.89252725738
188	-15.8188237489
189	-1.66064424681
190	-1.85638183462
191	-1.41537430173
192	-1.47656676747
193	-1.85638183462
194	-14.950063837
195	-1.47656676747
196	-1.79769476463
197	-1.36859415984
198	-7.25386140651
199	-5.54151878209
200	-29.1764901446
201	-5.19930992394
202	-7.55400146792
203	-1.36859415984
204	-1.66064424681
205	-5.81565369627
206	-1.58434419009
207	-1.47656676747
208	-2.06754900481
209	-1.2120179848
210	-1.7154845162
211	-1.79769476463
212	-16.128017755
213	-1.7154845162
214	-4.8468235879
215	-1.36859415984
216	-5.11924799589
217	-6.55200188943
218	-16.8064364761
219	-1.7154845162
220	-10.9688623004
221	-15.8317043399
222	-1.47656676747
223	-1.85638183462
224	-1.2120179848
225	-1.66064424681
226	-2.06754900481
227	-14.9500640069
228	-10.5317612138
229	-1.79769476463
230	-1.41537430173
231	-5.99176694763
232	-1.60050829659
233	-15.8188237489
234	-1.7154845162
235	-1.79769476463
236	-1.58434419009
237	-1.66064424681
238	-4.85958619252
239	-14.9624582785
240	-6.29596596694
241	-2.06754900481
242	-14.9624582785
243	-1.47656676747
244	-1.79769476463
245	-45.5041594153
246	-1.91300878784
247	-1.60050829659
248	-30.425629513
249	-1.47656676747
250	-1.85638183462
251	-15.8317053755
252	-1.7154845162
253	-2.06754900481
254	-1.2120179848
255	-1.91300878784
256	-5.63257158946
257	-17.3533886114
258	-1.66064424681
259	-9.59340309938
260	-1.2120179848
261	-1.66064424681
262	-6.54282581424
263	-1.2120179848
264	-1.91300878784
265	-1.79769476463
266	-17.3533886114
267	-1.47656676747
268	-1.79769476463
269	-1.36859415984
270	-1.91300878784
271	-1.85638183462
272	-16.1747971667
273	-7.02458341264
274	-1.79769476463
275	-1.41537430173
276	-1.47656676747
277	-1.85638183462
278	-1.41537430173
279	-6.82219543943
280	-1.79769476463
281	-1.2120179848
282	-1.66064424681
283	-1.79769476463
284	-15.6408747716
285	-1.47656676747
286	-2.06754900481
287	-16.128017755
288	-8.29709860801
289	-6.78048374357
290	-15.0260760709
291	-1.7154845162
292	-1.79769476463
293	-1.2120179848
294	-1.66064424681
295	-1.79769476463
296	-14.9624569268
297	-1.66064424681
298	-5.68700673765
299	-1.36859415984
300	-1.66064424681
301	-8.94286188354
302	-16.6120604657
303	-1.47656676747
304	-1.79769476463
305	-1.58434419009
306	-1.47656676747
307	-1.85638183462
308	-1.58434419009
309	-7.43232695232
310	-5.77672838869
311	-1.41537430173
312	-1.47656676747
313	-2.06754900481
314	-16.4341115324
315	-5.15073342346
316	-1.79769476463
317	-16.6120594119
318	-1.7154845162
319	-2.06754900481
320	-1.2120179848
321	-1.66064424681
322	-2.06754900481
323	-1.2120179848
324	-1.66064424681
325	-4.85958619252
326	-1.36859415984
327	-1.91300878784
328	-6.74533888099
329	-30.8719479752
330	-1.7154845162
331	-1.60050829659
332	-1.41537430173
333	-1.47656676747
334	-1.85638183462
335	-15.6284824847
336	-1.47656676747
337	-1.79769476463
338	-1.58434419009
339	-1.66064424681
340	-6.41613883825
341	-33.6644780978
342	-1.66064424681
343	-1.85638183462
344	-1.58434419009
345	-1.7154845162
346	-6.73072290727
347	-1.58434419009
348	-5.83055123566
349	-1.85638183462
350	-16.8532162845
351	-6.04581192464
352	-1.85638183462
353	-14.950063837
354	-1.91300878784
355	-1.60050829659
356	-1.58434419009
357	-1.47656676747
358	-2.06754900481
359	-1.36859415984
360	-1.66064424681
361	-1.79769476463
362	-1.2120179848
363	-1.47656676747
364	-1.60050829659
365	-1.41537430173
366	-1.47656676747
367	-1.60050829659
368	-15.8064311335
369	-5.15073342346
370	-1.85638183462
371	-15.6284824847
372	-1.7154845162
373	-4.89252725738
374	-1.41537430173
375	-5.15073342346
376	-1.60050829659
377	-1.41537430173
378	-1.91300878784
379	-5.63257158946
380	-14.9624569268
381	-1.47656676747
382	-1.60050829659
383	-1.58434419009
384	-1.47656676747
385	-9.33563763002
386	-1.2120179848
387	-6.44373572547
388	-1.85638183462
389	-1.2120179848
390	-1.66064424681
391	-4.89252725738
392	-1.36859415984
393	-1.7154845162
394	-1.85638183462
395	-1.2120179848
396	-1.66064424681
397	-1.79769476463
398	-16.6588405826
399	-1.7154845162
400	-4.8468235879
401	-15.6408772661
402	-1.66064424681
403	-2.06754900481
404	-30.362499507
405	-1.91300878784
406	-4.89252725738
407	-15.6284824847
408	-1.47656676747
409	-4.89410769982
410	-1.36859415984
411	-1.91300878784
412	-1.85638183462
413	-1.2120179848
414	-1.47656676747
415	-7.95434131153
416	-1.41537430173
417	-1.47656676747
418	-7.0343493793
419	-1.41537430173
420	-1.47656676747
421	-1.60050829659
422	-1.58434419009
423	-5.96040737155
424	-1.85638183462
425	-15.8784841483
426	-1.7154845162
427	-8.75206153734
428	-1.58434419009
429	-1.47656676747
430	-2.06754900481
431	-32.0923391292
432	-5.83055123566
433	-1.79769476463
434	-1.2120179848
435	-1.91300878784
436	-8.33791830271
437	-16.8110762649
438	-6.3640904999
439	-1.85638183462
440	-30.1845505786
441	-1.66064424681
442	-1.79769476463
443	-1.36859415984
444	-6.01340955775
445	-5.81565369627
446	-1.41537430173
447	-1.66064424681
448	-2.06754900481
449	-28.6886875194
450	-1.47656676747
451	-1.79769476463
452	-1.36859415984
453	-1.91300878784
454	-6.60062835674
455	-28.8920423525
456	-1.47656676747
457	-1.85638183462
458	-1.41537430173
459	-1.91300878784
460	-4.8468235879
461	-1.58434419009
462	-5.19930992394
463	-11.5310106467
464	-1.36859415984
465	-1.7154845162
466	-1.85638183462
467	-1.41537430173
468	-1.66064424681
469	-5.5786411863
470	-1.58434419009
