#Site	lnL	
0	-5.68152506959
1	-5.33890656395
2	-1.63693431764
3	-1.56751127562
4	-1.62206460071
5	-5.03587696449
6	-1.56751127562
7	-2.111891793
8	-1.44288427698
9	-1.56751127562
10	-6.58908435114
11	-5.98917010583
12	-1.56751127562
13	-2.111891793
14	-1.44288427698
15	-4.60958008684
16	-1.83790100693
17	-11.0096183163
18	-1.56751127562
19	-1.62206460071
20	-6.23346329255
21	-1.7492213558
22	-1.80968818307
23	-5.64868238198
24	-1.56751127562
25	-5.58879610918
26	-1.44288427698
27	-1.56751127562
28	-1.80968818307
29	-1.61117184852
30	-1.56751127562
31	-1.62206460071
32	-1.44288427698
33	-5.58787177218
34	-1.80968818307
35	-9.10313443886
36	-5.18986358636
37	-1.80968818307
38	-6.68110258493
39	-2.0446702563
40	-14.8798890741
41	-1.61117184852
42	-4.72905736319
43	-1.62206460071
44	-11.3353041561
45	-1.77668284714
46	-1.80968818307
47	-5.9363874838
48	-1.77668284714
49	-12.1828652985
50	-1.63693431764
51	-5.80233295824
52	-1.83790100693
53	-1.89139925782
54	-2.0446702563
55	-12.9822602435
56	-1.61117184852
57	-1.7492213558
58	-1.62206460071
59	-1.44288427698
60	-1.56751127562
61	-1.62206460071
62	-10.5800263771
63	-1.56751127562
64	-1.80968818307
65	-1.61117184852
66	-5.80233295824
67	-2.111891793
68	-7.84349302158
69	-1.77668284714
70	-1.62206460071
71	-1.44288427698
72	-1.77668284714
73	-6.27162958573
74	-5.64671300898
75	-1.56751127562
76	-5.21993647454
77	-1.44288427698
78	-1.56751127562
79	-1.83790100693
80	-1.63693431764
81	-1.7492213558
82	-6.22036703177
83	-1.61117184852
84	-1.77668284714
85	-1.62206460071
86	-7.01560221886
87	-1.7492213558
88	-8.07347720499
89	-1.44288427698
90	-5.18986358636
91	-1.80968818307
92	-7.52080369396
93	-1.77668284714
94	-5.59384480678
95	-1.44288427698
96	-1.77668284714
97	-6.62866318184
98	-1.61117184852
99	-2.0446702563
100	-1.83790100693
101	-5.47737116137
102	-6.21976807792
103	-1.62206460071
104	-12.5694223507
105	-1.56751127562
106	-5.50153007102
107	-1.63693431764
108	-1.56751127562
109	-1.83790100693
110	-1.61117184852
111	-2.0446702563
112	-1.83790100693
113	-1.89139925782
114	-8.66499658524
115	-1.83790100693
116	-5.03587696449
117	-5.80233295824
118	-7.20036452067
119	-1.44288427698
120	-2.0446702563
121	-2.111891793
122	-12.0467349702
123	-1.56751127562
124	-7.60490370306
125	-1.61117184852
126	-1.77668284714
127	-5.63512392278
128	-6.23346329255
129	-1.77668284714
130	-5.80375715244
131	-16.0849766922
132	-5.58787177218
133	-1.62206460071
134	-1.61117184852
135	-1.56751127562
136	-5.50153007102
137	-1.63693431764
138	-5.68152506959
139	-1.62206460071
140	-1.44288427698
141	-1.77668284714
142	-2.111891793
143	-1.63693431764
144	-2.0446702563
145	-1.62206460071
146	-1.61117184852
147	-2.0446702563
148	-1.80968818307
149	-7.66736943147
150	-5.31631099564
151	-1.83790100693
152	-6.54867685043
153	-5.43097053736
154	-1.62206460071
155	-6.83314644604
156	-2.0446702563
157	-2.111891793
158	-1.63693431764
159	-2.0446702563
160	-1.80968818307
161	-1.44288427698
162	-2.0446702563
163	-1.62206460071
164	-1.61117184852
165	-1.7492213558
166	-1.62206460071
167	-5.64671300898
168	-2.0446702563
169	-1.62206460071
170	-1.89139925782
171	-1.56751127562
172	-2.111891793
173	-4.92832729898
174	-9.50580781178
175	-1.80968818307
176	-1.44288427698
177	-2.0446702563
178	-1.83790100693
179	-6.24449462676
180	-1.7492213558
181	-2.111891793
182	-1.61117184852
183	-1.56751127562
184	-9.73958573884
185	-1.61117184852
186	-1.77668284714
187	-5.58879610918
188	-6.54867685043
189	-2.0446702563
190	-1.62206460071
191	-1.61117184852
192	-2.0446702563
193	-1.62206460071
194	-1.44288427698
195	-2.0446702563
196	-5.33890656395
197	-1.61117184852
198	-6.28081166244
199	-1.62206460071
200	-1.44288427698
201	-1.56751127562
202	-1.80968818307
203	-5.64671300898
204	-1.56751127562
205	-10.6223752808
206	-1.89139925782
207	-1.7492213558
208	-5.05693090596
209	-5.03587696449
210	-1.56751127562
211	-1.83790100693
212	-1.61117184852
213	-1.7492213558
214	-1.83790100693
215	-1.63693431764
216	-11.2333179375
217	-1.83790100693
218	-8.30056508911
219	-2.0446702563
220	-7.19473549193
221	-1.63693431764
222	-1.77668284714
223	-6.62866318184
224	-1.44288427698
225	-1.77668284714
226	-1.62206460071
227	-5.64868238198
228	-1.7492213558
229	-1.83790100693
230	-10.9569029041
231	-1.56751127562
232	-1.62206460071
233	-1.63693431764
234	-1.56751127562
235	-1.62206460071
236	-5.03587696449
237	-1.56751127562
238	-5.80196021772
239	-6.94557798596
240	-5.68152506959
241	-1.83790100693
242	-1.44288427698
243	-2.0446702563
244	-1.80968818307
245	-5.7181678749
246	-10.2898385027
247	-1.62206460071
248	-1.89139925782
249	-1.56751127562
250	-8.35859614783
251	-1.61117184852
252	-5.31631099564
253	-1.83790100693
254	-1.61117184852
255	-1.77668284714
256	-1.62206460071
257	-1.44288427698
258	-1.7492213558
259	-1.83790100693
260	-1.89139925782
261	-1.7492213558
262	-1.62206460071
263	-1.44288427698
264	-1.7492213558
265	-1.80968818307
266	-9.88119641739
267	-7.14775553244
268	-1.83790100693
269	-10.8880509178
270	-1.7492213558
271	-1.83790100693
272	-1.63693431764
273	-1.77668284714
274	-5.52429616618
275	-4.92832729898
276	-1.56751127562
277	-5.80375715244
278	-1.63693431764
279	-1.77668284714
280	-7.84778426995
281	-1.61117184852
282	-1.56751127562
283	-1.62206460071
284	-9.77287413935
285	-4.72905736319
286	-5.06653814171
287	-1.61117184852
288	-2.0446702563
289	-1.62206460071
290	-1.61117184852
291	-2.0446702563
292	-5.22340675005
293	-1.44288427698
294	-1.77668284714
295	-1.62206460071
296	-1.44288427698
297	-8.34906394267
298	-2.111891793
299	-1.63693431764
300	-1.7492213558
301	-6.60589708668
302	-1.61117184852
303	-1.77668284714
304	-1.62206460071
305	-1.61117184852
306	-2.0446702563
307	-5.0341648108
308	-4.99575130824
309	-1.7492213558
310	-6.58908435114
311	-1.63693431764
312	-1.7492213558
313	-1.83790100693
314	-1.63693431764
315	-1.56751127562
316	-1.80968818307
317	-1.89139925782
318	-1.56751127562
319	-1.80968818307
320	-7.66736943147
321	-1.56751127562
322	-2.111891793
323	-1.89139925782
324	-5.92634682915
325	-1.83790100693
326	-1.63693431764
327	-4.61329017984
328	-1.83790100693
329	-1.44288427698
330	-1.56751127562
331	-2.111891793
332	-6.68110258493
333	-6.21976807792
334	-7.44456253797
335	-1.61117184852
336	-5.31933118893
337	-1.83790100693
338	-5.64868238198
339	-5.90000532169
340	-1.80968818307
341	-1.63693431764
342	-2.0446702563
343	-7.06553689903
344	-1.44288427698
345	-5.16354843666
346	-1.80968818307
347	-1.89139925782
348	-1.7492213558
349	-6.47809007673
350	-4.9307073972
351	-1.7492213558
352	-1.83790100693
353	-1.61117184852
354	-5.31631099564
355	-12.6979246344
356	-5.64671300898
357	-5.72898805324
358	-1.62206460071
359	-1.63693431764
360	-5.18986358636
361	-5.80196021772
362	-1.44288427698
363	-5.18986358636
364	-1.83790100693
365	-1.61117184852
366	-2.0446702563
367	-2.111891793
368	-1.44288427698
369	-2.0446702563
370	-1.62206460071
371	-1.44288427698
372	-2.0446702563
373	-1.62206460071
374	-5.7181678749
375	-7.9359257924
376	-1.62206460071
377	-5.7181678749
378	-2.0446702563
379	-1.83790100693
380	-6.83607533316
381	-7.54575529442
382	-4.52264055278
383	-1.89139925782
384	-5.72898805324
385	-1.80968818307
386	-6.23346329255
387	-7.75655400043
388	-1.62206460071
389	-1.61117184852
390	-4.61329017984
391	-5.63512392278
392	-1.89139925782
393	-1.7492213558
394	-5.05693090596
395	-1.63693431764
396	-1.56751127562
397	-5.52429616618
398	-9.86345619652
399	-1.7492213558
400	-1.80968818307
401	-19.8532458689
402	-5.92634682915
403	-1.62206460071
404	-1.63693431764
405	-1.56751127562
406	-7.97559764104
407	-1.89139925782
408	-2.0446702563
409	-1.83790100693
410	-1.61117184852
411	-1.7492213558
412	-1.80968818307
413	-1.61117184852
414	-7.54575529442
415	-1.83790100693
416	-1.44288427698
417	-1.56751127562
418	-4.57067027631
419	-1.61117184852
420	-8.17455768062
421	-1.80968818307
422	-1.61117184852
423	-1.77668284714
424	-9.26553228682
425	-1.44288427698
426	-15.4078597748
427	-6.22036703177
428	-8.7844201381
429	-12.0348617776
430	-1.83790100693
431	-1.61117184852
432	-5.18986358636
433	-4.57067027631
434	-5.98917010583
435	-4.61329017984
436	-5.59384480678
437	-1.44288427698
438	-6.74195205465
439	-4.64307658985
440	-1.89139925782
441	-1.7492213558
442	-2.111891793
443	-6.59592155027
444	-1.7492213558
445	-1.83790100693
446	-11.5061520363
447	-5.67717396009
448	-5.52429616618
449	-1.89139925782
450	-2.0446702563
451	-7.6473433474
452	-1.63693431764
453	-1.56751127562
454	-6.27162958573
455	-1.61117184852
456	-1.56751127562
457	-7.23978166577
458	-5.7181678749
459	-8.17455768062
460	-4.57067027631
461	-1.44288427698
462	-1.7492213558
463	-5.80375715244
464	-1.61117184852
465	-12.0873474618
466	-1.80968818307
467	-1.89139925782
468	-1.7492213558
469	-5.8288670222
470	-5.98917010583
