# log_p 	 lnL 	 
0.0	-1592.79823444	
-0.287682072452	-1592.72421419	
-0.510825623766	-1592.62776092	
-0.69314718056	-1592.51583157	
-0.847297860387	-1592.39161613	
-0.980829253012	-1592.25608884	
-1.09861228867	-1592.10976056	
-1.20397280433	-1591.95356223	
-1.29928298413	-1591.78901487	
-1.38629436112	-1591.61806615	
-1.46633706879	-1591.44284877	
-1.54044504095	-1591.26547495	
-1.60943791243	-1591.08789717	
-1.67397643357	-1590.91182891	
-1.73460105539	-1590.73870992	
-1.79175946923	-1590.56970124	
-1.8458266905	-1590.40569957	
-1.89711998489	-1590.24736272	
-1.94591014906	-1590.09514097	
-1.99243016469	-1589.94930993	
-2.03688192726	-1589.8100026	
-2.07944154168	-1589.67723851	
-2.1202635362	-1589.55094951	
-2.15948424935	-1589.43100154	
-2.19722457734	-1589.31721273	
-2.23359222151	-1589.20936802	
-2.26868354132	-1589.10723075	
-2.30258509299	-1589.01055177	
-2.33537491582	-1588.91907628	
-2.36712361413	-1588.83254917	
-2.3978952728	-1588.75071874	
-2.42774823595	-1588.67333956	
-2.45673577282	-1588.60017433	
-2.48490664979	-1588.53099515	
-2.51230562398	-1588.46558433	
-2.53897387106	-1588.40373474	
-2.56494935746	-1588.34524995	
-2.59026716545	-1588.28994414	
-2.61495977804	-1588.23764189	
-2.63905732962	-1588.18817781	
-2.66258782703	-1588.14139618	
-2.68557734525	-1588.09715049	
-2.7080502011	-1588.055303	
-2.73002910782	-1588.01572422	
-2.75153531304	-1587.97829249	
-2.77258872224	-1587.94289353	
-2.79320800944	-1587.90941991	
-2.81341071676	-1587.87777072	
-2.83321334406	-1587.84785112	
-2.85263142991	-1587.81957193	
-2.87167962488	-1587.79284929	
-2.8903717579	-1587.76760433	
-2.90872089656	-1587.7437628	
-2.92673940207	-1587.72125482	
-2.94443897917	-1587.70001455	
-2.96183072188	-1587.67997997	
-2.97892515524	-1587.66109259	
-2.99573227355	-1587.64329724	
-3.01226157551	-1587.62654187	
-3.02852209638	-1587.61077732	
-3.04452243772	-1587.59595717	
-3.06027079469	-1587.58203753	
-3.07577498123	-1587.5689769	
-3.09104245336	-1587.55673602	
-3.10608033072	-1587.54527773	
-3.12089541651	-1587.53456684	
-3.13549421593	-1587.52456999	
-3.14988295338	-1587.51525558	
-3.16406758837	-1587.50659362	
-3.17805383035	-1587.49855565	
-3.19184715248	-1587.49111468	
-3.20545280454	-1587.48424504	
-3.21887582487	-1587.47792235	
-3.23212105162	-1587.47212345	
-3.24519313319	-1587.46682628	
-3.25809653802	-1587.46200987	
-3.2708355638	-1587.45765425	
-3.28341434601	-1587.45374041	
-3.295836866	-1587.45025024	
-3.3081069586	-1587.44716645	
-3.32022831913	-1587.44447258	
-3.33220451018	-1587.44215294	
-3.34403896782	-1587.44019251	
-3.35573500759	-1587.438577	
-3.36729582999	-1587.43729273	
-3.37872452581	-1587.43632665	
-3.39002408106	-1587.43566627	
-3.40119738166	-1587.43529966	
-3.41224721785	-1587.43521541	
-3.42317628838	-1587.43540259	
-3.43398720449	-1587.43585076	
-3.4446824936	-1587.43654991	
-3.45526460293	-1587.43749046	
-3.4657359028	-1587.43866322	
-3.47609868984	-1587.44005939	
-3.48635519	-1587.44167054	
-3.49650756147	-1587.44348858	
-3.50655789732	-1587.44550575	
-3.51650822817	-1587.4477146	
-3.52636052462	-1587.45010799	
-3.53611669956	-1587.45267906	
-3.54577861047	-1587.45542122	
-3.55534806149	-1587.45832813	
-3.56482680544	-1587.46139373	
-3.57421654579	-1587.46461216	
-3.58351893846	-1587.4679778	
-3.59273559356	-1587.47148525	
-3.60186807712	-1587.47512932	
-3.61091791264	-1587.47890501	
-3.61988658263	-1587.4828075	
-3.62877553004	-1587.48683216	
-3.63758615973	-1587.49097453	
-3.6463198397	-1587.49523033	
-3.65497790244	-1587.49959541	
-3.66356164613	-1587.50406579	
-3.6720723358	-1587.50863764	
-3.68051120444	-1587.51330724	
-3.68887945411	-1587.51807105	
-3.69717825693	-1587.5229256	
-3.70540875607	-1587.5278676	
-3.7135720667	-1587.53289384	
-3.72166927694	-1587.53800123	
-3.72970144863	-1587.5431868	
-3.73766961828	-1587.54844767	
-3.74557479779	-1587.55378106	
-3.75341797525	-1587.55918431	
-3.76120011569	-1587.56465481	
-3.76892216179	-1587.57019008	
-3.77658503453	-1587.5757877	
-3.78418963392	-1587.58144533	
-3.79173683955	-1587.58716074	
-3.79922751128	-1587.59293173	
-3.80666248977	-1587.5987562	
-3.81404259707	-1587.60463213	
-3.82136863716	-1587.61055754	
-3.82864139649	-1587.61653054	
-3.83586164446	-1587.62254927	
-3.84303013394	-1587.62861198	
-3.85014760171	-1587.63471692	
-3.85721476893	-1587.64086244	
-3.86423234159	-1587.64704693	
-3.87120101091	-1587.65326882	
-3.87812145375	-1587.65952662	
-3.88499433304	-1587.66581885	
-3.89182029811	-1587.6721441	
-3.8985999851	-1587.678501	
-3.90533401728	-1587.68488824	
-3.91202300543	-1587.69130451	
-3.91866754815	-1587.69774859	
-3.92526823218	-1587.70421926	
-3.93182563272	-1587.71071535	
-3.93834031375	-1587.71723575	
-3.94481282825	-1587.72377934	
-3.95124371858	-1587.73034507	
-3.95763351668	-1587.73693191	
-3.96398274436	-1587.74353887	
-3.97029191355	-1587.75016497	
-3.97656152657	-1587.75680927	
-3.98279207632	-1587.76347088	
-3.98898404656	-1587.77014891	
-3.99513791214	-1587.7768425	
-4.00125413916	-1587.78355083	
-4.00733318523	-1587.7902731	
-4.01337549969	-1587.79700852	
-4.01938152375	-1587.80375634	
-4.02535169074	-1587.81051583	
-4.03128642625	-1587.81728627	
-4.03718614838	-1587.82406698	
-4.04305126783	-1587.83085729	
-4.04888218815	-1587.83765655	
-4.05467930583	-1587.84446413	
-4.06044301055	-1587.85127942	
-4.06617368526	-1587.85810183	
-4.07187170637	-1587.86493077	
-4.07753744391	-1587.8717657	
-4.08317126162	-1587.87860608	
-4.08877351717	-1587.88545136	
-4.09434456222	-1587.89230106	
-4.0998847426	-1587.89915466	
-4.10539439841	-1587.9060117	
-4.11087386417	-1587.91287169	
-4.11632346894	-1587.9197342	
-4.12174353641	-1587.92659879	
-4.12713438505	-1587.93346501	
-4.13249632819	-1587.94033247	
-4.13782967416	-1587.94720076	
-4.14313472639	-1587.95406948	
-4.14841178349	-1587.96093827	
-4.15366113938	-1587.96780675	
-4.15888308336	-1587.97467457	
-4.16407790024	-1587.98154137	
-4.1692458704	-1587.98840683	
-4.1743872699	-1587.99527062	
-4.17950237056	-1588.00213241	
-4.18459144007	-1588.00899191	
-4.18965474203	-1588.01584881	
-4.19469253606	-1588.02270283	
-4.19970507788	-1588.02955368	
-4.20469261939	-1588.03640109	
-4.20965540873	-1588.0432448	
-4.21459369037	-1588.05008454	
-4.21950770518	-1588.05692007	
-4.22439769047	-1588.06375115	
-4.22926388012	-1588.07057754	
-4.2341065046	-1588.07739901	
-4.23892579103	-1588.08421535	
-4.2437219633	-1588.09102633	
-4.24849524205	-1588.09783175	
-4.25324584481	-1588.10463141	
-4.257973986	-1588.11142511	
-4.26267987704	-1588.11821265	
-4.26736372635	-1588.12499387	
-4.27202573946	-1588.13176857	
-4.27666611902	-1588.13853658	
-4.28128506487	-1588.14529774	
-4.28588277412	-1588.15205188	
-4.29045944115	-1588.15879885	
-4.29501525768	-1588.16553848	
-4.29955041285	-1588.17227064	
-4.3040650932	-1588.17899517	
-4.30855948279	-1588.18571195	
-4.31303376319	-1588.19242082	
-4.31748811354	-1588.19912167	
-4.3219227106	-1588.20581436	
-4.32633772881	-1588.21249877	
-4.33073334029	-1588.21917479	
-4.33510971489	-1588.2258423	
-4.33946702026	-1588.23250118	
-4.34380542185	-1588.23915133	
-4.348125083	-1588.24579264	
-4.3524261649	-1588.25242502	
-4.35670882669	-1588.25904836	
-4.36097322548	-1588.26566257	
-4.36521951636	-1588.27226756	
-4.36944785247	-1588.27886324	
-4.373658385	-1588.28544952	
-4.37785126326	-1588.29202633	
-4.38202663467	-1588.29859358	
-4.38618464482	-1588.3051512	
-4.39032543749	-1588.31169911	
-4.39444915467	-1588.31823724	
-4.39855593663	-1588.32476552	
-4.40264592188	-1588.33128388	
-4.40671924726	-1588.33779227	
-4.41077604796	-1588.34429061	
-4.4148164575	-1588.35077886	
-4.4188406078	-1588.35725694	
-4.42284862919	-1588.36372482	
-4.42684065046	-1588.37018242	
-4.43081679884	-1588.37662971	
-4.43477720006	-1588.38306663	
-4.43872197835	-1588.38949314	
-4.44265125649	-1588.39590919	
-4.44656515581	-1588.40231474	
-4.45046379623	-1588.40870975	
-4.45434729625	-1588.41509417	
-4.45821577303	-1588.42146797	
-4.46206934235	-1588.42783112	
-4.46590811865	-1588.43418357	
-4.46973221509	-1588.4405253	
-4.47354174351	-1588.44685627	
-4.47733681448	-1588.45317646	
-4.48111753732	-1588.45948583	
-4.48488402011	-1588.46578435	
-4.48863636973	-1588.47207201	
-4.49237469184	-1588.47834878	
-4.49609909093	-1588.48461463	
-4.49980967033	-1588.49086955	
-4.50350653221	-1588.49711351	
-4.50718977763	-1588.50334649	
-4.51085950652	-1588.50956847	
-4.51451581772	-1588.51577945	
-4.518158809	-1588.52197939	
-4.52178857705	-1588.52816829	
-4.52540521752	-1588.53434614	
-4.52900882502	-1588.54051292	
-4.53259949315	-1588.54666862	
-4.5361773145	-1588.55281323	
-4.53974238067	-1588.55894674	
-4.54329478227	-1588.56506914	
-4.54683460898	-1588.57118042	
-4.55036194949	-1588.57728058	
-4.5538768916	-1588.58336961	
-4.55737952215	-1588.5894475	
-4.56086992709	-1588.59551426	
-4.56434819147	-1588.60156988	
-4.56781439944	-1588.60761435	
-4.57126863431	-1588.61364767	
-4.5747109785	-1588.61966985	
-4.5781415136	-1588.62568088	
-4.58156032035	-1588.63168076	
-4.58496747867	-1588.63766949	
-4.58836306767	-1588.64364708	
-4.59174716566	-1588.64961352	
-4.59511985013	-1588.65556883	
-4.59848119784	-1588.661513	
-4.60183128472	-1588.66744604	
-4.60517018599	-1588.67336795	
-4.60849797608	-1588.67927873	
-4.61181472871	-1588.68517841	
-4.61512051684	-1588.69106697	
-4.61841541274	-1588.69694443	
-4.62169948794	-1588.70281079	
-4.62497281328	-1588.70866607	
-4.62823545892	-1588.71451027	
-4.63148749431	-1588.7203434	
-4.63472898823	-1588.72616547	
-4.63796000881	-1588.73197648	
-4.64118062351	-1588.73777646	
-4.64439089914	-1588.74356541	
-4.64759090187	-1588.74934334	
-4.65078069724	-1588.75511027	
-4.65396035016	-1588.7608662	
-4.65712992492	-1588.76661114	
-4.66028948521	-1588.77234512	
-4.66343909411	-1588.77806814	
-4.66657881412	-1588.78378022	
-4.66970870713	-1588.78948136	
-4.67282883446	-1588.7951716	
-4.67593925688	-1588.80085093	
-4.67904003455	-1588.80651937	
-4.68213122712	-1588.81217694	
-4.68521289366	-1588.81782366	
-4.6882850927	-1588.82345954	
-4.69134788223	-1588.82908459	
-4.69440131972	-1588.83469883	
-4.6974454621	-1588.84030228	
-4.70048036579	-1588.84589496	
-4.70350608671	-1588.85147688	
-4.70652268025	-1588.85704805	
-4.70953020131	-1588.86260851	
-4.71252870431	-1588.86815825	
-4.71551824316	-1588.87369731	
-4.7184988713	-1588.8792257	
-4.72147064168	-1588.88474343	
-4.72443360681	-1588.89025053	
-4.72738781871	-1588.89574702	
-4.73033332894	-1588.9012329	
-4.73327018862	-1588.90670822	
-4.73619844839	-1588.91217297	
-4.7391181585	-1588.91762718	
-4.74202936871	-1588.92307088	
-4.74493212836	-1588.92850407	
-4.74782648639	-1588.93392678	
-4.75071249128	-1588.93933904	
-4.75359019111	-1588.94474085	
-4.75645963353	-1588.95013224	
-4.75932086582	-1588.95551324	
-4.7621739348	-1588.96088385	
-4.76501888693	-1588.96624411	
-4.76785576827	-1588.97159403	
-4.77068462447	-1588.97693363	
-4.77350550081	-1588.98226294	
-4.77631844218	-1588.98758197	
-4.77912349311	-1588.99289075	
-4.78192069773	-1588.99818929	
-4.78471009982	-1589.00347762	
-4.78749174278	-1589.00875577	
-4.79026566966	-1589.01402374	
-4.79303192316	-1589.01928157	
-4.7957905456	-1589.02452928	
-4.79854157897	-1589.02976688	
-4.80128506491	-1589.0349944	
-4.80402104473	-1589.04021186	
-4.80674955939	-1589.04541928	
-4.8094706495	-1589.05061669	
-4.81218435537	-1589.0558041	
-4.81489071697	-1589.06098154	
-4.81758977394	-1589.06614904	
-4.82028156561	-1589.0713066	
-4.82296613098	-1589.07645426	
-4.82564350875	-1589.08159204	
-4.8283137373	-1589.08671996	
-4.83097685472	-1589.09183805	
-4.83363289878	-1589.09694631	
-4.83628190695	-1589.10204479	
-4.83892391641	-1589.10713349	
-4.84155896405	-1589.11221245	
-4.84418708646	-1589.11728168	
-4.84680831994	-1589.12234121	
-4.84942270051	-1589.12739106	
-4.85203026392	-1589.13243125	
-4.85463104562	-1589.13746181	
-4.8572250808	-1589.14248276	
-4.85981240436	-1589.14749411	
-4.86239305096	-1589.15249591	
-4.86496705495	-1589.15748815	
-4.86753445046	-1589.16247088	
-4.87009527132	-1589.16744411	
-4.87264955112	-1589.17240786	
-4.8751973232	-1589.17736216	
-4.87773862063	-1589.18230703	
-4.88027347623	-1589.18724249	
-4.88280192259	-1589.19216857	
-4.88532399202	-1589.19708528	
-4.88783971662	-1589.20199266	
-4.89034912822	-1589.20689072	
-4.89285225844	-1589.21177948	
-4.89534913864	-1589.21665898	
-4.89783979995	-1589.22152923	
-4.90032427328	-1589.22639025	
-4.90280258929	-1589.23124206	
-4.90527477844	-1589.2360847	
-4.90774087093	-1589.24091818	
-4.91020089677	-1589.24574253	
-4.91265488574	-1589.25055776	
-4.91510286737	-1589.2553639	
-4.91754487103	-1589.26016097	
-4.91998092583	-1589.264949	
-4.92241106068	-1589.26972801	
-4.92483530429	-1589.27449802	
-4.92725368516	-1589.27925905	
-4.92966623156	-1589.28401112	
-4.93207297159	-1589.28875426	
-4.93447393313	-1589.2934885	
-4.93686914386	-1589.29821384	
-4.93925863125	-1589.30293032	
-4.94164242261	-1589.30763795	
-4.94402054501	-1589.31233677	
-4.94639302537	-1589.31702678	
-4.94875989038	-1589.32170802	
-4.95112116656	-1589.32638051	
-4.95347688026	-1589.33104426	
-4.9558270576	-1589.3356993	
-4.95817172456	-1589.34034565	
-4.96051090691	-1589.34498334	
-4.96284463026	-1589.34961239	
-4.96517292002	-1589.35423281	
-4.96749580144	-1589.35884463	
-4.96981329958	-1589.36344787	
-4.97212543933	-1589.36804256	
-4.97443224543	-1589.37262871	
-4.97673374242	-1589.37720635	
-4.97902995468	-1589.3817755	
-4.98132090643	-1589.38633617	
-4.98360662171	-1589.3908884	
-4.98588712441	-1589.39543221	
-4.98816243824	-1589.3999676	
-4.99043258678	-1589.40449462	
-4.99269759341	-1589.40901327	
-4.99495748138	-1589.41352358	
-4.99721227376	-1589.41802558	
-4.9994619935	-1589.42251927	
-5.00170666335	-1589.42700469	
-5.00394630595	-1589.43148185	
-5.00618094375	-1589.43595078	
-5.00841059907	-1589.4404115	
-5.0106352941	-1589.44486402	
-5.01285505083	-1589.44930837	
-5.01506989116	-1589.45374458	
-5.01727983681	-1589.45817265	
-5.01948490937	-1589.46259262	
-5.02168513028	-1589.46700449	
-5.02388052085	-1589.47140831	
-5.02607110223	-1589.47580407	
-5.02825689545	-1589.48019181	
-5.03043792139	-1589.48457155	
-5.03261420082	-1589.4889433	
-5.03478575433	-1589.49330709	
-5.03695260241	-1589.49766293	
-5.03911476542	-1589.50201086	
-5.04127226356	-1589.50635088	
-5.04342511692	-1589.51068302	
-5.04557334546	-1589.5150073	
-5.047716969	-1589.51932373	
-5.04985600725	-1589.52363235	
-5.05199047978	-1589.52793316	
-5.05412040604	-1589.5322262	
-5.05624580535	-1589.53651147	
-5.05836669692	-1589.540789	
-5.06048309982	-1589.54505881	
-5.06259503303	-1589.54932092	
-5.06470251537	-1589.55357535	
-5.06680556556	-1589.55782212	
-5.06890420222	-1589.56206124	
-5.07099844382	-1589.56629275	
-5.07308830874	-1589.57051665	
-5.07517381523	-1589.57473296	
-5.07725498144	-1589.57894172	
-5.07933182538	-1589.58314293	
-5.08140436498	-1589.58733661	
-5.08347261805	-1589.59152279	
-5.08553660227	-1589.59570148	
-5.08759633523	-1589.59987271	
-5.08965183441	-1589.60403649	
-5.09170311719	-1589.60819284	
-5.09375020081	-1589.61234178	
-5.09579310244	-1589.61648333	
-5.09783183913	-1589.62061751	
-5.09986642782	-1589.62474433	
-5.10189688537	-1589.62886382	
-5.10392322852	-1589.632976	
-5.1059454739	-1589.63708088	
-5.10796363806	-1589.64117848	
-5.10997773743	-1589.64526882	
-5.11198778836	-1589.64935192	
-5.11399380708	-1589.6534278	
-5.11599580975	-1589.65749648	
-5.11799381242	-1589.66155797	
-5.11998783102	-1589.66561229	
-5.12197788143	-1589.66965947	
-5.1239639794	-1589.67369951	
-5.12594614061	-1589.67773244	
-5.12792438062	-1589.68175828	
-5.12989871492	-1589.68577705	
-5.13186915891	-1589.68978875	
-5.13383572788	-1589.69379342	
-5.13579843705	-1589.69779106	
-5.13775730154	-1589.7017817	
-5.13971233637	-1589.70576535	
-5.1416635565	-1589.70974203	
-5.14361097679	-1589.71371177	
-5.145554612	-1589.71767457	
-5.14749447681	-1589.72163045	
-5.14943058584	-1589.72557944	
-5.15136295359	-1589.72952155	
-5.1532915945	-1589.73345679	
-5.15521652291	-1589.73738519	
-5.15713775309	-1589.74130675	
-5.15905529921	-1589.74522151	
-5.1609691754	-1589.74912947	
-5.16287939565	-1589.75303066	
-5.16478597392	-1589.75692509	
-5.16668892407	-1589.76081277	
-5.16858825987	-1589.76469373	
-5.17048399504	-1589.76856798	
-5.17237614319	-1589.77243554	
-5.17426471788	-1589.77629643	
-5.17614973257	-1589.78015065	
-5.17803120067	-1589.78399824	
-5.1799091355	-1589.7878392	
-5.18178355029	-1589.79167355	
-5.18365445823	-1589.79550131	
-5.1855218724	-1589.7993225	
-5.18738580584	-1589.80313713	
-5.18924627149	-1589.80694521	
-5.19110328224	-1589.81074678	
-5.19295685089	-1589.81454183	
-5.19480699018	-1589.81833039	
-5.19665371277	-1589.82211247	
-5.19849703127	-1589.82588809	
-5.20033695819	-1589.82965727	
-5.202173506	-1589.83342002	
-5.20400668708	-1589.83717636	
-5.20583651375	-1589.8409263	
-5.20766299828	-1589.84466986	
-5.20948615284	-1589.84840706	
-5.21130598956	-1589.85213791	
-5.21312252048	-1589.85586243	
-5.21493575761	-1589.85958062	
-5.21674571285	-1589.86329252	
-5.21855239808	-1589.86699814	
-5.22035582508	-1589.87069748	
-5.22215600558	-1589.87439057	
-5.22395295126	-1589.87807742	
-5.22574667371	-1589.88175804	
-5.22753718449	-1589.88543246	
-5.22932449506	-1589.88910068	
-5.23110861685	-1589.89276273	
-5.23288956123	-1589.89641861	
-5.23466733947	-1589.90006835	
-5.23644196283	-1589.90371196	
-5.23821344248	-1589.90734945	
-5.23998178954	-1589.91098083	
-5.24174701506	-1589.91460613	
-5.24350913005	-1589.91822536	
-5.24526814546	-1589.92183853	
-5.24702407216	-1589.92544566	
-5.24877692099	-1589.92904676	
-5.25052670271	-1589.93264185	
-5.25227342805	-1589.93623095	
-5.25401710765	-1589.93981406	
-5.25575775213	-1589.9433912	
-5.25749537203	-1589.94696238	
-5.25922997784	-1589.95052763	
-5.26096158	-1589.95408695	
-5.2626901889	-1589.95764036	
-5.26441581487	-1589.96118788	
-5.26613846818	-1589.96472951	
-5.26785815906	-1589.96826528	
-5.26957489768	-1589.97179519	
-5.27128869416	-1589.97531927	
-5.27299955856	-1589.97883752	
-5.27470750091	-1589.98234996	
-5.27641253116	-1589.9858566	
-5.27811465923	-1589.98935746	
-5.27981389498	-1589.99285255	
-5.28151024823	-1589.99634189	
-5.28320372874	-1589.99982548	
-5.28489434622	-1590.00330335	
-5.28658211033	-1590.00677551	
-5.28826703069	-1590.01024197	
-5.28994911688	-1590.01370274	
-5.2916283784	-1590.01715784	
-5.29330482472	-1590.02060728	
-5.29497846528	-1590.02405108	
-5.29664930945	-1590.02748924	
-5.29831736655	-1590.03092179	
-5.29998264587	-1590.03434873	
-5.30164515664	-1590.03777009	
-5.30330490806	-1590.04118586	
-5.30496190927	-1590.04459607	
-5.30661616936	-1590.04800073	
-5.3082676974	-1590.05139986	
-5.30991650239	-1590.05479346	
-5.3115625933	-1590.05818154	
-5.31320597904	-1590.06156413	
-5.3148466685	-1590.06494124	
-5.3164846705	-1590.06831287	
-5.31811999384	-1590.07167905	
-5.31975264727	-1590.07503978	
-5.32138263948	-1590.07839507	
-5.32300997914	-1590.08174495	
-5.32463467487	-1590.08508941	
-5.32625673524	-1590.08842849	
-5.32787616879	-1590.09176218	
-5.32949298402	-1590.0950905	
-5.33110718937	-1590.09841347	
-5.33271879327	-1590.10173109	
-5.33432780407	-1590.10504338	
-5.33593423012	-1590.10835035	
-5.3375380797	-1590.11165202	
-5.33913936107	-1590.11494839	
-5.34073808243	-1590.11823948	
-5.34233425196	-1590.12152531	
-5.3439278778	-1590.12480587	
-5.34551896803	-1590.12808119	
-5.34710753072	-1590.13135128	
-5.34869357387	-1590.13461615	
-5.35027710548	-1590.13787582	
-5.35185813348	-1590.14113028	
-5.35343666577	-1590.14437957	
-5.35501271022	-1590.14762368	
-5.35658627467	-1590.15086264	
-5.3581573669	-1590.15409644	
-5.35972599468	-1590.15732511	
-5.36129216571	-1590.16054866	
-5.36285588769	-1590.1637671	
-5.36441716825	-1590.16698044	
-5.36597601502	-1590.17018869	
-5.36753243557	-1590.17339186	
-5.36908643744	-1590.17658997	
-5.37063802813	-1590.17978303	
-5.37218721511	-1590.18297105	
-5.37373400583	-1590.18615404	
-5.37527840768	-1590.18933201	
-5.37682042804	-1590.19250497	
-5.37836007422	-1590.19567294	
-5.37989735354	-1590.19883593	
-5.38143227326	-1590.20199395	
-5.38296484061	-1590.205147	
-5.38449506279	-1590.20829511	
-5.38602294697	-1590.21143828	
-5.38754850028	-1590.21457653	
-5.38907172982	-1590.21770985	
-5.39059264266	-1590.22083828	
-5.39211124583	-1590.22396181	
-5.39362754635	-1590.22708047	
-5.39514155118	-1590.23019425	
-5.39665326727	-1590.23330317	
-5.39816270152	-1590.23640725	
-5.39966986081	-1590.23950648	
-5.40117475199	-1590.2426009	
-5.40267738187	-1590.24569049	
-5.40417775725	-1590.24877529	
-5.40567588487	-1590.25185529	
-5.40717177146	-1590.25493051	
-5.40866542372	-1590.25800095	
-5.4101568483	-1590.26106664	
-5.41164605186	-1590.26412758	
-5.41313304098	-1590.26718377	
-5.41461782224	-1590.27023524	
-5.4161004022	-1590.27328199	
-5.41758078737	-1590.27632404	
-5.41905898424	-1590.27936139	
-5.42053499927	-1590.28239405	
-5.42200883889	-1590.28542203	
-5.4234805095	-1590.28844536	
-5.42495001748	-1590.29146402	
-5.42641736918	-1590.29447804	
-5.4278825709	-1590.29748743	
-5.42934562895	-1590.3004922	
-5.43080654959	-1590.30349235	
-5.43226533906	-1590.3064879	
-5.43372200355	-1590.30947886	
-5.43517654927	-1590.31246523	
-5.43662898235	-1590.31544704	
-5.43807930892	-1590.31842428	
-5.4395275351	-1590.32139697	
-5.44097366695	-1590.32436512	
-5.44241771052	-1590.32732873	
-5.44385967184	-1590.33028783	
-5.4452995569	-1590.33324241	
-5.44673737167	-1590.33619249	
-5.44817312209	-1590.33913809	
-5.44960681409	-1590.3420792	
-5.45103845357	-1590.34501583	
-5.45246804638	-1590.34794801	
-5.45389559837	-1590.35087573	
-5.45532111536	-1590.35379902	
-5.45674460314	-1590.35671787	
-5.45816606749	-1590.35963229	
-5.45958551414	-1590.36254231	
-5.46100294883	-1590.36544792	
-5.46241837723	-1590.36834914	
-5.46383180503	-1590.37124597	
-5.46524323786	-1590.37413843	
-5.46665268137	-1590.37702653	
-5.46806014114	-1590.37991027	
-5.46946562274	-1590.38278966	
-5.47086913175	-1590.38566472	
-5.47227067367	-1590.38853545	
-5.47367025403	-1590.39140186	
-5.47506787829	-1590.39426397	
-5.47646355193	-1590.39712178	
-5.47785728038	-1590.3999753	
-5.47924906905	-1590.40282454	
-5.48063892334	-1590.4056695	
-5.48202684862	-1590.40851021	
-5.48341285022	-1590.41134667	
-5.48479693349	-1590.41417888	
-5.48617910372	-1590.41700686	
-5.48755936619	-1590.41983061	
-5.48893772616	-1590.42265015	
-5.49031418887	-1590.42546548	
-5.49168875953	-1590.42827662	
-5.49306144334	-1590.43108357	
-5.49443224547	-1590.43388633	
-5.49580117108	-1590.43668493	
-5.49716822529	-1590.43947937	
-5.49853341322	-1590.44226965	
-5.49989673995	-1590.44505579	
-5.50125821054	-1590.4478378	
-5.50261783006	-1590.45061568	
-5.50397560352	-1590.45338944	
-5.50533153593	-1590.4561591	
-5.50668563228	-1590.45892466	
-5.50803789753	-1590.46168612	
-5.50938833663	-1590.46444351	
-5.5107369545	-1590.46719682	
-5.51208375605	-1590.46994607	
-5.51342874616	-1590.47269126	
-5.51477192971	-1590.4754324	
-5.51611331154	-1590.47816951	
-5.51745289646	-1590.48090259	
-5.51879068931	-1590.48363164	
-5.52012669485	-1590.48635668	
-5.52146091786	-1590.48907772	
-5.5227933631	-1590.49179476	
-5.52412403528	-1590.49450781	
-5.52545293913	-1590.49721689	
-5.52678007934	-1590.49992199	
-5.52810546058	-1590.50262314	
-5.52942908751	-1590.50532032	
-5.53075096477	-1590.50801357	
-5.53207109697	-1590.51070287	
-5.53338948873	-1590.51338825	
-5.53470614461	-1590.5160697	
-5.53602106919	-1590.51874725	
-5.53733426702	-1590.52142088	
-5.53864574262	-1590.52409063	
-5.5399555005	-1590.52675648	
-5.54126354516	-1590.52941846	
-5.54256988107	-1590.53207656	
-5.5438745127	-1590.5347308	
-5.54517744448	-1590.53738118	
-5.54647868084	-1590.54002772	
-5.54777822618	-1590.54267041	
-5.5490760849	-1590.54530928	
-5.55037226136	-1590.54794432	
-5.55166675992	-1590.55057555	
-5.55295958492	-1590.55320296	
-5.55425074069	-1590.55582658	
-5.55554023152	-1590.55844641	
-5.5568280617	-1590.56106245	
-5.55811423551	-1590.56367472	
-5.5593987572	-1590.56628321	
-5.56068163102	-1590.56888795	
-5.56196286117	-1590.57148893	
-5.56324245188	-1590.57408617	
-5.56452040732	-1590.57667967	
-5.56579673168	-1590.57926944	
-5.56707142911	-1590.58185549	
-5.56834450376	-1590.58443783	
-5.56961595975	-1590.58701646	
-5.57088580119	-1590.58959139	
-5.57215403218	-1590.59216262	
-5.57342065679	-1590.59473018	
-5.5746856791	-1590.59729405	
-5.57594910315	-1590.59985426	
-5.57721093297	-1590.60241081	
-5.57847117258	-1590.6049637	
-5.57972982599	-1590.60751295	
-5.58098689718	-1590.61005855	
-5.58224239012	-1590.61260053	
-5.58349630878	-1590.61513888	
-5.5847486571	-1590.61767361	
-5.585999439	-1590.62020474	
-5.5872486584	-1590.62273226	
-5.5884963192	-1590.62525619	
-5.58974242528	-1590.62777653	
-5.59098698051	-1590.63029329	
-5.59222998875	-1590.63280648	
-5.59347145384	-1590.6353161	
-5.5947113796	-1590.63782216	
-5.59594976985	-1590.64032467	
-5.59718662839	-1590.64282364	
-5.598421959	-1590.64531907	
-5.59965576545	-1590.64781097	
-5.60088805149	-1590.65029935	
-5.60211882088	-1590.65278421	
-5.60334807733	-1590.65526556	
-5.60457582457	-1590.65774341	
-5.6058020663	-1590.66021777	
-5.60702680619	-1590.66268864	
-5.60825004793	-1590.66515602	
-5.60947179518	-1590.66761994	
-5.61069205159	-1590.67008039	
-5.61191082078	-1590.67253738	
-5.61312810639	-1590.67499091	
-5.61434391201	-1590.677441	
-5.61555824124	-1590.67988765	
-5.61677109767	-1590.68233087	
-5.61798248485	-1590.68477067	
-5.61919240636	-1590.68720704	
-5.62040086572	-1590.68964	
-5.62160786647	-1590.69206956	
-5.62281341212	-1590.69449572	
-5.62401750619	-1590.69691849	
-5.62522015215	-1590.69933788	
-5.6264213535	-1590.70175388	
-5.62762111369	-1590.70416652	
-5.62881943618	-1590.70657579	
-5.63001632442	-1590.7089817	
-5.63121178182	-1590.71138426	
-5.63240581181	-1590.71378348	
-5.6335984178	-1590.71617936	
-5.63478960317	-1590.7185719	
-5.6359793713	-1590.72096113	
-5.63716772557	-1590.72334703	
-5.63835466933	-1590.72572962	
-5.63954020593	-1590.72810891	
-5.64072433869	-1590.7304849	
-5.64190707094	-1590.73285759	
-5.64308840598	-1590.735227	
-5.64426834712	-1590.73759313	
-5.64544689764	-1590.73995599	
-5.64662406082	-1590.74231558	
-5.64779983991	-1590.74467191	
-5.64897423816	-1590.74702498	
-5.65014725882	-1590.74937481	
-5.65131890512	-1590.7517214	
-5.65248918027	-1590.75406475	
-5.65365808747	-1590.75640488	
-5.65482562993	-1590.75874178	
-5.65599181082	-1590.76107547	
-5.65715663332	-1590.76340594	
-5.65832010058	-1590.76573321	
-5.65948221576	-1590.76805729	
-5.660642982	-1590.77037817	
-5.66180240242	-1590.77269587	
-5.66296048014	-1590.77501039	
-5.66411721826	-1590.77732174	
-5.66527261989	-1590.77962992	
-5.66642668811	-1590.78193495	
-5.66757942599	-1590.78423681	
-5.6687308366	-1590.78653553	
-5.66988092298	-1590.78883111	
-5.67102968818	-1590.79112355	
-5.67217713524	-1590.79341286	
-5.67332326717	-1590.79569905	
-5.67446808699	-1590.79798212	
-5.67561159769	-1590.80026208	
-5.67675380227	-1590.80253893	
-5.6778947037	-1590.80481268	
-5.67903430497	-1590.80708333	
-5.68017260902	-1590.8093509	
-5.6813096188	-1590.81161539	
-5.68244533727	-1590.8138768	
-5.68357976734	-1590.81613514	
-5.68471291194	-1590.81839042	
-5.68584477397	-1590.82064263	
-5.68697535634	-1590.8228918	
-5.68810466194	-1590.82513791	
-5.68923269364	-1590.82738099	
-5.69035945432	-1590.82962103	
-5.69148494685	-1590.83185804	
-5.69260917406	-1590.83409203	
-5.6937321388	-1590.83632299	
-5.69485384391	-1590.83855095	
-5.69597429221	-1590.8407759	
-5.69709348651	-1590.84299785	
-5.69821142961	-1590.8452168	
-5.69932812431	-1590.84743276	
-5.70044357339	-1590.84964574	
-5.70155777963	-1590.85185574	
-5.7026707458	-1590.85406277	
-5.70378247466	-1590.85626683	
-5.70489296894	-1590.85846793	
-5.70600223139	-1590.86066607	
-5.70711026475	-1590.86286126	
-5.70821707172	-1590.86505351	
-5.70932265503	-1590.86724282	
-5.71042701737	-1590.86942919	
-5.71153016145	-1590.87161264	
-5.71263208993	-1590.87379316	
-5.71373280551	-1590.87597077	
-5.71483231084	-1590.87814546	
-5.71593060859	-1590.88031725	
-5.71702770141	-1590.88248613	
-5.71812359193	-1590.88465213	
-5.71921828279	-1590.88681523	
-5.72031177661	-1590.88897544	
-5.72140407601	-1590.89113278	
-5.72249518359	-1590.89328724	
-5.72358510195	-1590.89543884	
-5.72467383369	-1590.89758757	
-5.72576138137	-1590.89973344	
-5.72684774759	-1590.90187646	
-5.72793293489	-1590.90401663	
-5.72901694583	-1590.90615396	
-5.73009978297	-1590.90828846	
-5.73118144884	-1590.91042012	
-5.73226194598	-1590.91254896	
-5.7333412769	-1590.91467497	
-5.73441944412	-1590.91679817	
-5.73549645015	-1590.91891856	
-5.73657229748	-1590.92103614	
-5.73764698861	-1590.92315093	
-5.73872052602	-1590.92526291	
-5.73979291218	-1590.92737211	
-5.74086414956	-1590.92947853	
-5.74193424062	-1590.93158216	
-5.74300318781	-1590.93368302	
-5.74407099357	-1590.93578111	
-5.74513766034	-1590.93787643	
-5.74620319054	-1590.939969	
-5.7472675866	-1590.94205881	
-5.74833085092	-1590.94414588	
-5.74939298591	-1590.94623019	
-5.75045399397	-1590.94831177	
-5.75151387748	-1590.95039062	
-5.75257263883	-1590.95246674	
-5.75363028038	-1590.95454013	
-5.75468680452	-1590.9566108	
-5.75574221359	-1590.95867876	
-5.75679650994	-1590.96074401	
-5.75784969593	-1590.96280656	
-5.75890177388	-1590.96486641	
-5.75995274612	-1590.96692356	
-5.76100261499	-1590.96897802	
-5.76205138278	-1590.9710298	
-5.76309905181	-1590.9730789	
-5.76414562438	-1590.97512532	
-5.76519110278	-1590.97716908	
-5.7662354893	-1590.97921017	
-5.76727878622	-1590.98124859	
-5.76832099579	-1590.98328437	
-5.7693621203	-1590.98531749	
-5.770402162	-1590.98734797	
-5.77144112313	-1590.9893758	
-5.77247900594	-1590.991401	
-5.77351581267	-1590.99342357	
-5.77455154554	-1590.99544351	
-5.77558620679	-1590.99746083	
-5.77661979861	-1590.99947553	
-5.77765232322	-1591.00148762	
-5.77868378283	-1591.0034971	
-5.77971417962	-1591.00550397	
-5.78074351579	-1591.00750825	
-5.78177179352	-1591.00950994	
-5.78279901497	-1591.01150903	
-5.78382518233	-1591.01350554	
-5.78485029774	-1591.01549948	
-5.78587436337	-1591.01749083	
-5.78689738137	-1591.01947962	
-5.78791935386	-1591.02146583	
-5.788940283	-1591.02344949	
-5.7899601709	-1591.02543059	
-5.79097901969	-1591.02740914	
-5.79199683148	-1591.02938514	
-5.79301360838	-1591.0313586	
-5.7940293525	-1591.03332952	
-5.79504406593	-1591.0352979	
-5.79605775077	-1591.03726375	
-5.79707040908	-1591.03922708	
-5.79808204295	-1591.04118789	
-5.79909265446	-1591.04314618	
-5.80010224566	-1591.04510196	
-5.80111081862	-1591.04705523	
-5.80211837538	-1591.049006	
-5.80312491799	-1591.05095427	
-5.80413044849	-1591.05290005	
-5.80513496892	-1591.05484334	
-5.80613848129	-1591.05678414	
-5.80714098764	-1591.05872246	
-5.80814248998	-1591.06065831	
-5.80914299031	-1591.06259168	
