#Site	lnL	
0	-1.79841694065
1	-1.84658521136
2	-4.4338068869
3	-1.79841694065
4	-8.05342110511
5	-1.69122244415
6	-1.79841694065
7	-7.36370148058
8	-1.86029792423
9	-1.97781792478
10	-1.92626940184
11	-1.61958936141
12	-4.23990918575
13	-1.92626940184
14	-1.69122244415
15	-1.72314219794
16	-1.92626940184
17	-1.86029792423
18	-1.49729267666
19	-1.60874179231
20	-1.86029792423
21	-5.23447422912
22	-10.0796869785
23	-9.86118029925
24	-1.79841694065
25	-1.92626940184
26	-9.84933249997
27	-1.49729267666
28	-2.11811821503
29	-1.61958936141
30	-1.49729267666
31	-1.60874179231
32	-1.40360916954
33	-1.49729267666
34	-1.60874179231
35	-1.86029792423
36	-1.72314219794
37	-2.11811821503
38	-4.4338068869
39	-1.72314219794
40	-1.84658521136
41	-1.40360916954
42	-1.49729267666
43	-2.11811821503
44	-1.69122244415
45	-1.97781792478
46	-6.03398304371
47	-1.40360916954
48	-1.49729267666
49	-4.93076937761
50	-11.2033358344
51	-1.49729267666
52	-1.60874179231
53	-1.69122244415
54	-5.97382674875
55	-9.19604928823
56	-5.90420568892
57	-1.72314219794
58	-5.02913854896
59	-5.91167280025
60	-1.72314219794
61	-5.46456587735
62	-5.42581432597
63	-7.78103283098
64	-1.60874179231
65	-1.40360916954
66	-1.97781792478
67	-1.92626940184
68	-1.69122244415
69	-1.97781792478
70	-1.60874179231
71	-1.40360916954
72	-1.79841694065
73	-1.92626940184
74	-1.61958936141
75	-1.97781792478
76	-8.14341934993
77	-1.86029792423
78	-1.72314219794
79	-8.04354319181
80	-10.6266430893
81	-5.95730797422
82	-1.92626940184
83	-7.91163157841
84	-1.49729267666
85	-2.11811821503
86	-4.46419102974
87	-1.49729267666
88	-7.70752081865
89	-6.22116735504
90	-1.72314219794
91	-1.84658521136
92	-6.78948531124
93	-1.97781792478
94	-7.31960817266
95	-1.40360916954
96	-1.79841694065
97	-1.60874179231
98	-1.69122244415
99	-1.49729267666
100	-7.31960817266
101	-1.61958936141
102	-1.72314219794
103	-10.887513349
104	-1.40360916954
105	-1.72314219794
106	-5.46456587735
107	-1.61958936141
108	-1.49729267666
109	-1.84658521136
110	-1.69122244415
111	-1.49729267666
112	-2.11811821503
113	-1.40360916954
114	-7.00409127839
115	-2.11811821503
116	-5.88490906976
117	-1.72314219794
118	-4.0420777829
119	-1.69122244415
120	-1.79841694065
121	-1.92626940184
122	-1.61958936141
123	-1.72314219794
124	-1.60874179231
125	-1.61958936141
126	-5.96274503889
127	-1.84658521136
128	-1.69122244415
129	-1.79841694065
130	-1.60874179231
131	-4.49837037662
132	-1.49729267666
133	-1.92626940184
134	-1.40360916954
135	-7.0355199652
136	-4.0420777829
137	-1.40360916954
138	-1.72314219794
139	-10.486420065
140	-5.42581432597
141	-5.88474898535
142	-6.03398304371
143	-1.40360916954
144	-1.79841694065
145	-1.92626940184
146	-1.61958936141
147	-1.79841694065
148	-1.84658521136
149	-1.69122244415
150	-4.74328543841
151	-4.52855572322
152	-5.91167280025
153	-1.72314219794
154	-1.60874179231
155	-1.61958936141
156	-9.45342167074
157	-1.60874179231
158	-1.86029792423
159	-1.72314219794
160	-1.84658521136
161	-1.40360916954
162	-1.49729267666
163	-1.60874179231
164	-1.40360916954
165	-4.72540540811
166	-1.84658521136
167	-5.07447067123
168	-4.23990918575
169	-2.11811821503
170	-8.11318636674
171	-6.601877624
172	-1.84658521136
173	-1.61958936141
174	-1.49729267666
175	-1.92626940184
176	-1.40360916954
177	-1.97781792478
178	-1.92626940184
179	-1.61958936141
180	-1.97781792478
181	-6.66958248136
182	-4.46419102974
183	-1.72314219794
184	-4.50409760018
185	-8.041727004
186	-1.79841694065
187	-1.60874179231
188	-7.19169896563
189	-7.41433351682
190	-5.00317064934
191	-1.69122244415
192	-1.49729267666
193	-6.53205786836
194	-4.49837037662
195	-1.79841694065
196	-4.03041645059
197	-7.26113147633
198	-1.72314219794
199	-2.11811821503
200	-1.40360916954
201	-9.61833325786
202	-6.3562972745
203	-1.61958936141
204	-1.97781792478
205	-1.92626940184
206	-1.61958936141
207	-1.97781792478
208	-1.92626940184
209	-5.83600951052
210	-5.23447422912
211	-4.52855572322
212	-5.50700838622
213	-1.49729267666
214	-8.53717218655
215	-1.86029792423
216	-6.20579138224
217	-1.92626940184
218	-1.61958936141
219	-1.79841694065
220	-1.84658521136
221	-1.69122244415
222	-4.78871996012
223	-1.60874179231
224	-1.86029792423
225	-1.97781792478
226	-1.84658521136
227	-4.46419102974
228	-1.72314219794
229	-2.11811821503
230	-1.86029792423
231	-1.49729267666
232	-7.36370148058
233	-5.01115611922
234	-1.72314219794
235	-4.03041645059
236	-1.86029792423
237	-1.79841694065
238	-8.92521451126
239	-1.40360916954
240	-4.16819401649
241	-1.84658521136
242	-1.40360916954
243	-1.79841694065
244	-1.84658521136
245	-1.86029792423
246	-1.79841694065
247	-1.60874179231
248	-1.40360916954
249	-1.49729267666
250	-6.08829137403
251	-1.69122244415
252	-1.49729267666
253	-1.60874179231
254	-1.69122244415
255	-1.79841694065
256	-1.84658521136
257	-1.61958936141
258	-1.97781792478
259	-5.02913854896
260	-6.46932566485
261	-1.97781792478
262	-1.84658521136
263	-7.28459766042
264	-5.17115967711
265	-1.60874179231
266	-4.49837037662
267	-5.56858180744
268	-7.37450810495
269	-1.40360916954
270	-1.49729267666
271	-1.60874179231
272	-6.86048093097
273	-1.49729267666
274	-4.52855572322
275	-9.09302632113
276	-6.27980303517
277	-1.84658521136
278	-1.86029792423
279	-1.97781792478
280	-1.84658521136
281	-1.40360916954
282	-5.64558593473
283	-6.7525621178
284	-1.61958936141
285	-1.97781792478
286	-1.60874179231
287	-1.86029792423
288	-1.79841694065
289	-5.00317064934
290	-7.23651925764
291	-1.49729267666
292	-1.60874179231
293	-1.61958936141
294	-1.79841694065
295	-4.93076937761
296	-1.69122244415
297	-1.72314219794
298	-5.47072868501
299	-1.61958936141
300	-1.79841694065
301	-1.92626940184
302	-1.40360916954
303	-1.72314219794
304	-1.84658521136
305	-1.40360916954
306	-1.49729267666
307	-1.60874179231
308	-9.79889329905
309	-1.97781792478
310	-1.84658521136
311	-1.86029792423
312	-6.60800503663
313	-1.92626940184
314	-1.40360916954
315	-8.75315772596
316	-1.60874179231
317	-1.86029792423
318	-1.49729267666
319	-1.60874179231
320	-7.46383580801
321	-1.72314219794
322	-6.29298272249
323	-1.61958936141
324	-1.79841694065
325	-6.53205786836
326	-6.94229248741
327	-1.49729267666
328	-1.84658521136
329	-1.86029792423
330	-1.72314219794
331	-1.92626940184
332	-1.86029792423
333	-1.72314219794
334	-1.60874179231
335	-6.15227826104
336	-1.49729267666
337	-1.84658521136
338	-1.86029792423
339	-1.79841694065
340	-1.84658521136
341	-1.40360916954
342	-1.72314219794
343	-1.60874179231
344	-7.22128310841
345	-4.23990918575
346	-1.84658521136
347	-1.69122244415
348	-1.49729267666
349	-7.28934710378
350	-1.40360916954
351	-1.79841694065
352	-2.11811821503
353	-1.40360916954
354	-4.23324877703
355	-6.08829137403
356	-4.46419102974
357	-6.20579138224
358	-3.97079524518
359	-1.69122244415
360	-1.49729267666
361	-1.84658521136
362	-1.61958936141
363	-6.601877624
364	-4.52855572322
365	-11.6882098732
366	-4.78871996012
367	-2.11811821503
368	-1.86029792423
369	-1.97781792478
370	-1.60874179231
371	-1.61958936141
372	-15.0969738199
373	-1.60874179231
374	-6.22887325748
375	-1.72314219794
376	-1.92626940184
377	-1.86029792423
378	-4.78871996012
379	-4.05118111235
380	-1.86029792423
381	-6.601877624
382	-5.47072868501
383	-8.36347739477
384	-4.23324877703
385	-2.11811821503
386	-1.86029792423
387	-1.49729267666
388	-2.11811821503
389	-5.4436938342
390	-1.72314219794
391	-1.60874179231
392	-7.46383580801
393	-1.49729267666
394	-1.84658521136
395	-1.40360916954
396	-5.64558593473
397	-5.36830304664
398	-1.86029792423
399	-1.72314219794
400	-1.60874179231
401	-4.49373155565
402	-7.58173822266
403	-6.85748579478
404	-6.22887325748
405	-1.79841694065
406	-6.53205786836
407	-8.44891575085
408	-1.79841694065
409	-4.05118111235
410	-1.40360916954
411	-1.72314219794
412	-4.0420777829
413	-1.69122244415
414	-4.21181774971
415	-1.84658521136
416	-9.04621222547
417	-9.70852996454
418	-1.60874179231
419	-7.87865206219
420	-12.48563554
421	-1.60874179231
422	-5.50700838622
423	-1.72314219794
424	-1.60874179231
425	-1.40360916954
426	-1.72314219794
427	-7.95896719113
428	-1.61958936141
429	-1.79841694065
430	-1.92626940184
431	-5.01115611922
432	-4.16819401649
433	-2.11811821503
434	-1.61958936141
435	-1.72314219794
436	-9.9314312321
437	-1.69122244415
438	-1.72314219794
439	-1.60874179231
440	-4.46419102974
441	-1.49729267666
442	-1.60874179231
443	-1.61958936141
444	-1.79841694065
445	-4.05118111235
446	-1.86029792423
447	-1.97781792478
448	-1.84658521136
449	-1.40360916954
450	-4.8132476821
451	-6.3562972745
452	-5.50700838622
453	-10.6851538879
454	-1.92626940184
455	-5.90420568892
456	-1.79841694065
457	-1.60874179231
458	-1.86029792423
459	-6.92973156858
460	-2.11811821503
461	-1.40360916954
462	-1.97781792478
463	-2.11811821503
464	-6.15227826104
465	-4.78871996012
466	-4.60095699495
467	-1.61958936141
468	-6.89936478158
469	-8.07295607681
470	-1.61958936141
