#Site	lnL	
0	-3.45987448159
1	-3.39575727843
2	-9.4245055644
3	-3.28231455351
4	-3.59739006806
5	-5.02262646681
6	-3.28231455351
7	-3.59739006806
8	-5.44040624002
9	-8.30508499957
10	-3.59739006806
11	-6.33497071825
12	-3.45987448159
13	-3.57944927909
14	-5.02262646681
15	-3.50298733652
16	-3.59739006806
17	-5.02262646681
18	-3.50298733652
19	-3.57944927909
20	-6.08209428585
21	-3.47697905228
22	-3.59739006806
23	-5.34852983425
24	-3.50298733652
25	-13.7432882132
26	-5.44040624002
27	-3.28231455351
28	-3.39575727843
29	-5.31697884306
30	-3.28231455351
31	-3.59739006806
32	-5.02262646681
33	-3.28231455351
34	-8.01792948616
35	-5.02262646681
36	-3.28231455351
37	-3.59739006806
38	-5.31697884306
39	-3.45987448159
40	-13.6677482784
41	-8.91851771005
42	-3.47697905228
43	-3.39575727843
44	-5.31697884306
45	-3.50298733652
46	-3.39575727843
47	-7.35960147254
48	-7.58770139306
49	-8.12971596904
50	-5.34852983425
51	-11.112813494
52	-8.14440941155
53	-11.3197585412
54	-3.45987448159
55	-3.59739006806
56	-9.47798079398
57	-3.28231455351
58	-3.39575727843
59	-5.02262646681
60	-6.8401043403
61	-3.59739006806
62	-6.08209428585
63	-3.50298733652
64	-6.28962428837
65	-5.02262646681
66	-7.54041646017
67	-3.62791720537
68	-5.34852983425
69	-3.28231455351
70	-6.28962428837
71	-7.53800241836
72	-3.28231455351
73	-3.59739006806
74	-5.34852983425
75	-3.28231455351
76	-3.59739006806
77	-9.00371345214
78	-3.28231455351
79	-3.62791720537
80	-6.33497071825
81	-3.47697905228
82	-6.12421817127
83	-7.57099384655
84	-3.47697905228
85	-9.92784916465
86	-5.44040624002
87	-3.47697905228
88	-7.40297666488
89	-5.02262646681
90	-3.28231455351
91	-3.39575727843
92	-5.02262646681
93	-7.54041646017
94	-7.61091820967
95	-6.33497071825
96	-3.45987448159
97	-7.62629479901
98	-5.44040624002
99	-3.28231455351
100	-3.62791720537
101	-5.02262646681
102	-3.28231455351
103	-3.57944927909
104	-6.32283191083
105	-3.47697905228
106	-3.62791720537
107	-6.80467276134
108	-3.50298733652
109	-7.39881256742
110	-5.31697884306
111	-3.45987448159
112	-3.59739006806
113	-5.44040624002
114	-3.28231455351
115	-3.39575727843
116	-9.97321318938
117	-7.0572172584
118	-3.57944927909
119	-5.34852983425
120	-3.50298733652
121	-3.39575727843
122	-5.34852983425
123	-3.47697905228
124	-3.59739006806
125	-7.26879896398
126	-3.50298733652
127	-3.59739006806
128	-6.32283191083
129	-8.29058729156
130	-3.39575727843
131	-10.5346473802
132	-3.45987448159
133	-7.39881256742
134	-6.85718374282
135	-3.47697905228
136	-3.62791720537
137	-5.31697884306
138	-3.28231455351
139	-3.62791720537
140	-5.44040624002
141	-3.45987448159
142	-10.629858735
143	-6.74816228635
144	-3.28231455351
145	-3.62791720537
146	-5.02262646681
147	-9.69285821653
148	-3.57944927909
149	-6.32283191083
150	-3.28231455351
151	-7.39881256742
152	-6.56064525319
153	-3.50298733652
154	-11.2069786336
155	-11.0495994062
156	-3.47697905228
157	-10.7942700032
158	-9.09073937629
159	-3.50298733652
160	-3.57944927909
161	-7.53800241836
162	-7.44959799407
163	-6.64162641006
164	-8.19276394721
165	-3.28231455351
166	-3.39575727843
167	-7.75412556528
168	-3.45987448159
169	-9.91753523203
170	-7.5533237268
171	-3.28231455351
172	-3.39575727843
173	-5.31697884306
174	-3.28231455351
175	-6.8294936341
176	-5.44040624002
177	-3.50298733652
178	-3.39575727843
179	-5.34852983425
180	-3.45987448159
181	-6.86202239142
182	-5.02262646681
183	-11.7464708148
184	-3.62791720537
185	-7.35960147254
186	-3.50298733652
187	-3.59739006806
188	-5.02262646681
189	-3.45987448159
190	-3.59739006806
191	-5.44040624002
192	-3.50298733652
193	-3.57944927909
194	-5.34852983425
195	-3.47697905228
196	-3.57944927909
197	-5.02262646681
198	-6.86970022524
199	-6.12421817127
200	-5.02262646681
201	-7.06677068557
202	-3.39575727843
203	-6.43749499704
204	-3.50298733652
205	-3.39575727843
206	-5.31697884306
207	-3.47697905228
208	-3.57944927909
209	-5.31697884306
210	-6.85322793602
211	-3.57944927909
212	-6.24768449521
213	-3.28231455351
214	-3.39575727843
215	-6.78997931883
216	-3.45987448159
217	-17.0158546472
218	-6.53386551682
219	-3.45987448159
220	-7.91616581695
221	-5.02262646681
222	-6.47331234015
223	-7.52694648411
224	-5.44040624002
225	-11.3363619514
226	-6.65936933316
227	-5.44040624002
228	-9.7746619743
229	-3.57944927909
230	-5.44040624002
231	-6.86970022524
232	-7.84804100103
233	-9.73747558258
234	-3.47697905228
235	-3.59739006806
236	-5.44040624002
237	-3.28231455351
238	-3.59739006806
239	-5.31697884306
240	-8.11996287577
241	-7.40297666488
242	-7.47805126982
243	-6.86970022524
244	-3.57944927909
245	-5.02262646681
246	-3.45987448159
247	-6.84688636632
248	-5.34852983425
249	-3.47697905228
250	-10.581914792
251	-8.28137038037
252	-3.50298733652
253	-3.57944927909
254	-5.31697884306
255	-3.45987448159
256	-7.42164573849
257	-8.15033786387
258	-3.50298733652
259	-3.57944927909
260	-6.33497071825
261	-7.04074496918
262	-6.64162641006
263	-5.02262646681
264	-3.50298733652
265	-3.59739006806
266	-5.02262646681
267	-3.50298733652
268	-3.57944927909
269	-5.44040624002
270	-7.0572172584
271	-6.65936933316
272	-5.34852983425
273	-3.45987448159
274	-3.39575727843
275	-7.64571742044
276	-3.47697905228
277	-3.39575727843
278	-10.3147934882
279	-6.47331234015
280	-6.28962428837
281	-5.44040624002
282	-6.47514835376
283	-12.0474202786
284	-5.34852983425
285	-11.1331793877
286	-3.59739006806
287	-13.0785257461
288	-17.2623954195
289	-3.62791720537
290	-5.34852983425
291	-3.45987448159
292	-3.59739006806
293	-5.31697884306
294	-7.54041646017
295	-3.62791720537
296	-6.56064525319
297	-12.0771346725
298	-3.57944927909
299	-8.16263986729
300	-3.47697905228
301	-3.39575727843
302	-5.02262646681
303	-12.4827737076
304	-3.57944927909
305	-9.97321318938
306	-7.0572172584
307	-3.39575727843
308	-5.44040624002
309	-3.28231455351
310	-3.59739006806
311	-5.44040624002
312	-7.70595871838
313	-3.39575727843
314	-5.44040624002
315	-3.47697905228
316	-14.3953894371
317	-5.31697884306
318	-3.50298733652
319	-7.92282667753
320	-9.05325855144
321	-3.28231455351
322	-3.62791720537
323	-5.44040624002
324	-3.50298733652
325	-3.59739006806
326	-5.02262646681
327	-10.387631052
328	-3.59739006806
329	-5.44040624002
330	-3.45987448159
331	-7.35805782955
332	-5.02262646681
333	-3.45987448159
334	-3.57944927909
335	-7.85151757423
336	-3.50298733652
337	-3.62791720537
338	-5.44040624002
339	-3.50298733652
340	-3.62791720537
341	-5.44040624002
342	-3.28231455351
343	-3.39575727843
344	-5.02262646681
345	-17.2831477716
346	-3.59739006806
347	-5.44040624002
348	-3.47697905228
349	-3.39575727843
350	-5.34852983425
351	-3.28231455351
352	-18.3199770611
353	-7.64571742044
354	-13.602878144
355	-3.57944927909
356	-5.34852983425
357	-3.50298733652
358	-11.7972425453
359	-6.45218843954
360	-3.45987448159
361	-3.39575727843
362	-5.31697884306
363	-3.47697905228
364	-3.59739006806
365	-5.34852983425
366	-3.28231455351
367	-3.57944927909
368	-5.02262646681
369	-3.45987448159
370	-7.52694648411
371	-5.44040624002
372	-12.0771346725
373	-7.39881256742
374	-5.44040624002
375	-3.47697905228
376	-3.39575727843
377	-5.34852983425
378	-3.50298733652
379	-3.57944927909
380	-5.31697884306
381	-3.50298733652
382	-3.57944927909
383	-5.31697884306
384	-3.50298733652
385	-3.62791720537
386	-9.0111022514
387	-3.28231455351
388	-10.6475022743
389	-5.34852983425
390	-3.50298733652
391	-3.62791720537
392	-9.79947961075
393	-3.28231455351
394	-7.52991089849
395	-5.02262646681
396	-3.45987448159
397	-3.57944927909
398	-5.44040624002
399	-14.4645327805
400	-3.39575727843
401	-7.63024038273
402	-3.28231455351
403	-3.59739006806
404	-5.44040624002
405	-3.50298733652
406	-3.39575727843
407	-12.3959821583
408	-6.8401043403
409	-3.59739006806
410	-5.34852983425
411	-6.8401043403
412	-3.62791720537
413	-5.02262646681
414	-3.45987448159
415	-3.39575727843
416	-8.75926534614
417	-7.5706726699
418	-3.59739006806
419	-5.31697884306
420	-11.0252573588
421	-9.60229176051
422	-5.44040624002
423	-3.50298733652
424	-3.57944927909
425	-9.71454774284
426	-3.45987448159
427	-3.39575727843
428	-5.34852983425
429	-3.28231455351
430	-11.7661008194
431	-5.31697884306
432	-3.47697905228
433	-3.59739006806
434	-6.53386551682
435	-3.50298733652
436	-3.59739006806
437	-5.44040624002
438	-14.4639910355
439	-11.9006113122
440	-5.02262646681
441	-3.47697905228
442	-15.7413701554
443	-5.34852983425
444	-8.30508499957
445	-11.9929510503
446	-6.56064525319
447	-3.45987448159
448	-3.62791720537
449	-7.64571742044
450	-7.05207724307
451	-3.57944927909
452	-6.74816228635
453	-3.47697905228
454	-3.59739006806
455	-9.03487134159
456	-11.7293102274
457	-3.39575727843
458	-5.31697884306
459	-12.5397704319
460	-10.4503589677
461	-5.34852983425
462	-3.50298733652
463	-3.59739006806
464	-5.02262646681
465	-3.45987448159
466	-8.12971596904
467	-5.02262646681
468	-3.45987448159
469	-3.59739006806
470	-5.34852983425
