#Site	lnL	
0	-2.07813793121
1	-17.3423357005
2	-1.65183692896
3	-5.80549144484
4	-1.89741852866
5	-10.2833368689
6	-6.28105597818
7	-1.89741852866
8	-6.13527547256
9	-6.29997137361
10	-5.97132717695
11	-7.70636246141
12	-7.70666651353
13	-5.51411500875
14	-6.34548404523
15	-1.7175961088
16	-4.82457548582
17	-1.77708540938
18	-1.7175961088
19	-4.51958874991
20	-6.1277716911
21	-6.73819151676
22	-1.93010560033
23	-1.77708540938
24	-1.68784412163
25	-1.93010560033
26	-1.80807942688
27	-1.7175961088
28	-2.31249329983
29	-5.55203407208
30	-1.57141095469
31	-2.31249329983
32	-1.65183692896
33	-7.01726906986
34	-1.93010560033
35	-1.65183692896
36	-7.70666651353
37	-1.76028978558
38	-1.65183692896
39	-6.95481442177
40	-1.93010560033
41	-1.77708540938
42	-1.57141095469
43	-1.76028978558
44	-1.65183692896
45	-6.29997137361
46	-5.11718361466
47	-1.77708540938
48	-1.7175961088
49	-1.76028978558
50	-1.77708540938
51	-2.07813793121
52	-7.8074462821
53	-5.04712632549
54	-2.07813793121
55	-4.91693150645
56	-1.80807942688
57	-1.7175961088
58	-1.76028978558
59	-1.65183692896
60	-1.57141095469
61	-9.90463936063
62	-8.62957305226
63	-2.07813793121
64	-5.42823378142
65	-2.17780254417
66	-2.07813793121
67	-1.76028978558
68	-2.17780254417
69	-1.7175961088
70	-1.76028978558
71	-1.77708540938
72	-5.01211116619
73	-4.91257538884
74	-1.65183692896
75	-2.07813793121
76	-7.54104780189
77	-1.65183692896
78	-6.28105597818
79	-5.65618901113
80	-5.75475529684
81	-1.7175961088
82	-1.93010560033
83	-4.65924395406
84	-1.57141095469
85	-1.76028978558
86	-1.65183692896
87	-4.79821610708
88	-5.54449896681
89	-11.9564781689
90	-5.46264495706
91	-4.51958874991
92	-1.77708540938
93	-5.68870060492
94	-1.89741852866
95	-4.94583111328
96	-5.19189599782
97	-1.76028978558
98	-8.11125557541
99	-4.80264496631
100	-5.54760706144
101	-5.84457553912
102	-1.68784412163
103	-5.1986224964
104	-1.80807942688
105	-1.57141095469
106	-1.89741852866
107	-1.65183692896
108	-1.68784412163
109	-1.76028978558
110	-8.68399021859
111	-5.41894491193
112	-9.82616919063
113	-1.80807942688
114	-1.57141095469
115	-4.91257538884
116	-1.80807942688
117	-1.57141095469
118	-1.89741852866
119	-1.65183692896
120	-2.07813793121
121	-1.76028978558
122	-1.77708540938
123	-1.57141095469
124	-2.31249329983
125	-6.16840332634
126	-6.98420821984
127	-1.89741852866
128	-4.86032256009
129	-1.68784412163
130	-12.9772456966
131	-1.65183692896
132	-1.68784412163
133	-9.59956010027
134	-8.72543056679
135	-5.83381735002
136	-1.93010560033
137	-8.07690610922
138	-1.7175961088
139	-8.48624134332
140	-7.9121430978
141	-1.57141095469
142	-1.76028978558
143	-8.18637500624
144	-5.19189599782
145	-4.91257538884
146	-13.1628016564
147	-2.07813793121
148	-1.93010560033
149	-2.17780254417
150	-1.7175961088
151	-1.76028978558
152	-1.77708540938
153	-5.81607310077
154	-4.82457548582
155	-12.544580548
156	-1.57141095469
157	-5.51411500875
158	-1.77708540938
159	-5.41894491193
160	-1.76028978558
161	-1.80807942688
162	-6.27515001657
163	-2.31249329983
164	-1.77708540938
165	-10.5763598667
166	-2.31249329983
167	-6.38676224505
168	-5.69333543464
169	-5.61990390067
170	-8.31142314624
171	-1.57141095469
172	-1.89741852866
173	-5.04712632549
174	-6.95481442177
175	-1.89741852866
176	-5.66307870136
177	-1.7175961088
178	-5.1305709199
179	-6.41730851526
180	-1.57141095469
181	-1.93010560033
182	-5.63689770707
183	-1.7175961088
184	-5.95362004452
185	-1.65183692896
186	-1.57141095469
187	-1.89741852866
188	-6.06175484784
189	-5.43786898174
190	-1.89741852866
191	-7.98376138011
192	-1.7175961088
193	-1.93010560033
194	-2.17780254417
195	-1.7175961088
196	-10.8146398102
197	-1.77708540938
198	-2.07813793121
199	-2.31249329983
200	-10.1277682831
201	-5.19189599782
202	-1.89741852866
203	-1.65183692896
204	-1.57141095469
205	-1.89741852866
206	-7.93903732786
207	-1.7175961088
208	-2.31249329983
209	-7.54911034427
210	-2.07813793121
211	-1.76028978558
212	-7.90642230303
213	-1.68784412163
214	-1.76028978558
215	-1.80807942688
216	-1.7175961088
217	-8.21299828572
218	-1.77708540938
219	-1.57141095469
220	-1.76028978558
221	-6.1277716911
222	-1.7175961088
223	-5.64886637406
224	-4.65373460795
225	-5.19470405786
226	-1.76028978558
227	-5.75475529684
228	-1.57141095469
229	-5.07304766632
230	-1.80807942688
231	-1.68784412163
232	-1.76028978558
233	-5.32438719118
234	-1.68784412163
235	-11.7267060374
236	-2.17780254417
237	-2.07813793121
238	-1.89741852866
239	-1.80807942688
240	-1.7175961088
241	-5.51699345936
242	-1.77708540938
243	-6.27493247686
244	-1.76028978558
245	-1.77708540938
246	-2.07813793121
247	-1.93010560033
248	-1.80807942688
249	-2.07813793121
250	-1.76028978558
251	-1.65183692896
252	-1.68784412163
253	-1.76028978558
254	-8.9903042834
255	-6.76755813044
256	-1.93010560033
257	-5.77606918068
258	-1.7175961088
259	-1.76028978558
260	-2.17780254417
261	-2.07813793121
262	-2.31249329983
263	-2.17780254417
264	-2.07813793121
265	-2.31249329983
266	-1.65183692896
267	-6.30776806997
268	-5.95362004452
269	-1.65183692896
270	-2.07813793121
271	-1.76028978558
272	-1.80807942688
273	-1.57141095469
274	-8.25486390139
275	-5.22403258755
276	-1.68784412163
277	-7.80872815438
278	-1.65183692896
279	-1.68784412163
280	-6.26170251724
281	-1.77708540938
282	-1.7175961088
283	-4.51958874991
284	-6.10729080514
285	-5.41894491193
286	-6.50343347124
287	-9.68409337071
288	-1.7175961088
289	-1.93010560033
290	-7.95888483519
291	-2.07813793121
292	-1.89741852866
293	-5.27023533222
294	-1.68784412163
295	-2.31249329983
296	-1.80807942688
297	-5.19189599782
298	-1.93010560033
299	-1.65183692896
300	-10.0378971953
301	-1.89741852866
302	-1.77708540938
303	-2.07813793121
304	-1.93010560033
305	-5.28900347801
306	-5.41894491193
307	-1.89741852866
308	-5.75475529684
309	-1.57141095469
310	-2.31249329983
311	-1.65183692896
312	-5.79016493568
313	-9.22225549877
314	-1.77708540938
315	-1.57141095469
316	-1.89741852866
317	-2.17780254417
318	-5.68870060492
319	-1.93010560033
320	-7.9121430978
321	-1.68784412163
322	-1.93010560033
323	-5.63689770707
324	-1.7175961088
325	-5.54760706144
326	-1.80807942688
327	-1.68784412163
328	-1.76028978558
329	-1.77708540938
330	-1.7175961088
331	-6.77765667016
332	-1.77708540938
333	-1.57141095469
334	-1.93010560033
335	-1.65183692896
336	-6.55378477306
337	-5.51699345936
338	-1.65183692896
339	-1.68784412163
340	-6.00171146214
341	-5.75875341534
342	-1.68784412163
343	-4.91693150645
344	-1.65183692896
345	-1.7175961088
346	-1.76028978558
347	-2.17780254417
348	-6.80073892303
349	-13.7171368436
350	-1.65183692896
351	-6.27515001657
352	-1.89741852866
353	-5.24885394458
354	-1.57141095469
355	-10.700260072
356	-1.77708540938
357	-1.57141095469
358	-1.93010560033
359	-5.55203407208
360	-5.68870060492
361	-1.89741852866
362	-1.80807942688
363	-5.89958583121
364	-5.54760706144
365	-8.61043758996
366	-1.7175961088
367	-5.1485174696
368	-6.34548404523
369	-4.79821610708
370	-2.31249329983
371	-5.55203407208
372	-2.07813793121
373	-1.93010560033
374	-7.02319557676
375	-4.80264496631
376	-5.07304766632
377	-1.65183692896
378	-2.07813793121
379	-1.76028978558
380	-1.80807942688
381	-2.07813793121
382	-1.89741852866
383	-5.71942692479
384	-6.30084077895
385	-1.89741852866
386	-2.17780254417
387	-1.68784412163
388	-5.64886637406
389	-1.80807942688
390	-1.7175961088
391	-1.76028978558
392	-5.5578368423
393	-6.27515001657
394	-1.76028978558
395	-5.55203407208
396	-8.63463120202
397	-10.1612828259
398	-1.80807942688
399	-1.7175961088
400	-7.8411339033
401	-6.84773196204
402	-2.07813793121
403	-6.29382020369
404	-2.17780254417
405	-1.7175961088
406	-1.76028978558
407	-5.05060038294
408	-1.57141095469
409	-1.93010560033
410	-10.5612876152
411	-2.07813793121
412	-9.42468064203
413	-9.44009014368
414	-1.68784412163
415	-4.71644147244
416	-1.65183692896
417	-1.7175961088
418	-1.76028978558
419	-5.77032466261
420	-5.19470405786
421	-2.31249329983
422	-1.65183692896
423	-1.68784412163
424	-1.93010560033
425	-1.77708540938
426	-2.07813793121
427	-6.53224942454
428	-1.77708540938
429	-1.7175961088
430	-8.88891825085
431	-1.77708540938
432	-1.68784412163
433	-1.76028978558
434	-1.77708540938
435	-5.41894491193
436	-1.89741852866
437	-2.17780254417
438	-1.57141095469
439	-2.31249329983
440	-5.24885394458
441	-1.57141095469
442	-7.71567520715
443	-5.27023533222
444	-1.57141095469
445	-2.31249329983
446	-1.80807942688
447	-1.68784412163
448	-5.84025599991
449	-2.17780254417
450	-5.89963183784
451	-1.93010560033
452	-1.65183692896
453	-1.68784412163
454	-5.84025599991
455	-1.77708540938
456	-1.7175961088
457	-12.223260626
458	-4.65373460795
459	-1.68784412163
460	-2.31249329983
461	-1.77708540938
462	-5.87476447418
463	-1.76028978558
464	-1.65183692896
465	-1.68784412163
466	-1.93010560033
467	-1.65183692896
468	-1.57141095469
469	-1.76028978558
470	-1.65183692896
