#Site	lnL	
0	-2.46273067155
1	-18.0254419788
2	-2.03659374745
3	-5.89878677798
4	-2.28639629903
5	-10.4146970905
6	-6.37414920472
7	-2.28639629903
8	-6.22883359706
9	-6.65272933228
10	-6.06590709446
11	-8.08903215947
12	-8.33282453611
13	-5.60898175499
14	-6.69578794841
15	-2.10133432446
16	-5.29550935721
17	-2.16296201335
18	-2.10133432446
19	-4.98360672819
20	-6.48242878922
21	-7.09183101374
22	-2.31928006098
23	-2.16296201335
24	-2.07146181789
25	-2.31928006098
26	-2.19410833356
27	-2.10133432446
28	-2.70306628444
29	-5.90730066474
30	-1.95414108573
31	-2.70306628444
32	-2.03659374745
33	-7.36721165901
34	-2.31928006098
35	-2.03659374745
36	-8.33282453611
37	-2.14782545359
38	-2.03659374745
39	-7.30396259973
40	-2.31928006098
41	-2.16296201335
42	-1.95414108573
43	-2.14782545359
44	-2.03659374745
45	-6.65272933228
46	-5.59151437133
47	-2.16296201335
48	-2.10133432446
49	-2.14782545359
50	-2.16296201335
51	-2.46273067155
52	-8.42339006702
53	-5.14398383474
54	-2.46273067155
55	-5.01546671324
56	-2.19410833356
57	-2.10133432446
58	-2.14782545359
59	-2.03659374745
60	-1.95414108573
61	-10.7353834652
62	-9.07185419445
63	-2.46273067155
64	-5.78625674608
65	-2.56491243702
66	-2.46273067155
67	-2.14782545359
68	-2.56491243702
69	-2.10133432446
70	-2.14782545359
71	-2.16296201335
72	-5.47003483423
73	-5.01114228399
74	-2.03659374745
75	-2.46273067155
76	-8.01880362096
77	-2.03659374745
78	-6.37414920472
79	-6.01115243829
80	-6.10892529374
81	-2.10133432446
82	-2.31928006098
83	-5.12166305825
84	-1.95414108573
85	-2.14782545359
86	-2.03659374745
87	-5.25851612951
88	-5.63933030136
89	-12.055233868
90	-5.55777469539
91	-4.98360672819
92	-2.16296201335
93	-6.04195124791
94	-2.28639629903
95	-5.41314370314
96	-5.28750841919
97	-2.14782545359
98	-8.21052042181
99	-5.26337486745
100	-6.02193781811
101	-6.20108923409
102	-2.07146181789
103	-5.29642537784
104	-2.19410833356
105	-1.95414108573
106	-2.28639629903
107	-2.03659374745
108	-2.07146181789
109	-2.14782545359
110	-10.2799021128
111	-5.51440354319
112	-10.2305466634
113	-2.19410833356
114	-1.95414108573
115	-5.01114228399
116	-2.19410833356
117	-1.95414108573
118	-2.28639629903
119	-2.03659374745
120	-2.46273067155
121	-2.14782545359
122	-2.16296201335
123	-1.95414108573
124	-2.70306628444
125	-6.52417417779
126	-7.33345823892
127	-2.28639629903
128	-5.31927669418
129	-2.07146181789
130	-13.8143198448
131	-2.03659374745
132	-2.07146181789
133	-9.74282707842
134	-10.4393326366
135	-5.92709030105
136	-2.31928006098
137	-9.1784309904
138	-2.10133432446
139	-9.93673368231
140	-9.10004989469
141	-1.95414108573
142	-2.14782545359
143	-8.30091918482
144	-5.28750841919
145	-5.01114228399
146	-13.2568162705
147	-2.46273067155
148	-2.31928006098
149	-2.56491243702
150	-2.10133432446
151	-2.14782545359
152	-2.16296201335
153	-5.90938909197
154	-5.29550935721
155	-12.8979076503
156	-1.95414108573
157	-5.60898175499
158	-2.16296201335
159	-5.51440354319
160	-2.14782545359
161	-2.19410833356
162	-6.62790797525
163	-2.70306628444
164	-2.16296201335
165	-10.9505326985
166	-2.70306628444
167	-6.73805044465
168	-6.04670577504
169	-5.97651174938
170	-8.77227005764
171	-1.95414108573
172	-2.28639629903
173	-5.14398383474
174	-7.30396259973
175	-2.28639629903
176	-5.75705836858
177	-2.10133432446
178	-5.22887702417
179	-6.76872561781
180	-1.95414108573
181	-2.31928006098
182	-5.73089189876
183	-2.10133432446
184	-6.30961038841
185	-2.03659374745
186	-1.95414108573
187	-2.28639629903
188	-6.41441087824
189	-5.90526139559
190	-2.28639629903
191	-8.45000393333
192	-2.10133432446
193	-2.31928006098
194	-2.56491243702
195	-2.10133432446
196	-10.9355377346
197	-2.16296201335
198	-2.46273067155
199	-2.70306628444
200	-10.9101281367
201	-5.28750841919
202	-2.28639629903
203	-2.03659374745
204	-1.95414108573
205	-2.28639629903
206	-9.21489694902
207	-2.10133432446
208	-2.70306628444
209	-8.17158996527
210	-2.46273067155
211	-2.14782545359
212	-8.2879890042
213	-2.07146181789
214	-2.14782545359
215	-2.19410833356
216	-2.10133432446
217	-9.57098929944
218	-2.16296201335
219	-1.95414108573
220	-2.14782545359
221	-6.48242878922
222	-2.10133432446
223	-6.0036719517
224	-5.11561964406
225	-5.2902955555
226	-2.14782545359
227	-6.10892529374
228	-1.95414108573
229	-5.54370296378
230	-2.19410833356
231	-2.07146181789
232	-2.14782545359
233	-5.42064233448
234	-2.07146181789
235	-12.7496772087
236	-2.56491243702
237	-2.46273067155
238	-2.28639629903
239	-2.19410833356
240	-2.10133432446
241	-5.61188801101
242	-2.16296201335
243	-6.36791140387
244	-2.14782545359
245	-2.16296201335
246	-2.46273067155
247	-2.31928006098
248	-2.19410833356
249	-2.46273067155
250	-2.14782545359
251	-2.03659374745
252	-2.07146181789
253	-2.14782545359
254	-10.8096642589
255	-7.12131698321
256	-2.31928006098
257	-6.12793736796
258	-2.10133432446
259	-2.14782545359
260	-2.56491243702
261	-2.46273067155
262	-2.70306628444
263	-2.56491243702
264	-2.46273067155
265	-2.70306628444
266	-2.03659374745
267	-6.66140756696
268	-6.30961038841
269	-2.03659374745
270	-2.46273067155
271	-2.14782545359
272	-2.19410833356
273	-1.95414108573
274	-8.69728437306
275	-5.69128599514
276	-2.07146181789
277	-7.92496052048
278	-2.03659374745
279	-2.07146181789
280	-6.61593436873
281	-2.16296201335
282	-2.10133432446
283	-4.98360672819
284	-6.20102125866
285	-5.51440354319
286	-6.86232460891
287	-9.78907899922
288	-2.10133432446
289	-2.31928006098
290	-8.58018522353
291	-2.46273067155
292	-2.28639629903
293	-5.36689509459
294	-2.07146181789
295	-2.70306628444
296	-2.19410833356
297	-5.28750841919
298	-2.31928006098
299	-2.03659374745
300	-10.5266772949
301	-2.28639629903
302	-2.16296201335
303	-2.46273067155
304	-2.31928006098
305	-5.75963933794
306	-5.51440354319
307	-2.28639629903
308	-6.10892529374
309	-1.95414108573
310	-2.70306628444
311	-2.03659374745
312	-5.88349253089
313	-9.32589324627
314	-2.16296201335
315	-1.95414108573
316	-2.28639629903
317	-2.56491243702
318	-6.04195124791
319	-2.31928006098
320	-9.10004989469
321	-2.07146181789
322	-2.31928006098
323	-5.73089189876
324	-2.10133432446
325	-6.02193781811
326	-2.19410833356
327	-2.07146181789
328	-2.14782545359
329	-2.16296201335
330	-2.10133432446
331	-7.13319103064
332	-2.16296201335
333	-1.95414108573
334	-2.31928006098
335	-2.03659374745
336	-6.90303479214
337	-5.61188801101
338	-2.03659374745
339	-2.07146181789
340	-6.09625597228
341	-6.23338156261
342	-2.07146181789
343	-5.01546671324
344	-2.03659374745
345	-2.10133432446
346	-2.14782545359
347	-2.56491243702
348	-7.15534023207
349	-15.285728488
350	-2.03659374745
351	-6.62790797525
352	-2.28639629903
353	-5.71610735217
354	-1.95414108573
355	-12.1420919637
356	-2.16296201335
357	-1.95414108573
358	-2.31928006098
359	-5.90730066474
360	-6.04195124791
361	-2.28639629903
362	-2.19410833356
363	-6.37010201892
364	-6.02193781811
365	-9.05280410925
366	-2.10133432446
367	-5.62345731489
368	-6.69578794841
369	-5.25851612951
370	-2.70306628444
371	-5.90730066474
372	-2.46273067155
373	-2.31928006098
374	-7.58525794824
375	-5.26337486745
376	-5.54370296378
377	-2.03659374745
378	-2.46273067155
379	-2.14782545359
380	-2.19410833356
381	-2.46273067155
382	-2.28639629903
383	-6.19006278473
384	-6.39380810211
385	-2.28639629903
386	-2.56491243702
387	-2.07146181789
388	-6.0036719517
389	-2.19410833356
390	-2.10133432446
391	-2.14782545359
392	-5.91325541056
393	-6.62790797525
394	-2.14782545359
395	-5.90730066474
396	-10.336232373
397	-11.2406207345
398	-2.19410833356
399	-2.10133432446
400	-8.45902225684
401	-7.19914906459
402	-2.46273067155
403	-6.64821891363
404	-2.56491243702
405	-2.10133432446
406	-2.14782545359
407	-5.14743226096
408	-1.95414108573
409	-2.31928006098
410	-11.0227338214
411	-2.46273067155
412	-9.54612662484
413	-9.89655175367
414	-2.07146181789
415	-5.17680014632
416	-2.03659374745
417	-2.10133432446
418	-2.14782545359
419	-6.12207139015
420	-5.2902955555
421	-2.70306628444
422	-2.03659374745
423	-2.07146181789
424	-2.31928006098
425	-2.16296201335
426	-2.46273067155
427	-6.89252945676
428	-2.16296201335
429	-2.10133432446
430	-9.32001164084
431	-2.16296201335
432	-2.07146181789
433	-2.14782545359
434	-2.16296201335
435	-5.51440354319
436	-2.28639629903
437	-2.56491243702
438	-1.95414108573
439	-2.70306628444
440	-5.71610735217
441	-1.95414108573
442	-8.19281293513
443	-5.36689509459
444	-1.95414108573
445	-2.70306628444
446	-2.19410833356
447	-2.07146181789
448	-6.19381486259
449	-2.56491243702
450	-6.25201490039
451	-2.31928006098
452	-2.03659374745
453	-2.07146181789
454	-6.19381486259
455	-2.16296201335
456	-2.10133432446
457	-13.9130931785
458	-5.11561964406
459	-2.07146181789
460	-2.70306628444
461	-2.16296201335
462	-6.34528066189
463	-2.14782545359
464	-2.03659374745
465	-2.07146181789
466	-2.31928006098
467	-2.03659374745
468	-1.95414108573
469	-2.14782545359
470	-2.03659374745
