#Site	lnL	
0	-1.66292507934
1	-2.04199380974
2	-2.02960773518
3	-1.66398850462
4	-2.04199380974
5	-2.02960773518
6	-1.66292507934
7	-2.04199380974
8	-5.21648588978
9	-1.91538398854
10	-5.45151635417
11	-1.7710326079
12	-10.3284720755
13	-1.72910098986
14	-2.02960773518
15	-1.66398850462
16	-1.78263115274
17	-1.71815820938
18	-1.61717648773
19	-1.78263115274
20	-1.71815820938
21	-1.61717648773
22	-1.78263115274
23	-6.36024165684
24	-9.13901292277
25	-2.04199380974
26	-2.02960773518
27	-5.67381107729
28	-1.78151077695
29	-4.64130912121
30	-1.66398850462
31	-1.78263115274
32	-1.7710326079
33	-1.66398850462
34	-2.04199380974
35	-2.02960773518
36	-1.61717648773
37	-6.52363032809
38	-1.76991782801
39	-1.66292507934
40	-1.78263115274
41	-9.1641306052
42	-1.91538398854
43	-7.2335901657
44	-1.7710326079
45	-1.61717648773
46	-2.04199380974
47	-1.76991782801
48	-1.91538398854
49	-1.72910098986
50	-5.21541535709
51	-6.26654293503
52	-1.72910098986
53	-1.76991782801
54	-1.61717648773
55	-4.85173656808
56	-5.56305364807
57	-1.66292507934
58	-1.78263115274
59	-1.7710326079
60	-1.66398850462
61	-1.78263115274
62	-5.49816249869
63	-1.61717648773
64	-1.72910098986
65	-1.7710326079
66	-1.91538398854
67	-2.04199380974
68	-9.82875091513
69	-1.66292507934
70	-2.04199380974
71	-5.56305364807
72	-6.14608369351
73	-1.78263115274
74	-1.76991782801
75	-1.66398850462
76	-1.72910098986
77	-9.61516712998
78	-1.91538398854
79	-1.78263115274
80	-1.71815820938
81	-1.66292507934
82	-4.80809756957
83	-6.81500188542
84	-1.91538398854
85	-6.34603821075
86	-4.64130912121
87	-6.44031644314
88	-1.72910098986
89	-5.61103068238
90	-6.44122807381
91	-1.72910098986
92	-1.7710326079
93	-1.66398850462
94	-2.04199380974
95	-6.0731605638
96	-1.61717648773
97	-1.72910098986
98	-1.76991782801
99	-1.91538398854
100	-1.78263115274
101	-2.02960773518
102	-1.61717648773
103	-2.04199380974
104	-9.57509743267
105	-1.61717648773
106	-1.78151077695
107	-1.71815820938
108	-1.91538398854
109	-6.344588697
110	-1.7710326079
111	-1.66292507934
112	-5.54669338755
113	-2.02960773518
114	-1.91538398854
115	-5.36632393037
116	-7.43797668573
117	-1.91538398854
118	-5.19940761008
119	-7.14139535523
120	-1.66292507934
121	-1.78151077695
122	-1.76991782801
123	-5.86410372822
124	-1.72910098986
125	-5.46863439598
126	-1.66292507934
127	-7.78514195865
128	-2.02960773518
129	-5.39995756664
130	-1.78263115274
131	-2.02960773518
132	-5.66733120392
133	-8.35279417004
134	-6.25782491469
135	-1.61717648773
136	-1.78263115274
137	-1.76991782801
138	-11.4164718028
139	-6.94724179016
140	-6.07422533321
141	-1.91538398854
142	-5.45151635417
143	-1.71815820938
144	-1.91538398854
145	-1.78151077695
146	-11.1593382219
147	-1.66398850462
148	-1.78151077695
149	-1.76991782801
150	-5.86410372822
151	-9.04041309393
152	-1.71815820938
153	-1.91538398854
154	-5.36613261124
155	-2.02960773518
156	-1.66292507934
157	-1.72910098986
158	-5.38209050856
159	-1.61717648773
160	-2.04199380974
161	-1.7710326079
162	-1.61717648773
163	-2.04199380974
164	-12.0271298044
165	-1.66398850462
166	-6.3447943337
167	-2.02960773518
168	-1.61717648773
169	-6.3305321565
170	-7.42461844367
171	-1.66292507934
172	-1.72910098986
173	-6.74585048486
174	-7.87122630756
175	-1.78151077695
176	-7.42461844367
177	-5.41368096448
178	-1.72910098986
179	-7.42461844367
180	-1.66292507934
181	-1.72910098986
182	-6.6876290089
183	-5.41471146984
184	-9.62134428022
185	-1.76991782801
186	-1.66398850462
187	-9.86269886775
188	-1.7710326079
189	-1.66292507934
190	-1.78151077695
191	-2.02960773518
192	-5.39995756664
193	-1.72910098986
194	-1.76991782801
195	-1.66398850462
196	-13.9965728477
197	-8.04178561726
198	-1.61717648773
199	-1.78263115274
200	-1.76991782801
201	-1.66398850462
202	-5.45151635417
203	-5.9732104262
204	-1.91538398854
205	-7.90047373406
206	-1.76991782801
207	-1.66292507934
208	-1.78151077695
209	-1.7710326079
210	-1.66398850462
211	-5.45163270728
212	-1.71815820938
213	-1.66398850462
214	-1.78263115274
215	-7.71258359151
216	-5.41368096448
217	-9.25219566737
218	-9.28721461796
219	-1.91538398854
220	-1.78263115274
221	-10.8446469957
222	-1.66398850462
223	-1.72910098986
224	-12.2726229654
225	-5.886321304
226	-1.78151077695
227	-7.79980781976
228	-6.44122807381
229	-1.72910098986
230	-5.46863439598
231	-6.42124485764
232	-1.78151077695
233	-1.71815820938
234	-1.66292507934
235	-1.72910098986
236	-1.76991782801
237	-1.66292507934
238	-8.54425165196
239	-1.76991782801
240	-7.13135811488
241	-5.54669338755
242	-5.49725086802
243	-1.66292507934
244	-1.72910098986
245	-8.49258496459
246	-1.66292507934
247	-1.78263115274
248	-6.06475121962
249	-1.91538398854
250	-1.78151077695
251	-1.7710326079
252	-1.66292507934
253	-2.04199380974
254	-1.71815820938
255	-1.66398850462
256	-1.78263115274
257	-1.71815820938
258	-6.54235431237
259	-1.72910098986
260	-1.7710326079
261	-4.83141957426
262	-1.78263115274
263	-2.02960773518
264	-1.66292507934
265	-2.04199380974
266	-7.74775269312
267	-9.06992511986
268	-1.72910098986
269	-5.21648588978
270	-1.66292507934
271	-1.72910098986
272	-6.36340910524
273	-1.66292507934
274	-9.24334054359
275	-6.74585048486
276	-1.61717648773
277	-1.72910098986
278	-2.02960773518
279	-1.66398850462
280	-1.78263115274
281	-6.06475121962
282	-1.66292507934
283	-5.45163270728
284	-2.02960773518
285	-6.27375899475
286	-12.5843426145
287	-5.38209050856
288	-1.61717648773
289	-1.78151077695
290	-6.6876290089
291	-1.61717648773
292	-1.72910098986
293	-1.71815820938
294	-1.91538398854
295	-1.72910098986
296	-1.71815820938
297	-1.66292507934
298	-1.78151077695
299	-8.26309954939
300	-1.66398850462
301	-1.72910098986
302	-1.76991782801
303	-1.61717648773
304	-2.04199380974
305	-1.71815820938
306	-5.86410372822
307	-1.78263115274
308	-5.38209050856
309	-1.91538398854
310	-2.04199380974
311	-4.64114438446
312	-1.61717648773
313	-6.52363032809
314	-1.7710326079
315	-6.16214525019
316	-2.04199380974
317	-10.9438892514
318	-1.66292507934
319	-1.78151077695
320	-1.7710326079
321	-1.66398850462
322	-1.78263115274
323	-10.736323969
324	-1.61717648773
325	-10.1305095684
326	-6.99509666797
327	-4.83154304169
328	-5.36613261124
329	-4.64114438446
330	-1.66398850462
331	-6.72860266213
332	-2.02960773518
333	-1.61717648773
334	-6.24144859686
335	-8.75049188641
336	-1.66398850462
337	-1.72910098986
338	-9.54128023144
339	-1.66292507934
340	-5.18053326725
341	-1.7710326079
342	-1.61717648773
343	-1.78151077695
344	-4.64114438446
345	-6.26654293503
346	-5.93491958902
347	-1.76991782801
348	-1.61717648773
349	-2.04199380974
350	-5.38209050856
351	-1.66398850462
352	-11.2050173289
353	-2.02960773518
354	-1.66292507934
355	-6.3447943337
356	-2.02960773518
357	-9.67953886805
358	-7.10442944495
359	-1.71815820938
360	-1.61717648773
361	-2.04199380974
362	-8.26304599686
363	-1.66398850462
364	-14.6105403971
365	-5.19810208814
366	-5.56820100259
367	-5.17962163659
368	-5.19810208814
369	-1.66398850462
370	-1.78151077695
371	-2.02960773518
372	-1.91538398854
373	-1.72910098986
374	-4.64114438446
375	-5.56820100259
376	-1.72910098986
377	-8.15572252838
378	-1.61717648773
379	-2.04199380974
380	-1.7710326079
381	-10.5667056191
382	-8.85278293168
383	-4.64114438446
384	-7.34354391189
385	-1.78263115274
386	-4.64130912121
387	-9.5231613051
388	-4.62510351061
389	-6.96299181789
390	-1.61717648773
391	-7.38515090265
392	-7.04792382899
393	-1.66398850462
394	-1.78151077695
395	-1.7710326079
396	-1.66292507934
397	-4.62493429213
398	-10.4652574067
399	-1.66292507934
400	-1.78263115274
401	-8.46004166927
402	-1.66398850462
403	-1.78263115274
404	-1.7710326079
405	-1.66292507934
406	-2.04199380974
407	-6.96299181789
408	-1.61717648773
409	-1.78151077695
410	-1.76991782801
411	-1.91538398854
412	-6.92232660845
413	-1.76991782801
414	-1.91538398854
415	-1.72910098986
416	-5.95077109335
417	-6.44031644314
418	-1.78151077695
419	-1.71815820938
420	-1.66292507934
421	-1.78151077695
422	-5.21648588978
423	-1.66292507934
424	-4.80809756957
425	-1.7710326079
426	-1.66292507934
427	-5.36632393037
428	-10.6482712008
429	-1.66292507934
430	-1.78151077695
431	-4.86730734747
432	-4.83154304169
433	-1.78263115274
434	-9.59702062939
435	-1.66398850462
436	-1.78151077695
437	-6.06475121962
438	-7.40804154102
439	-1.72910098986
440	-1.76991782801
441	-5.56806192005
442	-1.72910098986
443	-9.69570465025
444	-1.61717648773
445	-2.04199380974
446	-1.71815820938
447	-1.61717648773
448	-1.78263115274
449	-11.0049875326
450	-1.66398850462
451	-5.67647760716
452	-1.76991782801
453	-1.66292507934
454	-1.72910098986
455	-1.71815820938
456	-5.56806192005
457	-11.4503519802
458	-1.76991782801
459	-1.66292507934
460	-1.78151077695
461	-1.76991782801
462	-1.66292507934
463	-7.10442944495
464	-5.97211625082
465	-8.75096474817
466	-1.78151077695
467	-5.95168272402
468	-5.67278057193
469	-4.80809756957
470	-1.71815820938
