# log_p 	 lnL 	 
0.0	-1759.4149378	
-0.287682072452	-1759.46756029	
-0.510825623766	-1759.54489358	
-0.69314718056	-1759.61661523	
-0.847297860387	-1759.6738638	
-0.980829253012	-1759.71646534	
-1.09861228867	-1759.74688214	
-1.20397280433	-1759.7678834	
-1.29928298413	-1759.7818306	
-1.38629436112	-1759.79055716	
-1.46633706879	-1759.79543291	
-1.54044504095	-1759.79746609	
-1.60943791243	-1759.79739599	
-1.67397643357	-1759.79576582	
-1.73460105539	-1759.79297675	
-1.79175946923	-1759.78932691	
-1.8458266905	-1759.78503936	
-1.89711998489	-1759.78028199	
-1.94591014906	-1759.77518184	
-1.99243016469	-1759.76983545	
-2.03688192726	-1759.76431631	
-2.07944154168	-1759.75868043	
-2.1202635362	-1759.7529704	
-2.15948424935	-1759.74721854	
-2.19722457734	-1759.74144918	
-2.23359222151	-1759.7356805	
-2.26868354132	-1759.72992592	
-2.30258509299	-1759.72419518	
-2.33537491582	-1759.7184952	
-2.36712361413	-1759.71283079	
-2.3978952728	-1759.70720512	
-2.42774823595	-1759.70162022	
-2.45673577282	-1759.69607724	
-2.48490664979	-1759.69057676	
-2.51230562398	-1759.685119	
-2.53897387106	-1759.67970393	
-2.56494935746	-1759.67433144	
-2.59026716545	-1759.66900139	
-2.61495977804	-1759.66371372	
-2.63905732962	-1759.65846845	
-2.66258782703	-1759.65326571	
-2.68557734525	-1759.64810581	
-2.7080502011	-1759.64298916	
-2.73002910782	-1759.63791636	
-2.75153531304	-1759.63288811	
-2.77258872224	-1759.62790528	
-2.79320800944	-1759.62296882	
-2.81341071676	-1759.61807978	
-2.83321334406	-1759.61323933	
-2.85263142991	-1759.60844865	
-2.87167962488	-1759.60370903	
-2.8903717579	-1759.59902173	
-2.90872089656	-1759.59438808	
-2.92673940207	-1759.58980939	
-2.94443897917	-1759.58528697	
-2.96183072188	-1759.5808221	
-2.97892515524	-1759.57641603	
-2.99573227355	-1759.57206998	
-3.01226157551	-1759.5677851	
-3.02852209638	-1759.56356252	
-3.04452243772	-1759.55940327	
-3.06027079469	-1759.55530833	
-3.07577498123	-1759.55127863	
-3.09104245336	-1759.54731498	
-3.10608033072	-1759.54341817	
-3.12089541651	-1759.53958887	
-3.13549421593	-1759.5358277	
-3.14988295338	-1759.53213519	
-3.16406758837	-1759.5285118	
-3.17805383035	-1759.52495791	
-3.19184715248	-1759.52147384	
-3.20545280454	-1759.51805982	
-3.21887582487	-1759.51471601	
-3.23212105162	-1759.51144252	
-3.24519313319	-1759.50823938	
-3.25809653802	-1759.50510656	
-3.2708355638	-1759.50204397	
-3.28341434601	-1759.49905146	
-3.295836866	-1759.49612883	
-3.3081069586	-1759.49327582	
-3.32022831913	-1759.49049212	
-3.33220451018	-1759.4877774	
-3.34403896782	-1759.48513124	
-3.35573500759	-1759.48255322	
-3.36729582999	-1759.48004285	
-3.37872452581	-1759.47759963	
-3.39002408106	-1759.47522301	
-3.40119738166	-1759.47291242	
-3.41224721785	-1759.47066725	
-3.42317628838	-1759.46848687	
-3.43398720449	-1759.46637063	
-3.4446824936	-1759.46431785	
-3.45526460293	-1759.46232783	
-3.4657359028	-1759.46039987	
-3.47609868984	-1759.45853322	
-3.48635519	-1759.45672714	
-3.49650756147	-1759.45498089	
-3.50655789732	-1759.45329368	
-3.51650822817	-1759.45166474	
-3.52636052462	-1759.45009329	
-3.53611669956	-1759.44857853	
-3.54577861047	-1759.44711966	
-3.55534806149	-1759.44571588	
-3.56482680544	-1759.44436638	
-3.57421654579	-1759.44307036	
-3.58351893846	-1759.44182701	
-3.59273559356	-1759.44063551	
-3.60186807712	-1759.43949507	
-3.61091791264	-1759.43840486	
-3.61988658263	-1759.43736408	
-3.62877553004	-1759.43637194	
-3.63758615973	-1759.43542762	
-3.6463198397	-1759.43453035	
-3.65497790244	-1759.43367932	
-3.66356164613	-1759.43287375	
-3.6720723358	-1759.43211286	
-3.68051120444	-1759.43139588	
-3.68887945411	-1759.43072204	
-3.69717825693	-1759.43009058	
-3.70540875607	-1759.42950074	
-3.7135720667	-1759.42895178	
-3.72166927694	-1759.42844296	
-3.72970144863	-1759.42797354	
-3.73766961828	-1759.42754282	
-3.74557479779	-1759.42715006	
-3.75341797525	-1759.42679457	
-3.76120011569	-1759.42647565	
-3.76892216179	-1759.42619261	
-3.77658503453	-1759.42594476	
-3.78418963392	-1759.42573144	
-3.79173683955	-1759.42555199	
-3.79922751128	-1759.42540575	
-3.80666248977	-1759.42529208	
-3.81404259707	-1759.42521034	
-3.82136863716	-1759.4251599	
-3.82864139649	-1759.42514015	
-3.83586164446	-1759.42515049	
-3.84303013394	-1759.4251903	
-3.85014760171	-1759.42525901	
-3.85721476893	-1759.42535603	
-3.86423234159	-1759.42548079	
-3.87120101091	-1759.42563273	
-3.87812145375	-1759.42581129	
-3.88499433304	-1759.42601592	
-3.89182029811	-1759.4262461	
-3.8985999851	-1759.42650129	
-3.90533401728	-1759.42678097	
-3.91202300543	-1759.42708464	
-3.91866754815	-1759.42741179	
-3.92526823218	-1759.42776193	
-3.93182563272	-1759.42813456	
-3.93834031375	-1759.42852922	
-3.94481282825	-1759.42894544	
-3.95124371858	-1759.42938275	
-3.95763351668	-1759.4298407	
-3.96398274436	-1759.43031884	
-3.97029191355	-1759.43081674	
-3.97656152657	-1759.43133397	
-3.98279207632	-1759.4318701	
-3.98898404656	-1759.43242472	
-3.99513791214	-1759.43299742	
-4.00125413916	-1759.4335878	
-4.00733318523	-1759.43419546	
-4.01337549969	-1759.43482003	
-4.01938152375	-1759.43546111	
-4.02535169074	-1759.43611834	
-4.03128642625	-1759.43679135	
-4.03718614838	-1759.43747978	
-4.04305126783	-1759.43818328	
-4.04888218815	-1759.43890149	
-4.05467930583	-1759.43963409	
-4.06044301055	-1759.44038073	
-4.06617368526	-1759.44114109	
-4.07187170637	-1759.44191484	
-4.07753744391	-1759.44270167	
-4.08317126162	-1759.44350127	
-4.08877351717	-1759.44431333	
-4.09434456222	-1759.44513755	
-4.0998847426	-1759.44597364	
-4.10539439841	-1759.44682132	
-4.11087386417	-1759.44768029	
-4.11632346894	-1759.44855027	
-4.12174353641	-1759.44943101	
-4.12713438505	-1759.45032223	
-4.13249632819	-1759.45122366	
-4.13782967416	-1759.45213505	
-4.14313472639	-1759.45305615	
-4.14841178349	-1759.4539867	
-4.15366113938	-1759.45492647	
-4.15888308336	-1759.45587521	
-4.16407790024	-1759.4568327	
-4.1692458704	-1759.45779869	
-4.1743872699	-1759.45877297	
-4.17950237056	-1759.4597553	
-4.18459144007	-1759.46074549	
-4.18965474203	-1759.4617433	
-4.19469253606	-1759.46274854	
-4.19970507788	-1759.46376099	
-4.20469261939	-1759.46478046	
-4.20965540873	-1759.46580674	
-4.21459369037	-1759.46683965	
-4.21950770518	-1759.46787899	
-4.22439769047	-1759.46892457	
-4.22926388012	-1759.46997622	
-4.2341065046	-1759.47103375	
-4.23892579103	-1759.47209698	
-4.2437219633	-1759.47316575	
-4.24849524205	-1759.47423988	
-4.25324584481	-1759.47531921	
-4.257973986	-1759.47640357	
-4.26267987704	-1759.4774928	
-4.26736372635	-1759.47858675	
-4.27202573946	-1759.47968526	
-4.27666611902	-1759.48078818	
-4.28128506487	-1759.48189537	
-4.28588277412	-1759.48300667	
-4.29045944115	-1759.48412194	
-4.29501525768	-1759.48524105	
-4.29955041285	-1759.48636385	
-4.3040650932	-1759.48749022	
-4.30855948279	-1759.48862001	
-4.31303376319	-1759.48975311	
-4.31748811354	-1759.49088938	
-4.3219227106	-1759.49202869	
-4.32633772881	-1759.49317093	
-4.33073334029	-1759.49431598	
-4.33510971489	-1759.49546372	
-4.33946702026	-1759.49661403	
-4.34380542185	-1759.4977668	
-4.348125083	-1759.49892191	
-4.3524261649	-1759.50007927	
-4.35670882669	-1759.50123877	
-4.36097322548	-1759.50240029	
-4.36521951636	-1759.50356374	
-4.36944785247	-1759.50472901	
-4.373658385	-1759.50589602	
-4.37785126326	-1759.50706465	
-4.38202663467	-1759.50823482	
-4.38618464482	-1759.50940644	
-4.39032543749	-1759.5105794	
-4.39444915467	-1759.51175363	
-4.39855593663	-1759.51292904	
-4.40264592188	-1759.51410553	
-4.40671924726	-1759.51528303	
-4.41077604796	-1759.51646146	
-4.4148164575	-1759.51764072	
-4.4188406078	-1759.51882075	
-4.42284862919	-1759.52000147	
-4.42684065046	-1759.52118279	
-4.43081679884	-1759.52236465	
-4.43477720006	-1759.52354697	
-4.43872197835	-1759.52472968	
-4.44265125649	-1759.52591271	
-4.44656515581	-1759.52709599	
-4.45046379623	-1759.52827946	
-4.45434729625	-1759.52946304	
-4.45821577303	-1759.53064668	
-4.46206934235	-1759.5318303	
-4.46590811865	-1759.53301385	
-4.46973221509	-1759.53419727	
-4.47354174351	-1759.53538049	
-4.47733681448	-1759.53656347	
-4.48111753732	-1759.53774613	
-4.48488402011	-1759.53892843	
-4.48863636973	-1759.54011031	
-4.49237469184	-1759.54129171	
-4.49609909093	-1759.54247259	
-4.49980967033	-1759.54365289	
-4.50350653221	-1759.54483256	
-4.50718977763	-1759.54601155	
-4.51085950652	-1759.54718982	
-4.51451581772	-1759.54836731	
-4.518158809	-1759.54954398	
-4.52178857705	-1759.55071978	
-4.52540521752	-1759.55189468	
-4.52900882502	-1759.55306862	
-4.53259949315	-1759.55424156	
-4.5361773145	-1759.55541346	
-4.53974238067	-1759.55658429	
-4.54329478227	-1759.557754	
-4.54683460898	-1759.55892254	
-4.55036194949	-1759.5600899	
-4.5538768916	-1759.56125601	
-4.55737952215	-1759.56242086	
-4.56086992709	-1759.5635844	
-4.56434819147	-1759.56474659	
-4.56781439944	-1759.56590742	
-4.57126863431	-1759.56706683	
-4.5747109785	-1759.5682248	
-4.5781415136	-1759.56938129	
-4.58156032035	-1759.57053628	
-4.58496747867	-1759.57168974	
-4.58836306767	-1759.57284163	
-4.59174716566	-1759.57399192	
-4.59511985013	-1759.57514059	
-4.59848119784	-1759.5762876	
-4.60183128472	-1759.57743294	
-4.60517018599	-1759.57857657	
-4.60849797608	-1759.57971847	
-4.61181472871	-1759.58085861	
-4.61512051684	-1759.58199697	
-4.61841541274	-1759.58313352	
-4.62169948794	-1759.58426824	
-4.62497281328	-1759.58540111	
-4.62823545892	-1759.58653211	
-4.63148749431	-1759.5876612	
-4.63472898823	-1759.58878838	
-4.63796000881	-1759.58991362	
-4.64118062351	-1759.59103689	
-4.64439089914	-1759.59215819	
-4.64759090187	-1759.59327748	
-4.65078069724	-1759.59439476	
-4.65396035016	-1759.59551	
-4.65712992492	-1759.59662318	
-4.66028948521	-1759.5977343	
-4.66343909411	-1759.59884332	
-4.66657881412	-1759.59995023	
-4.66970870713	-1759.60105502	
-4.67282883446	-1759.60215768	
-4.67593925688	-1759.60325818	
-4.67904003455	-1759.60435651	
-4.68213122712	-1759.60545266	
-4.68521289366	-1759.60654661	
-4.6882850927	-1759.60763835	
-4.69134788223	-1759.60872787	
-4.69440131972	-1759.60981515	
-4.6974454621	-1759.61090018	
-4.70048036579	-1759.61198295	
-4.70350608671	-1759.61306345	
-4.70652268025	-1759.61414166	
-4.70953020131	-1759.61521757	
-4.71252870431	-1759.61629118	
-4.71551824316	-1759.61736247	
-4.7184988713	-1759.61843144	
-4.72147064168	-1759.61949806	
-4.72443360681	-1759.62056234	
-4.72738781871	-1759.62162427	
-4.73033332894	-1759.62268382	
-4.73327018862	-1759.62374101	
-4.73619844839	-1759.62479581	
-4.7391181585	-1759.62584823	
-4.74202936871	-1759.62689825	
-4.74493212836	-1759.62794586	
-4.74782648639	-1759.62899106	
-4.75071249128	-1759.63003385	
-4.75359019111	-1759.6310742	
-4.75645963353	-1759.63211213	
-4.75932086582	-1759.63314762	
-4.7621739348	-1759.63418067	
-4.76501888693	-1759.63521126	
-4.76785576827	-1759.63623941	
-4.77068462447	-1759.63726509	
-4.77350550081	-1759.63828831	
-4.77631844218	-1759.63930906	
-4.77912349311	-1759.64032733	
-4.78192069773	-1759.64134313	
-4.78471009982	-1759.64235645	
-4.78749174278	-1759.64336728	
-4.79026566966	-1759.64437562	
-4.79303192316	-1759.64538147	
-4.7957905456	-1759.64638483	
-4.79854157897	-1759.64738568	
-4.80128506491	-1759.64838404	
-4.80402104473	-1759.64937989	
-4.80674955939	-1759.65037324	
-4.8094706495	-1759.65136407	
-4.81218435537	-1759.6523524	
-4.81489071697	-1759.65333821	
-4.81758977394	-1759.65432151	
-4.82028156561	-1759.65530229	
-4.82296613098	-1759.65628056	
-4.82564350875	-1759.65725631	
-4.8283137373	-1759.65822954	
-4.83097685472	-1759.65920024	
-4.83363289878	-1759.66016843	
-4.83628190695	-1759.6611341	
-4.83892391641	-1759.66209724	
-4.84155896405	-1759.66305786	
-4.84418708646	-1759.66401596	
-4.84680831994	-1759.66497154	
-4.84942270051	-1759.66592459	
-4.85203026392	-1759.66687512	
-4.85463104562	-1759.66782313	
-4.8572250808	-1759.66876862	
-4.85981240436	-1759.66971159	
-4.86239305096	-1759.67065204	
-4.86496705495	-1759.67158997	
-4.86753445046	-1759.67252538	
-4.87009527132	-1759.67345828	
-4.87264955112	-1759.67438866	
-4.8751973232	-1759.67531652	
-4.87773862063	-1759.67624187	
-4.88027347623	-1759.67716472	
-4.88280192259	-1759.67808505	
-4.88532399202	-1759.67900287	
-4.88783971662	-1759.67991819	
-4.89034912822	-1759.680831	
-4.89285225844	-1759.68174132	
-4.89534913864	-1759.68264913	
-4.89783979995	-1759.68355444	
-4.90032427328	-1759.68445726	
-4.90280258929	-1759.68535759	
-4.90527477844	-1759.68625543	
-4.90774087093	-1759.68715078	
-4.91020089677	-1759.68804364	
-4.91265488574	-1759.68893403	
-4.91510286737	-1759.68982193	
-4.91754487103	-1759.69070736	
-4.91998092583	-1759.69159031	
-4.92241106068	-1759.6924708	
-4.92483530429	-1759.69334881	
-4.92725368516	-1759.69422437	
-4.92966623156	-1759.69509746	
-4.93207297159	-1759.6959681	
-4.93447393313	-1759.69683628	
-4.93686914386	-1759.69770201	
-4.93925863125	-1759.6985653	
-4.94164242261	-1759.69942614	
-4.94402054501	-1759.70028454	
-4.94639302537	-1759.70114051	
-4.94875989038	-1759.70199405	
-4.95112116656	-1759.70284516	
-4.95347688026	-1759.70369384	
-4.9558270576	-1759.70454011	
-4.95817172456	-1759.70538396	
-4.96051090691	-1759.7062254	
-4.96284463026	-1759.70706443	
-4.96517292002	-1759.70790106	
-4.96749580144	-1759.70873529	
-4.96981329958	-1759.70956712	
-4.97212543933	-1759.71039656	
-4.97443224543	-1759.71122362	
-4.97673374242	-1759.7120483	
-4.97902995468	-1759.7128706	
-4.98132090643	-1759.71369052	
-4.98360662171	-1759.71450808	
-4.98588712441	-1759.71532328	
-4.98816243824	-1759.71613612	
-4.99043258678	-1759.7169466	
-4.99269759341	-1759.71775473	
-4.99495748138	-1759.71856052	
-4.99721227376	-1759.71936397	
-4.9994619935	-1759.72016508	
-5.00170666335	-1759.72096387	
-5.00394630595	-1759.72176033	
-5.00618094375	-1759.72255447	
-5.00841059907	-1759.72334629	
-5.0106352941	-1759.72413581	
-5.01285505083	-1759.72492301	
-5.01506989116	-1759.72570792	
-5.01727983681	-1759.72649053	
-5.01948490937	-1759.72727086	
-5.02168513028	-1759.7280489	
-5.02388052085	-1759.72882465	
-5.02607110223	-1759.72959814	
-5.02825689545	-1759.73036935	
-5.03043792139	-1759.7311383	
-5.03261420082	-1759.73190499	
-5.03478575433	-1759.73266943	
-5.03695260241	-1759.73343162	
-5.03911476542	-1759.73419157	
-5.04127226356	-1759.73494928	
-5.04342511692	-1759.73570475	
-5.04557334546	-1759.736458	
-5.047716969	-1759.73720903	
-5.04985600725	-1759.73795784	
-5.05199047978	-1759.73870444	
-5.05412040604	-1759.73944884	
-5.05624580535	-1759.74019104	
-5.05836669692	-1759.74093104	
-5.06048309982	-1759.74166885	
-5.06259503303	-1759.74240448	
-5.06470251537	-1759.74313793	
-5.06680556556	-1759.74386921	
-5.06890420222	-1759.74459832	
-5.07099844382	-1759.74532527	
-5.07308830874	-1759.74605007	
-5.07517381523	-1759.74677271	
-5.07725498144	-1759.74749321	
-5.07933182538	-1759.74821157	
-5.08140436498	-1759.7489278	
-5.08347261805	-1759.7496419	
-5.08553660227	-1759.75035388	
-5.08759633523	-1759.75106374	
-5.08965183441	-1759.75177149	
-5.09170311719	-1759.75247713	
-5.09375020081	-1759.75318067	
-5.09579310244	-1759.75388212	
-5.09783183913	-1759.75458149	
-5.09986642782	-1759.75527877	
-5.10189688537	-1759.75597397	
-5.10392322852	-1759.7566671	
-5.1059454739	-1759.75735816	
-5.10796363806	-1759.75804717	
-5.10997773743	-1759.75873412	
-5.11198778836	-1759.75941902	
-5.11399380708	-1759.76010188	
-5.11599580975	-1759.7607827	
-5.11799381242	-1759.76146148	
-5.11998783102	-1759.76213825	
-5.12197788143	-1759.76281299	
-5.1239639794	-1759.76348572	
-5.12594614061	-1759.76415643	
-5.12792438062	-1759.76482515	
-5.12989871492	-1759.76549187	
-5.13186915891	-1759.76615659	
-5.13383572788	-1759.76681933	
-5.13579843705	-1759.76748009	
-5.13775730154	-1759.76813887	
-5.13971233637	-1759.76879569	
-5.1416635565	-1759.76945054	
-5.14361097679	-1759.77010343	
-5.145554612	-1759.77075437	
-5.14749447681	-1759.77140336	
-5.14943058584	-1759.77205041	
-5.15136295359	-1759.77269553	
-5.1532915945	-1759.77333872	
-5.15521652291	-1759.77397998	
-5.15713775309	-1759.77461932	
-5.15905529921	-1759.77525676	
-5.1609691754	-1759.77589228	
-5.16287939565	-1759.77652591	
-5.16478597392	-1759.77715763	
-5.16668892407	-1759.77778747	
-5.16858825987	-1759.77841542	
-5.17048399504	-1759.7790415	
-5.17237614319	-1759.7796657	
-5.17426471788	-1759.78028803	
-5.17614973257	-1759.7809085	
-5.17803120067	-1759.78152712	
-5.1799091355	-1759.78214388	
-5.18178355029	-1759.7827588	
-5.18365445823	-1759.78337187	
-5.1855218724	-1759.78398312	
-5.18738580584	-1759.78459253	
-5.18924627149	-1759.78520012	
-5.19110328224	-1759.7858059	
-5.19295685089	-1759.78640986	
-5.19480699018	-1759.78701201	
-5.19665371277	-1759.78761237	
-5.19849703127	-1759.78821093	
-5.20033695819	-1759.78880769	
-5.202173506	-1759.78940268	
-5.20400668708	-1759.78999588	
-5.20583651375	-1759.79058731	
-5.20766299828	-1759.79117698	
-5.20948615284	-1759.79176487	
-5.21130598956	-1759.79235102	
-5.21312252048	-1759.79293541	
-5.21493575761	-1759.79351805	
-5.21674571285	-1759.79409895	
-5.21855239808	-1759.79467812	
-5.22035582508	-1759.79525556	
-5.22215600558	-1759.79583127	
-5.22395295126	-1759.79640526	
-5.22574667371	-1759.79697754	
-5.22753718449	-1759.79754811	
-5.22932449506	-1759.79811698	
-5.23110861685	-1759.79868415	
-5.23288956123	-1759.79924962	
-5.23466733947	-1759.79981341	
-5.23644196283	-1759.80037551	
-5.23821344248	-1759.80093594	
-5.23998178954	-1759.8014947	
-5.24174701506	-1759.80205179	
-5.24350913005	-1759.80260722	
-5.24526814546	-1759.80316099	
-5.24702407216	-1759.80371312	
-5.24877692099	-1759.8042636	
-5.25052670271	-1759.80481243	
-5.25227342805	-1759.80535964	
-5.25401710765	-1759.80590521	
-5.25575775213	-1759.80644916	
-5.25749537203	-1759.80699149	
-5.25922997784	-1759.8075322	
-5.26096158	-1759.8080713	
-5.2626901889	-1759.80860881	
-5.26441581487	-1759.80914471	
-5.26613846818	-1759.80967902	
-5.26785815906	-1759.81021174	
-5.26957489768	-1759.81074287	
-5.27128869416	-1759.81127243	
-5.27299955856	-1759.81180041	
-5.27470750091	-1759.81232683	
-5.27641253116	-1759.81285168	
-5.27811465923	-1759.81337497	
-5.27981389498	-1759.81389671	
-5.28151024823	-1759.81441691	
-5.28320372874	-1759.81493555	
-5.28489434622	-1759.81545266	
-5.28658211033	-1759.81596824	
-5.28826703069	-1759.81648229	
-5.28994911688	-1759.81699481	
-5.2916283784	-1759.81750581	
-5.29330482472	-1759.81801531	
-5.29497846528	-1759.81852329	
-5.29664930945	-1759.81902977	
-5.29831736655	-1759.81953474	
-5.29998264587	-1759.82003823	
-5.30164515664	-1759.82054022	
-5.30330490806	-1759.82104073	
-5.30496190927	-1759.82153976	
-5.30661616936	-1759.82203732	
-5.3082676974	-1759.8225334	
-5.30991650239	-1759.82302802	
-5.3115625933	-1759.82352118	
-5.31320597904	-1759.82401288	
-5.3148466685	-1759.82450313	
-5.3164846705	-1759.82499194	
-5.31811999384	-1759.8254793	
-5.31975264727	-1759.82596523	
-5.32138263948	-1759.82644972	
-5.32300997914	-1759.82693278	
-5.32463467487	-1759.82741442	
-5.32625673524	-1759.82789465	
-5.32787616879	-1759.82837346	
-5.32949298402	-1759.82885086	
-5.33110718937	-1759.82932685	
-5.33271879327	-1759.82980145	
-5.33432780407	-1759.83027465	
-5.33593423012	-1759.83074646	
-5.3375380797	-1759.83121688	
-5.33913936107	-1759.83168592	
-5.34073808243	-1759.83215358	
-5.34233425196	-1759.83261987	
-5.3439278778	-1759.83308479	
-5.34551896803	-1759.83354835	
-5.34710753072	-1759.83401055	
-5.34869357387	-1759.83447139	
-5.35027710548	-1759.83493089	
-5.35185813348	-1759.83538903	
-5.35343666577	-1759.83584584	
-5.35501271022	-1759.83630131	
-5.35658627467	-1759.83675544	
-5.3581573669	-1759.83720825	
-5.35972599468	-1759.83765973	
-5.36129216571	-1759.8381099	
-5.36285588769	-1759.83855874	
-5.36441716825	-1759.83900628	
-5.36597601502	-1759.83945251	
-5.36753243557	-1759.83989743	
-5.36908643744	-1759.84034106	
-5.37063802813	-1759.8407834	
-5.37218721511	-1759.84122444	
-5.37373400583	-1759.8416642	
-5.37527840768	-1759.84210268	
-5.37682042804	-1759.84253988	
-5.37836007422	-1759.84297581	
-5.37989735354	-1759.84341047	
-5.38143227326	-1759.84384386	
-5.38296484061	-1759.844276	
-5.38449506279	-1759.84470688	
-5.38602294697	-1759.84513651	
-5.38754850028	-1759.84556488	
-5.38907172982	-1759.84599202	
-5.39059264266	-1759.84641791	
-5.39211124583	-1759.84684257	
-5.39362754635	-1759.847266	
-5.39514155118	-1759.8476882	
-5.39665326727	-1759.84810918	
-5.39816270152	-1759.84852894	
-5.39966986081	-1759.84894748	
-5.40117475199	-1759.84936481	
-5.40267738187	-1759.84978094	
-5.40417775725	-1759.85019586	
-5.40567588487	-1759.85060958	
-5.40717177146	-1759.8510221	
-5.40866542372	-1759.85143344	
-5.4101568483	-1759.85184359	
-5.41164605186	-1759.85225255	
-5.41313304098	-1759.85266033	
-5.41461782224	-1759.85306694	
-5.4161004022	-1759.85347237	
-5.41758078737	-1759.85387664	
-5.41905898424	-1759.85427974	
-5.42053499927	-1759.85468169	
-5.42200883889	-1759.85508247	
-5.4234805095	-1759.85548211	
-5.42495001748	-1759.85588059	
-5.42641736918	-1759.85627793	
-5.4278825709	-1759.85667413	
-5.42934562895	-1759.85706919	
-5.43080654959	-1759.85746311	
-5.43226533906	-1759.85785591	
-5.43372200355	-1759.85824758	
-5.43517654927	-1759.85863813	
-5.43662898235	-1759.85902755	
-5.43807930892	-1759.85941587	
-5.4395275351	-1759.85980307	
-5.44097366695	-1759.86018916	
-5.44241771052	-1759.86057415	
-5.44385967184	-1759.86095804	
-5.4452995569	-1759.86134083	
-5.44673737167	-1759.86172253	
-5.44817312209	-1759.86210313	
-5.44960681409	-1759.86248265	
-5.45103845357	-1759.86286109	
-5.45246804638	-1759.86323845	
-5.45389559837	-1759.86361474	
-5.45532111536	-1759.86398995	
-5.45674460314	-1759.86436409	
-5.45816606749	-1759.86473717	
-5.45958551414	-1759.86510919	
-5.46100294883	-1759.86548015	
-5.46241837723	-1759.86585006	
-5.46383180503	-1759.86621891	
-5.46524323786	-1759.86658672	
-5.46665268137	-1759.86695348	
-5.46806014114	-1759.8673192	
-5.46946562274	-1759.86768389	
-5.47086913175	-1759.86804754	
-5.47227067367	-1759.86841016	
-5.47367025403	-1759.86877175	
-5.47506787829	-1759.86913232	
-5.47646355193	-1759.86949187	
-5.47785728038	-1759.86985041	
-5.47924906905	-1759.87020792	
-5.48063892334	-1759.87056443	
-5.48202684862	-1759.87091994	
-5.48341285022	-1759.87127444	
-5.48479693349	-1759.87162793	
-5.48617910372	-1759.87198044	
-5.48755936619	-1759.87233194	
-5.48893772616	-1759.87268246	
-5.49031418887	-1759.87303199	
-5.49168875953	-1759.87338054	
-5.49306144334	-1759.87372811	
-5.49443224547	-1759.87407469	
-5.49580117108	-1759.87442031	
-5.49716822529	-1759.87476495	
-5.49853341322	-1759.87510863	
-5.49989673995	-1759.87545134	
-5.50125821054	-1759.87579308	
-5.50261783006	-1759.87613388	
-5.50397560352	-1759.87647371	
-5.50533153593	-1759.87681259	
-5.50668563228	-1759.87715053	
-5.50803789753	-1759.87748752	
-5.50938833663	-1759.87782356	
-5.5107369545	-1759.87815867	
-5.51208375605	-1759.87849284	
-5.51342874616	-1759.87882607	
-5.51477192971	-1759.87915838	
-5.51611331154	-1759.87948975	
-5.51745289646	-1759.87982021	
-5.51879068931	-1759.88014974	
-5.52012669485	-1759.88047835	
-5.52146091786	-1759.88080605	
-5.5227933631	-1759.88113284	
-5.52412403528	-1759.88145871	
-5.52545293913	-1759.88178368	
-5.52678007934	-1759.88210775	
-5.52810546058	-1759.88243091	
-5.52942908751	-1759.88275318	
-5.53075096477	-1759.88307456	
-5.53207109697	-1759.88339504	
-5.53338948873	-1759.88371463	
-5.53470614461	-1759.88403334	
-5.53602106919	-1759.88435116	
-5.53733426702	-1759.8846681	
-5.53864574262	-1759.88498417	
-5.5399555005	-1759.88529936	
-5.54126354516	-1759.88561368	
-5.54256988107	-1759.88592714	
-5.5438745127	-1759.88623972	
-5.54517744448	-1759.88655144	
-5.54647868084	-1759.88686231	
-5.54777822618	-1759.88717231	
-5.5490760849	-1759.88748146	
-5.55037226136	-1759.88778976	
-5.55166675992	-1759.88809721	
-5.55295958492	-1759.88840381	
-5.55425074069	-1759.88870957	
-5.55554023152	-1759.88901449	
-5.5568280617	-1759.88931857	
-5.55811423551	-1759.88962181	
-5.5593987572	-1759.88992423	
-5.56068163102	-1759.89022581	
-5.56196286117	-1759.89052656	
-5.56324245188	-1759.89082649	
-5.56452040732	-1759.8911256	
-5.56579673168	-1759.89142389	
-5.56707142911	-1759.89172136	
-5.56834450376	-1759.89201802	
-5.56961595975	-1759.89231386	
-5.57088580119	-1759.8926089	
-5.57215403218	-1759.89290313	
-5.57342065679	-1759.89319656	
-5.5746856791	-1759.89348919	
-5.57594910315	-1759.89378102	
-5.57721093297	-1759.89407205	
-5.57847117258	-1759.89436229	
-5.57972982599	-1759.89465174	
-5.58098689718	-1759.8949404	
-5.58224239012	-1759.89522827	
-5.58349630878	-1759.89551537	
-5.5847486571	-1759.89580168	
-5.585999439	-1759.89608721	
-5.5872486584	-1759.89637197	
-5.5884963192	-1759.89665595	
-5.58974242528	-1759.89693917	
-5.59098698051	-1759.89722162	
-5.59222998875	-1759.8975033	
-5.59347145384	-1759.89778422	
-5.5947113796	-1759.89806437	
-5.59594976985	-1759.89834377	
-5.59718662839	-1759.89862242	
-5.598421959	-1759.89890031	
-5.59965576545	-1759.89917745	
-5.60088805149	-1759.89945384	
-5.60211882088	-1759.89972948	
-5.60334807733	-1759.90000438	
-5.60457582457	-1759.90027854	
-5.6058020663	-1759.90055197	
-5.60702680619	-1759.90082465	
-5.60825004793	-1759.9010966	
-5.60947179518	-1759.90136782	
-5.61069205159	-1759.90163831	
-5.61191082078	-1759.90190807	
-5.61312810639	-1759.90217711	
-5.61434391201	-1759.90244542	
-5.61555824124	-1759.90271302	
-5.61677109767	-1759.90297989	
-5.61798248485	-1759.90324605	
-5.61919240636	-1759.9035115	
-5.62040086572	-1759.90377624	
-5.62160786647	-1759.90404026	
-5.62281341212	-1759.90430359	
-5.62401750619	-1759.9045662	
-5.62522015215	-1759.90482812	
-5.6264213535	-1759.90508933	
-5.62762111369	-1759.90534985	
-5.62881943618	-1759.90560967	
-5.63001632442	-1759.9058688	
-5.63121178182	-1759.90612724	
-5.63240581181	-1759.90638499	
-5.6335984178	-1759.90664205	
-5.63478960317	-1759.90689843	
-5.6359793713	-1759.90715413	
-5.63716772557	-1759.90740914	
-5.63835466933	-1759.90766348	
-5.63954020593	-1759.90791715	
-5.64072433869	-1759.90817014	
-5.64190707094	-1759.90842245	
-5.64308840598	-1759.9086741	
-5.64426834712	-1759.90892508	
-5.64544689764	-1759.9091754	
-5.64662406082	-1759.90942505	
-5.64779983991	-1759.90967405	
-5.64897423816	-1759.90992238	
-5.65014725882	-1759.91017006	
-5.65131890512	-1759.91041708	
-5.65248918027	-1759.91066345	
-5.65365808747	-1759.91090917	
-5.65482562993	-1759.91115424	
-5.65599181082	-1759.91139867	
-5.65715663332	-1759.91164245	
-5.65832010058	-1759.91188559	
-5.65948221576	-1759.91212809	
-5.660642982	-1759.91236995	
-5.66180240242	-1759.91261117	
-5.66296048014	-1759.91285176	
-5.66411721826	-1759.91309172	
-5.66527261989	-1759.91333104	
-5.66642668811	-1759.91356974	
-5.66757942599	-1759.91380781	
-5.6687308366	-1759.91404526	
-5.66988092298	-1759.91428209	
-5.67102968818	-1759.91451829	
-5.67217713524	-1759.91475388	
-5.67332326717	-1759.91498885	
-5.67446808699	-1759.91522321	
-5.67561159769	-1759.91545695	
-5.67675380227	-1759.91569008	
-5.6778947037	-1759.91592261	
-5.67903430497	-1759.91615452	
-5.68017260902	-1759.91638583	
-5.6813096188	-1759.91661654	
-5.68244533727	-1759.91684665	
-5.68357976734	-1759.91707616	
-5.68471291194	-1759.91730507	
-5.68584477397	-1759.91753338	
-5.68697535634	-1759.9177611	
-5.68810466194	-1759.91798823	
-5.68923269364	-1759.91821477	
-5.69035945432	-1759.91844072	
-5.69148494685	-1759.91866609	
-5.69260917406	-1759.91889087	
-5.6937321388	-1759.91911506	
-5.69485384391	-1759.91933868	
-5.69597429221	-1759.91956172	
-5.69709348651	-1759.91978418	
-5.69821142961	-1759.92000606	
-5.69932812431	-1759.92022737	
-5.70044357339	-1759.92044811	
-5.70155777963	-1759.92066828	
-5.7026707458	-1759.92088788	
-5.70378247466	-1759.92110691	
-5.70489296894	-1759.92132538	
-5.70600223139	-1759.92154329	
-5.70711026475	-1759.92176063	
-5.70821707172	-1759.92197741	
-5.70932265503	-1759.92219364	
-5.71042701737	-1759.92240931	
-5.71153016145	-1759.92262442	
-5.71263208993	-1759.92283899	
-5.71373280551	-1759.923053	
-5.71483231084	-1759.92326646	
-5.71593060859	-1759.92347938	
-5.71702770141	-1759.92369175	
-5.71812359193	-1759.92390357	
-5.71921828279	-1759.92411485	
-5.72031177661	-1759.92432559	
-5.72140407601	-1759.92453579	
-5.72249518359	-1759.92474546	
-5.72358510195	-1759.92495459	
-5.72467383369	-1759.92516318	
-5.72576138137	-1759.92537124	
-5.72684774759	-1759.92557877	
-5.72793293489	-1759.92578577	
-5.72901694583	-1759.92599224	
-5.73009978297	-1759.92619819	
-5.73118144884	-1759.92640361	
-5.73226194598	-1759.92660851	
-5.7333412769	-1759.92681289	
-5.73441944412	-1759.92701675	
-5.73549645015	-1759.92722009	
-5.73657229748	-1759.92742291	
-5.73764698861	-1759.92762522	
-5.73872052602	-1759.92782702	
-5.73979291218	-1759.9280283	
-5.74086414956	-1759.92822907	
-5.74193424062	-1759.92842934	
-5.74300318781	-1759.92862909	
-5.74407099357	-1759.92882835	
-5.74513766034	-1759.92902709	
-5.74620319054	-1759.92922534	
-5.7472675866	-1759.92942308	
-5.74833085092	-1759.92962033	
-5.74939298591	-1759.92981707	
-5.75045399397	-1759.93001332	
-5.75151387748	-1759.93020908	
-5.75257263883	-1759.93040434	
-5.75363028038	-1759.93059911	
-5.75468680452	-1759.93079339	
-5.75574221359	-1759.93098718	
-5.75679650994	-1759.93118048	
-5.75784969593	-1759.9313733	
-5.75890177388	-1759.93156563	
-5.75995274612	-1759.93175748	
-5.76100261499	-1759.93194885	
-5.76205138278	-1759.93213974	
-5.76309905181	-1759.93233015	
-5.76414562438	-1759.93252008	
-5.76519110278	-1759.93270954	
-5.7662354893	-1759.93289852	
-5.76727878622	-1759.93308703	
-5.76832099579	-1759.93327507	
-5.7693621203	-1759.93346263	
-5.770402162	-1759.93364973	
-5.77144112313	-1759.93383637	
-5.77247900594	-1759.93402253	
-5.77351581267	-1759.93420823	
-5.77455154554	-1759.93439347	
-5.77558620679	-1759.93457825	
-5.77661979861	-1759.93476257	
-5.77765232322	-1759.93494642	
-5.77868378283	-1759.93512983	
-5.77971417962	-1759.93531277	
-5.78074351579	-1759.93549526	
-5.78177179352	-1759.9356773	
-5.78279901497	-1759.93585888	
-5.78382518233	-1759.93604001	
-5.78485029774	-1759.9362207	
-5.78587436337	-1759.93640094	
-5.78689738137	-1759.93658073	
-5.78791935386	-1759.93676007	
-5.788940283	-1759.93693897	
-5.7899601709	-1759.93711743	
-5.79097901969	-1759.93729545	
-5.79199683148	-1759.93747303	
-5.79301360838	-1759.93765016	
-5.7940293525	-1759.93782687	
-5.79504406593	-1759.93800313	
-5.79605775077	-1759.93817896	
-5.79707040908	-1759.93835436	
-5.79808204295	-1759.93852932	
-5.79909265446	-1759.93870386	
-5.80010224566	-1759.93887796	
-5.80111081862	-1759.93905164	
-5.80211837538	-1759.93922489	
-5.80312491799	-1759.93939771	
-5.80413044849	-1759.93957011	
-5.80513496892	-1759.93974209	
-5.80613848129	-1759.93991364	
-5.80714098764	-1759.94008477	
-5.80814248998	-1759.94025549	
-5.80914299031	-1759.94042578	
