#Site	lnL	
0	-2.25243860409
1	-5.89115097478
2	-2.49351869364
3	-2.25243860409
4	-2.27427431516
5	-2.49351869364
6	-2.16875781561
7	-9.63026411374
8	-2.49351869364
9	-2.14581627577
10	-2.62895277855
11	-8.67274673409
12	-2.14581627577
13	-2.62895277855
14	-2.59108902727
15	-2.14581627577
16	-5.06482171889
17	-5.57330653793
18	-5.21491835875
19	-2.27427431516
20	-2.49351869364
21	-9.08706929844
22	-2.39536544378
23	-2.49351869364
24	-2.14581627577
25	-2.39536544378
26	-5.47630842786
27	-2.47920137486
28	-2.30587353562
29	-2.83452517651
30	-2.25243860409
31	-2.39536544378
32	-2.83452517651
33	-5.76806560906
34	-2.62895277855
35	-2.49351869364
36	-10.1534601585
37	-2.30587353562
38	-5.39328634998
39	-6.61716678327
40	-10.5655112241
41	-2.49351869364
42	-2.47920137486
43	-2.62895277855
44	-2.59108902727
45	-2.14581627577
46	-5.79244291184
47	-2.45022505285
48	-6.60858998311
49	-2.62895277855
50	-2.83452517651
51	-2.14581627577
52	-8.81732271033
53	-2.49351869364
54	-2.16875781561
55	-2.27427431516
56	-9.86075117063
57	-2.47920137486
58	-5.65778753776
59	-5.81260469371
60	-2.25243860409
61	-7.97257418325
62	-16.8933968436
63	-2.14581627577
64	-9.30274170961
65	-2.59108902727
66	-2.25243860409
67	-8.93305908868
68	-2.83452517651
69	-2.16875781561
70	-8.70948256767
71	-6.45340898418
72	-2.14581627577
73	-2.30587353562
74	-2.83452517651
75	-2.14581627577
76	-2.30587353562
77	-13.3125073508
78	-2.16875781561
79	-6.6018471182
80	-5.56793880206
81	-5.90858229115
82	-2.62895277855
83	-9.12887982544
84	-5.21491835875
85	-5.06482171889
86	-2.49351869364
87	-2.14581627577
88	-2.27427431516
89	-10.4915720852
90	-12.108946378
91	-2.62895277855
92	-2.59108902727
93	-2.25243860409
94	-2.27427431516
95	-2.59108902727
96	-9.58045968459
97	-2.30587353562
98	-2.59108902727
99	-2.47920137486
100	-2.30587353562
101	-9.91512974638
102	-2.47920137486
103	-2.27427431516
104	-2.83452517651
105	-2.25243860409
106	-5.69357355956
107	-6.23304480122
108	-2.14581627577
109	-2.30587353562
110	-5.40731350345
111	-5.88116443276
112	-2.30587353562
113	-2.45022505285
114	-2.25243860409
115	-5.65778753776
116	-5.57330653793
117	-2.25243860409
118	-2.27427431516
119	-2.49351869364
120	-2.14581627577
121	-5.55020801014
122	-10.8417272212
123	-2.25243860409
124	-2.39536544378
125	-2.45022505285
126	-2.25243860409
127	-2.62895277855
128	-5.71814233955
129	-6.60858998311
130	-2.39536544378
131	-2.45022505285
132	-2.14581627577
133	-6.6018471182
134	-2.45022505285
135	-6.08011786339
136	-2.62895277855
137	-6.5253058346
138	-6.12843092894
139	-5.06482171889
140	-5.47630842786
141	-8.98951845069
142	-2.39536544378
143	-2.45022505285
144	-7.08046151564
145	-2.62895277855
146	-2.45022505285
147	-2.47920137486
148	-2.30587353562
149	-5.57330653793
150	-2.47920137486
151	-6.3972874879
152	-2.59108902727
153	-5.82864677993
154	-2.39536544378
155	-7.86516858231
156	-2.47920137486
157	-6.38657954865
158	-2.45022505285
159	-2.14581627577
160	-2.39536544378
161	-7.40016252838
162	-7.78900156868
163	-2.27427431516
164	-2.83452517651
165	-2.25243860409
166	-5.69357355956
167	-2.49351869364
168	-2.47920137486
169	-6.38657954865
170	-6.6383175353
171	-2.14581627577
172	-2.30587353562
173	-2.49351869364
174	-2.14581627577
175	-2.62895277855
176	-2.59108902727
177	-2.16875781561
178	-2.30587353562
179	-2.45022505285
180	-2.25243860409
181	-6.37779072881
182	-2.45022505285
183	-10.1468763194
184	-2.39536544378
185	-5.71841581297
186	-2.16875781561
187	-6.482280252
188	-4.69325497992
189	-2.14581627577
190	-9.76531077368
191	-2.59108902727
192	-2.47920137486
193	-12.2764835811
194	-7.31090328605
195	-5.89070049725
196	-2.39536544378
197	-2.83452517651
198	-2.47920137486
199	-6.72200348865
200	-2.83452517651
201	-2.14581627577
202	-2.30587353562
203	-2.83452517651
204	-2.47920137486
205	-2.62895277855
206	-5.81260469371
207	-7.69066612679
208	-2.39536544378
209	-2.59108902727
210	-2.47920137486
211	-2.62895277855
212	-2.45022505285
213	-2.14581627577
214	-2.27427431516
215	-2.45022505285
216	-2.25243860409
217	-4.82195868881
218	-5.52876201862
219	-2.47920137486
220	-2.30587353562
221	-8.85183462335
222	-7.38964922951
223	-4.82195868881
224	-4.84689774991
225	-2.47920137486
226	-14.1992379233
227	-2.59108902727
228	-2.14581627577
229	-6.3972874879
230	-8.2028352079
231	-2.14581627577
232	-2.30587353562
233	-6.35900154526
234	-2.14581627577
235	-2.30587353562
236	-2.45022505285
237	-5.03432930207
238	-2.62895277855
239	-2.45022505285
240	-2.47920137486
241	-2.62895277855
242	-2.45022505285
243	-2.16875781561
244	-6.7959287368
245	-2.83452517651
246	-6.00158827599
247	-5.74627289414
248	-2.59108902727
249	-6.81346111496
250	-2.62895277855
251	-2.45022505285
252	-2.47920137486
253	-6.37779072881
254	-2.49351869364
255	-2.47920137486
256	-2.30587353562
257	-6.35900154526
258	-2.16875781561
259	-2.30587353562
260	-2.45022505285
261	-2.25243860409
262	-2.27427431516
263	-5.39328634998
264	-5.77724087703
265	-8.5971261756
266	-4.67134336169
267	-2.14581627577
268	-11.1560581205
269	-10.6503083283
270	-5.9677711383
271	-2.39536544378
272	-2.45022505285
273	-2.14581627577
274	-2.30587353562
275	-9.22386754747
276	-9.01345343168
277	-8.33269199544
278	-2.45022505285
279	-2.14581627577
280	-2.27427431516
281	-2.49351869364
282	-2.14581627577
283	-10.0216289667
284	-2.83452517651
285	-9.80158194802
286	-5.65778753776
287	-5.43852566577
288	-7.08046151564
289	-2.30587353562
290	-2.49351869364
291	-2.16875781561
292	-2.30587353562
293	-12.7395897717
294	-2.25243860409
295	-2.30587353562
296	-2.49351869364
297	-2.25243860409
298	-2.30587353562
299	-2.45022505285
300	-2.25243860409
301	-6.3972874879
302	-2.83452517651
303	-6.57391405767
304	-2.39536544378
305	-5.57330653793
306	-2.14581627577
307	-5.69357355956
308	-2.49351869364
309	-2.14581627577
310	-2.30587353562
311	-11.8352824804
312	-2.16875781561
313	-10.7827656263
314	-5.71841581297
315	-2.47920137486
316	-9.95900614729
317	-2.49351869364
318	-2.47920137486
319	-2.30587353562
320	-4.9272550582
321	-2.47920137486
322	-5.71200488628
323	-2.49351869364
324	-2.47920137486
325	-8.22579659602
326	-2.83452517651
327	-7.00082597316
328	-2.39536544378
329	-2.45022505285
330	-2.25243860409
331	-2.30587353562
332	-2.83452517651
333	-2.14581627577
334	-2.39536544378
335	-6.50179380162
336	-12.9430507684
337	-15.2865821235
338	-11.78769218
339	-9.09703271239
340	-4.83775304459
341	-12.0538662933
342	-2.14581627577
343	-2.27427431516
344	-2.59108902727
345	-11.1247703043
346	-2.30587353562
347	-11.6676069324
348	-2.25243860409
349	-2.39536544378
350	-2.49351869364
351	-2.25243860409
352	-2.39536544378
353	-2.49351869364
354	-2.25243860409
355	-7.57945146143
356	-2.45022505285
357	-2.14581627577
358	-7.2114907596
359	-2.49351869364
360	-2.47920137486
361	-2.27427431516
362	-4.67134336169
363	-2.14581627577
364	-2.30587353562
365	-2.49351869364
366	-2.25243860409
367	-4.83775304459
368	-8.79569550647
369	-2.25243860409
370	-2.39536544378
371	-2.45022505285
372	-5.88116443276
373	-5.94255897544
374	-2.49351869364
375	-5.77724087703
376	-2.62895277855
377	-2.45022505285
378	-2.47920137486
379	-2.39536544378
380	-2.59108902727
381	-5.25652561788
382	-2.62895277855
383	-2.49351869364
384	-2.47920137486
385	-6.3972874879
386	-2.45022505285
387	-2.25243860409
388	-5.06482171889
389	-2.49351869364
390	-2.16875781561
391	-4.83775304459
392	-2.49351869364
393	-2.14581627577
394	-2.39536544378
395	-2.59108902727
396	-2.47920137486
397	-2.27427431516
398	-7.2689750285
399	-5.81216950835
400	-7.30642163312
401	-5.43852566577
402	-5.77724087703
403	-2.39536544378
404	-2.83452517651
405	-6.71879650764
406	-2.30587353562
407	-2.45022505285
408	-7.56611334554
409	-2.39536544378
410	-2.49351869364
411	-5.25652561788
412	-2.27427431516
413	-2.45022505285
414	-2.25243860409
415	-4.83775304459
416	-2.59108902727
417	-2.14581627577
418	-2.27427431516
419	-2.49351869364
420	-2.16875781561
421	-2.62895277855
422	-2.83452517651
423	-2.14581627577
424	-2.27427431516
425	-5.71814233955
426	-9.07648164947
427	-2.39536544378
428	-2.45022505285
429	-2.47920137486
430	-2.39536544378
431	-2.49351869364
432	-2.14581627577
433	-2.30587353562
434	-2.49351869364
435	-2.14581627577
436	-5.71200488628
437	-5.52876201862
438	-2.14581627577
439	-2.27427431516
440	-2.59108902727
441	-2.25243860409
442	-2.62895277855
443	-2.83452517651
444	-2.16875781561
445	-2.62895277855
446	-2.49351869364
447	-5.76806560906
448	-10.673363082
449	-2.49351869364
450	-2.14581627577
451	-2.27427431516
452	-2.83452517651
453	-2.16875781561
454	-2.27427431516
455	-2.49351869364
456	-2.16875781561
457	-2.30587353562
458	-8.48541970177
459	-2.14581627577
460	-6.3972874879
461	-5.83376079115
462	-2.14581627577
463	-5.71200488628
464	-2.59108902727
465	-2.16875781561
466	-8.67549235037
467	-6.56245610499
468	-2.14581627577
469	-2.62895277855
470	-2.49351869364
