#Site	lnL	
0	-1.58720153852
1	-1.81789407845
2	-2.41454295004
3	-1.43265998339
4	-1.55641821465
5	-1.75267566639
6	-2.00273066695
7	-2.16158904473
8	-5.26285331467
9	-1.67398525442
10	-4.89481293256
11	-1.94469943448
12	-7.827872878
13	-1.55641821465
14	-5.425550995
15	-1.43265998339
16	-5.84009247219
17	-1.94469943448
18	-1.67398525442
19	-1.55641821465
20	-1.75267566639
21	-1.43265998339
22	-1.55641821465
23	-2.04641738256
24	-1.58720153852
25	-1.72539823224
26	-5.71385708481
27	-2.00273066695
28	-1.81789407845
29	-9.13722546723
30	-2.00273066695
31	-10.1649997043
32	-1.75267566639
33	-1.58720153852
34	-1.81789407845
35	-8.57056778365
36	-1.58720153852
37	-1.81789407845
38	-1.75267566639
39	-2.00273066695
40	-8.12658559293
41	-2.41454295004
42	-8.22314121342
43	-5.82474069947
44	-1.75267566639
45	-5.81176111971
46	-1.55641821465
47	-2.04641738256
48	-1.67398525442
49	-8.53142528315
50	-12.9073574246
51	-1.58720153852
52	-1.72539823224
53	-6.75089771311
54	-1.67398525442
55	-1.72539823224
56	-1.75267566639
57	-6.06182191934
58	-2.16158904473
59	-2.41454295004
60	-1.43265998339
61	-1.81789407845
62	-2.41454295004
63	-1.67398525442
64	-1.72539823224
65	-1.94469943448
66	-1.43265998339
67	-9.3069015023
68	-5.74140152097
69	-6.49226477926
70	-1.72539823224
71	-1.75267566639
72	-1.67398525442
73	-5.62660982438
74	-2.41454295004
75	-2.00273066695
76	-1.55641821465
77	-2.41454295004
78	-1.58720153852
79	-1.55641821465
80	-1.75267566639
81	-1.43265998339
82	-1.81789407845
83	-1.75267566639
84	-8.48263941721
85	-6.20580616021
86	-1.94469943448
87	-1.58720153852
88	-1.72539823224
89	-2.41454295004
90	-1.67398525442
91	-6.40673999818
92	-1.75267566639
93	-2.00273066695
94	-5.98040664012
95	-1.94469943448
96	-1.67398525442
97	-6.6396811855
98	-2.41454295004
99	-1.67398525442
100	-2.16158904473
101	-1.94469943448
102	-1.58720153852
103	-5.76188584995
104	-1.94469943448
105	-1.43265998339
106	-1.55641821465
107	-2.04641738256
108	-1.67398525442
109	-1.81789407845
110	-2.41454295004
111	-9.14145803069
112	-1.72539823224
113	-1.94469943448
114	-1.43265998339
115	-1.55641821465
116	-5.26285331467
117	-1.58720153852
118	-5.11134842743
119	-5.54118605703
120	-2.00273066695
121	-1.72539823224
122	-1.94469943448
123	-1.58720153852
124	-1.72539823224
125	-10.5123047221
126	-1.67398525442
127	-5.23263165872
128	-1.94469943448
129	-1.58720153852
130	-1.81789407845
131	-5.71385708481
132	-1.67398525442
133	-2.16158904473
134	-1.75267566639
135	-6.39043510165
136	-1.72539823224
137	-2.41454295004
138	-1.43265998339
139	-1.55641821465
140	-5.49439811634
141	-1.43265998339
142	-1.72539823224
143	-9.71408871288
144	-1.58720153852
145	-5.95945820812
146	-4.55567984867
147	-6.40645836361
148	-1.72539823224
149	-1.94469943448
150	-1.67398525442
151	-1.72539823224
152	-1.75267566639
153	-1.43265998339
154	-1.72539823224
155	-10.3701159539
156	-2.00273066695
157	-7.94092748088
158	-2.41454295004
159	-1.58720153852
160	-1.72539823224
161	-5.48782954901
162	-5.1732089828
163	-1.72539823224
164	-1.75267566639
165	-1.58720153852
166	-1.81789407845
167	-5.40426637122
168	-1.43265998339
169	-6.0766658414
170	-2.04641738256
171	-5.95371388262
172	-1.72539823224
173	-1.75267566639
174	-1.58720153852
175	-1.81789407845
176	-2.04641738256
177	-2.00273066695
178	-1.72539823224
179	-5.26285331467
180	-1.67398525442
181	-1.55641821465
182	-4.45515366016
183	-1.67398525442
184	-2.16158904473
185	-6.73513492861
186	-6.29370162563
187	-1.55641821465
188	-1.75267566639
189	-1.67398525442
190	-1.55641821465
191	-1.94469943448
192	-1.58720153852
193	-1.72539823224
194	-1.94469943448
195	-6.3064033673
196	-1.55641821465
197	-1.75267566639
198	-1.43265998339
199	-6.91055554834
200	-1.75267566639
201	-6.12101927653
202	-1.81789407845
203	-1.75267566639
204	-6.691822319
205	-1.81789407845
206	-1.94469943448
207	-1.58720153852
208	-1.55641821465
209	-1.75267566639
210	-8.82501129776
211	-1.55641821465
212	-2.41454295004
213	-8.90511604053
214	-2.16158904473
215	-1.75267566639
216	-4.96724344706
217	-1.81789407845
218	-2.04641738256
219	-2.00273066695
220	-6.0766658414
221	-1.94469943448
222	-1.43265998339
223	-1.72539823224
224	-2.04641738256
225	-1.67398525442
226	-1.55641821465
227	-1.94469943448
228	-1.67398525442
229	-1.55641821465
230	-5.82314569952
231	-5.95371388262
232	-8.53142528315
233	-8.41144309802
234	-6.12101927653
235	-2.16158904473
236	-6.02481542357
237	-6.39043510165
238	-1.55641821465
239	-2.04641738256
240	-4.96724344706
241	-1.72539823224
242	-2.41454295004
243	-1.43265998339
244	-1.72539823224
245	-8.87842002343
246	-8.91137121274
247	-4.68552218822
248	-1.75267566639
249	-1.67398525442
250	-1.72539823224
251	-1.75267566639
252	-1.67398525442
253	-5.85483863486
254	-1.94469943448
255	-1.58720153852
256	-5.72198461951
257	-1.94469943448
258	-1.58720153852
259	-6.61861652399
260	-6.5467956531
261	-1.67398525442
262	-1.55641821465
263	-5.89914212802
264	-5.97097807986
265	-1.55641821465
266	-8.41144309802
267	-1.58720153852
268	-5.85483863486
269	-1.94469943448
270	-4.97612666538
271	-2.16158904473
272	-1.75267566639
273	-1.67398525442
274	-1.81789407845
275	-1.75267566639
276	-1.58720153852
277	-1.81789407845
278	-11.0163874437
279	-1.67398525442
280	-12.2534985309
281	-5.40194055075
282	-8.02429636356
283	-1.55641821465
284	-7.89343337214
285	-6.29370162563
286	-1.55641821465
287	-2.41454295004
288	-1.43265998339
289	-1.72539823224
290	-1.75267566639
291	-1.58720153852
292	-2.16158904473
293	-4.91403670452
294	-1.58720153852
295	-4.67201074439
296	-1.75267566639
297	-1.58720153852
298	-1.55641821465
299	-6.4707992246
300	-5.81176111971
301	-1.72539823224
302	-2.04641738256
303	-1.58720153852
304	-1.72539823224
305	-5.40426637122
306	-2.00273066695
307	-1.55641821465
308	-1.75267566639
309	-1.43265998339
310	-6.61861652399
311	-1.75267566639
312	-2.00273066695
313	-2.16158904473
314	-6.18470212042
315	-1.58720153852
316	-1.72539823224
317	-1.75267566639
318	-9.6189058304
319	-6.11480097383
320	-2.04641738256
321	-2.00273066695
322	-2.16158904473
323	-5.40426637122
324	-1.43265998339
325	-1.55641821465
326	-5.71385708481
327	-1.67398525442
328	-1.55641821465
329	-8.77733799114
330	-2.00273066695
331	-1.81789407845
332	-2.04641738256
333	-1.58720153852
334	-1.81789407845
335	-1.94469943448
336	-1.43265998339
337	-6.35266544203
338	-1.94469943448
339	-1.43265998339
340	-1.81789407845
341	-1.75267566639
342	-1.67398525442
343	-6.31548134687
344	-1.94469943448
345	-1.67398525442
346	-8.99461231641
347	-5.54118605703
348	-2.00273066695
349	-1.55641821465
350	-2.41454295004
351	-5.91326142145
352	-1.55641821465
353	-1.94469943448
354	-5.11862487966
355	-7.98593129606
356	-1.94469943448
357	-1.58720153852
358	-4.68552218822
359	-5.49439811634
360	-1.43265998339
361	-2.16158904473
362	-1.75267566639
363	-1.58720153852
364	-1.81789407845
365	-5.425550995
366	-4.97612666538
367	-9.10416702666
368	-12.1613225317
369	-4.96724344706
370	-8.15942811853
371	-1.75267566639
372	-1.43265998339
373	-1.55641821465
374	-1.94469943448
375	-1.43265998339
376	-1.72539823224
377	-10.6514998264
378	-1.67398525442
379	-1.72539823224
380	-1.94469943448
381	-1.43265998339
382	-10.9976881788
383	-2.41454295004
384	-1.43265998339
385	-1.81789407845
386	-2.41454295004
387	-9.56522923956
388	-4.81175774163
389	-1.75267566639
390	-6.06040123124
391	-4.89481293256
392	-5.49439811634
393	-1.43265998339
394	-6.61655137406
395	-1.94469943448
396	-5.42859417768
397	-1.72539823224
398	-5.66107736834
399	-5.81176111971
400	-9.74757136227
401	-5.83639785819
402	-1.58720153852
403	-1.81789407845
404	-2.41454295004
405	-1.67398525442
406	-6.06046331962
407	-2.04641738256
408	-1.67398525442
409	-1.81789407845
410	-1.75267566639
411	-1.43265998339
412	-1.81789407845
413	-6.18470212042
414	-1.67398525442
415	-1.81789407845
416	-1.75267566639
417	-1.67398525442
418	-5.82474069947
419	-1.75267566639
420	-5.92314947173
421	-2.16158904473
422	-5.27742666456
423	-1.58720153852
424	-5.72198461951
425	-1.94469943448
426	-1.67398525442
427	-5.72198461951
428	-2.04641738256
429	-1.67398525442
430	-1.55641821465
431	-1.75267566639
432	-1.67398525442
433	-5.51042516816
434	-6.70916596434
435	-1.58720153852
436	-4.68552218822
437	-4.91403670452
438	-1.67398525442
439	-5.77053608891
440	-1.75267566639
441	-2.00273066695
442	-5.14371752771
443	-2.41454295004
444	-2.00273066695
445	-9.56802679346
446	-8.97633547481
447	-1.58720153852
448	-1.72539823224
449	-1.75267566639
450	-2.00273066695
451	-1.81789407845
452	-1.94469943448
453	-2.00273066695
454	-2.16158904473
455	-2.04641738256
456	-7.71519318041
457	-1.55641821465
458	-7.61597315479
459	-1.43265998339
460	-1.72539823224
461	-4.45515366016
462	-8.24685644289
463	-4.81175774163
464	-2.04641738256
465	-1.67398525442
466	-11.2874368691
467	-2.04641738256
468	-1.43265998339
469	-1.72539823224
470	-1.94469943448
