# log_p 	 lnL 	 
0.0	-1732.40748696	
-0.287682072452	-1732.03150363	
-0.510825623766	-1731.60336441	
-0.69314718056	-1731.1379147	
-0.847297860387	-1730.65747112	
-0.980829253012	-1730.17947437	
-1.09861228867	-1729.71534945	
-1.20397280433	-1729.27183643	
-1.29928298413	-1728.85244302	
-1.38629436112	-1728.4585755	
-1.46633706879	-1728.09033425	
-1.54044504095	-1727.74704379	
-1.60943791243	-1727.42759377	
-1.67397643357	-1727.13065257	
-1.73460105539	-1726.85479849	
-1.79175946923	-1726.59859886	
-1.8458266905	-1726.36065653	
-1.89711998489	-1726.13963618	
-1.94591014906	-1725.93427814	
-1.99243016469	-1725.74340443	
-2.03688192726	-1725.56591998	
-2.07944154168	-1725.40081107	
-2.1202635362	-1725.2471419	
-2.15948424935	-1725.10405038	
-2.19722457734	-1724.97074329	
-2.23359222151	-1724.84649143	
-2.26868354132	-1724.73062472	
-2.30258509299	-1724.62252752	
-2.33537491582	-1724.52163421	
-2.36712361413	-1724.42742497	
-2.3978952728	-1724.33942197	
-2.42774823595	-1724.25718574	
-2.45673577282	-1724.18031194	
-2.48490664979	-1724.1084283	
-2.51230562398	-1724.04119191	
-2.53897387106	-1723.9782867	
-2.56494935746	-1723.91942115	
-2.59026716545	-1723.8643262	
-2.61495977804	-1723.81275337	
-2.63905732962	-1723.76447304	
-2.66258782703	-1723.71927285	
-2.68557734525	-1723.67695629	
-2.7080502011	-1723.6373414	
-2.73002910782	-1723.60025955	
-2.75153531304	-1723.5655544	
-2.77258872224	-1723.53308087	
-2.79320800944	-1723.50270427	
-2.81341071676	-1723.47429944	
-2.83321334406	-1723.44775002	
-2.85263142991	-1723.42294778	
-2.87167962488	-1723.39979191	
-2.8903717579	-1723.37818855	
-2.90872089656	-1723.35805015	
-2.92673940207	-1723.33929508	
-2.94443897917	-1723.32184712	
-2.96183072188	-1723.30563507	
-2.97892515524	-1723.29059239	
-2.99573227355	-1723.27665682	
-3.01226157551	-1723.2637701	
-3.02852209638	-1723.25187765	
-3.04452243772	-1723.24092833	
-3.06027079469	-1723.23087415	
-3.07577498123	-1723.22167008	
-3.09104245336	-1723.21327383	
-3.10608033072	-1723.20564564	
-3.12089541651	-1723.19874813	
-3.13549421593	-1723.19254612	
-3.14988295338	-1723.18700646	
-3.16406758837	-1723.18209792	
-3.17805383035	-1723.17779106	
-3.19184715248	-1723.17405807	
-3.20545280454	-1723.1708727	
-3.21887582487	-1723.16821016	
-3.23212105162	-1723.16604697	
-3.24519313319	-1723.16436096	
-3.25809653802	-1723.1631311	
-3.2708355638	-1723.16233749	
-3.28341434601	-1723.16196123	
-3.295836866	-1723.16198443	
-3.3081069586	-1723.16239009	
-3.32022831913	-1723.16316205	
-3.33220451018	-1723.16428497	
-3.34403896782	-1723.16574424	
-3.35573500759	-1723.16752598	
-3.36729582999	-1723.16961697	
-3.37872452581	-1723.1720046	
-3.39002408106	-1723.17467686	
-3.40119738166	-1723.17762229	
-3.41224721785	-1723.18082997	
-3.42317628838	-1723.18428945	
-3.43398720449	-1723.18799076	
-3.4446824936	-1723.19192438	
-3.45526460293	-1723.19608118	
-3.4657359028	-1723.20045245	
-3.47609868984	-1723.20502983	
-3.48635519	-1723.20980535	
-3.49650756147	-1723.21477133	
-3.50655789732	-1723.21992043	
-3.51650822817	-1723.22524562	
-3.52636052462	-1723.23074015	
-3.53611669956	-1723.23639752	
-3.54577861047	-1723.24221152	
-3.55534806149	-1723.24817617	
-3.56482680544	-1723.25428572	
-3.57421654579	-1723.26053466	
-3.58351893846	-1723.26691767	
-3.59273559356	-1723.27342965	
-3.60186807712	-1723.28006567	
-3.61091791264	-1723.28682102	
-3.61988658263	-1723.29369114	
-3.62877553004	-1723.30067164	
-3.63758615973	-1723.30775828	
-3.6463198397	-1723.31494701	
-3.65497790244	-1723.32223389	
-3.66356164613	-1723.32961513	
-3.6720723358	-1723.33708709	
-3.68051120444	-1723.34464623	
-3.68887945411	-1723.35228916	
-3.69717825693	-1723.36001259	
-3.70540875607	-1723.36781336	
-3.7135720667	-1723.37568841	
-3.72166927694	-1723.38363477	
-3.72970144863	-1723.3916496	
-3.73766961828	-1723.39973013	
-3.74557479779	-1723.4078737	
-3.75341797525	-1723.41607772	
-3.76120011569	-1723.42433971	
-3.76892216179	-1723.43265726	
-3.77658503453	-1723.44102803	
-3.78418963392	-1723.44944977	
-3.79173683955	-1723.45792029	
-3.79922751128	-1723.46643749	
-3.80666248977	-1723.47499933	
-3.81404259707	-1723.48360382	
-3.82136863716	-1723.49224905	
-3.82864139649	-1723.50093317	
-3.83586164446	-1723.50965438	
-3.84303013394	-1723.51841095	
-3.85014760171	-1723.5272012	
-3.85721476893	-1723.53602349	
-3.86423234159	-1723.54487625	
-3.87120101091	-1723.55375795	
-3.87812145375	-1723.5626671	
-3.88499433304	-1723.57160228	
-3.89182029811	-1723.58056208	
-3.8985999851	-1723.58954516	
-3.90533401728	-1723.59855022	
-3.91202300543	-1723.60757599	
-3.91866754815	-1723.61662124	
-3.92526823218	-1723.62568479	
-3.93182563272	-1723.63476547	
-3.93834031375	-1723.64386218	
-3.94481282825	-1723.65297382	
-3.95124371858	-1723.66209935	
-3.95763351668	-1723.67123775	
-3.96398274436	-1723.68038803	
-3.97029191355	-1723.68954923	
-3.97656152657	-1723.69872043	
-3.98279207632	-1723.70790072	
-3.98898404656	-1723.71708923	
-3.99513791214	-1723.72628511	
-4.00125413916	-1723.73548755	
-4.00733318523	-1723.74469575	
-4.01337549969	-1723.75390893	
-4.01938152375	-1723.76312634	
-4.02535169074	-1723.77234726	
-4.03128642625	-1723.78157099	
-4.03718614838	-1723.79079684	
-4.04305126783	-1723.80002415	
-4.04888218815	-1723.80925228	
-4.05467930583	-1723.8184806	
-4.06044301055	-1723.82770851	
-4.06617368526	-1723.83693542	
-4.07187170637	-1723.84616078	
-4.07753744391	-1723.85538401	
-4.08317126162	-1723.86460461	
-4.08877351717	-1723.87382203	
-4.09434456222	-1723.88303579	
-4.0998847426	-1723.8922454	
-4.10539439841	-1723.90145038	
-4.11087386417	-1723.91065027	
-4.11632346894	-1723.91984464	
-4.12174353641	-1723.92903306	
-4.12713438505	-1723.93821511	
-4.13249632819	-1723.94739038	
-4.13782967416	-1723.95655848	
-4.14313472639	-1723.96571904	
-4.14841178349	-1723.97487169	
-4.15366113938	-1723.98401607	
-4.15888308336	-1723.99315184	
-4.16407790024	-1724.00227866	
-4.1692458704	-1724.01139622	
-4.1743872699	-1724.02050419	
-4.17950237056	-1724.02960228	
-4.18459144007	-1724.03869019	
-4.18965474203	-1724.04776764	
-4.19469253606	-1724.05683436	
-4.19970507788	-1724.06589007	
-4.20469261939	-1724.07493452	
-4.20965540873	-1724.08396746	
-4.21459369037	-1724.09298866	
-4.21950770518	-1724.10199787	
-4.22439769047	-1724.11099487	
-4.22926388012	-1724.11997944	
-4.2341065046	-1724.12895138	
-4.23892579103	-1724.13791048	
-4.2437219633	-1724.14685655	
-4.24849524205	-1724.15578939	
-4.25324584481	-1724.16470881	
-4.257973986	-1724.17361466	
-4.26267987704	-1724.18250674	
-4.26736372635	-1724.1913849	
-4.27202573946	-1724.20024898	
-4.27666611902	-1724.20909883	
-4.28128506487	-1724.21793429	
-4.28588277412	-1724.22675523	
-4.29045944115	-1724.2355615	
-4.29501525768	-1724.24435298	
-4.29955041285	-1724.25312953	
-4.3040650932	-1724.26189104	
-4.30855948279	-1724.27063739	
-4.31303376319	-1724.27936846	
-4.31748811354	-1724.28808415	
-4.3219227106	-1724.29678434	
-4.32633772881	-1724.30546894	
-4.33073334029	-1724.31413786	
-4.33510971489	-1724.32279099	
-4.33946702026	-1724.33142826	
-4.34380542185	-1724.34004957	
-4.348125083	-1724.34865485	
-4.3524261649	-1724.35724401	
-4.35670882669	-1724.36581699	
-4.36097322548	-1724.37437371	
-4.36521951636	-1724.3829141	
-4.36944785247	-1724.3914381	
-4.373658385	-1724.39994564	
-4.37785126326	-1724.40843668	
-4.38202663467	-1724.41691115	
-4.38618464482	-1724.425369	
-4.39032543749	-1724.43381018	
-4.39444915467	-1724.44223464	
-4.39855593663	-1724.45064234	
-4.40264592188	-1724.45903324	
-4.40671924726	-1724.46740729	
-4.41077604796	-1724.47576446	
-4.4148164575	-1724.48410472	
-4.4188406078	-1724.49242802	
-4.42284862919	-1724.50073435	
-4.42684065046	-1724.50902367	
-4.43081679884	-1724.51729595	
-4.43477720006	-1724.52555118	
-4.43872197835	-1724.53378932	
-4.44265125649	-1724.54201037	
-4.44656515581	-1724.55021429	
-4.45046379623	-1724.55840107	
-4.45434729625	-1724.56657071	
-4.45821577303	-1724.57472318	
-4.46206934235	-1724.58285847	
-4.46590811865	-1724.59097658	
-4.46973221509	-1724.59907749	
-4.47354174351	-1724.6071612	
-4.47733681448	-1724.61522771	
-4.48111753732	-1724.623277	
-4.48488402011	-1724.63130908	
-4.48863636973	-1724.63932394	
-4.49237469184	-1724.6473216	
-4.49609909093	-1724.65530204	
-4.49980967033	-1724.66326526	
-4.50350653221	-1724.67121129	
-4.50718977763	-1724.67914011	
-4.51085950652	-1724.68705174	
-4.51451581772	-1724.69494618	
-4.518158809	-1724.70282345	
-4.52178857705	-1724.71068354	
-4.52540521752	-1724.71852648	
-4.52900882502	-1724.72635227	
-4.53259949315	-1724.73416093	
-4.5361773145	-1724.74195247	
-4.53974238067	-1724.7497269	
-4.54329478227	-1724.75748424	
-4.54683460898	-1724.76522451	
-4.55036194949	-1724.77294772	
-4.5538768916	-1724.78065389	
-4.55737952215	-1724.78834304	
-4.56086992709	-1724.7960152	
-4.56434819147	-1724.80367037	
-4.56781439944	-1724.81130858	
-4.57126863431	-1724.81892985	
-4.5747109785	-1724.82653421	
-4.5781415136	-1724.83412167	
-4.58156032035	-1724.84169226	
-4.58496747867	-1724.84924601	
-4.58836306767	-1724.85678294	
-4.59174716566	-1724.86430307	
-4.59511985013	-1724.87180644	
-4.59848119784	-1724.87929306	
-4.60183128472	-1724.88676296	
-4.60517018599	-1724.89421618	
-4.60849797608	-1724.90165274	
-4.61181472871	-1724.90907266	
-4.61512051684	-1724.91647598	
-4.61841541274	-1724.92386273	
-4.62169948794	-1724.93123294	
-4.62497281328	-1724.93858663	
-4.62823545892	-1724.94592384	
-4.63148749431	-1724.95324459	
-4.63472898823	-1724.96054893	
-4.63796000881	-1724.96783688	
-4.64118062351	-1724.97510847	
-4.64439089914	-1724.98236374	
-4.64759090187	-1724.98960272	
-4.65078069724	-1724.99682544	
-4.65396035016	-1725.00403193	
-4.65712992492	-1725.01122224	
-4.66028948521	-1725.01839638	
-4.66343909411	-1725.02555441	
-4.66657881412	-1725.03269634	
-4.66970870713	-1725.03982223	
-4.67282883446	-1725.04693209	
-4.67593925688	-1725.05402598	
-4.67904003455	-1725.06110391	
-4.68213122712	-1725.06816594	
-4.68521289366	-1725.07521209	
-4.6882850927	-1725.0822424	
-4.69134788223	-1725.0892569	
-4.69440131972	-1725.09625564	
-4.6974454621	-1725.10323865	
-4.70048036579	-1725.11020597	
-4.70350608671	-1725.11715763	
-4.70652268025	-1725.12409367	
-4.70953020131	-1725.13101413	
-4.71252870431	-1725.13791905	
-4.71551824316	-1725.14480846	
-4.7184988713	-1725.1516824	
-4.72147064168	-1725.15854091	
-4.72443360681	-1725.16538402	
-4.72738781871	-1725.17221178	
-4.73033332894	-1725.17902423	
-4.73327018862	-1725.18582139	
-4.73619844839	-1725.19260332	
-4.7391181585	-1725.19937004	
-4.74202936871	-1725.2061216	
-4.74493212836	-1725.21285804	
-4.74782648639	-1725.21957939	
-4.75071249128	-1725.22628569	
-4.75359019111	-1725.23297698	
-4.75645963353	-1725.2396533	
-4.75932086582	-1725.24631469	
-4.7621739348	-1725.25296119	
-4.76501888693	-1725.25959284	
-4.76785576827	-1725.26620967	
-4.77068462447	-1725.27281172	
-4.77350550081	-1725.27939904	
-4.77631844218	-1725.28597167	
-4.77912349311	-1725.29252963	
-4.78192069773	-1725.29907297	
-4.78471009982	-1725.30560174	
-4.78749174278	-1725.31211596	
-4.79026566966	-1725.31861569	
-4.79303192316	-1725.32510095	
-4.7957905456	-1725.33157178	
-4.79854157897	-1725.33802823	
-4.80128506491	-1725.34447034	
-4.80402104473	-1725.35089814	
-4.80674955939	-1725.35731168	
-4.8094706495	-1725.36371098	
-4.81218435537	-1725.3700961	
-4.81489071697	-1725.37646707	
-4.81758977394	-1725.38282392	
-4.82028156561	-1725.38916671	
-4.82296613098	-1725.39549546	
-4.82564350875	-1725.40181022	
-4.8283137373	-1725.40811102	
-4.83097685472	-1725.41439791	
-4.83363289878	-1725.42067092	
-4.83628190695	-1725.42693009	
-4.83892391641	-1725.43317546	
-4.84155896405	-1725.43940707	
-4.84418708646	-1725.44562496	
-4.84680831994	-1725.45182917	
-4.84942270051	-1725.45801973	
-4.85203026392	-1725.46419668	
-4.85463104562	-1725.47036007	
-4.8572250808	-1725.47650992	
-4.85981240436	-1725.48264628	
-4.86239305096	-1725.4887692	
-4.86496705495	-1725.49487869	
-4.86753445046	-1725.50097481	
-4.87009527132	-1725.50705759	
-4.87264955112	-1725.51312707	
-4.8751973232	-1725.51918329	
-4.87773862063	-1725.52522628	
-4.88027347623	-1725.53125609	
-4.88280192259	-1725.53727275	
-4.88532399202	-1725.5432763	
-4.88783971662	-1725.54926677	
-4.89034912822	-1725.55524421	
-4.89285225844	-1725.56120865	
-4.89534913864	-1725.56716012	
-4.89783979995	-1725.57309868	
-4.90032427328	-1725.57902434	
-4.90280258929	-1725.58493716	
-4.90527477844	-1725.59083717	
-4.90774087093	-1725.5967244	
-4.91020089677	-1725.60259889	
-4.91265488574	-1725.60846068	
-4.91510286737	-1725.61430981	
-4.91754487103	-1725.62014631	
-4.91998092583	-1725.62597022	
-4.92241106068	-1725.63178157	
-4.92483530429	-1725.63758041	
-4.92725368516	-1725.64336676	
-4.92966623156	-1725.64914067	
-4.93207297159	-1725.65490217	
-4.93447393313	-1725.6606513	
-4.93686914386	-1725.66638809	
-4.93925863125	-1725.67211258	
-4.94164242261	-1725.6778248	
-4.94402054501	-1725.68352479	
-4.94639302537	-1725.68921259	
-4.94875989038	-1725.69488824	
-4.95112116656	-1725.70055176	
-4.95347688026	-1725.70620319	
-4.9558270576	-1725.71184257	
-4.95817172456	-1725.71746993	
-4.96051090691	-1725.72308531	
-4.96284463026	-1725.72868874	
-4.96517292002	-1725.73428027	
-4.96749580144	-1725.73985991	
-4.96981329958	-1725.74542771	
-4.97212543933	-1725.75098371	
-4.97443224543	-1725.75652793	
-4.97673374242	-1725.76206042	
-4.97902995468	-1725.7675812	
-4.98132090643	-1725.77309031	
-4.98360662171	-1725.77858778	
-4.98588712441	-1725.78407366	
-4.98816243824	-1725.78954796	
-4.99043258678	-1725.79501073	
-4.99269759341	-1725.80046201	
-4.99495748138	-1725.80590181	
-4.99721227376	-1725.81133018	
-4.9994619935	-1725.81674716	
-5.00170666335	-1725.82215277	
-5.00394630595	-1725.82754704	
-5.00618094375	-1725.83293002	
-5.00841059907	-1725.83830173	
-5.0106352941	-1725.84366221	
-5.01285505083	-1725.84901148	
-5.01506989116	-1725.85434959	
-5.01727983681	-1725.85967657	
-5.01948490937	-1725.86499244	
-5.02168513028	-1725.87029724	
-5.02388052085	-1725.87559101	
-5.02607110223	-1725.88087377	
-5.02825689545	-1725.88614556	
-5.03043792139	-1725.89140641	
-5.03261420082	-1725.89665635	
-5.03478575433	-1725.90189541	
-5.03695260241	-1725.90712363	
-5.03911476542	-1725.91234104	
-5.04127226356	-1725.91754767	
-5.04342511692	-1725.92274354	
-5.04557334546	-1725.9279287	
-5.047716969	-1725.93310317	
-5.04985600725	-1725.93826699	
-5.05199047978	-1725.94342018	
-5.05412040604	-1725.94856277	
-5.05624580535	-1725.95369481	
-5.05836669692	-1725.95881631	
-5.06048309982	-1725.96392731	
-5.06259503303	-1725.96902785	
-5.06470251537	-1725.97411794	
-5.06680556556	-1725.97919762	
-5.06890420222	-1725.98426693	
-5.07099844382	-1725.98932589	
-5.07308830874	-1725.99437452	
-5.07517381523	-1725.99941288	
-5.07725498144	-1726.00444097	
-5.07933182538	-1726.00945883	
-5.08140436498	-1726.0144665	
-5.08347261805	-1726.01946399	
-5.08553660227	-1726.02445135	
-5.08759633523	-1726.0294286	
-5.08965183441	-1726.03439577	
-5.09170311719	-1726.03935288	
-5.09375020081	-1726.04429998	
-5.09579310244	-1726.04923708	
-5.09783183913	-1726.05416422	
-5.09986642782	-1726.05908142	
-5.10189688537	-1726.06398872	
-5.10392322852	-1726.06888614	
-5.1059454739	-1726.07377372	
-5.10796363806	-1726.07865147	
-5.10997773743	-1726.08351943	
-5.11198778836	-1726.08837763	
-5.11399380708	-1726.0932261	
-5.11599580975	-1726.09806486	
-5.11799381242	-1726.10289394	
-5.11998783102	-1726.10771337	
-5.12197788143	-1726.11252317	
-5.1239639794	-1726.11732338	
-5.12594614061	-1726.12211403	
-5.12792438062	-1726.12689514	
-5.12989871492	-1726.13166673	
-5.13186915891	-1726.13642884	
-5.13383572788	-1726.14118149	
-5.13579843705	-1726.14592472	
-5.13775730154	-1726.15065854	
-5.13971233637	-1726.15538299	
-5.1416635565	-1726.16009808	
-5.14361097679	-1726.16480386	
-5.145554612	-1726.16950034	
-5.14749447681	-1726.17418755	
-5.14943058584	-1726.17886552	
-5.15136295359	-1726.18353428	
-5.1532915945	-1726.18819385	
-5.15521652291	-1726.19284426	
-5.15713775309	-1726.19748553	
-5.15905529921	-1726.20211769	
-5.1609691754	-1726.20674077	
-5.16287939565	-1726.21135479	
-5.16478597392	-1726.21595978	
-5.16668892407	-1726.22055576	
-5.16858825987	-1726.22514277	
-5.17048399504	-1726.22972082	
-5.17237614319	-1726.23428994	
-5.17426471788	-1726.23885016	
-5.17614973257	-1726.2434015	
-5.17803120067	-1726.24794399	
-5.1799091355	-1726.25247765	
-5.18178355029	-1726.25700251	
-5.18365445823	-1726.26151859	
-5.1855218724	-1726.26602592	
-5.18738580584	-1726.27052453	
-5.18924627149	-1726.27501443	
-5.19110328224	-1726.27949565	
-5.19295685089	-1726.28396822	
-5.19480699018	-1726.28843216	
-5.19665371277	-1726.2928875	
-5.19849703127	-1726.29733426	
-5.20033695819	-1726.30177247	
-5.202173506	-1726.30620214	
-5.20400668708	-1726.31062331	
-5.20583651375	-1726.31503599	
-5.20766299828	-1726.31944022	
-5.20948615284	-1726.32383601	
-5.21130598956	-1726.32822339	
-5.21312252048	-1726.33260238	
-5.21493575761	-1726.33697301	
-5.21674571285	-1726.3413353	
-5.21855239808	-1726.34568927	
-5.22035582508	-1726.35003495	
-5.22215600558	-1726.35437236	
-5.22395295126	-1726.35870152	
-5.22574667371	-1726.36302246	
-5.22753718449	-1726.3673352	
-5.22932449506	-1726.37163976	
-5.23110861685	-1726.37593617	
-5.23288956123	-1726.38022445	
-5.23466733947	-1726.38450462	
-5.23644196283	-1726.3887767	
-5.23821344248	-1726.39304072	
-5.23998178954	-1726.3972967	
-5.24174701506	-1726.40154466	
-5.24350913005	-1726.40578462	
-5.24526814546	-1726.41001661	
-5.24702407216	-1726.41424065	
-5.24877692099	-1726.41845676	
-5.25052670271	-1726.42266496	
-5.25227342805	-1726.42686528	
-5.25401710765	-1726.43105773	
-5.25575775213	-1726.43524235	
-5.25749537203	-1726.43941914	
-5.25922997784	-1726.44358814	
-5.26096158	-1726.44774936	
-5.2626901889	-1726.45190283	
-5.26441581487	-1726.45604856	
-5.26613846818	-1726.46018658	
-5.26785815906	-1726.46431691	
-5.26957489768	-1726.46843957	
-5.27128869416	-1726.47255459	
-5.27299955856	-1726.47666198	
-5.27470750091	-1726.48076176	
-5.27641253116	-1726.48485396	
-5.27811465923	-1726.48893859	
-5.27981389498	-1726.49301568	
-5.28151024823	-1726.49708525	
-5.28320372874	-1726.50114732	
-5.28489434622	-1726.50520191	
-5.28658211033	-1726.50924903	
-5.28826703069	-1726.51328872	
-5.28994911688	-1726.51732099	
-5.2916283784	-1726.52134586	
-5.29330482472	-1726.52536335	
-5.29497846528	-1726.52937348	
-5.29664930945	-1726.53337627	
-5.29831736655	-1726.53737175	
-5.29998264587	-1726.54135993	
-5.30164515664	-1726.54534083	
-5.30330490806	-1726.54931447	
-5.30496190927	-1726.55328087	
-5.30661616936	-1726.55724005	
-5.3082676974	-1726.56119204	
-5.30991650239	-1726.56513684	
-5.3115625933	-1726.56907449	
-5.31320597904	-1726.57300499	
-5.3148466685	-1726.57692838	
-5.3164846705	-1726.58084466	
-5.31811999384	-1726.58475386	
-5.31975264727	-1726.58865599	
-5.32138263948	-1726.59255108	
-5.32300997914	-1726.59643915	
-5.32463467487	-1726.60032021	
-5.32625673524	-1726.60419428	
-5.32787616879	-1726.60806139	
-5.32949298402	-1726.61192154	
-5.33110718937	-1726.61577477	
-5.33271879327	-1726.61962108	
-5.33432780407	-1726.6234605	
-5.33593423012	-1726.62729304	
-5.3375380797	-1726.63111873	
-5.33913936107	-1726.63493758	
-5.34073808243	-1726.63874961	
-5.34233425196	-1726.64255484	
-5.3439278778	-1726.64635329	
-5.34551896803	-1726.65014497	
-5.34710753072	-1726.6539299	
-5.34869357387	-1726.65770811	
-5.35027710548	-1726.6614796	
-5.35185813348	-1726.6652444	
-5.35343666577	-1726.66900253	
-5.35501271022	-1726.672754	
-5.35658627467	-1726.67649883	
-5.3581573669	-1726.68023704	
-5.35972599468	-1726.68396865	
-5.36129216571	-1726.68769367	
-5.36285588769	-1726.69141212	
-5.36441716825	-1726.69512402	
-5.36597601502	-1726.69882938	
-5.36753243557	-1726.70252823	
-5.36908643744	-1726.70622058	
-5.37063802813	-1726.70990645	
-5.37218721511	-1726.71358585	
-5.37373400583	-1726.71725881	
-5.37527840768	-1726.72092533	
-5.37682042804	-1726.72458544	
-5.37836007422	-1726.72823915	
-5.37989735354	-1726.73188649	
-5.38143227326	-1726.73552746	
-5.38296484061	-1726.73916208	
-5.38449506279	-1726.74279037	
-5.38602294697	-1726.74641235	
-5.38754850028	-1726.75002804	
-5.38907172982	-1726.75363744	
-5.39059264266	-1726.75724058	
-5.39211124583	-1726.76083748	
-5.39362754635	-1726.76442814	
-5.39514155118	-1726.76801259	
-5.39665326727	-1726.77159084	
-5.39816270152	-1726.77516291	
-5.39966986081	-1726.77872882	
-5.40117475199	-1726.78228857	
-5.40267738187	-1726.78584219	
-5.40417775725	-1726.7893897	
-5.40567588487	-1726.7929311	
-5.40717177146	-1726.79646642	
-5.40866542372	-1726.79999566	
-5.4101568483	-1726.80351886	
-5.41164605186	-1726.80703601	
-5.41313304098	-1726.81054714	
-5.41461782224	-1726.81405227	
-5.4161004022	-1726.8175514	
-5.41758078737	-1726.82104456	
-5.41905898424	-1726.82453176	
-5.42053499927	-1726.82801301	
-5.42200883889	-1726.83148833	
-5.4234805095	-1726.83495774	
-5.42495001748	-1726.83842125	
-5.42641736918	-1726.84187887	
-5.4278825709	-1726.84533063	
-5.42934562895	-1726.84877653	
-5.43080654959	-1726.8522166	
-5.43226533906	-1726.85565084	
-5.43372200355	-1726.85907927	
-5.43517654927	-1726.86250191	
-5.43662898235	-1726.86591877	
-5.43807930892	-1726.86932987	
-5.4395275351	-1726.87273521	
-5.44097366695	-1726.87613483	
-5.44241771052	-1726.87952872	
-5.44385967184	-1726.88291691	
-5.4452995569	-1726.8862994	
-5.44673737167	-1726.88967622	
-5.44817312209	-1726.89304738	
-5.44960681409	-1726.8964129	
-5.45103845357	-1726.89977278	
-5.45246804638	-1726.90312704	
-5.45389559837	-1726.90647569	
-5.45532111536	-1726.90981876	
-5.45674460314	-1726.91315625	
-5.45816606749	-1726.91648818	
-5.45958551414	-1726.91981456	
-5.46100294883	-1726.92313541	
-5.46241837723	-1726.92645074	
-5.46383180503	-1726.92976056	
-5.46524323786	-1726.93306489	
-5.46665268137	-1726.93636375	
-5.46806014114	-1726.93965714	
-5.46946562274	-1726.94294508	
-5.47086913175	-1726.94622758	
-5.47227067367	-1726.94950466	
-5.47367025403	-1726.95277633	
-5.47506787829	-1726.95604261	
-5.47646355193	-1726.95930351	
-5.47785728038	-1726.96255903	
-5.47924906905	-1726.9658092	
-5.48063892334	-1726.96905403	
-5.48202684862	-1726.97229353	
-5.48341285022	-1726.97552772	
-5.48479693349	-1726.9787566	
-5.48617910372	-1726.9819802	
-5.48755936619	-1726.98519852	
-5.48893772616	-1726.98841158	
-5.49031418887	-1726.99161939	
-5.49168875953	-1726.99482197	
-5.49306144334	-1726.99801932	
-5.49443224547	-1727.00121146	
-5.49580117108	-1727.00439841	
-5.49716822529	-1727.00758017	
-5.49853341322	-1727.01075676	
-5.49989673995	-1727.01392819	
-5.50125821054	-1727.01709448	
-5.50261783006	-1727.02025564	
-5.50397560352	-1727.02341167	
-5.50533153593	-1727.0265626	
-5.50668563228	-1727.02970843	
-5.50803789753	-1727.03284918	
-5.50938833663	-1727.03598486	
-5.5107369545	-1727.03911549	
-5.51208375605	-1727.04224106	
-5.51342874616	-1727.04536161	
-5.51477192971	-1727.04847714	
-5.51611331154	-1727.05158766	
-5.51745289646	-1727.05469318	
-5.51879068931	-1727.05779372	
-5.52012669485	-1727.06088929	
-5.52146091786	-1727.0639799	
-5.5227933631	-1727.06706557	
-5.52412403528	-1727.0701463	
-5.52545293913	-1727.07322211	
-5.52678007934	-1727.07629301	
-5.52810546058	-1727.07935901	
-5.52942908751	-1727.08242012	
-5.53075096477	-1727.08547636	
-5.53207109697	-1727.08852773	
-5.53338948873	-1727.09157426	
-5.53470614461	-1727.09461594	
-5.53602106919	-1727.0976528	
-5.53733426702	-1727.10068485	
-5.53864574262	-1727.10371209	
-5.5399555005	-1727.10673453	
-5.54126354516	-1727.1097522	
-5.54256988107	-1727.1127651	
-5.5438745127	-1727.11577324	
-5.54517744448	-1727.11877663	
-5.54647868084	-1727.12177529	
-5.54777822618	-1727.12476923	
-5.5490760849	-1727.12775845	
-5.55037226136	-1727.13074297	
-5.55166675992	-1727.13372281	
-5.55295958492	-1727.13669797	
-5.55425074069	-1727.13966846	
-5.55554023152	-1727.14263429	
-5.5568280617	-1727.14559548	
-5.55811423551	-1727.14855204	
-5.5593987572	-1727.15150397	
-5.56068163102	-1727.1544513	
-5.56196286117	-1727.15739402	
-5.56324245188	-1727.16033216	
-5.56452040732	-1727.16326572	
-5.56579673168	-1727.16619471	
-5.56707142911	-1727.16911914	
-5.56834450376	-1727.17203903	
-5.56961595975	-1727.17495438	
-5.57088580119	-1727.17786521	
-5.57215403218	-1727.18077153	
-5.57342065679	-1727.18367335	
-5.5746856791	-1727.18657067	
-5.57594910315	-1727.18946351	
-5.57721093297	-1727.19235188	
-5.57847117258	-1727.1952358	
-5.57972982599	-1727.19811526	
-5.58098689718	-1727.20099029	
-5.58224239012	-1727.20386088	
-5.58349630878	-1727.20672706	
-5.5847486571	-1727.20958883	
-5.585999439	-1727.21244621	
-5.5872486584	-1727.2152992	
-5.5884963192	-1727.21814781	
-5.58974242528	-1727.22099205	
-5.59098698051	-1727.22383194	
-5.59222998875	-1727.22666749	
-5.59347145384	-1727.2294987	
-5.5947113796	-1727.23232558	
-5.59594976985	-1727.23514815	
-5.59718662839	-1727.23796641	
-5.598421959	-1727.24078038	
-5.59965576545	-1727.24359007	
-5.60088805149	-1727.24639548	
-5.60211882088	-1727.24919662	
-5.60334807733	-1727.25199351	
-5.60457582457	-1727.25478616	
-5.6058020663	-1727.25757457	
-5.60702680619	-1727.26035875	
-5.60825004793	-1727.26313872	
-5.60947179518	-1727.26591449	
-5.61069205159	-1727.26868606	
-5.61191082078	-1727.27145344	
-5.61312810639	-1727.27421664	
-5.61434391201	-1727.27697568	
-5.61555824124	-1727.27973056	
-5.61677109767	-1727.2824813	
-5.61798248485	-1727.28522789	
-5.61919240636	-1727.28797036	
-5.62040086572	-1727.29070871	
-5.62160786647	-1727.29344295	
-5.62281341212	-1727.29617309	
-5.62401750619	-1727.29889914	
-5.62522015215	-1727.30162111	
-5.6264213535	-1727.304339	
-5.62762111369	-1727.30705284	
-5.62881943618	-1727.30976262	
-5.63001632442	-1727.31246836	
-5.63121178182	-1727.31517006	
-5.63240581181	-1727.31786774	
-5.6335984178	-1727.3205614	
-5.63478960317	-1727.32325105	
-5.6359793713	-1727.32593671	
-5.63716772557	-1727.32861838	
-5.63835466933	-1727.33129607	
-5.63954020593	-1727.33396979	
-5.64072433869	-1727.33663955	
-5.64190707094	-1727.33930535	
-5.64308840598	-1727.34196721	
-5.64426834712	-1727.34462514	
-5.64544689764	-1727.34727914	
-5.64662406082	-1727.34992923	
-5.64779983991	-1727.35257541	
-5.64897423816	-1727.35521768	
-5.65014725882	-1727.35785607	
-5.65131890512	-1727.36049058	
-5.65248918027	-1727.36312122	
-5.65365808747	-1727.36574799	
-5.65482562993	-1727.3683709	
-5.65599181082	-1727.37098997	
-5.65715663332	-1727.37360521	
-5.65832010058	-1727.37621661	
-5.65948221576	-1727.37882419	
-5.660642982	-1727.38142797	
-5.66180240242	-1727.38402793	
-5.66296048014	-1727.38662411	
-5.66411721826	-1727.38921649	
-5.66527261989	-1727.3918051	
-5.66642668811	-1727.39438994	
-5.66757942599	-1727.39697102	
-5.6687308366	-1727.39954835	
-5.66988092298	-1727.40212193	
-5.67102968818	-1727.40469178	
-5.67217713524	-1727.4072579	
-5.67332326717	-1727.4098203	
-5.67446808699	-1727.41237899	
-5.67561159769	-1727.41493398	
-5.67675380227	-1727.41748527	
-5.6778947037	-1727.42003288	
-5.67903430497	-1727.42257681	
-5.68017260902	-1727.42511707	
-5.6813096188	-1727.42765367	
-5.68244533727	-1727.43018661	
-5.68357976734	-1727.43271591	
-5.68471291194	-1727.43524158	
-5.68584477397	-1727.43776361	
-5.68697535634	-1727.44028202	
-5.68810466194	-1727.44279682	
-5.68923269364	-1727.44530801	
-5.69035945432	-1727.44781561	
-5.69148494685	-1727.45031962	
-5.69260917406	-1727.45282004	
-5.6937321388	-1727.45531689	
-5.69485384391	-1727.45781018	
-5.69597429221	-1727.46029991	
-5.69709348651	-1727.46278608	
-5.69821142961	-1727.46526872	
-5.69932812431	-1727.46774782	
-5.70044357339	-1727.47022339	
-5.70155777963	-1727.47269545	
-5.7026707458	-1727.47516399	
-5.70378247466	-1727.47762903	
-5.70489296894	-1727.48009058	
-5.70600223139	-1727.48254863	
-5.70711026475	-1727.4850032	
-5.70821707172	-1727.4874543	
-5.70932265503	-1727.48990194	
-5.71042701737	-1727.49234612	
-5.71153016145	-1727.49478684	
-5.71263208993	-1727.49722412	
-5.71373280551	-1727.49965797	
-5.71483231084	-1727.50208839	
-5.71593060859	-1727.50451539	
-5.71702770141	-1727.50693897	
-5.71812359193	-1727.50935915	
-5.71921828279	-1727.51177593	
-5.72031177661	-1727.51418932	
-5.72140407601	-1727.51659932	
-5.72249518359	-1727.51900595	
-5.72358510195	-1727.52140921	
-5.72467383369	-1727.5238091	
-5.72576138137	-1727.52620564	
-5.72684774759	-1727.52859884	
-5.72793293489	-1727.53098869	
-5.72901694583	-1727.53337521	
-5.73009978297	-1727.5357584	
-5.73118144884	-1727.53813828	
-5.73226194598	-1727.54051484	
-5.7333412769	-1727.54288809	
-5.73441944412	-1727.54525805	
-5.73549645015	-1727.54762472	
-5.73657229748	-1727.5499881	
-5.73764698861	-1727.55234821	
-5.73872052602	-1727.55470505	
-5.73979291218	-1727.55705862	
-5.74086414956	-1727.55940894	
-5.74193424062	-1727.56175601	
-5.74300318781	-1727.56409984	
-5.74407099357	-1727.56644043	
-5.74513766034	-1727.5687778	
-5.74620319054	-1727.57111194	
-5.7472675866	-1727.57344287	
-5.74833085092	-1727.57577059	
-5.74939298591	-1727.57809511	
-5.75045399397	-1727.58041644	
-5.75151387748	-1727.58273458	
-5.75257263883	-1727.58504954	
-5.75363028038	-1727.58736132	
-5.75468680452	-1727.58966994	
-5.75574221359	-1727.59197539	
-5.75679650994	-1727.59427769	
-5.75784969593	-1727.59657685	
-5.75890177388	-1727.59887286	
-5.75995274612	-1727.60116574	
-5.76100261499	-1727.60345549	
-5.76205138278	-1727.60574213	
-5.76309905181	-1727.60802564	
-5.76414562438	-1727.61030605	
-5.76519110278	-1727.61258336	
-5.7662354893	-1727.61485757	
-5.76727878622	-1727.6171287	
-5.76832099579	-1727.61939674	
-5.7693621203	-1727.62166171	
-5.770402162	-1727.62392361	
-5.77144112313	-1727.62618244	
-5.77247900594	-1727.62843822	
-5.77351581267	-1727.63069095	
-5.77455154554	-1727.63294063	
-5.77558620679	-1727.63518728	
-5.77661979861	-1727.6374309	
-5.77765232322	-1727.63967149	
-5.77868378283	-1727.64190907	
-5.77971417962	-1727.64414363	
-5.78074351579	-1727.64637519	
-5.78177179352	-1727.64860374	
-5.78279901497	-1727.65082931	
-5.78382518233	-1727.65305188	
-5.78485029774	-1727.65527148	
-5.78587436337	-1727.6574881	
-5.78689738137	-1727.65970175	
-5.78791935386	-1727.66191244	
-5.788940283	-1727.66412017	
-5.7899601709	-1727.66632495	
-5.79097901969	-1727.66852679	
-5.79199683148	-1727.67072569	
-5.79301360838	-1727.67292165	
-5.7940293525	-1727.67511469	
-5.79504406593	-1727.67730481	
-5.79605775077	-1727.67949202	
-5.79707040908	-1727.68167632	
-5.79808204295	-1727.68385771	
-5.79909265446	-1727.68603621	
-5.80010224566	-1727.68821182	
-5.80111081862	-1727.69038454	
-5.80211837538	-1727.69255438	
-5.80312491799	-1727.69472136	
-5.80413044849	-1727.69688546	
-5.80513496892	-1727.6990467	
-5.80613848129	-1727.70120509	
-5.80714098764	-1727.70336063	
-5.80814248998	-1727.70551332	
-5.80914299031	-1727.70766318	
