# log_p 	 lnL 	 
0.0	-1828.15419859	
-0.287682072452	-1827.91588874	
-0.510825623766	-1827.7427399	
-0.69314718056	-1827.61281444	
-0.847297860387	-1827.52210779	
-0.980829253012	-1827.46435409	
-1.09861228867	-1827.43267983	
-1.20397280433	-1827.42098969	
-1.29928298413	-1827.4243434	
-1.38629436112	-1827.43889465	
-1.46633706879	-1827.46170563	
-1.54044504095	-1827.49055425	
-1.60943791243	-1827.52376888	
-1.67397643357	-1827.56009599	
-1.73460105539	-1827.59859747	
-1.79175946923	-1827.63857211	
-1.8458266905	-1827.67949632	
-1.89711998489	-1827.72097934	
-1.94591014906	-1827.76272984	
-1.99243016469	-1827.80453082	
-2.03688192726	-1827.84622093	
-2.07944154168	-1827.88768055	
-2.1202635362	-1827.92882128	
-2.15948424935	-1827.96957821	
-2.19722457734	-1828.00990408	
-2.23359222151	-1828.04976488	
-2.26868354132	-1828.08913663	
-2.30258509299	-1828.12800285	
-2.33537491582	-1828.16635274	
-2.36712361413	-1828.2041798	
-2.3978952728	-1828.24148075	
-2.42774823595	-1828.27825471	
-2.45673577282	-1828.31450265	
-2.48490664979	-1828.35022692	
-2.51230562398	-1828.38543086	
-2.53897387106	-1828.42011861	
-2.56494935746	-1828.45429483	
-2.59026716545	-1828.48796464	
-2.61495977804	-1828.52113343	
-2.63905732962	-1828.55380684	
-2.66258782703	-1828.58599062	
-2.68557734525	-1828.61769066	
-2.7080502011	-1828.6489129	
-2.73002910782	-1828.67966333	
-2.75153531304	-1828.70994796	
-2.77258872224	-1828.73977278	
-2.79320800944	-1828.76914382	
-2.81341071676	-1828.79806705	
-2.83321334406	-1828.82654844	
-2.85263142991	-1828.85459395	
-2.87167962488	-1828.88220946	
-2.8903717579	-1828.90940087	
-2.90872089656	-1828.93617401	
-2.92673940207	-1828.9625347	
-2.94443897917	-1828.98848869	
-2.96183072188	-1829.01404172	
-2.97892515524	-1829.03919946	
-2.99573227355	-1829.06396756	
-3.01226157551	-1829.08835163	
-3.02852209638	-1829.1123572	
-3.04452243772	-1829.1359898	
-3.06027079469	-1829.15925488	
-3.07577498123	-1829.18215786	
-3.09104245336	-1829.20470411	
-3.10608033072	-1829.22689894	
-3.12089541651	-1829.24874761	
-3.13549421593	-1829.27025535	
-3.14988295338	-1829.29142731	
-3.16406758837	-1829.31226861	
-3.17805383035	-1829.3327843	
-3.19184715248	-1829.35297938	
-3.20545280454	-1829.37285882	
-3.21887582487	-1829.39242748	
-3.23212105162	-1829.41169023	
-3.24519313319	-1829.43065182	
-3.25809653802	-1829.449317	
-3.2708355638	-1829.46769042	
-3.28341434601	-1829.4857767	
-3.295836866	-1829.50358038	
-3.3081069586	-1829.52110596	
-3.32022831913	-1829.53835788	
-3.33220451018	-1829.5553405	
-3.34403896782	-1829.57205816	
-3.35573500759	-1829.58851511	
-3.36729582999	-1829.60471554	
-3.37872452581	-1829.62066362	
-3.39002408106	-1829.63636341	
-3.40119738166	-1829.65181895	
-3.41224721785	-1829.66703421	
-3.42317628838	-1829.6820131	
-3.43398720449	-1829.69675947	
-3.4446824936	-1829.71127712	
-3.45526460293	-1829.72556979	
-3.4657359028	-1829.73964118	
-3.47609868984	-1829.75349489	
-3.48635519	-1829.76713452	
-3.49650756147	-1829.78056357	
-3.50655789732	-1829.79378552	
-3.51650822817	-1829.80680376	
-3.52636052462	-1829.81962165	
-3.53611669956	-1829.83224251	
-3.54577861047	-1829.84466957	
-3.55534806149	-1829.85690603	
-3.56482680544	-1829.86895505	
-3.57421654579	-1829.88081971	
-3.58351893846	-1829.89250306	
-3.59273559356	-1829.90400809	
-3.60186807712	-1829.91533776	
-3.61091791264	-1829.92649496	
-3.61988658263	-1829.93748253	
-3.62877553004	-1829.94830328	
-3.63758615973	-1829.95895997	
-3.6463198397	-1829.9694553	
-3.65497790244	-1829.97979195	
-3.66356164613	-1829.98997251	
-3.6720723358	-1829.99999958	
-3.68051120444	-1830.00987568	
-3.68887945411	-1830.0196033	
-3.69717825693	-1830.02918489	
-3.70540875607	-1830.03862285	
-3.7135720667	-1830.04791954	
-3.72166927694	-1830.05707729	
-3.72970144863	-1830.06609837	
-3.73766961828	-1830.07498504	
-3.74557479779	-1830.08373949	
-3.75341797525	-1830.0923639	
-3.76120011569	-1830.10086038	
-3.76892216179	-1830.10923105	
-3.77658503453	-1830.11747794	
-3.78418963392	-1830.12560309	
-3.79173683955	-1830.13360848	
-3.79922751128	-1830.14149606	
-3.80666248977	-1830.14926774	
-3.81404259707	-1830.15692542	
-3.82136863716	-1830.16447093	
-3.82864139649	-1830.17190611	
-3.83586164446	-1830.17923274	
-3.84303013394	-1830.18645258	
-3.85014760171	-1830.19356734	
-3.85721476893	-1830.20057874	
-3.86423234159	-1830.20748842	
-3.87120101091	-1830.21429804	
-3.87812145375	-1830.2210092	
-3.88499433304	-1830.22762347	
-3.89182029811	-1830.23414242	
-3.8985999851	-1830.24056757	
-3.90533401728	-1830.24690041	
-3.91202300543	-1830.25314242	
-3.91866754815	-1830.25929506	
-3.92526823218	-1830.26535973	
-3.93182563272	-1830.27133784	
-3.93834031375	-1830.27723077	
-3.94481282825	-1830.28303985	
-3.95124371858	-1830.28876643	
-3.95763351668	-1830.29441179	
-3.96398274436	-1830.29997722	
-3.97029191355	-1830.30546399	
-3.97656152657	-1830.31087331	
-3.98279207632	-1830.31620642	
-3.98898404656	-1830.3214645	
-3.99513791214	-1830.32664873	
-4.00125413916	-1830.33176026	
-4.00733318523	-1830.33680022	
-4.01337549969	-1830.34176973	
-4.01938152375	-1830.34666988	
-4.02535169074	-1830.35150174	
-4.03128642625	-1830.35626638	
-4.03718614838	-1830.36096483	
-4.04305126783	-1830.36559812	
-4.04888218815	-1830.37016724	
-4.05467930583	-1830.37467318	
-4.06044301055	-1830.37911692	
-4.06617368526	-1830.3834994	
-4.07187170637	-1830.38782157	
-4.07753744391	-1830.39208433	
-4.08317126162	-1830.39628861	
-4.08877351717	-1830.40043528	
-4.09434456222	-1830.40452522	
-4.0998847426	-1830.4085593	
-4.10539439841	-1830.41253835	
-4.11087386417	-1830.4164632	
-4.11632346894	-1830.42033469	
-4.12174353641	-1830.42415359	
-4.12713438505	-1830.42792072	
-4.13249632819	-1830.43163684	
-4.13782967416	-1830.43530271	
-4.14313472639	-1830.43891908	
-4.14841178349	-1830.44248671	
-4.15366113938	-1830.44600629	
-4.15888308336	-1830.44947857	
-4.16407790024	-1830.45290422	
-4.1692458704	-1830.45628395	
-4.1743872699	-1830.45961843	
-4.17950237056	-1830.46290832	
-4.18459144007	-1830.4661543	
-4.18965474203	-1830.46935699	
-4.19469253606	-1830.47251703	
-4.19970507788	-1830.47563505	
-4.20469261939	-1830.47871166	
-4.20965540873	-1830.48174747	
-4.21459369037	-1830.48474306	
-4.21950770518	-1830.48769903	
-4.22439769047	-1830.49061594	
-4.22926388012	-1830.49349436	
-4.2341065046	-1830.49633485	
-4.23892579103	-1830.49913796	
-4.2437219633	-1830.50190421	
-4.24849524205	-1830.50463415	
-4.25324584481	-1830.50732828	
-4.257973986	-1830.50998713	
-4.26267987704	-1830.5126112	
-4.26736372635	-1830.51520097	
-4.27202573946	-1830.51775695	
-4.27666611902	-1830.52027961	
-4.28128506487	-1830.52276941	
-4.28588277412	-1830.52522684	
-4.29045944115	-1830.52765233	
-4.29501525768	-1830.53004635	
-4.29955041285	-1830.53240934	
-4.3040650932	-1830.53474173	
-4.30855948279	-1830.53704395	
-4.31303376319	-1830.53931642	
-4.31748811354	-1830.54155955	
-4.3219227106	-1830.54377377	
-4.32633772881	-1830.54595946	
-4.33073334029	-1830.54811702	
-4.33510971489	-1830.55024685	
-4.33946702026	-1830.55234933	
-4.34380542185	-1830.55442483	
-4.348125083	-1830.55647373	
-4.3524261649	-1830.55849639	
-4.35670882669	-1830.56049317	
-4.36097322548	-1830.56246443	
-4.36521951636	-1830.56441051	
-4.36944785247	-1830.56633177	
-4.373658385	-1830.56822853	
-4.37785126326	-1830.57010113	
-4.38202663467	-1830.57194991	
-4.38618464482	-1830.57377517	
-4.39032543749	-1830.57557725	
-4.39444915467	-1830.57735644	
-4.39855593663	-1830.57911307	
-4.40264592188	-1830.58084744	
-4.40671924726	-1830.58255984	
-4.41077604796	-1830.58425056	
-4.4148164575	-1830.58591991	
-4.4188406078	-1830.58756816	
-4.42284862919	-1830.58919559	
-4.42684065046	-1830.59080249	
-4.43081679884	-1830.59238912	
-4.43477720006	-1830.59395576	
-4.43872197835	-1830.59550266	
-4.44265125649	-1830.5970301	
-4.44656515581	-1830.59853832	
-4.45046379623	-1830.60002757	
-4.45434729625	-1830.60149812	
-4.45821577303	-1830.6029502	
-4.46206934235	-1830.60438406	
-4.46590811865	-1830.60579993	
-4.46973221509	-1830.60719805	
-4.47354174351	-1830.60857864	
-4.47733681448	-1830.60994195	
-4.48111753732	-1830.61128819	
-4.48488402011	-1830.61261758	
-4.48863636973	-1830.61393034	
-4.49237469184	-1830.61522669	
-4.49609909093	-1830.61650684	
-4.49980967033	-1830.61777099	
-4.50350653221	-1830.61901936	
-4.50718977763	-1830.62025214	
-4.51085950652	-1830.62146953	
-4.51451581772	-1830.62267174	
-4.518158809	-1830.62385895	
-4.52178857705	-1830.62503135	
-4.52540521752	-1830.62618914	
-4.52900882502	-1830.6273325	
-4.53259949315	-1830.62846161	
-4.5361773145	-1830.62957666	
-4.53974238067	-1830.63067781	
-4.54329478227	-1830.63176525	
-4.54683460898	-1830.63283915	
-4.55036194949	-1830.63389967	
-4.5538768916	-1830.634947	
-4.55737952215	-1830.63598128	
-4.56086992709	-1830.63700269	
-4.56434819147	-1830.63801139	
-4.56781439944	-1830.63900753	
-4.57126863431	-1830.63999127	
-4.5747109785	-1830.64096277	
-4.5781415136	-1830.64192218	
-4.58156032035	-1830.64286964	
-4.58496747867	-1830.6438053	
-4.58836306767	-1830.64472932	
-4.59174716566	-1830.64564182	
-4.59511985013	-1830.64654297	
-4.59848119784	-1830.64743289	
-4.60183128472	-1830.64831172	
-4.60517018599	-1830.6491796	
-4.60849797608	-1830.65003667	
-4.61181472871	-1830.65088305	
-4.61512051684	-1830.65171887	
-4.61841541274	-1830.65254427	
-4.62169948794	-1830.65335937	
-4.62497281328	-1830.65416429	
-4.62823545892	-1830.65495917	
-4.63148749431	-1830.65574411	
-4.63472898823	-1830.65651924	
-4.63796000881	-1830.65728469	
-4.64118062351	-1830.65804056	
-4.64439089914	-1830.65878697	
-4.64759090187	-1830.65952403	
-4.65078069724	-1830.66025187	
-4.65396035016	-1830.66097057	
-4.65712992492	-1830.66168027	
-4.66028948521	-1830.66238106	
-4.66343909411	-1830.66307305	
-4.66657881412	-1830.66375634	
-4.66970870713	-1830.66443105	
-4.67282883446	-1830.66509726	
-4.67593925688	-1830.66575509	
-4.67904003455	-1830.66640462	
-4.68213122712	-1830.66704597	
-4.68521289366	-1830.66767922	
-4.6882850927	-1830.66830446	
-4.69134788223	-1830.66892181	
-4.69440131972	-1830.66953134	
-4.6974454621	-1830.67013315	
-4.70048036579	-1830.67072733	
-4.70350608671	-1830.67131398	
-4.70652268025	-1830.67189316	
-4.70953020131	-1830.67246499	
-4.71252870431	-1830.67302953	
-4.71551824316	-1830.67358688	
-4.7184988713	-1830.67413711	
-4.72147064168	-1830.67468032	
-4.72443360681	-1830.67521658	
-4.72738781871	-1830.67574597	
-4.73033332894	-1830.67626858	
-4.73327018862	-1830.67678448	
-4.73619844839	-1830.67729374	
-4.7391181585	-1830.67779645	
-4.74202936871	-1830.67829269	
-4.74493212836	-1830.67878251	
-4.74782648639	-1830.67926601	
-4.75071249128	-1830.67974324	
-4.75359019111	-1830.68021429	
-4.75645963353	-1830.68067922	
-4.75932086582	-1830.6811381	
-4.7621739348	-1830.681591	
-4.76501888693	-1830.682038	
-4.76785576827	-1830.68247915	
-4.77068462447	-1830.68291453	
-4.77350550081	-1830.68334419	
-4.77631844218	-1830.68376821	
-4.77912349311	-1830.68418664	
-4.78192069773	-1830.68459956	
-4.78471009982	-1830.68500702	
-4.78749174278	-1830.68540909	
-4.79026566966	-1830.68580581	
-4.79303192316	-1830.68619727	
-4.7957905456	-1830.68658351	
-4.79854157897	-1830.68696459	
-4.80128506491	-1830.68734058	
-4.80402104473	-1830.68771152	
-4.80674955939	-1830.68807748	
-4.8094706495	-1830.6884385	
-4.81218435537	-1830.68879465	
-4.81489071697	-1830.68914599	
-4.81758977394	-1830.68949255	
-4.82028156561	-1830.6898344	
-4.82296613098	-1830.69017159	
-4.82564350875	-1830.69050417	
-4.8283137373	-1830.69083219	
-4.83097685472	-1830.6911557	
-4.83363289878	-1830.69147476	
-4.83628190695	-1830.6917894	
-4.83892391641	-1830.69209969	
-4.84155896405	-1830.69240566	
-4.84418708646	-1830.69270737	
-4.84680831994	-1830.69300486	
-4.84942270051	-1830.69329817	
-4.85203026392	-1830.69358737	
-4.85463104562	-1830.69387248	
-4.8572250808	-1830.69415355	
-4.85981240436	-1830.69443064	
-4.86239305096	-1830.69470377	
-4.86496705495	-1830.694973	
-4.86753445046	-1830.69523837	
-4.87009527132	-1830.69549992	
-4.87264955112	-1830.69575769	
-4.8751973232	-1830.69601172	
-4.87773862063	-1830.69626205	
-4.88027347623	-1830.69650873	
-4.88280192259	-1830.69675179	
-4.88532399202	-1830.69699127	
-4.88783971662	-1830.69722722	
-4.89034912822	-1830.69745966	
-4.89285225844	-1830.69768864	
-4.89534913864	-1830.69791419	
-4.89783979995	-1830.69813636	
-4.90032427328	-1830.69835517	
-4.90280258929	-1830.69857066	
-4.90527477844	-1830.69878288	
-4.90774087093	-1830.69899185	
-4.91020089677	-1830.69919761	
-4.91265488574	-1830.69940019	
-4.91510286737	-1830.69959963	
-4.91754487103	-1830.69979597	
-4.91998092583	-1830.69998922	
-4.92241106068	-1830.70017944	
-4.92483530429	-1830.70036665	
-4.92725368516	-1830.70055087	
-4.92966623156	-1830.70073216	
-4.93207297159	-1830.70091052	
-4.93447393313	-1830.70108601	
-4.93686914386	-1830.70125864	
-4.93925863125	-1830.70142845	
-4.94164242261	-1830.70159547	
-4.94402054501	-1830.70175972	
-4.94639302537	-1830.70192124	
-4.94875989038	-1830.70208006	
-4.95112116656	-1830.7022362	
-4.95347688026	-1830.70238969	
-4.9558270576	-1830.70254056	
-4.95817172456	-1830.70268884	
-4.96051090691	-1830.70283456	
-4.96284463026	-1830.70297774	
-4.96517292002	-1830.7031184	
-4.96749580144	-1830.70325659	
-4.96981329958	-1830.70339231	
-4.97212543933	-1830.7035256	
-4.97443224543	-1830.70365649	
-4.97673374242	-1830.70378499	
-4.97902995468	-1830.70391114	
-4.98132090643	-1830.70403496	
-4.98360662171	-1830.70415647	
-4.98588712441	-1830.70427569	
-4.98816243824	-1830.70439266	
-4.99043258678	-1830.70450739	
-4.99269759341	-1830.70461991	
-4.99495748138	-1830.70473024	
-4.99721227376	-1830.7048384	
-4.9994619935	-1830.70494442	
-5.00170666335	-1830.70504832	
-5.00394630595	-1830.70515012	
-5.00618094375	-1830.70524984	
-5.00841059907	-1830.70534751	
-5.0106352941	-1830.70544314	
-5.01285505083	-1830.70553676	
-5.01506989116	-1830.70562839	
-5.01727983681	-1830.70571804	
-5.01948490937	-1830.70580575	
-5.02168513028	-1830.70589152	
-5.02388052085	-1830.70597538	
-5.02607110223	-1830.70605736	
-5.02825689545	-1830.70613746	
-5.03043792139	-1830.70621571	
-5.03261420082	-1830.70629212	
-5.03478575433	-1830.70636673	
-5.03695260241	-1830.70643953	
-5.03911476542	-1830.70651057	
-5.04127226356	-1830.70657984	
-5.04342511692	-1830.70664738	
-5.04557334546	-1830.70671319	
-5.047716969	-1830.7067773	
-5.04985600725	-1830.70683972	
-5.05199047978	-1830.70690047	
-5.05412040604	-1830.70695957	
-5.05624580535	-1830.70701704	
-5.05836669692	-1830.70707289	
-5.06048309982	-1830.70712713	
-5.06259503303	-1830.70717979	
-5.06470251537	-1830.70723089	
-5.06680556556	-1830.70728043	
-5.06890420222	-1830.70732843	
-5.07099844382	-1830.70737492	
-5.07308830874	-1830.7074199	
-5.07517381523	-1830.70746339	
-5.07725498144	-1830.7075054	
-5.07933182538	-1830.70754596	
-5.08140436498	-1830.70758507	
-5.08347261805	-1830.70762276	
-5.08553660227	-1830.70765903	
-5.08759633523	-1830.70769389	
-5.08965183441	-1830.70772738	
-5.09170311719	-1830.70775949	
-5.09375020081	-1830.70779024	
-5.09579310244	-1830.70781966	
-5.09783183913	-1830.70784774	
-5.09986642782	-1830.7078745	
-5.10189688537	-1830.70789997	
-5.10392322852	-1830.70792414	
-5.1059454739	-1830.70794704	
-5.10796363806	-1830.70796867	
-5.10997773743	-1830.70798906	
-5.11198778836	-1830.70800821	
-5.11399380708	-1830.70802613	
-5.11599580975	-1830.70804284	
-5.11799381242	-1830.70805835	
-5.11998783102	-1830.70807268	
-5.12197788143	-1830.70808583	
-5.1239639794	-1830.70809781	
-5.12594614061	-1830.70810865	
-5.12792438062	-1830.70811835	
-5.12989871492	-1830.70812692	
-5.13186915891	-1830.70813437	
-5.13383572788	-1830.70814072	
-5.13579843705	-1830.70814597	
-5.13775730154	-1830.70815014	
-5.13971233637	-1830.70815324	
-5.1416635565	-1830.70815529	
-5.14361097679	-1830.70815628	
-5.145554612	-1830.70815623	
-5.14749447681	-1830.70815516	
-5.14943058584	-1830.70815306	
-5.15136295359	-1830.70814996	
-5.1532915945	-1830.70814587	
-5.15521652291	-1830.70814079	
-5.15713775309	-1830.70813473	
-5.15905529921	-1830.7081277	
-5.1609691754	-1830.70811972	
-5.16287939565	-1830.7081108	
-5.16478597392	-1830.70810093	
-5.16668892407	-1830.70809014	
-5.16858825987	-1830.70807843	
-5.17048399504	-1830.70806581	
-5.17237614319	-1830.7080523	
-5.17426471788	-1830.70803789	
-5.17614973257	-1830.7080226	
-5.17803120067	-1830.70800644	
-5.1799091355	-1830.70798942	
-5.18178355029	-1830.70797155	
-5.18365445823	-1830.70795283	
-5.1855218724	-1830.70793327	
-5.18738580584	-1830.70791289	
-5.18924627149	-1830.70789168	
-5.19110328224	-1830.70786967	
-5.19295685089	-1830.70784685	
-5.19480699018	-1830.70782324	
-5.19665371277	-1830.70779885	
-5.19849703127	-1830.70777367	
-5.20033695819	-1830.70774773	
-5.202173506	-1830.70772102	
-5.20400668708	-1830.70769356	
-5.20583651375	-1830.70766536	
-5.20766299828	-1830.70763641	
-5.20948615284	-1830.70760674	
-5.21130598956	-1830.70757634	
-5.21312252048	-1830.70754522	
-5.21493575761	-1830.7075134	
-5.21674571285	-1830.70748088	
-5.21855239808	-1830.70744766	
-5.22035582508	-1830.70741376	
-5.22215600558	-1830.70737917	
-5.22395295126	-1830.70734392	
-5.22574667371	-1830.707308	
-5.22753718449	-1830.70727142	
-5.22932449506	-1830.70723418	
-5.23110861685	-1830.70719631	
-5.23288956123	-1830.70715779	
-5.23466733947	-1830.70711865	
-5.23644196283	-1830.70707888	
-5.23821344248	-1830.70703849	
-5.23998178954	-1830.70699749	
-5.24174701506	-1830.70695588	
-5.24350913005	-1830.70691368	
-5.24526814546	-1830.70687088	
-5.24702407216	-1830.70682749	
-5.24877692099	-1830.70678353	
-5.25052670271	-1830.70673899	
-5.25227342805	-1830.70669388	
-5.25401710765	-1830.70664821	
-5.25575775213	-1830.70660199	
-5.25749537203	-1830.70655521	
-5.25922997784	-1830.70650789	
-5.26096158	-1830.70646003	
-5.2626901889	-1830.70641163	
-5.26441581487	-1830.70636271	
-5.26613846818	-1830.70631327	
-5.26785815906	-1830.7062633	
-5.26957489768	-1830.70621283	
-5.27128869416	-1830.70616186	
-5.27299955856	-1830.70611038	
-5.27470750091	-1830.70605841	
-5.27641253116	-1830.70600594	
-5.27811465923	-1830.705953	
-5.27981389498	-1830.70589957	
-5.28151024823	-1830.70584567	
-5.28320372874	-1830.70579131	
-5.28489434622	-1830.70573647	
-5.28658211033	-1830.70568118	
-5.28826703069	-1830.70562544	
-5.28994911688	-1830.70556924	
-5.2916283784	-1830.7055126	
-5.29330482472	-1830.70545552	
-5.29497846528	-1830.70539801	
-5.29664930945	-1830.70534007	
-5.29831736655	-1830.7052817	
-5.29998264587	-1830.70522291	
-5.30164515664	-1830.7051637	
-5.30330490806	-1830.70510409	
-5.30496190927	-1830.70504406	
-5.30661616936	-1830.70498363	
-5.3082676974	-1830.70492281	
-5.30991650239	-1830.70486159	
-5.3115625933	-1830.70479998	
-5.31320597904	-1830.70473798	
-5.3148466685	-1830.70467561	
-5.3164846705	-1830.70461285	
-5.31811999384	-1830.70454973	
-5.31975264727	-1830.70448623	
-5.32138263948	-1830.70442238	
-5.32300997914	-1830.70435816	
-5.32463467487	-1830.70429358	
-5.32625673524	-1830.70422865	
-5.32787616879	-1830.70416338	
-5.32949298402	-1830.70409775	
-5.33110718937	-1830.70403179	
-5.33271879327	-1830.70396549	
-5.33432780407	-1830.70389886	
-5.33593423012	-1830.7038319	
-5.3375380797	-1830.70376461	
-5.33913936107	-1830.703697	
-5.34073808243	-1830.70362907	
-5.34233425196	-1830.70356083	
-5.3439278778	-1830.70349227	
-5.34551896803	-1830.70342341	
-5.34710753072	-1830.70335424	
-5.34869357387	-1830.70328478	
-5.35027710548	-1830.70321501	
-5.35185813348	-1830.70314495	
-5.35343666577	-1830.70307461	
-5.35501271022	-1830.70300397	
-5.35658627467	-1830.70293305	
-5.3581573669	-1830.70286185	
-5.35972599468	-1830.70279037	
-5.36129216571	-1830.70271862	
-5.36285588769	-1830.7026466	
-5.36441716825	-1830.70257431	
-5.36597601502	-1830.70250176	
-5.36753243557	-1830.70242894	
-5.36908643744	-1830.70235587	
-5.37063802813	-1830.70228254	
-5.37218721511	-1830.70220896	
-5.37373400583	-1830.70213513	
-5.37527840768	-1830.70206106	
-5.37682042804	-1830.70198674	
-5.37836007422	-1830.70191218	
-5.37989735354	-1830.70183738	
-5.38143227326	-1830.70176235	
-5.38296484061	-1830.70168709	
-5.38449506279	-1830.7016116	
-5.38602294697	-1830.70153588	
-5.38754850028	-1830.70145994	
-5.38907172982	-1830.70138378	
-5.39059264266	-1830.7013074	
-5.39211124583	-1830.7012308	
-5.39362754635	-1830.701154	
-5.39514155118	-1830.70107698	
-5.39665326727	-1830.70099976	
-5.39816270152	-1830.70092233	
-5.39966986081	-1830.7008447	
-5.40117475199	-1830.70076687	
-5.40267738187	-1830.70068884	
-5.40417775725	-1830.70061062	
-5.40567588487	-1830.7005322	
-5.40717177146	-1830.7004536	
-5.40866542372	-1830.70037481	
-5.4101568483	-1830.70029583	
-5.41164605186	-1830.70021667	
-5.41313304098	-1830.70013734	
-5.41461782224	-1830.70005782	
-5.4161004022	-1830.69997813	
-5.41758078737	-1830.69989827	
-5.41905898424	-1830.69981823	
-5.42053499927	-1830.69973803	
-5.42200883889	-1830.69965766	
-5.4234805095	-1830.69957713	
-5.42495001748	-1830.69949643	
-5.42641736918	-1830.69941558	
-5.4278825709	-1830.69933457	
-5.42934562895	-1830.6992534	
-5.43080654959	-1830.69917208	
-5.43226533906	-1830.69909061	
-5.43372200355	-1830.69900898	
-5.43517654927	-1830.69892722	
-5.43662898235	-1830.6988453	
-5.43807930892	-1830.69876325	
-5.4395275351	-1830.69868105	
-5.44097366695	-1830.69859872	
-5.44241771052	-1830.69851624	
-5.44385967184	-1830.69843364	
-5.4452995569	-1830.69835089	
-5.44673737167	-1830.69826802	
-5.44817312209	-1830.69818502	
-5.44960681409	-1830.69810189	
-5.45103845357	-1830.69801864	
-5.45246804638	-1830.69793526	
-5.45389559837	-1830.69785176	
-5.45532111536	-1830.69776814	
-5.45674460314	-1830.69768441	
-5.45816606749	-1830.69760055	
-5.45958551414	-1830.69751658	
-5.46100294883	-1830.6974325	
-5.46241837723	-1830.69734831	
-5.46383180503	-1830.69726401	
-5.46524323786	-1830.6971796	
-5.46665268137	-1830.69709508	
-5.46806014114	-1830.69701046	
-5.46946562274	-1830.69692574	
-5.47086913175	-1830.69684092	
-5.47227067367	-1830.69675599	
-5.47367025403	-1830.69667097	
-5.47506787829	-1830.69658585	
-5.47646355193	-1830.69650064	
-5.47785728038	-1830.69641534	
-5.47924906905	-1830.69632994	
-5.48063892334	-1830.69624445	
-5.48202684862	-1830.69615888	
-5.48341285022	-1830.69607322	
-5.48479693349	-1830.69598747	
-5.48617910372	-1830.69590164	
-5.48755936619	-1830.69581573	
-5.48893772616	-1830.69572973	
-5.49031418887	-1830.69564366	
-5.49168875953	-1830.6955575	
-5.49306144334	-1830.69547128	
-5.49443224547	-1830.69538497	
-5.49580117108	-1830.69529859	
-5.49716822529	-1830.69521214	
-5.49853341322	-1830.69512562	
-5.49989673995	-1830.69503903	
-5.50125821054	-1830.69495237	
-5.50261783006	-1830.69486564	
-5.50397560352	-1830.69477885	
-5.50533153593	-1830.69469199	
-5.50668563228	-1830.69460507	
-5.50803789753	-1830.69451809	
-5.50938833663	-1830.69443105	
-5.5107369545	-1830.69434395	
-5.51208375605	-1830.69425679	
-5.51342874616	-1830.69416957	
-5.51477192971	-1830.6940823	
-5.51611331154	-1830.69399497	
-5.51745289646	-1830.69390759	
-5.51879068931	-1830.69382016	
-5.52012669485	-1830.69373268	
-5.52146091786	-1830.69364514	
-5.5227933631	-1830.69355756	
-5.52412403528	-1830.69346994	
-5.52545293913	-1830.69338226	
-5.52678007934	-1830.69329454	
-5.52810546058	-1830.69320678	
-5.52942908751	-1830.69311897	
-5.53075096477	-1830.69303113	
-5.53207109697	-1830.69294324	
-5.53338948873	-1830.69285531	
-5.53470614461	-1830.69276735	
-5.53602106919	-1830.69267934	
-5.53733426702	-1830.6925913	
-5.53864574262	-1830.69250323	
-5.5399555005	-1830.69241512	
-5.54126354516	-1830.69232698	
-5.54256988107	-1830.6922388	
-5.5438745127	-1830.6921506	
-5.54517744448	-1830.69206236	
-5.54647868084	-1830.6919741	
-5.54777822618	-1830.69188581	
-5.5490760849	-1830.69179749	
-5.55037226136	-1830.69170914	
-5.55166675992	-1830.69162077	
-5.55295958492	-1830.69153237	
-5.55425074069	-1830.69144395	
-5.55554023152	-1830.69135551	
-5.5568280617	-1830.69126705	
-5.55811423551	-1830.69117856	
-5.5593987572	-1830.69109006	
-5.56068163102	-1830.69100154	
-5.56196286117	-1830.690913	
-5.56324245188	-1830.69082444	
-5.56452040732	-1830.69073586	
-5.56579673168	-1830.69064727	
-5.56707142911	-1830.69055867	
-5.56834450376	-1830.69047005	
-5.56961595975	-1830.69038142	
-5.57088580119	-1830.69029278	
-5.57215403218	-1830.69020413	
-5.57342065679	-1830.69011546	
-5.5746856791	-1830.69002679	
-5.57594910315	-1830.68993811	
-5.57721093297	-1830.68984942	
-5.57847117258	-1830.68976072	
-5.57972982599	-1830.68967202	
-5.58098689718	-1830.68958331	
-5.58224239012	-1830.6894946	
-5.58349630878	-1830.68940588	
-5.5847486571	-1830.68931716	
-5.585999439	-1830.68922843	
-5.5872486584	-1830.68913971	
-5.5884963192	-1830.68905098	
-5.58974242528	-1830.68896226	
-5.59098698051	-1830.68887353	
-5.59222998875	-1830.6887848	
-5.59347145384	-1830.68869608	
-5.5947113796	-1830.68860736	
-5.59594976985	-1830.68851864	
-5.59718662839	-1830.68842993	
-5.598421959	-1830.68834122	
-5.59965576545	-1830.68825251	
-5.60088805149	-1830.68816381	
-5.60211882088	-1830.68807512	
-5.60334807733	-1830.68798644	
-5.60457582457	-1830.68789776	
-5.6058020663	-1830.68780909	
-5.60702680619	-1830.68772043	
-5.60825004793	-1830.68763178	
-5.60947179518	-1830.68754314	
-5.61069205159	-1830.68745451	
-5.61191082078	-1830.6873659	
-5.61312810639	-1830.68727729	
-5.61434391201	-1830.6871887	
-5.61555824124	-1830.68710012	
-5.61677109767	-1830.68701156	
-5.61798248485	-1830.68692301	
-5.61919240636	-1830.68683447	
-5.62040086572	-1830.68674595	
-5.62160786647	-1830.68665745	
-5.62281341212	-1830.68656897	
-5.62401750619	-1830.6864805	
-5.62522015215	-1830.68639205	
-5.6264213535	-1830.68630362	
-5.62762111369	-1830.6862152	
-5.62881943618	-1830.68612681	
-5.63001632442	-1830.68603844	
-5.63121178182	-1830.68595008	
-5.63240581181	-1830.68586175	
-5.6335984178	-1830.68577344	
-5.63478960317	-1830.68568516	
-5.6359793713	-1830.68559689	
-5.63716772557	-1830.68550865	
-5.63835466933	-1830.68542043	
-5.63954020593	-1830.68533224	
-5.64072433869	-1830.68524407	
-5.64190707094	-1830.68515593	
-5.64308840598	-1830.68506781	
-5.64426834712	-1830.68497972	
-5.64544689764	-1830.68489165	
-5.64662406082	-1830.68480362	
-5.64779983991	-1830.68471561	
-5.64897423816	-1830.68462762	
-5.65014725882	-1830.68453967	
-5.65131890512	-1830.68445174	
-5.65248918027	-1830.68436385	
-5.65365808747	-1830.68427598	
-5.65482562993	-1830.68418815	
-5.65599181082	-1830.68410034	
-5.65715663332	-1830.68401257	
-5.65832010058	-1830.68392483	
-5.65948221576	-1830.68383712	
-5.660642982	-1830.68374944	
-5.66180240242	-1830.68366179	
-5.66296048014	-1830.68357418	
-5.66411721826	-1830.6834866	
-5.66527261989	-1830.68339906	
-5.66642668811	-1830.68331155	
-5.66757942599	-1830.68322407	
-5.6687308366	-1830.68313663	
-5.66988092298	-1830.68304923	
-5.67102968818	-1830.68296186	
-5.67217713524	-1830.68287452	
-5.67332326717	-1830.68278723	
-5.67446808699	-1830.68269997	
-5.67561159769	-1830.68261275	
-5.67675380227	-1830.68252556	
-5.6778947037	-1830.68243842	
-5.67903430497	-1830.68235131	
-5.68017260902	-1830.68226424	
-5.6813096188	-1830.68217721	
-5.68244533727	-1830.68209022	
-5.68357976734	-1830.68200327	
-5.68471291194	-1830.68191636	
-5.68584477397	-1830.68182949	
-5.68697535634	-1830.68174267	
-5.68810466194	-1830.68165588	
-5.68923269364	-1830.68156913	
-5.69035945432	-1830.68148243	
-5.69148494685	-1830.68139577	
-5.69260917406	-1830.68130915	
-5.6937321388	-1830.68122257	
-5.69485384391	-1830.68113604	
-5.69597429221	-1830.68104955	
-5.69709348651	-1830.6809631	
-5.69821142961	-1830.6808767	
-5.69932812431	-1830.68079034	
-5.70044357339	-1830.68070402	
-5.70155777963	-1830.68061775	
-5.7026707458	-1830.68053153	
-5.70378247466	-1830.68044535	
-5.70489296894	-1830.68035922	
-5.70600223139	-1830.68027313	
-5.70711026475	-1830.68018709	
-5.70821707172	-1830.6801011	
-5.70932265503	-1830.68001515	
-5.71042701737	-1830.67992925	
-5.71153016145	-1830.6798434	
-5.71263208993	-1830.67975759	
-5.71373280551	-1830.67967183	
-5.71483231084	-1830.67958612	
-5.71593060859	-1830.67950046	
-5.71702770141	-1830.67941485	
-5.71812359193	-1830.67932928	
-5.71921828279	-1830.67924377	
-5.72031177661	-1830.6791583	
-5.72140407601	-1830.67907289	
-5.72249518359	-1830.67898752	
-5.72358510195	-1830.6789022	
-5.72467383369	-1830.67881694	
-5.72576138137	-1830.67873172	
-5.72684774759	-1830.67864656	
-5.72793293489	-1830.67856144	
-5.72901694583	-1830.67847638	
-5.73009978297	-1830.67839137	
-5.73118144884	-1830.67830641	
-5.73226194598	-1830.6782215	
-5.7333412769	-1830.67813665	
-5.73441944412	-1830.67805184	
-5.73549645015	-1830.67796709	
-5.73657229748	-1830.67788239	
-5.73764698861	-1830.67779775	
-5.73872052602	-1830.67771315	
-5.73979291218	-1830.67762861	
-5.74086414956	-1830.67754413	
-5.74193424062	-1830.67745969	
-5.74300318781	-1830.67737532	
-5.74407099357	-1830.67729099	
-5.74513766034	-1830.67720672	
-5.74620319054	-1830.6771225	
-5.7472675866	-1830.67703834	
-5.74833085092	-1830.67695423	
-5.74939298591	-1830.67687018	
-5.75045399397	-1830.67678619	
-5.75151387748	-1830.67670224	
-5.75257263883	-1830.67661836	
-5.75363028038	-1830.67653453	
-5.75468680452	-1830.67645075	
-5.75574221359	-1830.67636703	
-5.75679650994	-1830.67628337	
-5.75784969593	-1830.67619976	
-5.75890177388	-1830.67611621	
-5.75995274612	-1830.67603272	
-5.76100261499	-1830.67594928	
-5.76205138278	-1830.6758659	
-5.76309905181	-1830.67578258	
-5.76414562438	-1830.67569931	
-5.76519110278	-1830.6756161	
-5.7662354893	-1830.67553295	
-5.76727878622	-1830.67544986	
-5.76832099579	-1830.67536682	
-5.7693621203	-1830.67528385	
-5.770402162	-1830.67520093	
-5.77144112313	-1830.67511806	
-5.77247900594	-1830.67503526	
-5.77351581267	-1830.67495252	
-5.77455154554	-1830.67486983	
-5.77558620679	-1830.6747872	
-5.77661979861	-1830.67470464	
-5.77765232322	-1830.67462213	
-5.77868378283	-1830.67453968	
-5.77971417962	-1830.67445728	
-5.78074351579	-1830.67437495	
-5.78177179352	-1830.67429268	
-5.78279901497	-1830.67421047	
-5.78382518233	-1830.67412831	
-5.78485029774	-1830.67404622	
-5.78587436337	-1830.67396419	
-5.78689738137	-1830.67388222	
-5.78791935386	-1830.6738003	
-5.788940283	-1830.67371845	
-5.7899601709	-1830.67363666	
-5.79097901969	-1830.67355493	
-5.79199683148	-1830.67347326	
-5.79301360838	-1830.67339164	
-5.7940293525	-1830.6733101	
-5.79504406593	-1830.67322861	
-5.79605775077	-1830.67314718	
-5.79707040908	-1830.67306581	
-5.79808204295	-1830.67298451	
-5.79909265446	-1830.67290326	
-5.80010224566	-1830.67282208	
-5.80111081862	-1830.67274096	
-5.80211837538	-1830.6726599	
-5.80312491799	-1830.6725789	
-5.80413044849	-1830.67249797	
-5.80513496892	-1830.67241709	
-5.80613848129	-1830.67233628	
-5.80714098764	-1830.67225553	
-5.80814248998	-1830.67217484	
-5.80914299031	-1830.67209422	
