# log_p 	 lnL 	 
0.0	-1653.4536343	
-0.287682072452	-1653.26644385	
-0.510825623766	-1652.91191085	
-0.69314718056	-1652.47541388	
-0.847297860387	-1652.00519159	
-0.980829253012	-1651.52583945	
-1.09861228867	-1651.04964479	
-1.20397280433	-1650.58278803	
-1.29928298413	-1650.1284093	
-1.38629436112	-1649.68808159	
-1.46633706879	-1649.26252487	
-1.54044504095	-1648.85196694	
-1.60943791243	-1648.45633863	
-1.67397643357	-1648.07538764	
-1.73460105539	-1647.70874939	
-1.79175946923	-1647.35599271	
-1.8458266905	-1647.01664977	
-1.89711998489	-1646.69023566	
-1.94591014906	-1646.37626097	
-1.99243016469	-1646.07423975	
-2.03688192726	-1645.78369437	
-2.07944154168	-1645.5041585	
-2.1202635362	-1645.23517881	
-2.15948424935	-1644.97631597	
-2.19722457734	-1644.72714515	
-2.23359222151	-1644.48725631	
-2.26868354132	-1644.25625431	
-2.30258509299	-1644.03375887	
-2.33537491582	-1643.81940454	
-2.36712361413	-1643.61284053	
-2.3978952728	-1643.41373053	
-2.42774823595	-1643.22175245	
-2.45673577282	-1643.03659818	
-2.48490664979	-1642.85797321	
-2.51230562398	-1642.68559629	
-2.53897387106	-1642.51919904	
-2.56494935746	-1642.3585255	
-2.59026716545	-1642.20333174	
-2.61495977804	-1642.05338535	
-2.63905732962	-1641.908465	
-2.66258782703	-1641.76835998	
-2.68557734525	-1641.63286973	
-2.7080502011	-1641.50180336	
-2.73002910782	-1641.37497923	
-2.75153531304	-1641.25222444	
-2.77258872224	-1641.1333745	
-2.79320800944	-1641.01827281	
-2.81341071676	-1640.90677031	
-2.83321334406	-1640.79872509	
-2.85263142991	-1640.694002	
-2.87167962488	-1640.59247232	
-2.8903717579	-1640.4940134	
-2.90872089656	-1640.39850834	
-2.92673940207	-1640.30584571	
-2.94443897917	-1640.21591924	
-2.96183072188	-1640.12862755	
-2.97892515524	-1640.04387388	
-2.99573227355	-1639.96156586	
-3.01226157551	-1639.88161529	
-3.02852209638	-1639.80393789	
-3.04452243772	-1639.72845312	
-3.06027079469	-1639.65508397	
-3.07577498123	-1639.58375678	
-3.09104245336	-1639.51440109	
-3.10608033072	-1639.44694942	
-3.12089541651	-1639.38133719	
-3.13549421593	-1639.31750251	
-3.14988295338	-1639.2553861	
-3.16406758837	-1639.1949311	
-3.17805383035	-1639.136083	
-3.19184715248	-1639.0787895	
-3.20545280454	-1639.02300042	
-3.21887582487	-1638.96866756	
-3.23212105162	-1638.91574464	
-3.24519313319	-1638.86418722	
-3.25809653802	-1638.81395255	
-3.2708355638	-1638.76499956	
-3.28341434601	-1638.71728875	
-3.295836866	-1638.6707821	
-3.3081069586	-1638.62544304	
-3.32022831913	-1638.58123637	
-3.33220451018	-1638.53812817	
-3.34403896782	-1638.49608579	
-3.35573500759	-1638.45507776	
-3.36729582999	-1638.41507374	
-3.37872452581	-1638.3760445	
-3.39002408106	-1638.33796184	
-3.40119738166	-1638.30079854	
-3.41224721785	-1638.26452835	
-3.42317628838	-1638.22912594	
-3.43398720449	-1638.19456683	
-3.4446824936	-1638.16082741	
-3.45526460293	-1638.12788486	
-3.4657359028	-1638.09571711	
-3.47609868984	-1638.06430286	
-3.48635519	-1638.0336215	
-3.49650756147	-1638.00365311	
-3.50655789732	-1637.97437843	
-3.51650822817	-1637.94577881	
-3.52636052462	-1637.91783622	
-3.53611669956	-1637.89053319	
-3.54577861047	-1637.86385284	
-3.55534806149	-1637.83777879	
-3.56482680544	-1637.8122952	
-3.57421654579	-1637.78738672	
-3.58351893846	-1637.76303848	
-3.59273559356	-1637.73923606	
-3.60186807712	-1637.71596549	
-3.61091791264	-1637.69321324	
-3.61988658263	-1637.67096616	
-3.62877553004	-1637.64921152	
-3.63758615973	-1637.62793697	
-3.6463198397	-1637.60713052	
-3.65497790244	-1637.58678055	
-3.66356164613	-1637.56687576	
-3.6720723358	-1637.54740519	
-3.68051120444	-1637.52835822	
-3.68887945411	-1637.50972452	
-3.69717825693	-1637.49149404	
-3.70540875607	-1637.47365705	
-3.7135720667	-1637.45620409	
-3.72166927694	-1637.43912594	
-3.72970144863	-1637.42241369	
-3.73766961828	-1637.40605864	
-3.74557479779	-1637.39005234	
-3.75341797525	-1637.37438659	
-3.76120011569	-1637.3590534	
-3.76892216179	-1637.34404501	
-3.77658503453	-1637.32935387	
-3.78418963392	-1637.31497263	
-3.79173683955	-1637.30089415	
-3.79922751128	-1637.28711148	
-3.80666248977	-1637.27361784	
-3.81404259707	-1637.26040666	
-3.82136863716	-1637.24747151	
-3.82864139649	-1637.23480616	
-3.83586164446	-1637.22240454	
-3.84303013394	-1637.21026072	
-3.85014760171	-1637.19836895	
-3.85721476893	-1637.18672361	
-3.86423234159	-1637.17531923	
-3.87120101091	-1637.16415048	
-3.87812145375	-1637.15321219	
-3.88499433304	-1637.14249928	
-3.89182029811	-1637.13200683	
-3.8985999851	-1637.12173004	
-3.90533401728	-1637.11166422	
-3.91202300543	-1637.10180482	
-3.91866754815	-1637.09214738	
-3.92526823218	-1637.08268755	
-3.93182563272	-1637.07342112	
-3.93834031375	-1637.06434395	
-3.94481282825	-1637.05545201	
-3.95124371858	-1637.04674139	
-3.95763351668	-1637.03820824	
-3.96398274436	-1637.02984884	
-3.97029191355	-1637.02165954	
-3.97656152657	-1637.01363677	
-3.98279207632	-1637.00577707	
-3.98898404656	-1636.99807705	
-3.99513791214	-1636.99053339	
-4.00125413916	-1636.98314287	
-4.00733318523	-1636.97590234	
-4.01337549969	-1636.96880872	
-4.01938152375	-1636.961859	
-4.02535169074	-1636.95505025	
-4.03128642625	-1636.9483796	
-4.03718614838	-1636.94184425	
-4.04305126783	-1636.93544146	
-4.04888218815	-1636.92916858	
-4.05467930583	-1636.92302297	
-4.06044301055	-1636.91700211	
-4.06617368526	-1636.91110349	
-4.07187170637	-1636.90532468	
-4.07753744391	-1636.8996633	
-4.08317126162	-1636.89411703	
-4.08877351717	-1636.8886836	
-4.09434456222	-1636.88336078	
-4.0998847426	-1636.8781464	
-4.10539439841	-1636.87303834	
-4.11087386417	-1636.86803453	
-4.11632346894	-1636.86313294	
-4.12174353641	-1636.85833158	
-4.12713438505	-1636.85362852	
-4.13249632819	-1636.84902185	
-4.13782967416	-1636.84450972	
-4.14313472639	-1636.84009031	
-4.14841178349	-1636.83576186	
-4.15366113938	-1636.83152262	
-4.15888308336	-1636.8273709	
-4.16407790024	-1636.82330503	
-4.1692458704	-1636.81932339	
-4.1743872699	-1636.81542439	
-4.17950237056	-1636.81160646	
-4.18459144007	-1636.80786809	
-4.18965474203	-1636.80420778	
-4.19469253606	-1636.80062408	
-4.19970507788	-1636.79711555	
-4.20469261939	-1636.7936808	
-4.20965540873	-1636.79031846	
-4.21459369037	-1636.78702718	
-4.21950770518	-1636.78380567	
-4.22439769047	-1636.78065262	
-4.22926388012	-1636.77756679	
-4.2341065046	-1636.77454694	
-4.23892579103	-1636.77159186	
-4.2437219633	-1636.76870038	
-4.24849524205	-1636.76587133	
-4.25324584481	-1636.76310359	
-4.257973986	-1636.76039604	
-4.26267987704	-1636.7577476	
-4.26736372635	-1636.7551572	
-4.27202573946	-1636.75262379	
-4.27666611902	-1636.75014636	
-4.28128506487	-1636.7477239	
-4.28588277412	-1636.74535544	
-4.29045944115	-1636.74304	
-4.29501525768	-1636.74077665	
-4.29955041285	-1636.73856446	
-4.3040650932	-1636.73640253	
-4.30855948279	-1636.73428997	
-4.31303376319	-1636.73222591	
-4.31748811354	-1636.73020949	
-4.3219227106	-1636.72823989	
-4.32633772881	-1636.72631628	
-4.33073334029	-1636.72443785	
-4.33510971489	-1636.72260383	
-4.33946702026	-1636.72081344	
-4.34380542185	-1636.71906591	
-4.348125083	-1636.71736052	
-4.3524261649	-1636.71569652	
-4.35670882669	-1636.71407322	
-4.36097322548	-1636.71248989	
-4.36521951636	-1636.71094587	
-4.36944785247	-1636.70944047	
-4.373658385	-1636.70797304	
-4.37785126326	-1636.70654292	
-4.38202663467	-1636.70514948	
-4.38618464482	-1636.70379209	
-4.39032543749	-1636.70247015	
-4.39444915467	-1636.70118305	
-4.39855593663	-1636.6999302	
-4.40264592188	-1636.69871103	
-4.40671924726	-1636.69752497	
-4.41077604796	-1636.69637146	
-4.4148164575	-1636.69524995	
-4.4188406078	-1636.6941599	
-4.42284862919	-1636.6931008	
-4.42684065046	-1636.69207212	
-4.43081679884	-1636.69107336	
-4.43477720006	-1636.69010402	
-4.43872197835	-1636.68916361	
-4.44265125649	-1636.68825165	
-4.44656515581	-1636.68736767	
-4.45046379623	-1636.6865112	
-4.45434729625	-1636.6856818	
-4.45821577303	-1636.68487901	
-4.46206934235	-1636.6841024	
-4.46590811865	-1636.68335155	
-4.46973221509	-1636.68262601	
-4.47354174351	-1636.68192539	
-4.47733681448	-1636.68124928	
-4.48111753732	-1636.68059727	
-4.48488402011	-1636.67996897	
-4.48863636973	-1636.679364	
-4.49237469184	-1636.67878197	
-4.49609909093	-1636.67822252	
-4.49980967033	-1636.67768528	
-4.50350653221	-1636.67716989	
-4.50718977763	-1636.67667599	
-4.51085950652	-1636.67620325	
-4.51451581772	-1636.67575131	
-4.518158809	-1636.67531984	
-4.52178857705	-1636.67490853	
-4.52540521752	-1636.67451703	
-4.52900882502	-1636.67414504	
-4.53259949315	-1636.67379223	
-4.5361773145	-1636.67345832	
-4.53974238067	-1636.67314298	
-4.54329478227	-1636.67284593	
-4.54683460898	-1636.67256688	
-4.55036194949	-1636.67230554	
-4.5538768916	-1636.67206162	
-4.55737952215	-1636.67183485	
-4.56086992709	-1636.67162496	
-4.56434819147	-1636.67143169	
-4.56781439944	-1636.67125476	
-4.57126863431	-1636.67109392	
-4.5747109785	-1636.67094891	
-4.5781415136	-1636.67081949	
-4.58156032035	-1636.67070541	
-4.58496747867	-1636.67060643	
-4.58836306767	-1636.6705223	
-4.59174716566	-1636.67045281	
-4.59511985013	-1636.67039771	
-4.59848119784	-1636.67035678	
-4.60183128472	-1636.6703298	
-4.60517018599	-1636.67031654	
-4.60849797608	-1636.6703168	
-4.61181472871	-1636.67033037	
-4.61512051684	-1636.67035703	
-4.61841541274	-1636.67039658	
-4.62169948794	-1636.67044882	
-4.62497281328	-1636.67051355	
-4.62823545892	-1636.67059057	
-4.63148749431	-1636.6706797	
-4.63472898823	-1636.67078074	
-4.63796000881	-1636.67089351	
-4.64118062351	-1636.67101783	
-4.64439089914	-1636.67115352	
-4.64759090187	-1636.6713004	
-4.65078069724	-1636.67145829	
-4.65396035016	-1636.67162703	
-4.65712992492	-1636.67180645	
-4.66028948521	-1636.67199638	
-4.66343909411	-1636.67219665	
-4.66657881412	-1636.67240711	
-4.66970870713	-1636.6726276	
-4.67282883446	-1636.67285797	
-4.67593925688	-1636.67309805	
-4.67904003455	-1636.6733477	
-4.68213122712	-1636.67360678	
-4.68521289366	-1636.67387513	
-4.6882850927	-1636.67415261	
-4.69134788223	-1636.67443908	
-4.69440131972	-1636.6747344	
-4.6974454621	-1636.67503843	
-4.70048036579	-1636.67535104	
-4.70350608671	-1636.67567209	
-4.70652268025	-1636.67600146	
-4.70953020131	-1636.67633902	
-4.71252870431	-1636.67668463	
-4.71551824316	-1636.67703817	
-4.7184988713	-1636.67739952	
-4.72147064168	-1636.67776856	
-4.72443360681	-1636.67814517	
-4.72738781871	-1636.67852923	
-4.73033332894	-1636.67892063	
-4.73327018862	-1636.67931924	
-4.73619844839	-1636.67972497	
-4.7391181585	-1636.68013769	
-4.74202936871	-1636.68055731	
-4.74493212836	-1636.6809837	
-4.74782648639	-1636.68141678	
-4.75071249128	-1636.68185642	
-4.75359019111	-1636.68230253	
-4.75645963353	-1636.68275501	
-4.75932086582	-1636.68321376	
-4.7621739348	-1636.68367868	
-4.76501888693	-1636.68414968	
-4.76785576827	-1636.68462665	
-4.77068462447	-1636.68510951	
-4.77350550081	-1636.68559816	
-4.77631844218	-1636.68609252	
-4.77912349311	-1636.68659248	
-4.78192069773	-1636.68709797	
-4.78471009982	-1636.68760889	
-4.78749174278	-1636.68812517	
-4.79026566966	-1636.68864671	
-4.79303192316	-1636.68917343	
-4.7957905456	-1636.68970526	
-4.79854157897	-1636.6902421	
-4.80128506491	-1636.69078388	
-4.80402104473	-1636.69133053	
-4.80674955939	-1636.69188196	
-4.8094706495	-1636.69243809	
-4.81218435537	-1636.69299886	
-4.81489071697	-1636.69356419	
-4.81758977394	-1636.694134	
-4.82028156561	-1636.69470822	
-4.82296613098	-1636.69528679	
-4.82564350875	-1636.69586962	
-4.8283137373	-1636.69645667	
-4.83097685472	-1636.69704784	
-4.83363289878	-1636.69764309	
-4.83628190695	-1636.69824233	
-4.83892391641	-1636.69884551	
-4.84155896405	-1636.69945257	
-4.84418708646	-1636.70006343	
-4.84680831994	-1636.70067804	
-4.84942270051	-1636.70129634	
-4.85203026392	-1636.70191826	
-4.85463104562	-1636.70254374	
-4.8572250808	-1636.70317273	
-4.85981240436	-1636.70380517	
-4.86239305096	-1636.704441	
-4.86496705495	-1636.70508016	
-4.86753445046	-1636.70572261	
-4.87009527132	-1636.70636827	
-4.87264955112	-1636.7070171	
-4.8751973232	-1636.70766905	
-4.87773862063	-1636.70832406	
-4.88027347623	-1636.70898209	
-4.88280192259	-1636.70964307	
-4.88532399202	-1636.71030696	
-4.88783971662	-1636.71097372	
-4.89034912822	-1636.71164328	
-4.89285225844	-1636.7123156	
-4.89534913864	-1636.71299064	
-4.89783979995	-1636.71366835	
-4.90032427328	-1636.71434867	
-4.90280258929	-1636.71503157	
-4.90527477844	-1636.715717	
-4.90774087093	-1636.71640492	
-4.91020089677	-1636.71709528	
-4.91265488574	-1636.71778803	
-4.91510286737	-1636.71848314	
-4.91754487103	-1636.71918057	
-4.91998092583	-1636.71988026	
-4.92241106068	-1636.72058219	
-4.92483530429	-1636.7212863	
-4.92725368516	-1636.72199256	
-4.92966623156	-1636.72270094	
-4.93207297159	-1636.72341139	
-4.93447393313	-1636.72412387	
-4.93686914386	-1636.72483834	
-4.93925863125	-1636.72555478	
-4.94164242261	-1636.72627314	
-4.94402054501	-1636.72699338	
-4.94639302537	-1636.72771547	
-4.94875989038	-1636.72843938	
-4.95112116656	-1636.72916506	
-4.95347688026	-1636.72989249	
-4.9558270576	-1636.73062163	
-4.95817172456	-1636.73135245	
-4.96051090691	-1636.73208492	
-4.96284463026	-1636.732819	
-4.96517292002	-1636.73355466	
-4.96749580144	-1636.73429186	
-4.96981329958	-1636.73503059	
-4.97212543933	-1636.7357708	
-4.97443224543	-1636.73651247	
-4.97673374242	-1636.73725556	
-4.97902995468	-1636.73800005	
-4.98132090643	-1636.73874591	
-4.98360662171	-1636.73949311	
-4.98588712441	-1636.74024162	
-4.98816243824	-1636.74099141	
-4.99043258678	-1636.74174245	
-4.99269759341	-1636.74249473	
-4.99495748138	-1636.7432482	
-4.99721227376	-1636.74400285	
-4.9994619935	-1636.74475864	
-5.00170666335	-1636.74551556	
-5.00394630595	-1636.74627357	
-5.00618094375	-1636.74703266	
-5.00841059907	-1636.74779279	
-5.0106352941	-1636.74855394	
-5.01285505083	-1636.7493161	
-5.01506989116	-1636.75007922	
-5.01727983681	-1636.7508433	
-5.01948490937	-1636.7516083	
-5.02168513028	-1636.75237421	
-5.02388052085	-1636.753141	
-5.02607110223	-1636.75390865	
-5.02825689545	-1636.75467713	
-5.03043792139	-1636.75544644	
-5.03261420082	-1636.75621653	
-5.03478575433	-1636.7569874	
-5.03695260241	-1636.75775902	
-5.03911476542	-1636.75853138	
-5.04127226356	-1636.75930444	
-5.04342511692	-1636.7600782	
-5.04557334546	-1636.76085263	
-5.047716969	-1636.76162771	
-5.04985600725	-1636.76240342	
-5.05199047978	-1636.76317975	
-5.05412040604	-1636.76395667	
-5.05624580535	-1636.76473417	
-5.05836669692	-1636.76551223	
-5.06048309982	-1636.76629083	
-5.06259503303	-1636.76706995	
-5.06470251537	-1636.76784958	
-5.06680556556	-1636.76862969	
-5.06890420222	-1636.76941028	
-5.07099844382	-1636.77019131	
-5.07308830874	-1636.77097279	
-5.07517381523	-1636.77175469	
-5.07725498144	-1636.77253699	
-5.07933182538	-1636.77331968	
-5.08140436498	-1636.77410275	
-5.08347261805	-1636.77488617	
-5.08553660227	-1636.77566993	
-5.08759633523	-1636.77645403	
-5.08965183441	-1636.77723843	
-5.09170311719	-1636.77802313	
-5.09375020081	-1636.77880812	
-5.09579310244	-1636.77959337	
-5.09783183913	-1636.78037888	
-5.09986642782	-1636.78116463	
-5.10189688537	-1636.7819506	
-5.10392322852	-1636.78273679	
-5.1059454739	-1636.78352318	
-5.10796363806	-1636.78430975	
-5.10997773743	-1636.7850965	
-5.11198778836	-1636.78588341	
-5.11399380708	-1636.78667047	
-5.11599580975	-1636.78745766	
-5.11799381242	-1636.78824498	
-5.11998783102	-1636.78903241	
-5.12197788143	-1636.78981993	
-5.1239639794	-1636.79060755	
-5.12594614061	-1636.79139524	
-5.12792438062	-1636.79218299	
-5.12989871492	-1636.7929708	
-5.13186915891	-1636.79375865	
-5.13383572788	-1636.79454652	
-5.13579843705	-1636.79533442	
-5.13775730154	-1636.79612232	
-5.13971233637	-1636.79691023	
-5.1416635565	-1636.79769812	
-5.14361097679	-1636.79848599	
-5.145554612	-1636.79927382	
-5.14749447681	-1636.80006161	
-5.14943058584	-1636.80084935	
-5.15136295359	-1636.80163703	
-5.1532915945	-1636.80242463	
-5.15521652291	-1636.80321215	
-5.15713775309	-1636.80399958	
-5.15905529921	-1636.80478691	
-5.1609691754	-1636.80557413	
-5.16287939565	-1636.80636123	
-5.16478597392	-1636.8071482	
-5.16668892407	-1636.80793504	
-5.16858825987	-1636.80872173	
-5.17048399504	-1636.80950826	
-5.17237614319	-1636.81029464	
-5.17426471788	-1636.81108084	
-5.17614973257	-1636.81186687	
-5.17803120067	-1636.8126527	
-5.1799091355	-1636.81343835	
-5.18178355029	-1636.81422379	
-5.18365445823	-1636.81500902	
-5.1855218724	-1636.81579404	
-5.18738580584	-1636.81657882	
-5.18924627149	-1636.81736338	
-5.19110328224	-1636.81814769	
-5.19295685089	-1636.81893176	
-5.19480699018	-1636.81971558	
-5.19665371277	-1636.82049913	
-5.19849703127	-1636.82128241	
-5.20033695819	-1636.82206542	
-5.202173506	-1636.82284815	
-5.20400668708	-1636.82363059	
-5.20583651375	-1636.82441273	
-5.20766299828	-1636.82519458	
-5.20948615284	-1636.82597611	
-5.21130598956	-1636.82675733	
-5.21312252048	-1636.82753824	
-5.21493575761	-1636.82831881	
-5.21674571285	-1636.82909906	
-5.21855239808	-1636.82987896	
-5.22035582508	-1636.83065852	
-5.22215600558	-1636.83143774	
-5.22395295126	-1636.83221659	
-5.22574667371	-1636.83299509	
-5.22753718449	-1636.83377322	
-5.22932449506	-1636.83455098	
-5.23110861685	-1636.83532836	
-5.23288956123	-1636.83610536	
-5.23466733947	-1636.83688198	
-5.23644196283	-1636.8376582	
-5.23821344248	-1636.83843402	
-5.23998178954	-1636.83920945	
-5.24174701506	-1636.83998446	
-5.24350913005	-1636.84075906	
-5.24526814546	-1636.84153325	
-5.24702407216	-1636.84230702	
-5.24877692099	-1636.84308036	
-5.25052670271	-1636.84385327	
-5.25227342805	-1636.84462574	
-5.25401710765	-1636.84539778	
-5.25575775213	-1636.84616937	
-5.25749537203	-1636.84694052	
-5.25922997784	-1636.84771122	
-5.26096158	-1636.84848145	
-5.2626901889	-1636.84925123	
-5.26441581487	-1636.85002055	
-5.26613846818	-1636.8507894	
-5.26785815906	-1636.85155777	
-5.26957489768	-1636.85232568	
-5.27128869416	-1636.8530931	
-5.27299955856	-1636.85386004	
-5.27470750091	-1636.85462649	
-5.27641253116	-1636.85539246	
-5.27811465923	-1636.85615793	
-5.27981389498	-1636.8569229	
-5.28151024823	-1636.85768738	
-5.28320372874	-1636.85845135	
-5.28489434622	-1636.85921482	
-5.28658211033	-1636.85997777	
-5.28826703069	-1636.86074021	
-5.28994911688	-1636.86150214	
-5.2916283784	-1636.86226355	
-5.29330482472	-1636.86302443	
-5.29497846528	-1636.86378479	
-5.29664930945	-1636.86454463	
-5.29831736655	-1636.86530393	
-5.29998264587	-1636.8660627	
-5.30164515664	-1636.86682093	
-5.30330490806	-1636.86757862	
-5.30496190927	-1636.86833577	
-5.30661616936	-1636.86909238	
-5.3082676974	-1636.86984844	
-5.30991650239	-1636.87060395	
-5.3115625933	-1636.87135891	
-5.31320597904	-1636.87211331	
-5.3148466685	-1636.87286716	
-5.3164846705	-1636.87362045	
-5.31811999384	-1636.87437318	
-5.31975264727	-1636.87512535	
-5.32138263948	-1636.87587694	
-5.32300997914	-1636.87662798	
-5.32463467487	-1636.87737844	
-5.32625673524	-1636.87812833	
-5.32787616879	-1636.87887764	
-5.32949298402	-1636.87962638	
-5.33110718937	-1636.88037454	
-5.33271879327	-1636.88112212	
-5.33432780407	-1636.88186912	
-5.33593423012	-1636.88261553	
-5.3375380797	-1636.88336136	
-5.33913936107	-1636.8841066	
-5.34073808243	-1636.88485126	
-5.34233425196	-1636.88559532	
-5.3439278778	-1636.88633879	
-5.34551896803	-1636.88708166	
-5.34710753072	-1636.88782394	
-5.34869357387	-1636.88856562	
-5.35027710548	-1636.88930671	
-5.35185813348	-1636.89004719	
-5.35343666577	-1636.89078707	
-5.35501271022	-1636.89152634	
-5.35658627467	-1636.89226502	
-5.3581573669	-1636.89300308	
-5.35972599468	-1636.89374054	
-5.36129216571	-1636.89447739	
-5.36285588769	-1636.89521363	
-5.36441716825	-1636.89594926	
-5.36597601502	-1636.89668428	
-5.36753243557	-1636.89741868	
-5.36908643744	-1636.89815246	
-5.37063802813	-1636.89888564	
-5.37218721511	-1636.89961819	
-5.37373400583	-1636.90035012	
-5.37527840768	-1636.90108144	
-5.37682042804	-1636.90181214	
-5.37836007422	-1636.90254221	
-5.37989735354	-1636.90327166	
-5.38143227326	-1636.90400049	
-5.38296484061	-1636.9047287	
-5.38449506279	-1636.90545628	
-5.38602294697	-1636.90618323	
-5.38754850028	-1636.90690956	
-5.38907172982	-1636.90763526	
-5.39059264266	-1636.90836033	
-5.39211124583	-1636.90908477	
-5.39362754635	-1636.90980858	
-5.39514155118	-1636.91053176	
-5.39665326727	-1636.91125431	
-5.39816270152	-1636.91197623	
-5.39966986081	-1636.91269752	
-5.40117475199	-1636.91341817	
-5.40267738187	-1636.91413819	
-5.40417775725	-1636.91485757	
-5.40567588487	-1636.91557632	
-5.40717177146	-1636.91629443	
-5.40866542372	-1636.91701191	
-5.4101568483	-1636.91772875	
-5.41164605186	-1636.91844495	
-5.41313304098	-1636.91916052	
-5.41461782224	-1636.91987544	
-5.4161004022	-1636.92058973	
-5.41758078737	-1636.92130338	
-5.41905898424	-1636.92201639	
-5.42053499927	-1636.92272876	
-5.42200883889	-1636.9234405	
-5.4234805095	-1636.92415159	
-5.42495001748	-1636.92486204	
-5.42641736918	-1636.92557185	
-5.4278825709	-1636.92628101	
-5.42934562895	-1636.92698954	
-5.43080654959	-1636.92769743	
-5.43226533906	-1636.92840467	
-5.43372200355	-1636.92911127	
-5.43517654927	-1636.92981723	
-5.43662898235	-1636.93052255	
-5.43807930892	-1636.93122722	
-5.4395275351	-1636.93193125	
-5.44097366695	-1636.93263464	
-5.44241771052	-1636.93333738	
-5.44385967184	-1636.93403949	
-5.4452995569	-1636.93474095	
-5.44673737167	-1636.93544176	
-5.44817312209	-1636.93614194	
-5.44960681409	-1636.93684146	
-5.45103845357	-1636.93754035	
-5.45246804638	-1636.93823859	
-5.45389559837	-1636.93893619	
-5.45532111536	-1636.93963315	
-5.45674460314	-1636.94032946	
-5.45816606749	-1636.94102513	
-5.45958551414	-1636.94172016	
-5.46100294883	-1636.94241454	
-5.46241837723	-1636.94310829	
-5.46383180503	-1636.94380138	
-5.46524323786	-1636.94449384	
-5.46665268137	-1636.94518565	
-5.46806014114	-1636.94587682	
-5.46946562274	-1636.94656735	
-5.47086913175	-1636.94725724	
-5.47227067367	-1636.94794648	
-5.47367025403	-1636.94863509	
-5.47506787829	-1636.94932305	
-5.47646355193	-1636.95001037	
-5.47785728038	-1636.95069705	
-5.47924906905	-1636.95138309	
-5.48063892334	-1636.95206848	
-5.48202684862	-1636.95275324	
-5.48341285022	-1636.95343736	
-5.48479693349	-1636.95412084	
-5.48617910372	-1636.95480367	
-5.48755936619	-1636.95548587	
-5.48893772616	-1636.95616743	
-5.49031418887	-1636.95684836	
-5.49168875953	-1636.95752864	
-5.49306144334	-1636.95820828	
-5.49443224547	-1636.95888729	
-5.49580117108	-1636.95956566	
-5.49716822529	-1636.9602434	
-5.49853341322	-1636.9609205	
-5.49989673995	-1636.96159696	
-5.50125821054	-1636.96227278	
-5.50261783006	-1636.96294798	
-5.50397560352	-1636.96362253	
-5.50533153593	-1636.96429645	
-5.50668563228	-1636.96496974	
-5.50803789753	-1636.9656424	
-5.50938833663	-1636.96631442	
-5.5107369545	-1636.96698581	
-5.51208375605	-1636.96765656	
-5.51342874616	-1636.96832669	
-5.51477192971	-1636.96899618	
-5.51611331154	-1636.96966505	
-5.51745289646	-1636.97033328	
-5.51879068931	-1636.97100088	
-5.52012669485	-1636.97166786	
-5.52146091786	-1636.9723342	
-5.5227933631	-1636.97299992	
-5.52412403528	-1636.97366501	
-5.52545293913	-1636.97432948	
-5.52678007934	-1636.97499331	
-5.52810546058	-1636.97565652	
-5.52942908751	-1636.97631911	
-5.53075096477	-1636.97698107	
-5.53207109697	-1636.97764241	
-5.53338948873	-1636.97830312	
-5.53470614461	-1636.97896321	
-5.53602106919	-1636.97962267	
-5.53733426702	-1636.98028152	
-5.53864574262	-1636.98093974	
-5.5399555005	-1636.98159735	
-5.54126354516	-1636.98225433	
-5.54256988107	-1636.98291069	
-5.5438745127	-1636.98356644	
-5.54517744448	-1636.98422157	
-5.54647868084	-1636.98487607	
-5.54777822618	-1636.98552997	
-5.5490760849	-1636.98618324	
-5.55037226136	-1636.9868359	
-5.55166675992	-1636.98748795	
-5.55295958492	-1636.98813938	
-5.55425074069	-1636.9887902	
-5.55554023152	-1636.9894404	
-5.5568280617	-1636.99008999	
-5.55811423551	-1636.99073897	
-5.5593987572	-1636.99138734	
-5.56068163102	-1636.9920351	
-5.56196286117	-1636.99268225	
-5.56324245188	-1636.99332879	
-5.56452040732	-1636.99397473	
-5.56579673168	-1636.99462005	
-5.56707142911	-1636.99526477	
-5.56834450376	-1636.99590888	
-5.56961595975	-1636.99655239	
-5.57088580119	-1636.99719529	
-5.57215403218	-1636.99783759	
-5.57342065679	-1636.99847929	
-5.5746856791	-1636.99912038	
-5.57594910315	-1636.99976088	
-5.57721093297	-1637.00040077	
-5.57847117258	-1637.00104006	
-5.57972982599	-1637.00167875	
-5.58098689718	-1637.00231684	
-5.58224239012	-1637.00295434	
-5.58349630878	-1637.00359124	
-5.5847486571	-1637.00422754	
-5.585999439	-1637.00486324	
-5.5872486584	-1637.00549835	
-5.5884963192	-1637.00613287	
-5.58974242528	-1637.0067668	
-5.59098698051	-1637.00740013	
-5.59222998875	-1637.00803287	
-5.59347145384	-1637.00866502	
-5.5947113796	-1637.00929658	
-5.59594976985	-1637.00992754	
-5.59718662839	-1637.01055793	
-5.598421959	-1637.01118772	
-5.59965576545	-1637.01181692	
-5.60088805149	-1637.01244554	
-5.60211882088	-1637.01307358	
-5.60334807733	-1637.01370103	
-5.60457582457	-1637.0143279	
-5.6058020663	-1637.01495418	
-5.60702680619	-1637.01557988	
-5.60825004793	-1637.016205	
-5.60947179518	-1637.01682954	
-5.61069205159	-1637.0174535	
-5.61191082078	-1637.01807688	
-5.61312810639	-1637.01869968	
-5.61434391201	-1637.01932191	
-5.61555824124	-1637.01994356	
-5.61677109767	-1637.02056463	
-5.61798248485	-1637.02118513	
-5.61919240636	-1637.02180505	
-5.62040086572	-1637.02242441	
-5.62160786647	-1637.02304318	
-5.62281341212	-1637.02366139	
-5.62401750619	-1637.02427903	
-5.62522015215	-1637.0248961	
-5.6264213535	-1637.0255126	
-5.62762111369	-1637.02612853	
-5.62881943618	-1637.02674389	
-5.63001632442	-1637.02735869	
-5.63121178182	-1637.02797292	
-5.63240581181	-1637.02858659	
-5.6335984178	-1637.02919969	
-5.63478960317	-1637.02981223	
-5.6359793713	-1637.03042421	
-5.63716772557	-1637.03103562	
-5.63835466933	-1637.03164648	
-5.63954020593	-1637.03225678	
-5.64072433869	-1637.03286652	
-5.64190707094	-1637.0334757	
-5.64308840598	-1637.03408432	
-5.64426834712	-1637.03469239	
-5.64544689764	-1637.0352999	
-5.64662406082	-1637.03590685	
-5.64779983991	-1637.03651326	
-5.64897423816	-1637.03711911	
-5.65014725882	-1637.03772441	
-5.65131890512	-1637.03832916	
-5.65248918027	-1637.03893335	
-5.65365808747	-1637.039537	
-5.65482562993	-1637.0401401	
-5.65599181082	-1637.04074266	
-5.65715663332	-1637.04134466	
-5.65832010058	-1637.04194612	
-5.65948221576	-1637.04254704	
-5.660642982	-1637.04314741	
-5.66180240242	-1637.04374724	
-5.66296048014	-1637.04434652	
-5.66411721826	-1637.04494527	
-5.66527261989	-1637.04554347	
-5.66642668811	-1637.04614113	
-5.66757942599	-1637.04673826	
-5.6687308366	-1637.04733485	
-5.66988092298	-1637.0479309	
-5.67102968818	-1637.04852641	
-5.67217713524	-1637.04912139	
-5.67332326717	-1637.04971583	
-5.67446808699	-1637.05030974	
-5.67561159769	-1637.05090312	
-5.67675380227	-1637.05149597	
-5.6778947037	-1637.05208828	
-5.67903430497	-1637.05268007	
-5.68017260902	-1637.05327132	
-5.6813096188	-1637.05386205	
-5.68244533727	-1637.05445225	
-5.68357976734	-1637.05504192	
-5.68471291194	-1637.05563107	
-5.68584477397	-1637.05621969	
-5.68697535634	-1637.05680779	
-5.68810466194	-1637.05739536	
-5.68923269364	-1637.05798241	
-5.69035945432	-1637.05856895	
-5.69148494685	-1637.05915496	
-5.69260917406	-1637.05974045	
-5.6937321388	-1637.06032542	
-5.69485384391	-1637.06090987	
-5.69597429221	-1637.06149381	
-5.69709348651	-1637.06207723	
-5.69821142961	-1637.06266014	
-5.69932812431	-1637.06324253	
-5.70044357339	-1637.0638244	
-5.70155777963	-1637.06440577	
-5.7026707458	-1637.06498662	
-5.70378247466	-1637.06556696	
-5.70489296894	-1637.0661468	
-5.70600223139	-1637.06672612	
-5.70711026475	-1637.06730493	
-5.70821707172	-1637.06788324	
-5.70932265503	-1637.06846104	
-5.71042701737	-1637.06903833	
-5.71153016145	-1637.06961512	
-5.71263208993	-1637.07019141	
-5.71373280551	-1637.07076719	
-5.71483231084	-1637.07134247	
-5.71593060859	-1637.07191725	
-5.71702770141	-1637.07249153	
-5.71812359193	-1637.0730653	
-5.71921828279	-1637.07363858	
-5.72031177661	-1637.07421136	
-5.72140407601	-1637.07478365	
-5.72249518359	-1637.07535544	
-5.72358510195	-1637.07592673	
-5.72467383369	-1637.07649753	
-5.72576138137	-1637.07706783	
-5.72684774759	-1637.07763764	
-5.72793293489	-1637.07820696	
-5.72901694583	-1637.07877579	
-5.73009978297	-1637.07934412	
-5.73118144884	-1637.07991197	
-5.73226194598	-1637.08047933	
-5.7333412769	-1637.0810462	
-5.73441944412	-1637.08161259	
-5.73549645015	-1637.08217849	
-5.73657229748	-1637.0827439	
-5.73764698861	-1637.08330883	
-5.73872052602	-1637.08387328	
-5.73979291218	-1637.08443724	
-5.74086414956	-1637.08500072	
-5.74193424062	-1637.08556372	
-5.74300318781	-1637.08612624	
-5.74407099357	-1637.08668828	
-5.74513766034	-1637.08724984	
-5.74620319054	-1637.08781093	
-5.7472675866	-1637.08837154	
-5.74833085092	-1637.08893167	
-5.74939298591	-1637.08949133	
-5.75045399397	-1637.09005051	
-5.75151387748	-1637.09060922	
-5.75257263883	-1637.09116745	
-5.75363028038	-1637.09172522	
-5.75468680452	-1637.09228251	
-5.75574221359	-1637.09283934	
-5.75679650994	-1637.09339569	
-5.75784969593	-1637.09395158	
-5.75890177388	-1637.094507	
-5.75995274612	-1637.09506195	
-5.76100261499	-1637.09561644	
-5.76205138278	-1637.09617046	
-5.76309905181	-1637.09672402	
-5.76414562438	-1637.09727711	
-5.76519110278	-1637.09782974	
-5.7662354893	-1637.09838191	
-5.76727878622	-1637.09893362	
-5.76832099579	-1637.09948487	
-5.7693621203	-1637.10003566	
-5.770402162	-1637.10058599	
-5.77144112313	-1637.10113586	
-5.77247900594	-1637.10168527	
-5.77351581267	-1637.10223423	
-5.77455154554	-1637.10278274	
-5.77558620679	-1637.10333079	
-5.77661979861	-1637.10387838	
-5.77765232322	-1637.10442553	
-5.77868378283	-1637.10497222	
-5.77971417962	-1637.10551846	
-5.78074351579	-1637.10606425	
-5.78177179352	-1637.10660959	
-5.78279901497	-1637.10715448	
-5.78382518233	-1637.10769892	
-5.78485029774	-1637.10824292	
-5.78587436337	-1637.10878647	
-5.78689738137	-1637.10932958	
-5.78791935386	-1637.10987224	
-5.788940283	-1637.11041445	
-5.7899601709	-1637.11095622	
-5.79097901969	-1637.11149755	
-5.79199683148	-1637.11203844	
-5.79301360838	-1637.11257889	
-5.7940293525	-1637.1131189	
-5.79504406593	-1637.11365847	
-5.79605775077	-1637.1141976	
-5.79707040908	-1637.11473629	
-5.79808204295	-1637.11527454	
-5.79909265446	-1637.11581236	
-5.80010224566	-1637.11634975	
-5.80111081862	-1637.1168867	
-5.80211837538	-1637.11742321	
-5.80312491799	-1637.1179593	
-5.80413044849	-1637.11849495	
-5.80513496892	-1637.11903017	
-5.80613848129	-1637.11956495	
-5.80714098764	-1637.12009931	
-5.80814248998	-1637.12063324	
-5.80914299031	-1637.12116674	
