#Site	lnL	
0	-1.65877632405
1	-5.52511554445
2	-18.8055031316
3	-1.61929444046
4	-16.2099111701
5	-1.25284121939
6	-10.0406149987
7	-7.64327231275
8	-1.26669667289
9	-10.303461482
10	-6.14840568695
11	-14.9887007794
12	-2.18161908365
13	-10.04106959
14	-9.20095925658
15	-1.61929444046
16	-1.80836107645
17	-8.64740800201
18	-2.18161908365
19	-1.75924550427
20	-1.26669667289
21	-1.84589238089
22	-2.00839283541
23	-1.25284121939
24	-1.61929444046
25	-1.80836107645
26	-1.25284121939
27	-6.59571831371
28	-2.35628126232
29	-7.70175827344
30	-1.61929444046
31	-1.75924550427
32	-9.20095925658
33	-2.18161908365
34	-9.58219342584
35	-1.26669667289
36	-1.61929444046
37	-2.00839283541
38	-1.26669667289
39	-15.1273365246
40	-11.1332573105
41	-1.72673595955
42	-1.61929444046
43	-5.01160698156
44	-1.25284121939
45	-1.84589238089
46	-5.45885283384
47	-8.80147587069
48	-1.65877632405
49	-5.77923470333
50	-9.01543288514
51	-5.18781298179
52	-6.35516678745
53	-1.42086075967
54	-1.84589238089
55	-11.5646454591
56	-1.42086075967
57	-6.4106829722
58	-2.35628126232
59	-7.99213078764
60	-2.18161908365
61	-2.35628126232
62	-1.26669667289
63	-1.65877632405
64	-9.08070253101
65	-7.70088479502
66	-1.65877632405
67	-1.80836107645
68	-1.72673595955
69	-1.65877632405
70	-1.80836107645
71	-8.17636134852
72	-2.18161908365
73	-6.79144215945
74	-1.25284121939
75	-1.84589238089
76	-2.00839283541
77	-1.72673595955
78	-1.65877632405
79	-2.00839283541
80	-1.42086075967
81	-1.61929444046
82	-5.56011092906
83	-1.42086075967
84	-5.53872649015
85	-2.00839283541
86	-9.96449135091
87	-1.84589238089
88	-1.80836107645
89	-1.26669667289
90	-1.61929444046
91	-6.79626189235
92	-1.25284121939
93	-1.61929444046
94	-5.56011092906
95	-7.99447260806
96	-7.03977287198
97	-6.18905285522
98	-8.61861389608
99	-1.61929444046
100	-1.75924550427
101	-10.8995251353
102	-1.65877632405
103	-10.3879214849
104	-7.99447260806
105	-6.4285447359
106	-2.00839283541
107	-12.0536526861
108	-6.14148592497
109	-1.75924550427
110	-1.26669667289
111	-1.65877632405
112	-5.01160698156
113	-14.8828268802
114	-5.4847946914
115	-1.75924550427
116	-8.33030025149
117	-8.43109167471
118	-9.70732611461
119	-1.26669667289
120	-5.70546146754
121	-2.00839283541
122	-1.26669667289
123	-2.18161908365
124	-1.80836107645
125	-7.70175827344
126	-6.16196024055
127	-5.03849899427
128	-17.5675464121
129	-2.18161908365
130	-2.00839283541
131	-8.57186903279
132	-1.65877632405
133	-1.75924550427
134	-8.3259030881
135	-2.18161908365
136	-1.80836107645
137	-14.9838232216
138	-1.65877632405
139	-6.88990425799
140	-8.17636134852
141	-7.25056607055
142	-8.13683351718
143	-1.26669667289
144	-4.60895266474
145	-8.36672971702
146	-8.1757196761
147	-1.65877632405
148	-4.69325114527
149	-1.72673595955
150	-1.61929444046
151	-2.00839283541
152	-1.25284121939
153	-1.61929444046
154	-2.00839283541
155	-1.42086075967
156	-1.61929444046
157	-2.35628126232
158	-9.01543288514
159	-6.38599597299
160	-1.80836107645
161	-8.95450216281
162	-6.88172962569
163	-1.75924550427
164	-16.3976071563
165	-5.23441481405
166	-1.75924550427
167	-7.70175827344
168	-1.61929444046
169	-8.42420165183
170	-14.7167094567
171	-11.4172741883
172	-2.35628126232
173	-8.95538110526
174	-1.84589238089
175	-5.66004252503
176	-1.26669667289
177	-1.65877632405
178	-2.00839283541
179	-10.8995251353
180	-4.63660387554
181	-1.80836107645
182	-1.72673595955
183	-1.84589238089
184	-2.00839283541
185	-1.42086075967
186	-1.84589238089
187	-2.35628126232
188	-9.66720789904
189	-2.18161908365
190	-4.46835928124
191	-1.42086075967
192	-1.61929444046
193	-5.45885283384
194	-7.70175827344
195	-4.953821389
196	-1.80836107645
197	-1.26669667289
198	-5.23441481405
199	-1.80836107645
200	-14.8698111974
201	-2.18161908365
202	-5.01160698156
203	-1.72673595955
204	-5.57748872145
205	-1.80836107645
206	-1.26669667289
207	-5.8459717519
208	-1.80836107645
209	-1.26669667289
210	-5.53872649015
211	-1.75924550427
212	-14.5120762547
213	-9.09350459602
214	-1.75924550427
215	-1.26669667289
216	-2.18161908365
217	-1.80836107645
218	-1.26669667289
219	-2.18161908365
220	-2.35628126232
221	-8.95450216281
222	-1.65877632405
223	-1.80836107645
224	-1.25284121939
225	-1.65877632405
226	-6.44601792729
227	-1.72673595955
228	-2.18161908365
229	-1.75924550427
230	-1.25284121939
231	-5.93380600797
232	-1.80836107645
233	-10.143559618
234	-1.84589238089
235	-1.75924550427
236	-1.42086075967
237	-5.49439975581
238	-7.42310470757
239	-9.30924512109
240	-1.65877632405
241	-1.75924550427
242	-1.25284121939
243	-5.9574980824
244	-2.00839283541
245	-9.01643372202
246	-2.18161908365
247	-6.16213067256
248	-1.26669667289
249	-1.84589238089
250	-13.8012587475
251	-8.80147587069
252	-1.65877632405
253	-6.02919879205
254	-8.6168485849
255	-1.61929444046
256	-1.75924550427
257	-1.25284121939
258	-1.84589238089
259	-5.03849899427
260	-1.25284121939
261	-1.61929444046
262	-2.35628126232
263	-1.26669667289
264	-1.65877632405
265	-1.80836107645
266	-1.25284121939
267	-1.84589238089
268	-2.00839283541
269	-10.7696841331
270	-1.65877632405
271	-5.77923470333
272	-1.72673595955
273	-2.18161908365
274	-1.75924550427
275	-1.42086075967
276	-1.65877632405
277	-1.75924550427
278	-15.5451966084
279	-1.61929444046
280	-6.02919879205
281	-1.26669667289
282	-5.2021760644
283	-2.00839283541
284	-9.04613127573
285	-5.9574980824
286	-1.75924550427
287	-1.26669667289
288	-10.4317065758
289	-2.35628126232
290	-1.72673595955
291	-2.18161908365
292	-1.75924550427
293	-8.95538110526
294	-5.66839290631
295	-2.00839283541
296	-1.72673595955
297	-5.52569047973
298	-9.83955691513
299	-18.3541736526
300	-1.61929444046
301	-1.80836107645
302	-1.25284121939
303	-1.84589238089
304	-5.03849899427
305	-1.26669667289
306	-1.84589238089
307	-5.9749712738
308	-1.42086075967
309	-1.65877632405
310	-1.75924550427
311	-1.26669667289
312	-5.66839290631
313	-1.75924550427
314	-1.26669667289
315	-5.66839290631
316	-4.83708013559
317	-1.42086075967
318	-1.84589238089
319	-1.80836107645
320	-16.3196298348
321	-5.9574980824
322	-1.75924550427
323	-1.25284121939
324	-1.65877632405
325	-1.75924550427
326	-1.26669667289
327	-1.84589238089
328	-2.00839283541
329	-1.25284121939
330	-5.49439975581
331	-4.99018187627
332	-1.26669667289
333	-2.18161908365
334	-1.75924550427
335	-9.96449135091
336	-6.4285447359
337	-2.00839283541
338	-18.3579337242
339	-1.61929444046
340	-4.83708013559
341	-9.01543288514
342	-1.65877632405
343	-6.14840568695
344	-1.26669667289
345	-1.61929444046
346	-1.75924550427
347	-7.70088479502
348	-1.61929444046
349	-2.35628126232
350	-1.72673595955
351	-9.50296512867
352	-4.43037577113
353	-1.42086075967
354	-1.61929444046
355	-5.40700918838
356	-1.26669667289
357	-1.65877632405
358	-4.43037577113
359	-1.25284121939
360	-9.78399960978
361	-5.03849899427
362	-8.1757196761
363	-1.65877632405
364	-2.00839283541
365	-9.19923301642
366	-1.84589238089
367	-5.29135447332
368	-9.19923301642
369	-1.65877632405
370	-9.46262836425
371	-1.25284121939
372	-6.08690774865
373	-1.80836107645
374	-9.67200591007
375	-2.18161908365
376	-4.79536590717
377	-1.25284121939
378	-1.61929444046
379	-6.14840568695
380	-1.72673595955
381	-6.61253257846
382	-1.80836107645
383	-1.42086075967
384	-4.63660387554
385	-2.35628126232
386	-1.42086075967
387	-1.65877632405
388	-1.75924550427
389	-1.26669667289
390	-1.61929444046
391	-1.80836107645
392	-7.99213078764
393	-1.61929444046
394	-2.00839283541
395	-1.25284121939
396	-1.84589238089
397	-6.8513247579
398	-1.26669667289
399	-1.84589238089
400	-9.12621608279
401	-8.86204737421
402	-5.97538024503
403	-1.80836107645
404	-1.26669667289
405	-2.18161908365
406	-10.5771608049
407	-1.42086075967
408	-1.65877632405
409	-2.00839283541
410	-1.26669667289
411	-2.18161908365
412	-1.75924550427
413	-1.42086075967
414	-5.22210011319
415	-7.36308995269
416	-1.26669667289
417	-2.18161908365
418	-5.36423278994
419	-1.72673595955
420	-5.4847946914
421	-1.80836107645
422	-10.2958846155
423	-6.14148592497
424	-1.75924550427
425	-1.25284121939
426	-1.61929444046
427	-2.35628126232
428	-16.4078530315
429	-2.18161908365
430	-2.35628126232
431	-1.42086075967
432	-10.2495588215
433	-5.03849899427
434	-1.42086075967
435	-1.61929444046
436	-2.00839283541
437	-1.26669667289
438	-2.18161908365
439	-5.6235216158
440	-23.2062733891
441	-2.18161908365
442	-5.01160698156
443	-1.42086075967
444	-1.61929444046
445	-4.99018187627
446	-1.72673595955
447	-1.84589238089
448	-4.69325114527
449	-1.25284121939
450	-1.84589238089
451	-1.80836107645
452	-16.7442439045
453	-1.84589238089
454	-1.75924550427
455	-1.25284121939
456	-10.9053163343
457	-10.4025736284
458	-1.26669667289
459	-7.03977287198
460	-1.75924550427
461	-1.25284121939
462	-1.65877632405
463	-1.80836107645
464	-1.25284121939
465	-1.84589238089
466	-2.00839283541
467	-8.57089426996
468	-1.61929444046
469	-2.00839283541
470	-1.26669667289
