#Site	lnL	
0	-2.84500497516
1	-2.90209469715
2	-8.7454325511
3	-2.84500497516
4	-7.01801488679
5	-3.63314371671
6	-6.82899776169
7	-2.90209469715
8	-3.36663477289
9	-2.98996113499
10	-6.17283539488
11	-3.55922353622
12	-7.42475654543
13	-8.50406231184
14	-3.82712374755
15	-6.37026611594
16	-7.31254175548
17	-8.72897289057
18	-2.78985672547
19	-2.90209469715
20	-3.63314371671
21	-7.45919399712
22	-2.95989281237
23	-3.36663477289
24	-2.64656729497
25	-2.75184123626
26	-7.34247598201
27	-2.84500497516
28	-2.90209469715
29	-3.82712374755
30	-9.8228374661
31	-2.75184123626
32	-10.7161113003
33	-2.64656729497
34	-2.90209469715
35	-3.36663477289
36	-2.64656729497
37	-2.90209469715
38	-10.0360476715
39	-6.37026611594
40	-2.90209469715
41	-3.36663477289
42	-2.84500497516
43	-6.2052408723
44	-3.36663477289
45	-2.78985672547
46	-2.75184123626
47	-3.82712374755
48	-2.84500497516
49	-6.75488452636
50	-6.53591822479
51	-6.34535146347
52	-2.95989281237
53	-3.63314371671
54	-6.34535146347
55	-2.95989281237
56	-3.82712374755
57	-2.98996113499
58	-2.90209469715
59	-3.82712374755
60	-2.98996113499
61	-2.90209469715
62	-3.36663477289
63	-2.84500497516
64	-9.26762252497
65	-3.36663477289
66	-6.34535146347
67	-6.27387192998
68	-7.40944192062
69	-2.78985672547
70	-8.97443182605
71	-3.82712374755
72	-6.48862735635
73	-2.90209469715
74	-5.59242938542
75	-2.98996113499
76	-2.95989281237
77	-7.98793739776
78	-6.34535146347
79	-2.75184123626
80	-3.63314371671
81	-7.1960695133
82	-7.23716051316
83	-6.28935871973
84	-2.84500497516
85	-5.84174055958
86	-3.36663477289
87	-6.45029226035
88	-2.90209469715
89	-7.49148222198
90	-6.80236846819
91	-2.95989281237
92	-5.99626921235
93	-2.78985672547
94	-2.95989281237
95	-3.63314371671
96	-2.84500497516
97	-6.65653893111
98	-3.63314371671
99	-2.64656729497
100	-3.11176650827
101	-3.36663477289
102	-6.90312179808
103	-2.75184123626
104	-3.63314371671
105	-6.8829908845
106	-2.90209469715
107	-5.94391711387
108	-2.78985672547
109	-2.75184123626
110	-3.36663477289
111	-7.90741544051
112	-5.8470948727
113	-3.82712374755
114	-2.84500497516
115	-2.90209469715
116	-7.27058327208
117	-2.98996113499
118	-2.95989281237
119	-9.34117471468
120	-2.78985672547
121	-7.563782348
122	-3.55922353622
123	-2.98996113499
124	-11.7243936192
125	-3.82712374755
126	-5.99763308674
127	-2.75184123626
128	-3.55922353622
129	-2.84500497516
130	-2.75184123626
131	-7.87778158343
132	-9.49061656035
133	-7.78126322977
134	-3.36663477289
135	-2.98996113499
136	-7.54550257146
137	-3.63314371671
138	-12.5335506474
139	-2.95989281237
140	-6.03741266752
141	-8.81298111655
142	-3.11176650827
143	-7.99030884626
144	-2.64656729497
145	-2.90209469715
146	-3.36663477289
147	-2.84500497516
148	-6.27387192998
149	-3.63314371671
150	-11.9452908849
151	-2.75184123626
152	-6.98287195532
153	-2.84500497516
154	-2.90209469715
155	-3.55922353622
156	-2.84500497516
157	-5.8470948727
158	-3.55922353622
159	-2.64656729497
160	-3.11176650827
161	-9.15627921225
162	-9.26417603581
163	-2.75184123626
164	-10.0321559219
165	-2.64656729497
166	-2.75184123626
167	-13.6402292978
168	-2.64656729497
169	-2.90209469715
170	-12.6432147717
171	-2.78985672547
172	-10.2984596181
173	-9.41368608661
174	-2.64656729497
175	-7.01801488679
176	-10.0783458005
177	-10.7158998314
178	-2.90209469715
179	-3.55922353622
180	-2.78985672547
181	-2.95989281237
182	-3.63314371671
183	-14.5866840783
184	-2.75184123626
185	-3.36663477289
186	-2.78985672547
187	-2.90209469715
188	-7.05476466525
189	-2.64656729497
190	-2.90209469715
191	-3.63314371671
192	-2.64656729497
193	-2.90209469715
194	-5.89051200139
195	-2.64656729497
196	-3.11176650827
197	-9.07134748486
198	-2.98996113499
199	-7.31254175548
200	-3.36663477289
201	-7.17330626431
202	-2.95989281237
203	-14.327229739
204	-2.84500497516
205	-3.11176650827
206	-3.55922353622
207	-2.84500497516
208	-2.75184123626
209	-3.63314371671
210	-6.38033252155
211	-2.75184123626
212	-3.63314371671
213	-6.87522129445
214	-2.75184123626
215	-3.55922353622
216	-2.64656729497
217	-13.807411728
218	-3.36663477289
219	-2.98996113499
220	-3.11176650827
221	-8.8590128068
222	-2.64656729497
223	-2.90209469715
224	-3.82712374755
225	-2.64656729497
226	-10.0405114733
227	-3.82712374755
228	-2.84500497516
229	-2.90209469715
230	-3.82712374755
231	-2.64656729497
232	-6.97593744008
233	-7.20052083665
234	-2.98996113499
235	-6.7657214629
236	-3.82712374755
237	-6.8829908845
238	-13.0068286483
239	-3.55922353622
240	-10.4044227464
241	-2.95989281237
242	-3.36663477289
243	-2.64656729497
244	-2.75184123626
245	-3.63314371671
246	-2.84500497516
247	-2.95989281237
248	-13.7108925479
249	-2.64656729497
250	-2.90209469715
251	-3.63314371671
252	-2.78985672547
253	-3.11176650827
254	-3.36663477289
255	-2.84500497516
256	-10.0405114733
257	-3.63314371671
258	-2.84500497516
259	-2.75184123626
260	-3.63314371671
261	-2.98996113499
262	-10.3307542813
263	-7.99030884626
264	-2.98996113499
265	-3.11176650827
266	-9.02536958418
267	-10.9875885393
268	-8.06897454653
269	-6.91538005938
270	-11.5625009557
271	-10.1876318533
272	-6.36139358108
273	-2.64656729497
274	-2.95989281237
275	-7.5609517543
276	-2.84500497516
277	-11.1672899511
278	-14.7824844687
279	-2.84500497516
280	-7.21913191495
281	-6.96160359214
282	-2.78985672547
283	-2.75184123626
284	-15.2053183458
285	-2.84500497516
286	-2.75184123626
287	-3.63314371671
288	-13.9289088848
289	-12.7104215674
290	-3.36663477289
291	-10.5550853439
292	-3.11176650827
293	-3.36663477289
294	-2.98996113499
295	-3.11176650827
296	-7.40944192062
297	-2.78985672547
298	-2.90209469715
299	-3.55922353622
300	-2.64656729497
301	-2.95989281237
302	-3.82712374755
303	-7.65798360442
304	-9.07148100537
305	-3.36663477289
306	-2.64656729497
307	-6.74617810567
308	-7.27058327208
309	-2.78985672547
310	-12.7635858769
311	-3.82712374755
312	-2.64656729497
313	-14.7445999209
314	-3.55922353622
315	-2.84500497516
316	-11.4833632329
317	-3.36663477289
318	-2.78985672547
319	-2.90209469715
320	-3.63314371671
321	-8.24815766801
322	-2.75184123626
323	-3.63314371671
324	-5.98837987777
325	-2.90209469715
326	-7.20052083665
327	-2.84500497516
328	-3.11176650827
329	-3.82712374755
330	-2.98996113499
331	-15.2641113683
332	-7.40944192062
333	-2.98996113499
334	-6.21814755047
335	-5.99626921235
336	-2.84500497516
337	-3.11176650827
338	-3.36663477289
339	-6.90312179808
340	-2.75184123626
341	-3.82712374755
342	-2.64656729497
343	-2.90209469715
344	-3.63314371671
345	-2.84500497516
346	-2.75184123626
347	-3.63314371671
348	-2.64656729497
349	-3.11176650827
350	-6.39273562285
351	-6.50222990324
352	-7.31254175548
353	-3.82712374755
354	-2.84500497516
355	-5.8470948727
356	-3.82712374755
357	-6.38033252155
358	-2.95989281237
359	-3.55922353622
360	-6.8829908845
361	-2.90209469715
362	-3.36663477289
363	-2.84500497516
364	-3.11176650827
365	-7.78290478544
366	-2.98996113499
367	-5.84174055958
368	-3.82712374755
369	-2.98996113499
370	-2.95989281237
371	-3.82712374755
372	-2.78985672547
373	-6.72822802468
374	-8.99448712691
375	-2.84500497516
376	-12.36526787
377	-3.82712374755
378	-9.25446014947
379	-2.90209469715
380	-5.97375081146
381	-2.84500497516
382	-2.75184123626
383	-3.36663477289
384	-2.84500497516
385	-6.60773535181
386	-3.36663477289
387	-2.78985672547
388	-2.90209469715
389	-3.36663477289
390	-2.64656729497
391	-2.90209469715
392	-7.63360761343
393	-2.64656729497
394	-2.75184123626
395	-7.05476466525
396	-2.78985672547
397	-2.75184123626
398	-6.63144692724
399	-2.98996113499
400	-3.11176650827
401	-3.55922353622
402	-2.78985672547
403	-10.2437746359
404	-3.36663477289
405	-2.64656729497
406	-6.17283539488
407	-3.36663477289
408	-6.00180241285
409	-2.75184123626
410	-7.03463884468
411	-2.64656729497
412	-2.90209469715
413	-3.63314371671
414	-8.24815766801
415	-5.86274980555
416	-3.63314371671
417	-6.01438395634
418	-6.65714586462
419	-3.63314371671
420	-2.78985672547
421	-8.66127694396
422	-3.55922353622
423	-2.98996113499
424	-2.75184123626
425	-7.9440853135
426	-2.78985672547
427	-2.75184123626
428	-3.55922353622
429	-6.01438395634
430	-2.75184123626
431	-3.63314371671
432	-2.98996113499
433	-2.75184123626
434	-3.36663477289
435	-12.2296952
436	-2.75184123626
437	-3.63314371671
438	-2.78985672547
439	-6.72822802468
440	-3.36663477289
441	-2.98996113499
442	-7.31254175548
443	-5.99626921235
444	-2.64656729497
445	-6.97593744008
446	-6.74741973664
447	-2.64656729497
448	-3.11176650827
449	-7.36321838786
450	-2.84500497516
451	-2.95989281237
452	-3.55922353622
453	-2.84500497516
454	-12.3327752109
455	-3.82712374755
456	-6.50222990324
457	-2.75184123626
458	-7.5609517543
459	-7.14077304977
460	-3.11176650827
461	-3.55922353622
462	-2.84500497516
463	-3.11176650827
464	-6.96160359214
465	-2.78985672547
466	-3.11176650827
467	-3.63314371671
468	-2.84500497516
469	-2.75184123626
470	-5.62563748931
