#Site	lnL	
0	-1.57411433552
1	-1.86251040413
2	-4.29979425103
3	-1.57411433552
4	-9.39911864769
5	-1.99623687618
6	-6.61111674301
7	-1.69232337626
8	-4.24589732324
9	-6.34891186029
10	-1.69232337626
11	-1.81653083129
12	-1.7613465638
13	-1.890001124
14	-2.02536658357
15	-1.57411433552
16	-7.25479705503
17	-7.68351107652
18	-1.57411433552
19	-4.42672301121
20	-1.81653083129
21	-7.35530844622
22	-1.890001124
23	-7.21610657985
24	-1.57411433552
25	-1.86251040413
26	-9.70408276191
27	-1.57411433552
28	-1.69232337626
29	-2.18411718677
30	-1.57411433552
31	-1.69232337626
32	-5.23609636772
33	-7.56058406014
34	-1.890001124
35	-1.81653083129
36	-8.02280827437
37	-6.03601292058
38	-2.02536658357
39	-1.57411433552
40	-1.69232337626
41	-5.20361172513
42	-11.0074165682
43	-1.69232337626
44	-2.18411718677
45	-1.7613465638
46	-1.69232337626
47	-1.81653083129
48	-1.7353930426
49	-1.86251040413
50	-5.25179268398
51	-1.90120400088
52	-1.890001124
53	-4.30529563117
54	-1.7613465638
55	-2.0390137042
56	-6.1881908616
57	-5.52886563103
58	-2.0390137042
59	-5.23609636772
60	-1.7353930426
61	-2.0390137042
62	-2.02536658357
63	-1.57411433552
64	-1.890001124
65	-4.24589732324
66	-1.7613465638
67	-1.86251040413
68	-1.99623687618
69	-1.57411433552
70	-4.43101006734
71	-4.9291842033
72	-1.90120400088
73	-2.0390137042
74	-2.02536658357
75	-5.55434458143
76	-1.69232337626
77	-4.31603462665
78	-1.7613465638
79	-7.28216092606
80	-2.18411718677
81	-1.7353930426
82	-1.86251040413
83	-1.81653083129
84	-1.57411433552
85	-8.6206681643
86	-4.9291842033
87	-1.57411433552
88	-1.69232337626
89	-2.18411718677
90	-1.7613465638
91	-5.34722142763
92	-1.99623687618
93	-4.58225371379
94	-1.69232337626
95	-1.81653083129
96	-9.98419967079
97	-1.890001124
98	-2.18411718677
99	-1.7353930426
100	-1.69232337626
101	-1.81653083129
102	-1.7353930426
103	-6.09641368567
104	-6.18335470638
105	-1.7613465638
106	-1.86251040413
107	-1.99623687618
108	-5.64591281775
109	-1.86251040413
110	-2.18411718677
111	-7.47171723028
112	-6.00909126011
113	-1.81653083129
114	-6.34891186029
115	-9.73623988598
116	-9.21535989913
117	-1.57411433552
118	-2.0390137042
119	-5.99934125587
120	-1.90120400088
121	-6.3598064472
122	-1.99623687618
123	-1.57411433552
124	-17.4837787208
125	-2.18411718677
126	-1.7353930426
127	-1.69232337626
128	-4.24589732324
129	-1.57411433552
130	-1.86251040413
131	-5.30573377846
132	-1.90120400088
133	-2.0390137042
134	-5.17649710485
135	-7.44585737191
136	-1.69232337626
137	-2.18411718677
138	-1.90120400088
139	-5.44542461971
140	-4.90206958302
141	-1.7613465638
142	-8.85055002899
143	-1.99623687618
144	-1.7353930426
145	-5.37310216667
146	-1.99623687618
147	-1.7613465638
148	-1.86251040413
149	-2.02536658357
150	-1.57411433552
151	-1.69232337626
152	-1.99623687618
153	-6.20607599048
154	-1.890001124
155	-4.30529563117
156	-1.7613465638
157	-8.05222389069
158	-8.9644163972
159	-1.7613465638
160	-8.56432017245
161	-1.81653083129
162	-1.90120400088
163	-1.86251040413
164	-1.81653083129
165	-1.7613465638
166	-6.28351878194
167	-1.81653083129
168	-1.57411433552
169	-1.890001124
170	-6.29633797838
171	-1.7353930426
172	-1.890001124
173	-5.97238625583
174	-1.7353930426
175	-1.86251040413
176	-5.23609636772
177	-1.90120400088
178	-7.075020495
179	-1.99623687618
180	-1.7353930426
181	-2.0390137042
182	-4.31603462665
183	-5.653260453
184	-1.890001124
185	-5.30889561532
186	-5.50618649617
187	-1.69232337626
188	-1.81653083129
189	-1.7353930426
190	-11.9295583735
191	-6.31840571615
192	-1.90120400088
193	-2.0390137042
194	-4.89307785392
195	-1.57411433552
196	-5.3589358278
197	-2.02536658357
198	-1.57411433552
199	-1.69232337626
200	-7.40693858983
201	-1.57411433552
202	-1.69232337626
203	-2.02536658357
204	-5.61228457437
205	-6.59325747059
206	-6.49432129713
207	-1.57411433552
208	-1.69232337626
209	-2.18411718677
210	-6.31074869597
211	-2.0390137042
212	-1.81653083129
213	-1.90120400088
214	-2.0390137042
215	-6.40139930003
216	-5.65062043406
217	-1.69232337626
218	-2.18411718677
219	-1.57411433552
220	-8.14624325528
221	-5.97189944794
222	-1.7353930426
223	-1.69232337626
224	-1.99623687618
225	-8.73547568376
226	-1.890001124
227	-2.18411718677
228	-1.90120400088
229	-1.890001124
230	-1.99623687618
231	-6.50604133777
232	-4.43101006734
233	-2.18411718677
234	-1.90120400088
235	-1.86251040413
236	-2.02536658357
237	-1.57411433552
238	-1.86251040413
239	-2.02536658357
240	-1.7353930426
241	-5.04218934188
242	-4.29979425103
243	-1.7353930426
244	-1.86251040413
245	-1.81653083129
246	-1.57411433552
247	-2.0390137042
248	-1.99623687618
249	-1.57411433552
250	-1.890001124
251	-4.30529563117
252	-9.86459795553
253	-1.86251040413
254	-1.81653083129
255	-1.57411433552
256	-1.86251040413
257	-5.17467600221
258	-11.1599908835
259	-6.28351878194
260	-4.30529563117
261	-1.7353930426
262	-1.890001124
263	-7.54293706654
264	-1.7613465638
265	-5.04429204195
266	-2.02536658357
267	-1.7353930426
268	-6.60456092753
269	-2.18411718677
270	-4.62568966378
271	-5.070227686
272	-1.99623687618
273	-1.7613465638
274	-1.890001124
275	-2.18411718677
276	-1.7613465638
277	-6.3598064472
278	-2.02536658357
279	-4.62226671679
280	-1.86251040413
281	-4.9291842033
282	-1.7353930426
283	-2.0390137042
284	-2.18411718677
285	-1.7613465638
286	-1.69232337626
287	-13.6224965852
288	-1.90120400088
289	-2.0390137042
290	-4.9291842033
291	-1.90120400088
292	-1.86251040413
293	-1.99623687618
294	-1.90120400088
295	-1.890001124
296	-1.99623687618
297	-1.57411433552
298	-11.5145441058
299	-1.81653083129
300	-1.7353930426
301	-5.37310216667
302	-5.24284672088
303	-6.18454714444
304	-1.86251040413
305	-1.81653083129
306	-1.57411433552
307	-6.11440276058
308	-4.30529563117
309	-1.90120400088
310	-7.15233004137
311	-1.81653083129
312	-1.90120400088
313	-6.31044044241
314	-2.02536658357
315	-1.90120400088
316	-7.9366199495
317	-2.02536658357
318	-1.7353930426
319	-5.3589358278
320	-1.81653083129
321	-1.90120400088
322	-5.30633699855
323	-2.18411718677
324	-1.7613465638
325	-1.69232337626
326	-1.99623687618
327	-4.58225371379
328	-1.890001124
329	-1.99623687618
330	-5.65062043406
331	-1.890001124
332	-2.18411718677
333	-1.7353930426
334	-9.46522125675
335	-2.02536658357
336	-5.65062043406
337	-1.86251040413
338	-2.02536658357
339	-1.90120400088
340	-5.0203651023
341	-2.02536658357
342	-7.69329218108
343	-1.890001124
344	-14.230436366
345	-1.7353930426
346	-1.86251040413
347	-7.28617310765
348	-1.7613465638
349	-2.0390137042
350	-8.11186157883
351	-20.4881147771
352	-1.69232337626
353	-1.81653083129
354	-1.57411433552
355	-7.01544405521
356	-4.30529563117
357	-1.7353930426
358	-1.890001124
359	-6.22053456075
360	-1.7613465638
361	-7.36786908169
362	-1.81653083129
363	-1.57411433552
364	-1.86251040413
365	-4.29979425103
366	-13.0327139702
367	-7.35476269192
368	-8.13311280637
369	-1.90120400088
370	-1.69232337626
371	-1.81653083129
372	-6.50633469367
373	-4.43447762262
374	-2.02536658357
375	-1.7353930426
376	-1.69232337626
377	-2.02536658357
378	-1.57411433552
379	-1.69232337626
380	-2.02536658357
381	-1.57411433552
382	-7.35476269192
383	-1.99623687618
384	-1.57411433552
385	-1.69232337626
386	-8.37527486642
387	-1.90120400088
388	-1.69232337626
389	-1.81653083129
390	-1.7353930426
391	-4.43447762262
392	-1.99623687618
393	-1.7353930426
394	-1.69232337626
395	-6.1881908616
396	-1.90120400088
397	-1.890001124
398	-2.02536658357
399	-7.69312340419
400	-2.0390137042
401	-8.01259748779
402	-1.7613465638
403	-1.86251040413
404	-6.22053456075
405	-5.57151371703
406	-13.3451596182
407	-7.11796456422
408	-1.57411433552
409	-1.69232337626
410	-8.44012280346
411	-1.7353930426
412	-1.890001124
413	-7.14821988795
414	-5.55369119696
415	-1.86251040413
416	-4.9291842033
417	-1.7613465638
418	-2.0390137042
419	-7.40693858983
420	-1.7353930426
421	-7.39765618695
422	-2.02536658357
423	-1.7613465638
424	-7.36350539258
425	-2.02536658357
426	-1.90120400088
427	-1.890001124
428	-1.81653083129
429	-4.62226671679
430	-9.95834802787
431	-2.02536658357
432	-5.50618649617
433	-1.86251040413
434	-2.18411718677
435	-1.90120400088
436	-2.0390137042
437	-2.02536658357
438	-1.57411433552
439	-5.3589358278
440	-1.81653083129
441	-6.50604133777
442	-6.40636509109
443	-2.18411718677
444	-5.55053010546
445	-5.44542461971
446	-2.18411718677
447	-1.90120400088
448	-1.69232337626
449	-5.17467600221
450	-1.57411433552
451	-5.44326649041
452	-2.02536658357
453	-6.62593082313
454	-1.69232337626
455	-4.31603462665
456	-1.7353930426
457	-1.86251040413
458	-7.132511068
459	-5.55053010546
460	-1.86251040413
461	-2.02536658357
462	-1.57411433552
463	-5.31871956378
464	-5.30124680884
465	-6.32389097242
466	-1.890001124
467	-1.81653083129
468	-1.7353930426
469	-1.69232337626
470	-1.81653083129
