#Site	lnL	
0	-1.96322017198
1	-1.82629885108
2	-5.01444798291
3	-1.55303219346
4	-1.73787089225
5	-3.96033770807
6	-1.60997815286
7	-1.73787089225
8	-1.9289523853
9	-4.40099184517
10	-1.69170835156
11	-4.24177349352
12	-9.88885015132
13	-1.73787089225
14	-2.37649381264
15	-1.96322017198
16	-1.73787089225
17	-8.88699884825
18	-1.55303219346
19	-4.51939499557
20	-4.877278429
21	-1.96322017198
22	-1.82629885108
23	-3.96033770807
24	-5.81160611089
25	-1.73787089225
26	-1.9289523853
27	-7.78878757472
28	-1.69170835156
29	-1.9289523853
30	-1.96322017198
31	-2.11513080544
32	-2.08067620241
33	-1.96322017198
34	-1.73787089225
35	-11.8542855242
36	-1.55303219346
37	-10.6604703527
38	-6.1766182603
39	-8.17005250121
40	-6.40770966173
41	-3.92657298596
42	-1.60997815286
43	-1.69170835156
44	-4.877278429
45	-1.60997815286
46	-1.73787089225
47	-8.77909836686
48	-1.55303219346
49	-1.69170835156
50	-2.08067620241
51	-11.5983287363
52	-1.69170835156
53	-2.08067620241
54	-1.60997815286
55	-5.25074187476
56	-1.9573285971
57	-1.55303219346
58	-1.73787089225
59	-9.45750225598
60	-1.67778849685
61	-2.11513080544
62	-1.9289523853
63	-5.38221099554
64	-4.46648037698
65	-1.9573285971
66	-1.67778849685
67	-8.04986924235
68	-4.9442646498
69	-1.96322017198
70	-10.6270002472
71	-1.9573285971
72	-1.96322017198
73	-1.82629885108
74	-1.9573285971
75	-11.2763234127
76	-1.69170835156
77	-4.9442646498
78	-6.89733283189
79	-1.69170835156
80	-1.9573285971
81	-1.55303219346
82	-1.73787089225
83	-1.9573285971
84	-1.55303219346
85	-1.69170835156
86	-2.37649381264
87	-6.29979402326
88	-2.11513080544
89	-2.37649381264
90	-1.96322017198
91	-1.82629885108
92	-10.173729616
93	-1.96322017198
94	-10.526742497
95	-1.9289523853
96	-1.55303219346
97	-1.73787089225
98	-5.42939084813
99	-1.55303219346
100	-4.13561572317
101	-1.9289523853
102	-1.60997815286
103	-1.73787089225
104	-7.0125848106
105	-9.35753218789
106	-1.69170835156
107	-2.37649381264
108	-1.67778849685
109	-1.73787089225
110	-1.9573285971
111	-6.52166545273
112	-1.73787089225
113	-4.9442646498
114	-1.60997815286
115	-4.15730271957
116	-6.86119069291
117	-1.60997815286
118	-4.13561572317
119	-3.96033770807
120	-1.96322017198
121	-2.11513080544
122	-2.37649381264
123	-4.76240140721
124	-2.11513080544
125	-7.3947468761
126	-1.96322017198
127	-2.11513080544
128	-2.08067620241
129	-1.67778849685
130	-1.69170835156
131	-1.9573285971
132	-5.86511446404
133	-1.69170835156
134	-11.7724378707
135	-1.60997815286
136	-1.69170835156
137	-2.08067620241
138	-1.55303219346
139	-1.69170835156
140	-6.93774365448
141	-7.71880187748
142	-1.73787089225
143	-11.9291582669
144	-4.38625700519
145	-1.69170835156
146	-1.9289523853
147	-6.97915560857
148	-1.73787089225
149	-7.17915356314
150	-1.55303219346
151	-7.07737376511
152	-1.9289523853
153	-6.6703952345
154	-1.82629885108
155	-1.9289523853
156	-6.62841663176
157	-1.73787089225
158	-2.08067620241
159	-1.55303219346
160	-4.15730271957
161	-1.9289523853
162	-1.60997815286
163	-1.82629885108
164	-1.9289523853
165	-1.55303219346
166	-6.33649859246
167	-7.00720606238
168	-1.55303219346
169	-2.11513080544
170	-9.01304791498
171	-1.67778849685
172	-1.73787089225
173	-6.49227127238
174	-1.55303219346
175	-2.11513080544
176	-4.84026347001
177	-1.67778849685
178	-2.11513080544
179	-1.9573285971
180	-1.60997815286
181	-4.51939499557
182	-2.37649381264
183	-1.55303219346
184	-1.69170835156
185	-2.08067620241
186	-1.55303219346
187	-1.82629885108
188	-5.42939084813
189	-1.55303219346
190	-1.82629885108
191	-1.9289523853
192	-1.67778849685
193	-2.11513080544
194	-3.92657298596
195	-1.60997815286
196	-6.35310090502
197	-2.08067620241
198	-1.67778849685
199	-12.9227753276
200	-1.9573285971
201	-9.98595509359
202	-5.99321772743
203	-9.1682041897
204	-1.67778849685
205	-5.55970361575
206	-1.9289523853
207	-1.67778849685
208	-1.69170835156
209	-5.56270956996
210	-1.55303219346
211	-1.82629885108
212	-1.9289523853
213	-1.96322017198
214	-1.69170835156
215	-2.37649381264
216	-5.81994874781
217	-1.73787089225
218	-1.9289523853
219	-1.55303219346
220	-5.99321772743
221	-1.9573285971
222	-1.55303219346
223	-5.25074187476
224	-2.08067620241
225	-7.79511176986
226	-5.59469235048
227	-1.9289523853
228	-1.67778849685
229	-1.73787089225
230	-2.08067620241
231	-1.67778849685
232	-1.73787089225
233	-2.08067620241
234	-1.55303219346
235	-2.11513080544
236	-6.49227127238
237	-4.40099184517
238	-1.82629885108
239	-2.37649381264
240	-1.67778849685
241	-1.82629885108
242	-1.9573285971
243	-1.55303219346
244	-6.71412141362
245	-2.37649381264
246	-1.55303219346
247	-1.82629885108
248	-5.9928097119
249	-1.55303219346
250	-1.73787089225
251	-7.85467713264
252	-1.60997815286
253	-7.37956659006
254	-2.37649381264
255	-1.55303219346
256	-1.69170835156
257	-2.37649381264
258	-1.55303219346
259	-2.11513080544
260	-1.9289523853
261	-5.47311731813
262	-5.22057498697
263	-3.96033770807
264	-1.67778849685
265	-1.73787089225
266	-5.42830226468
267	-5.49255367033
268	-8.98358363459
269	-1.9573285971
270	-1.67778849685
271	-11.1547031875
272	-2.08067620241
273	-4.76240140721
274	-5.82238649837
275	-5.42939084813
276	-1.67778849685
277	-1.69170835156
278	-2.37649381264
279	-1.60997815286
280	-5.82238649837
281	-1.9289523853
282	-1.60997815286
283	-6.738227486
284	-2.37649381264
285	-1.55303219346
286	-8.62539950781
287	-7.0059125434
288	-1.55303219346
289	-1.73787089225
290	-2.08067620241
291	-5.85900617592
292	-1.69170835156
293	-2.37649381264
294	-10.400336896
295	-1.82629885108
296	-5.38400943752
297	-1.60997815286
298	-1.69170835156
299	-7.035555502
300	-1.67778849685
301	-2.11513080544
302	-5.69482404099
303	-1.55303219346
304	-1.69170835156
305	-2.08067620241
306	-1.60997815286
307	-5.61913302275
308	-6.86119069291
309	-1.60997815286
310	-5.83977029132
311	-1.9289523853
312	-1.67778849685
313	-5.54919841104
314	-10.3025402871
315	-1.60997815286
316	-5.82238649837
317	-6.22732664099
318	-1.60997815286
319	-1.69170835156
320	-2.37649381264
321	-7.00950266301
322	-1.73787089225
323	-2.08067620241
324	-6.48653441593
325	-1.73787089225
326	-2.08067620241
327	-1.60997815286
328	-1.73787089225
329	-5.80563900036
330	-6.4567924367
331	-10.4701797153
332	-2.37649381264
333	-1.96322017198
334	-4.51939499557
335	-6.50533493187
336	-1.60997815286
337	-1.82629885108
338	-2.08067620241
339	-1.60997815286
340	-1.82629885108
341	-2.08067620241
342	-5.47311731813
343	-1.82629885108
344	-1.9573285971
345	-1.96322017198
346	-4.15730271957
347	-6.66796758275
348	-1.55303219346
349	-1.73787089225
350	-7.16398011002
351	-1.60997815286
352	-2.11513080544
353	-5.31900079387
354	-1.55303219346
355	-1.73787089225
356	-1.9289523853
357	-1.55303219346
358	-1.82629885108
359	-2.08067620241
360	-1.55303219346
361	-1.69170835156
362	-1.9573285971
363	-1.67778849685
364	-1.73787089225
365	-7.92804417374
366	-1.67778849685
367	-1.73787089225
368	-1.9289523853
369	-1.55303219346
370	-4.46648037698
371	-3.96033770807
372	-1.60997815286
373	-6.64216235512
374	-1.9289523853
375	-1.55303219346
376	-10.1938215287
377	-5.01444798291
378	-6.6703952345
379	-5.10119695615
380	-1.9289523853
381	-1.60997815286
382	-5.24924165032
383	-6.71769447513
384	-1.60997815286
385	-7.24197094217
386	-1.9573285971
387	-1.55303219346
388	-5.92228282975
389	-2.37649381264
390	-1.55303219346
391	-1.73787089225
392	-2.08067620241
393	-1.67778849685
394	-6.69752758558
395	-5.97551596869
396	-1.96322017198
397	-1.69170835156
398	-3.96033770807
399	-1.60997815286
400	-2.11513080544
401	-2.37649381264
402	-1.67778849685
403	-7.24197094217
404	-5.69482404099
405	-1.60997815286
406	-10.8399762646
407	-1.9289523853
408	-6.97915560857
409	-2.11513080544
410	-1.9573285971
411	-1.60997815286
412	-6.44018826614
413	-7.96965006302
414	-9.99145193125
415	-1.73787089225
416	-5.31706242703
417	-1.67778849685
418	-7.55850580832
419	-2.08067620241
420	-1.67778849685
421	-1.82629885108
422	-1.9573285971
423	-4.76240140721
424	-5.25074187476
425	-1.9573285971
426	-10.0899562734
427	-1.69170835156
428	-1.9573285971
429	-1.55303219346
430	-5.20519813594
431	-1.9573285971
432	-1.55303219346
433	-1.73787089225
434	-2.37649381264
435	-1.67778849685
436	-2.11513080544
437	-5.42939084813
438	-1.67778849685
439	-1.82629885108
440	-5.69482404099
441	-1.96322017198
442	-2.11513080544
443	-2.08067620241
444	-9.78152188665
445	-1.69170835156
446	-6.65403687169
447	-1.55303219346
448	-5.83977029132
449	-8.12744221086
450	-1.96322017198
451	-1.82629885108
452	-1.9289523853
453	-7.19994727601
454	-1.69170835156
455	-2.37649381264
456	-5.49255367033
457	-6.6029138266
458	-1.9289523853
459	-1.55303219346
460	-2.11513080544
461	-2.37649381264
462	-1.55303219346
463	-1.82629885108
464	-2.37649381264
465	-1.67778849685
466	-6.1740926009
467	-3.96033770807
468	-1.55303219346
469	-2.11513080544
470	-5.31706242703
