#Site	lnL	
0	-2.20555360708
1	-6.31032435091
2	-2.57042810523
3	-8.60059152908
4	-5.35105065878
5	-2.52471334965
6	-2.20555360708
7	-2.56890781331
8	-2.57042810523
9	-2.20555360708
10	-2.26054546749
11	-9.02686716364
12	-5.48850282249
13	-5.91264936174
14	-2.57042810523
15	-2.09026098471
16	-6.58834048404
17	-2.39194348383
18	-5.64061005066
19	-2.38563449093
20	-2.39194348383
21	-2.09026098471
22	-7.39453822503
23	-9.63884221859
24	-10.694996322
25	-2.38563449093
26	-2.39194348383
27	-2.2455188943
28	-2.56890781331
29	-5.73700439959
30	-2.20555360708
31	-11.6767710363
32	-2.71829615047
33	-5.64161604873
34	-10.1096775243
35	-2.52471334965
36	-6.17140235258
37	-7.40817145165
38	-10.1325296102
39	-2.09026098471
40	-2.56890781331
41	-2.52471334965
42	-2.2455188943
43	-2.26054546749
44	-6.72246491092
45	-2.09026098471
46	-2.26054546749
47	-2.57042810523
48	-2.2455188943
49	-2.56890781331
50	-7.50792630832
51	-2.09026098471
52	-2.56890781331
53	-5.87952315189
54	-2.09026098471
55	-2.26054546749
56	-5.71917570131
57	-2.37572150849
58	-2.38563449093
59	-2.39194348383
60	-2.2455188943
61	-2.56890781331
62	-2.71829615047
63	-2.2455188943
64	-2.26054546749
65	-2.52471334965
66	-2.20555360708
67	-7.15305267045
68	-2.52471334965
69	-2.20555360708
70	-6.12972556681
71	-2.39194348383
72	-2.2455188943
73	-5.38216546158
74	-2.39194348383
75	-7.74239477758
76	-7.99921242742
77	-2.52471334965
78	-2.09026098471
79	-5.99838898556
80	-2.39194348383
81	-6.47213250095
82	-2.42881979985
83	-5.83551356146
84	-2.09026098471
85	-6.5689471188
86	-2.39194348383
87	-2.37572150849
88	-2.42881979985
89	-2.39194348383
90	-2.2455188943
91	-2.26054546749
92	-2.52471334965
93	-2.37572150849
94	-2.38563449093
95	-2.52471334965
96	-2.37572150849
97	-2.26054546749
98	-2.39194348383
99	-2.37572150849
100	-2.56890781331
101	-2.57042810523
102	-2.2455188943
103	-2.38563449093
104	-6.76763436671
105	-2.2455188943
106	-9.7414379841
107	-2.39194348383
108	-7.4172369715
109	-2.42881979985
110	-2.39194348383
111	-2.20555360708
112	-6.03269287568
113	-2.39194348383
114	-2.09026098471
115	-2.56890781331
116	-5.06199497309
117	-2.09026098471
118	-2.26054546749
119	-2.52471334965
120	-10.0362478579
121	-2.56890781331
122	-7.34117591552
123	-2.09026098471
124	-12.9470922759
125	-14.1763180446
126	-6.00368739947
127	-2.56890781331
128	-2.39194348383
129	-2.37572150849
130	-2.42881979985
131	-5.06199497309
132	-2.20555360708
133	-2.26054546749
134	-2.57042810523
135	-14.271570192
136	-2.56890781331
137	-2.39194348383
138	-2.09026098471
139	-2.38563449093
140	-2.52471334965
141	-2.2455188943
142	-6.5689471188
143	-5.71917570131
144	-8.31541140587
145	-6.30162874193
146	-5.56084678705
147	-7.42732697194
148	-2.56890781331
149	-2.52471334965
150	-2.37572150849
151	-2.26054546749
152	-2.57042810523
153	-2.20555360708
154	-6.03269287568
155	-2.57042810523
156	-2.09026098471
157	-2.26054546749
158	-2.71829615047
159	-2.09026098471
160	-2.42881979985
161	-6.72369480867
162	-2.09026098471
163	-2.26054546749
164	-5.87952315189
165	-2.20555360708
166	-2.26054546749
167	-2.71829615047
168	-2.09026098471
169	-2.42881979985
170	-2.39194348383
171	-6.31763521342
172	-2.26054546749
173	-12.8461062838
174	-2.2455188943
175	-2.56890781331
176	-2.52471334965
177	-2.37572150849
178	-2.26054546749
179	-2.71829615047
180	-5.48748909956
181	-2.26054546749
182	-9.36292567824
183	-2.09026098471
184	-8.62061723531
185	-6.72369480867
186	-2.20555360708
187	-2.38563449093
188	-2.71829615047
189	-2.09026098471
190	-6.62911109902
191	-2.71829615047
192	-2.09026098471
193	-2.26054546749
194	-5.08864370895
195	-2.37572150849
196	-10.476856423
197	-9.38062903113
198	-2.20555360708
199	-2.42881979985
200	-2.52471334965
201	-2.37572150849
202	-11.2521045406
203	-5.71917570131
204	-2.37572150849
205	-7.11518736678
206	-5.26010681303
207	-2.20555360708
208	-2.42881979985
209	-6.72369480867
210	-5.64161604873
211	-2.38563449093
212	-2.57042810523
213	-2.2455188943
214	-2.56890781331
215	-7.4242166958
216	-7.42732697194
217	-7.41993256281
218	-2.71829615047
219	-2.09026098471
220	-6.03269287568
221	-2.57042810523
222	-2.37572150849
223	-5.24994811024
224	-8.82539908418
225	-2.20555360708
226	-2.26054546749
227	-2.52471334965
228	-2.2455188943
229	-13.0050556501
230	-2.57042810523
231	-2.2455188943
232	-2.26054546749
233	-2.57042810523
234	-6.61295618468
235	-5.34579146585
236	-5.08864370895
237	-6.30278395972
238	-5.87195747429
239	-2.52471334965
240	-2.2455188943
241	-5.69931256512
242	-2.57042810523
243	-2.37572150849
244	-2.38563449093
245	-5.73700439959
246	-2.37572150849
247	-7.47685570875
248	-2.39194348383
249	-2.37572150849
250	-5.24994811024
251	-15.2364624988
252	-2.09026098471
253	-8.32288930105
254	-5.9093797641
255	-2.20555360708
256	-2.26054546749
257	-2.39194348383
258	-2.37572150849
259	-2.56890781331
260	-2.39194348383
261	-10.9140484461
262	-2.42881979985
263	-2.57042810523
264	-2.09026098471
265	-2.56890781331
266	-7.24766013354
267	-10.8710766198
268	-2.38563449093
269	-2.39194348383
270	-2.09026098471
271	-2.56890781331
272	-7.37359856221
273	-2.09026098471
274	-2.38563449093
275	-2.57042810523
276	-2.2455188943
277	-2.42881979985
278	-2.71829615047
279	-2.09026098471
280	-10.2300364699
281	-2.57042810523
282	-2.37572150849
283	-5.96754281798
284	-2.57042810523
285	-2.09026098471
286	-2.38563449093
287	-2.57042810523
288	-2.2455188943
289	-2.38563449093
290	-2.57042810523
291	-2.20555360708
292	-2.38563449093
293	-2.57042810523
294	-2.2455188943
295	-2.38563449093
296	-9.25691396346
297	-2.37572150849
298	-2.38563449093
299	-2.57042810523
300	-2.20555360708
301	-2.38563449093
302	-2.52471334965
303	-2.09026098471
304	-6.57988132973
305	-2.52471334965
306	-2.2455188943
307	-7.15305267045
308	-2.71829615047
309	-5.48850282249
310	-6.18467500993
311	-2.71829615047
312	-2.37572150849
313	-2.38563449093
314	-5.06199497309
315	-5.48748909956
316	-2.56890781331
317	-2.71829615047
318	-5.64061005066
319	-5.38216546158
320	-2.39194348383
321	-7.40075226387
322	-5.8940425917
323	-2.52471334965
324	-2.2455188943
325	-6.12972556681
326	-5.75574622109
327	-5.64061005066
328	-6.83919181877
329	-2.39194348383
330	-17.9750134207
331	-2.26054546749
332	-6.45094861099
333	-2.2455188943
334	-2.26054546749
335	-5.08864370895
336	-2.09026098471
337	-5.21025953752
338	-2.52471334965
339	-2.2455188943
340	-2.26054546749
341	-5.77947972536
342	-2.09026098471
343	-2.26054546749
344	-6.18697741074
345	-2.2455188943
346	-5.34475600736
347	-2.52471334965
348	-2.37572150849
349	-2.42881979985
350	-2.52471334965
351	-2.20555360708
352	-2.56890781331
353	-2.39194348383
354	-2.20555360708
355	-6.35182750694
356	-5.59031858081
357	-11.2514696028
358	-9.51501916341
359	-2.71829615047
360	-2.20555360708
361	-6.30162874193
362	-2.39194348383
363	-2.09026098471
364	-6.31032435091
365	-11.5767942005
366	-2.20555360708
367	-2.42881979985
368	-6.96765989158
369	-2.09026098471
370	-2.42881979985
371	-2.39194348383
372	-2.20555360708
373	-2.38563449093
374	-5.73700439959
375	-2.09026098471
376	-2.56890781331
377	-2.39194348383
378	-2.37572150849
379	-2.38563449093
380	-7.63141344625
381	-2.2455188943
382	-2.56890781331
383	-2.39194348383
384	-7.75649388793
385	-2.38563449093
386	-2.71829615047
387	-8.58966011022
388	-11.1561356166
389	-9.78991444654
390	-2.2455188943
391	-5.69931256512
392	-5.83551356146
393	-2.20555360708
394	-5.34579146585
395	-7.76917351947
396	-6.57561438156
397	-2.56890781331
398	-5.87507587397
399	-2.09026098471
400	-2.42881979985
401	-2.57042810523
402	-2.20555360708
403	-10.5241924956
404	-2.52471334965
405	-2.2455188943
406	-5.34475600736
407	-2.57042810523
408	-5.63717704371
409	-5.38216546158
410	-10.4745206153
411	-6.85426575372
412	-2.56890781331
413	-2.39194348383
414	-2.20555360708
415	-5.38216546158
416	-2.71829615047
417	-7.75005970532
418	-2.42881979985
419	-2.71829615047
420	-2.09026098471
421	-2.56890781331
422	-7.29218021518
423	-6.57357216323
424	-2.26054546749
425	-2.57042810523
426	-2.09026098471
427	-2.56890781331
428	-2.52471334965
429	-2.2455188943
430	-2.38563449093
431	-5.59515067717
432	-2.09026098471
433	-5.73361645524
434	-2.52471334965
435	-2.20555360708
436	-5.38216546158
437	-5.21805096412
438	-2.09026098471
439	-2.42881979985
440	-2.52471334965
441	-2.2455188943
442	-7.38739138579
443	-2.39194348383
444	-7.74239477758
445	-2.42881979985
446	-2.39194348383
447	-2.09026098471
448	-5.34579146585
449	-2.71829615047
450	-6.61295618468
451	-2.42881979985
452	-9.25850882183
453	-6.01844158973
454	-2.56890781331
455	-6.45094861099
456	-2.09026098471
457	-2.42881979985
458	-7.88762049058
459	-11.6757581832
460	-2.42881979985
461	-2.71829615047
462	-7.38293308138
463	-2.56890781331
464	-2.57042810523
465	-2.09026098471
466	-2.56890781331
467	-2.52471334965
468	-5.64061005066
469	-7.88758828045
470	-5.73700439959
