# log_p 	 lnL 	 
0.0	-1653.90280711	
-0.287682072452	-1653.1104058	
-0.510825623766	-1652.33552119	
-0.69314718056	-1651.62250498	
-0.847297860387	-1650.98130551	
-0.980829253012	-1650.41068978	
-1.09861228867	-1649.90513266	
-1.20397280433	-1649.45749532	
-1.29928298413	-1649.06033779	
-1.38629436112	-1648.70659233	
-1.46633706879	-1648.3898767	
-1.54044504095	-1648.10460157	
-1.60943791243	-1647.84596679	
-1.67397643357	-1647.60990318	
-1.73460105539	-1647.39299184	
-1.79175946923	-1647.19237826	
-1.8458266905	-1647.00568983	
-1.89711998489	-1646.83096065	
-1.94591014906	-1646.66656501	
-1.99243016469	-1646.5111598	
-2.03688192726	-1646.3636352	
-2.07944154168	-1646.22307305	
-2.1202635362	-1646.088712	
-2.15948424935	-1645.95991846	
-2.19722457734	-1645.83616278	
-2.23359222151	-1645.71699968	
-2.26868354132	-1645.60205232	
-2.30258509299	-1645.49099947	
-2.33537491582	-1645.38356513	
-2.36712361413	-1645.27951022	
-2.3978952728	-1645.17862595	
-2.42774823595	-1645.08072851	
-2.45673577282	-1644.98565482	
-2.48490664979	-1644.89325917	
-2.51230562398	-1644.80341049	
-2.53897387106	-1644.71599016	
-2.56494935746	-1644.63089027	
-2.59026716545	-1644.54801216	
-2.61495977804	-1644.46726523	
-2.63905732962	-1644.38856598	
-2.66258782703	-1644.31183718	
-2.68557734525	-1644.23700715	
-2.7080502011	-1644.16400919	
-2.73002910782	-1644.09278105	
-2.75153531304	-1644.02326448	
-2.77258872224	-1643.95540487	
-2.79320800944	-1643.88915083	
-2.81341071676	-1643.82445396	
-2.83321334406	-1643.76126852	
-2.85263142991	-1643.6995512	
-2.87167962488	-1643.63926091	
-2.8903717579	-1643.58035857	
-2.90872089656	-1643.52280692	
-2.92673940207	-1643.4665704	
-2.94443897917	-1643.41161496	
-2.96183072188	-1643.35790796	
-2.97892515524	-1643.30541804	
-2.99573227355	-1643.25411506	
-3.01226157551	-1643.20396993	
-3.02852209638	-1643.15495459	
-3.04452243772	-1643.10704193	
-3.06027079469	-1643.0602057	
-3.07577498123	-1643.01442046	
-3.09104245336	-1642.96966155	
-3.10608033072	-1642.92590502	
-3.12089541651	-1642.88312759	
-3.13549421593	-1642.84130664	
-3.14988295338	-1642.80042013	
-3.16406758837	-1642.76044663	
-3.17805383035	-1642.72136523	
-3.19184715248	-1642.68315558	
-3.20545280454	-1642.64579782	
-3.21887582487	-1642.60927258	
-3.23212105162	-1642.57356096	
-3.24519313319	-1642.53864453	
-3.25809653802	-1642.50450529	
-3.2708355638	-1642.47112567	
-3.28341434601	-1642.43848852	
-3.295836866	-1642.4065771	
-3.3081069586	-1642.37537504	
-3.32022831913	-1642.34486639	
-3.33220451018	-1642.31503554	
-3.34403896782	-1642.28586727	
-3.35573500759	-1642.25734671	
-3.36729582999	-1642.22945934	
-3.37872452581	-1642.20219098	
-3.39002408106	-1642.17552778	
-3.40119738166	-1642.14945622	
-3.41224721785	-1642.12396309	
-3.42317628838	-1642.09903552	
-3.43398720449	-1642.0746609	
-3.4446824936	-1642.05082695	
-3.45526460293	-1642.02752168	
-3.4657359028	-1642.00473338	
-3.47609868984	-1641.98245061	
-3.48635519	-1641.9606622	
-3.49650756147	-1641.93935728	
-3.50655789732	-1641.91852519	
-3.51650822817	-1641.89815556	
-3.52636052462	-1641.87823827	
-3.53611669956	-1641.85876341	
-3.54577861047	-1641.83972134	
-3.55534806149	-1641.82110263	
-3.56482680544	-1641.8028981	
-3.57421654579	-1641.78509876	
-3.58351893846	-1641.76769586	
-3.59273559356	-1641.75068084	
-3.60186807712	-1641.73404536	
-3.61091791264	-1641.71778129	
-3.61988658263	-1641.70188066	
-3.62877553004	-1641.68633573	
-3.63758615973	-1641.67113891	
-3.6463198397	-1641.65628282	
-3.65497790244	-1641.64176025	
-3.66356164613	-1641.62756414	
-3.6720723358	-1641.61368763	
-3.68051120444	-1641.60012401	
-3.68887945411	-1641.58686672	
-3.69717825693	-1641.57390938	
-3.70540875607	-1641.56124572	
-3.7135720667	-1641.54886967	
-3.72166927694	-1641.53677527	
-3.72970144863	-1641.52495671	
-3.73766961828	-1641.51340831	
-3.74557479779	-1641.50212454	
-3.75341797525	-1641.49109999	
-3.76120011569	-1641.48032936	
-3.76892216179	-1641.46980751	
-3.77658503453	-1641.45952939	
-3.78418963392	-1641.44949008	
-3.79173683955	-1641.43968477	
-3.79922751128	-1641.43010876	
-3.80666248977	-1641.42075748	
-3.81404259707	-1641.41162642	
-3.82136863716	-1641.40271123	
-3.82864139649	-1641.39400761	
-3.83586164446	-1641.38551139	
-3.84303013394	-1641.37721848	
-3.85014760171	-1641.36912488	
-3.85721476893	-1641.36122671	
-3.86423234159	-1641.35352013	
-3.87120101091	-1641.34600144	
-3.87812145375	-1641.33866697	
-3.88499433304	-1641.33151317	
-3.89182029811	-1641.32453656	
-3.8985999851	-1641.31773374	
-3.90533401728	-1641.31110137	
-3.91202300543	-1641.3046362	
-3.91866754815	-1641.29833504	
-3.92526823218	-1641.29219479	
-3.93182563272	-1641.2862124	
-3.93834031375	-1641.28038488	
-3.94481282825	-1641.27470934	
-3.95124371858	-1641.26918291	
-3.95763351668	-1641.26380282	
-3.96398274436	-1641.25856633	
-3.97029191355	-1641.25347078	
-3.97656152657	-1641.24851355	
-3.98279207632	-1641.24369209	
-3.98898404656	-1641.2390039	
-3.99513791214	-1641.23444653	
-4.00125413916	-1641.23001759	
-4.00733318523	-1641.22571473	
-4.01337549969	-1641.22153566	
-4.01938152375	-1641.21747813	
-4.02535169074	-1641.21353994	
-4.03128642625	-1641.20971893	
-4.03718614838	-1641.20601301	
-4.04305126783	-1641.20242009	
-4.04888218815	-1641.19893817	
-4.05467930583	-1641.19556525	
-4.06044301055	-1641.1922994	
-4.06617368526	-1641.18913872	
-4.07187170637	-1641.18608135	
-4.07753744391	-1641.18312546	
-4.08317126162	-1641.18026927	
-4.08877351717	-1641.17751103	
-4.09434456222	-1641.17484901	
-4.0998847426	-1641.17228155	
-4.10539439841	-1641.16980698	
-4.11087386417	-1641.16742371	
-4.11632346894	-1641.16513014	
-4.12174353641	-1641.16292473	
-4.12713438505	-1641.16080596	
-4.13249632819	-1641.15877233	
-4.13782967416	-1641.15682238	
-4.14313472639	-1641.15495469	
-4.14841178349	-1641.15316785	
-4.15366113938	-1641.15146048	
-4.15888308336	-1641.14983123	
-4.16407790024	-1641.14827877	
-4.1692458704	-1641.14680182	
-4.1743872699	-1641.14539909	
-4.17950237056	-1641.14406933	
-4.18459144007	-1641.14281133	
-4.18965474203	-1641.14162387	
-4.19469253606	-1641.14050578	
-4.19970507788	-1641.13945591	
-4.20469261939	-1641.1384731	
-4.20965540873	-1641.13755627	
-4.21459369037	-1641.1367043	
-4.21950770518	-1641.13591612	
-4.22439769047	-1641.1351907	
-4.22926388012	-1641.13452698	
-4.2341065046	-1641.13392396	
-4.23892579103	-1641.13338064	
-4.2437219633	-1641.13289605	
-4.24849524205	-1641.13246922	
-4.25324584481	-1641.13209922	
-4.257973986	-1641.13178512	
-4.26267987704	-1641.13152601	
-4.26736372635	-1641.131321	
-4.27202573946	-1641.13116921	
-4.27666611902	-1641.1310698	
-4.28128506487	-1641.13102191	
-4.28588277412	-1641.13102471	
-4.29045944115	-1641.13107739	
-4.29501525768	-1641.13117915	
-4.29955041285	-1641.13132921	
-4.3040650932	-1641.1315268	
-4.30855948279	-1641.13177115	
-4.31303376319	-1641.13206152	
-4.31748811354	-1641.13239718	
-4.3219227106	-1641.13277742	
-4.32633772881	-1641.13320152	
-4.33073334029	-1641.13366879	
-4.33510971489	-1641.13417856	
-4.33946702026	-1641.13473014	
-4.34380542185	-1641.13532289	
-4.348125083	-1641.13595615	
-4.3524261649	-1641.13662929	
-4.35670882669	-1641.13734168	
-4.36097322548	-1641.13809272	
-4.36521951636	-1641.13888179	
-4.36944785247	-1641.1397083	
-4.373658385	-1641.14057166	
-4.37785126326	-1641.14147132	
-4.38202663467	-1641.14240669	
-4.38618464482	-1641.14337722	
-4.39032543749	-1641.14438238	
-4.39444915467	-1641.14542161	
-4.39855593663	-1641.14649441	
-4.40264592188	-1641.14760023	
-4.40671924726	-1641.14873859	
-4.41077604796	-1641.14990897	
-4.4148164575	-1641.15111088	
-4.4188406078	-1641.15234383	
-4.42284862919	-1641.15360736	
-4.42684065046	-1641.15490098	
-4.43081679884	-1641.15622424	
-4.43477720006	-1641.15757668	
-4.43872197835	-1641.15895785	
-4.44265125649	-1641.16036732	
-4.44656515581	-1641.16180465	
-4.45046379623	-1641.16326942	
-4.45434729625	-1641.16476121	
-4.45821577303	-1641.1662796	
-4.46206934235	-1641.16782418	
-4.46590811865	-1641.16939457	
-4.46973221509	-1641.17099037	
-4.47354174351	-1641.17261118	
-4.47733681448	-1641.17425664	
-4.48111753732	-1641.17592636	
-4.48488402011	-1641.17761997	
-4.48863636973	-1641.17933712	
-4.49237469184	-1641.18107744	
-4.49609909093	-1641.18284059	
-4.49980967033	-1641.18462622	
-4.50350653221	-1641.18643398	
-4.50718977763	-1641.18826354	
-4.51085950652	-1641.19011458	
-4.51451581772	-1641.19198676	
-4.518158809	-1641.19387977	
-4.52178857705	-1641.19579328	
-4.52540521752	-1641.197727	
-4.52900882502	-1641.19968061	
-4.53259949315	-1641.20165382	
-4.5361773145	-1641.20364632	
-4.53974238067	-1641.20565782	
-4.54329478227	-1641.20768805	
-4.54683460898	-1641.2097367	
-4.55036194949	-1641.21180351	
-4.5538768916	-1641.2138882	
-4.55737952215	-1641.2159905	
-4.56086992709	-1641.21811014	
-4.56434819147	-1641.22024687	
-4.56781439944	-1641.22240041	
-4.57126863431	-1641.22457052	
-4.5747109785	-1641.22675695	
-4.5781415136	-1641.22895944	
-4.58156032035	-1641.23117776	
-4.58496747867	-1641.23341166	
-4.58836306767	-1641.23566091	
-4.59174716566	-1641.23792528	
-4.59511985013	-1641.24020453	
-4.59848119784	-1641.24249843	
-4.60183128472	-1641.24480678	
-4.60517018599	-1641.24712934	
-4.60849797608	-1641.2494659	
-4.61181472871	-1641.25181625	
-4.61512051684	-1641.25418017	
-4.61841541274	-1641.25655746	
-4.62169948794	-1641.25894792	
-4.62497281328	-1641.26135134	
-4.62823545892	-1641.26376752	
-4.63148749431	-1641.26619628	
-4.63472898823	-1641.26863741	
-4.63796000881	-1641.27109072	
-4.64118062351	-1641.27355604	
-4.64439089914	-1641.27603316	
-4.64759090187	-1641.27852193	
-4.65078069724	-1641.28102214	
-4.65396035016	-1641.28353363	
-4.65712992492	-1641.28605622	
-4.66028948521	-1641.28858974	
-4.66343909411	-1641.29113402	
-4.66657881412	-1641.2936889	
-4.66970870713	-1641.2962542	
-4.67282883446	-1641.29882977	
-4.67593925688	-1641.30141544	
-4.67904003455	-1641.30401106	
-4.68213122712	-1641.30661647	
-4.68521289366	-1641.30923152	
-4.6882850927	-1641.31185606	
-4.69134788223	-1641.31448994	
-4.69440131972	-1641.317133	
-4.6974454621	-1641.31978511	
-4.70048036579	-1641.32244612	
-4.70350608671	-1641.32511589	
-4.70652268025	-1641.32779428	
-4.70953020131	-1641.33048115	
-4.71252870431	-1641.33317637	
-4.71551824316	-1641.33587981	
-4.7184988713	-1641.33859133	
-4.72147064168	-1641.3413108	
-4.72443360681	-1641.34403809	
-4.72738781871	-1641.34677308	
-4.73033332894	-1641.34951564	
-4.73327018862	-1641.35226565	
-4.73619844839	-1641.35502299	
-4.7391181585	-1641.35778753	
-4.74202936871	-1641.36055917	
-4.74493212836	-1641.36333778	
-4.74782648639	-1641.36612324	
-4.75071249128	-1641.36891545	
-4.75359019111	-1641.37171429	
-4.75645963353	-1641.37451965	
-4.75932086582	-1641.37733143	
-4.7621739348	-1641.3801495	
-4.76501888693	-1641.38297378	
-4.76785576827	-1641.38580415	
-4.77068462447	-1641.38864051	
-4.77350550081	-1641.39148276	
-4.77631844218	-1641.3943308	
-4.77912349311	-1641.39718453	
-4.78192069773	-1641.40004384	
-4.78471009982	-1641.40290865	
-4.78749174278	-1641.40577886	
-4.79026566966	-1641.40865438	
-4.79303192316	-1641.4115351	
-4.7957905456	-1641.41442094	
-4.79854157897	-1641.41731181	
-4.80128506491	-1641.42020762	
-4.80402104473	-1641.42310829	
-4.80674955939	-1641.42601371	
-4.8094706495	-1641.42892382	
-4.81218435537	-1641.43183852	
-4.81489071697	-1641.43475773	
-4.81758977394	-1641.43768136	
-4.82028156561	-1641.44060935	
-4.82296613098	-1641.44354159	
-4.82564350875	-1641.44647803	
-4.8283137373	-1641.44941857	
-4.83097685472	-1641.45236314	
-4.83363289878	-1641.45531166	
-4.83628190695	-1641.45826407	
-4.83892391641	-1641.46122027	
-4.84155896405	-1641.46418021	
-4.84418708646	-1641.46714381	
-4.84680831994	-1641.47011099	
-4.84942270051	-1641.47308169	
-4.85203026392	-1641.47605583	
-4.85463104562	-1641.47903335	
-4.8572250808	-1641.48201418	
-4.85981240436	-1641.48499825	
-4.86239305096	-1641.4879855	
-4.86496705495	-1641.49097586	
-4.86753445046	-1641.49396926	
-4.87009527132	-1641.49696564	
-4.87264955112	-1641.49996495	
-4.8751973232	-1641.50296711	
-4.87773862063	-1641.50597206	
-4.88027347623	-1641.50897975	
-4.88280192259	-1641.51199011	
-4.88532399202	-1641.51500309	
-4.88783971662	-1641.51801863	
-4.89034912822	-1641.52103667	
-4.89285225844	-1641.52405714	
-4.89534913864	-1641.52708001	
-4.89783979995	-1641.53010521	
-4.90032427328	-1641.53313268	
-4.90280258929	-1641.53616237	
-4.90527477844	-1641.53919424	
-4.90774087093	-1641.54222822	
-4.91020089677	-1641.54526426	
-4.91265488574	-1641.54830232	
-4.91510286737	-1641.55134233	
-4.91754487103	-1641.55438426	
-4.91998092583	-1641.55742805	
-4.92241106068	-1641.56047366	
-4.92483530429	-1641.56352103	
-4.92725368516	-1641.56657011	
-4.92966623156	-1641.56962087	
-4.93207297159	-1641.57267325	
-4.93447393313	-1641.57572721	
-4.93686914386	-1641.5787827	
-4.93925863125	-1641.58183967	
-4.94164242261	-1641.58489809	
-4.94402054501	-1641.58795791	
-4.94639302537	-1641.59101909	
-4.94875989038	-1641.59408158	
-4.95112116656	-1641.59714534	
-4.95347688026	-1641.60021033	
-4.9558270576	-1641.60327651	
-4.95817172456	-1641.60634384	
-4.96051090691	-1641.60941227	
-4.96284463026	-1641.61248178	
-4.96517292002	-1641.61555231	
-4.96749580144	-1641.61862384	
-4.96981329958	-1641.62169632	
-4.97212543933	-1641.62476971	
-4.97443224543	-1641.62784398	
-4.97673374242	-1641.6309191	
-4.97902995468	-1641.63399501	
-4.98132090643	-1641.6370717	
-4.98360662171	-1641.64014912	
-4.98588712441	-1641.64322724	
-4.98816243824	-1641.64630603	
-4.99043258678	-1641.64938545	
-4.99269759341	-1641.65246546	
-4.99495748138	-1641.65554603	
-4.99721227376	-1641.65862714	
-4.9994619935	-1641.66170874	
-5.00170666335	-1641.66479081	
-5.00394630595	-1641.66787332	
-5.00618094375	-1641.67095622	
-5.00841059907	-1641.6740395	
-5.0106352941	-1641.67712312	
-5.01285505083	-1641.68020706	
-5.01506989116	-1641.68329127	
-5.01727983681	-1641.68637574	
-5.01948490937	-1641.68946043	
-5.02168513028	-1641.69254531	
-5.02388052085	-1641.69563036	
-5.02607110223	-1641.69871555	
-5.02825689545	-1641.70180085	
-5.03043792139	-1641.70488624	
-5.03261420082	-1641.70797167	
-5.03478575433	-1641.71105714	
-5.03695260241	-1641.71414262	
-5.03911476542	-1641.71722806	
-5.04127226356	-1641.72031347	
-5.04342511692	-1641.72339879	
-5.04557334546	-1641.72648402	
-5.047716969	-1641.72956913	
-5.04985600725	-1641.73265408	
-5.05199047978	-1641.73573887	
-5.05412040604	-1641.73882346	
-5.05624580535	-1641.74190783	
-5.05836669692	-1641.74499195	
-5.06048309982	-1641.74807581	
-5.06259503303	-1641.75115939	
-5.06470251537	-1641.75424265	
-5.06680556556	-1641.75732558	
-5.06890420222	-1641.76040815	
-5.07099844382	-1641.76349034	
-5.07308830874	-1641.76657214	
-5.07517381523	-1641.76965352	
-5.07725498144	-1641.77273446	
-5.07933182538	-1641.77581494	
-5.08140436498	-1641.77889494	
-5.08347261805	-1641.78197444	
-5.08553660227	-1641.78505342	
-5.08759633523	-1641.78813185	
-5.08965183441	-1641.79120973	
-5.09170311719	-1641.79428703	
-5.09375020081	-1641.79736373	
-5.09579310244	-1641.80043982	
-5.09783183913	-1641.80351527	
-5.09986642782	-1641.80659006	
-5.10189688537	-1641.80966419	
-5.10392322852	-1641.81273763	
-5.1059454739	-1641.81581036	
-5.10796363806	-1641.81888237	
-5.10997773743	-1641.82195364	
-5.11198778836	-1641.82502415	
-5.11399380708	-1641.82809389	
-5.11599580975	-1641.83116284	
-5.11799381242	-1641.83423098	
-5.11998783102	-1641.8372983	
-5.12197788143	-1641.84036478	
-5.1239639794	-1641.84343041	
-5.12594614061	-1641.84649516	
-5.12792438062	-1641.84955904	
-5.12989871492	-1641.85262201	
-5.13186915891	-1641.85568407	
-5.13383572788	-1641.8587452	
-5.13579843705	-1641.86180538	
-5.13775730154	-1641.86486461	
-5.13971233637	-1641.86792286	
-5.1416635565	-1641.87098013	
-5.14361097679	-1641.87403639	
-5.145554612	-1641.87709165	
-5.14749447681	-1641.88014587	
-5.14943058584	-1641.88319906	
-5.15136295359	-1641.88625119	
-5.1532915945	-1641.88930225	
-5.15521652291	-1641.89235224	
-5.15713775309	-1641.89540113	
-5.15905529921	-1641.89844892	
-5.1609691754	-1641.90149559	
-5.16287939565	-1641.90454113	
-5.16478597392	-1641.90758554	
-5.16668892407	-1641.91062878	
-5.16858825987	-1641.91367087	
-5.17048399504	-1641.91671178	
-5.17237614319	-1641.9197515	
-5.17426471788	-1641.92279002	
-5.17614973257	-1641.92582733	
-5.17803120067	-1641.92886342	
-5.1799091355	-1641.93189828	
-5.18178355029	-1641.9349319	
-5.18365445823	-1641.93796426	
-5.1855218724	-1641.94099536	
-5.18738580584	-1641.94402519	
-5.18924627149	-1641.94705374	
-5.19110328224	-1641.95008099	
-5.19295685089	-1641.95310693	
-5.19480699018	-1641.95613156	
-5.19665371277	-1641.95915487	
-5.19849703127	-1641.96217685	
-5.20033695819	-1641.96519749	
-5.202173506	-1641.96821677	
-5.20400668708	-1641.9712347	
-5.20583651375	-1641.97425125	
-5.20766299828	-1641.97726643	
-5.20948615284	-1641.98028022	
-5.21130598956	-1641.98329261	
-5.21312252048	-1641.9863036	
-5.21493575761	-1641.98931318	
-5.21674571285	-1641.99232133	
-5.21855239808	-1641.99532806	
-5.22035582508	-1641.99833335	
-5.22215600558	-1642.0013372	
-5.22395295126	-1642.00433959	
-5.22574667371	-1642.00734052	
-5.22753718449	-1642.01033998	
-5.22932449506	-1642.01333797	
-5.23110861685	-1642.01633447	
-5.23288956123	-1642.01932949	
-5.23466733947	-1642.022323	
-5.23644196283	-1642.02531501	
-5.23821344248	-1642.02830551	
-5.23998178954	-1642.03129448	
-5.24174701506	-1642.03428193	
-5.24350913005	-1642.03726785	
-5.24526814546	-1642.04025223	
-5.24702407216	-1642.04323506	
-5.24877692099	-1642.04621634	
-5.25052670271	-1642.04919607	
-5.25227342805	-1642.05217422	
-5.25401710765	-1642.05515081	
-5.25575775213	-1642.05812581	
-5.25749537203	-1642.06109923	
-5.25922997784	-1642.06407107	
-5.26096158	-1642.0670413	
-5.2626901889	-1642.07000994	
-5.26441581487	-1642.07297697	
-5.26613846818	-1642.07594239	
-5.26785815906	-1642.07890618	
-5.26957489768	-1642.08186836	
-5.27128869416	-1642.0848289	
-5.27299955856	-1642.08778782	
-5.27470750091	-1642.09074509	
-5.27641253116	-1642.09370071	
-5.27811465923	-1642.09665469	
-5.27981389498	-1642.09960701	
-5.28151024823	-1642.10255768	
-5.28320372874	-1642.10550667	
-5.28489434622	-1642.108454	
-5.28658211033	-1642.11139966	
-5.28826703069	-1642.11434363	
-5.28994911688	-1642.11728593	
-5.2916283784	-1642.12022653	
-5.29330482472	-1642.12316544	
-5.29497846528	-1642.12610266	
-5.29664930945	-1642.12903818	
-5.29831736655	-1642.13197199	
-5.29998264587	-1642.13490409	
-5.30164515664	-1642.13783448	
-5.30330490806	-1642.14076315	
-5.30496190927	-1642.1436901	
-5.30661616936	-1642.14661533	
-5.3082676974	-1642.14953882	
-5.30991650239	-1642.15246059	
-5.3115625933	-1642.15538061	
-5.31320597904	-1642.1582989	
-5.3148466685	-1642.16121545	
-5.3164846705	-1642.16413024	
-5.31811999384	-1642.16704329	
-5.31975264727	-1642.16995458	
-5.32138263948	-1642.17286412	
-5.32300997914	-1642.17577189	
-5.32463467487	-1642.17867791	
-5.32625673524	-1642.18158215	
-5.32787616879	-1642.18448462	
-5.32949298402	-1642.18738533	
-5.33110718937	-1642.19028425	
-5.33271879327	-1642.1931814	
-5.33432780407	-1642.19607676	
-5.33593423012	-1642.19897034	
-5.3375380797	-1642.20186213	
-5.33913936107	-1642.20475213	
-5.34073808243	-1642.20764034	
-5.34233425196	-1642.21052675	
-5.3439278778	-1642.21341137	
-5.34551896803	-1642.21629418	
-5.34710753072	-1642.21917519	
-5.34869357387	-1642.22205439	
-5.35027710548	-1642.22493179	
-5.35185813348	-1642.22780738	
-5.35343666577	-1642.23068115	
-5.35501271022	-1642.2335531	
-5.35658627467	-1642.23642324	
-5.3581573669	-1642.23929156	
-5.35972599468	-1642.24215806	
-5.36129216571	-1642.24502274	
-5.36285588769	-1642.24788558	
-5.36441716825	-1642.25074661	
-5.36597601502	-1642.2536058	
-5.36753243557	-1642.25646315	
-5.36908643744	-1642.25931868	
-5.37063802813	-1642.26217237	
-5.37218721511	-1642.26502422	
-5.37373400583	-1642.26787424	
-5.37527840768	-1642.27072241	
-5.37682042804	-1642.27356874	
-5.37836007422	-1642.27641323	
-5.37989735354	-1642.27925587	
-5.38143227326	-1642.28209666	
-5.38296484061	-1642.28493561	
-5.38449506279	-1642.2877727	
-5.38602294697	-1642.29060794	
-5.38754850028	-1642.29344133	
-5.38907172982	-1642.29627287	
-5.39059264266	-1642.29910255	
-5.39211124583	-1642.30193037	
-5.39362754635	-1642.30475634	
-5.39514155118	-1642.30758044	
-5.39665326727	-1642.31040269	
-5.39816270152	-1642.31322307	
-5.39966986081	-1642.31604159	
-5.40117475199	-1642.31885824	
-5.40267738187	-1642.32167303	
-5.40417775725	-1642.32448596	
-5.40567588487	-1642.32729701	
-5.40717177146	-1642.3301062	
-5.40866542372	-1642.33291352	
-5.4101568483	-1642.33571897	
-5.41164605186	-1642.33852255	
-5.41313304098	-1642.34132426	
-5.41461782224	-1642.34412409	
-5.4161004022	-1642.34692205	
-5.41758078737	-1642.34971814	
-5.41905898424	-1642.35251235	
-5.42053499927	-1642.35530469	
-5.42200883889	-1642.35809515	
-5.4234805095	-1642.36088373	
-5.42495001748	-1642.36367044	
-5.42641736918	-1642.36645526	
-5.4278825709	-1642.36923821	
-5.42934562895	-1642.37201928	
-5.43080654959	-1642.37479847	
-5.43226533906	-1642.37757578	
-5.43372200355	-1642.38035122	
-5.43517654927	-1642.38312476	
-5.43662898235	-1642.38589643	
-5.43807930892	-1642.38866622	
-5.4395275351	-1642.39143412	
-5.44097366695	-1642.39420015	
-5.44241771052	-1642.39696428	
-5.44385967184	-1642.39972654	
-5.4452995569	-1642.40248691	
-5.44673737167	-1642.4052454	
-5.44817312209	-1642.40800201	
-5.44960681409	-1642.41075673	
-5.45103845357	-1642.41350957	
-5.45246804638	-1642.41626053	
-5.45389559837	-1642.4190096	
-5.45532111536	-1642.42175678	
-5.45674460314	-1642.42450208	
-5.45816606749	-1642.4272455	
-5.45958551414	-1642.42998703	
-5.46100294883	-1642.43272668	
-5.46241837723	-1642.43546445	
-5.46383180503	-1642.43820033	
-5.46524323786	-1642.44093432	
-5.46665268137	-1642.44366644	
-5.46806014114	-1642.44639666	
-5.46946562274	-1642.44912501	
-5.47086913175	-1642.45185147	
-5.47227067367	-1642.45457604	
-5.47367025403	-1642.45729874	
-5.47506787829	-1642.46001954	
-5.47646355193	-1642.46273847	
-5.47785728038	-1642.46545552	
-5.47924906905	-1642.46817068	
-5.48063892334	-1642.47088396	
-5.48202684862	-1642.47359535	
-5.48341285022	-1642.47630487	
-5.48479693349	-1642.4790125	
-5.48617910372	-1642.48171825	
-5.48755936619	-1642.48442213	
-5.48893772616	-1642.48712412	
-5.49031418887	-1642.48982423	
-5.49168875953	-1642.49252247	
-5.49306144334	-1642.49521882	
-5.49443224547	-1642.49791329	
-5.49580117108	-1642.50060589	
-5.49716822529	-1642.50329661	
-5.49853341322	-1642.50598545	
-5.49989673995	-1642.50867242	
-5.50125821054	-1642.51135751	
-5.50261783006	-1642.51404073	
-5.50397560352	-1642.51672207	
-5.50533153593	-1642.51940153	
-5.50668563228	-1642.52207912	
-5.50803789753	-1642.52475484	
-5.50938833663	-1642.52742869	
-5.5107369545	-1642.53010066	
-5.51208375605	-1642.53277076	
-5.51342874616	-1642.53543899	
-5.51477192971	-1642.53810536	
-5.51611331154	-1642.54076985	
-5.51745289646	-1642.54343247	
-5.51879068931	-1642.54609323	
-5.52012669485	-1642.54875212	
-5.52146091786	-1642.55140914	
-5.5227933631	-1642.5540643	
-5.52412403528	-1642.55671759	
-5.52545293913	-1642.55936902	
-5.52678007934	-1642.56201858	
-5.52810546058	-1642.56466628	
-5.52942908751	-1642.56731212	
-5.53075096477	-1642.5699561	
-5.53207109697	-1642.57259822	
-5.53338948873	-1642.57523848	
-5.53470614461	-1642.57787688	
-5.53602106919	-1642.58051343	
-5.53733426702	-1642.58314812	
-5.53864574262	-1642.58578095	
-5.5399555005	-1642.58841193	
-5.54126354516	-1642.59104105	
-5.54256988107	-1642.59366832	
-5.5438745127	-1642.59629374	
-5.54517744448	-1642.59891731	
-5.54647868084	-1642.60153902	
-5.54777822618	-1642.60415889	
-5.5490760849	-1642.60677691	
-5.55037226136	-1642.60939309	
-5.55166675992	-1642.61200741	
-5.55295958492	-1642.6146199	
-5.55425074069	-1642.61723053	
-5.55554023152	-1642.61983933	
-5.5568280617	-1642.62244628	
-5.55811423551	-1642.62505139	
-5.5593987572	-1642.62765466	
-5.56068163102	-1642.6302561	
-5.56196286117	-1642.63285569	
-5.56324245188	-1642.63545345	
-5.56452040732	-1642.63804937	
-5.56579673168	-1642.64064346	
-5.56707142911	-1642.64323572	
-5.56834450376	-1642.64582614	
-5.56961595975	-1642.64841473	
-5.57088580119	-1642.65100149	
-5.57215403218	-1642.65358643	
-5.57342065679	-1642.65616953	
-5.5746856791	-1642.65875081	
-5.57594910315	-1642.66133026	
-5.57721093297	-1642.66390789	
-5.57847117258	-1642.6664837	
-5.57972982599	-1642.66905768	
-5.58098689718	-1642.67162985	
-5.58224239012	-1642.67420019	
-5.58349630878	-1642.67676872	
-5.5847486571	-1642.67933542	
-5.585999439	-1642.68190032	
-5.5872486584	-1642.6844634	
-5.5884963192	-1642.68702466	
-5.58974242528	-1642.68958412	
-5.59098698051	-1642.69214176	
-5.59222998875	-1642.69469759	
-5.59347145384	-1642.69725162	
-5.5947113796	-1642.69980383	
-5.59594976985	-1642.70235425	
-5.59718662839	-1642.70490285	
-5.598421959	-1642.70744966	
-5.59965576545	-1642.70999466	
-5.60088805149	-1642.71253786	
-5.60211882088	-1642.71507927	
-5.60334807733	-1642.71761887	
-5.60457582457	-1642.72015668	
-5.6058020663	-1642.7226927	
-5.60702680619	-1642.72522692	
-5.60825004793	-1642.72775934	
-5.60947179518	-1642.73028998	
-5.61069205159	-1642.73281883	
-5.61191082078	-1642.73534588	
-5.61312810639	-1642.73787116	
-5.61434391201	-1642.74039464	
-5.61555824124	-1642.74291634	
-5.61677109767	-1642.74543626	
-5.61798248485	-1642.7479544	
-5.61919240636	-1642.75047075	
-5.62040086572	-1642.75298533	
-5.62160786647	-1642.75549813	
-5.62281341212	-1642.75800915	
-5.62401750619	-1642.7605184	
-5.62522015215	-1642.76302588	
-5.6264213535	-1642.76553158	
-5.62762111369	-1642.76803552	
-5.62881943618	-1642.77053768	
-5.63001632442	-1642.77303808	
-5.63121178182	-1642.77553671	
-5.63240581181	-1642.77803358	
-5.6335984178	-1642.78052869	
-5.63478960317	-1642.78302203	
-5.6359793713	-1642.78551361	
-5.63716772557	-1642.78800343	
-5.63835466933	-1642.7904915	
-5.63954020593	-1642.79297781	
-5.64072433869	-1642.79546237	
-5.64190707094	-1642.79794517	
-5.64308840598	-1642.80042622	
-5.64426834712	-1642.80290552	
-5.64544689764	-1642.80538308	
-5.64662406082	-1642.80785888	
-5.64779983991	-1642.81033295	
-5.64897423816	-1642.81280526	
-5.65014725882	-1642.81527584	
-5.65131890512	-1642.81774467	
-5.65248918027	-1642.82021176	
-5.65365808747	-1642.82267712	
-5.65482562993	-1642.82514074	
-5.65599181082	-1642.82760262	
-5.65715663332	-1642.83006277	
-5.65832010058	-1642.83252119	
-5.65948221576	-1642.83497788	
-5.660642982	-1642.83743284	
-5.66180240242	-1642.83988607	
-5.66296048014	-1642.84233758	
-5.66411721826	-1642.84478736	
-5.66527261989	-1642.84723542	
-5.66642668811	-1642.84968176	
-5.66757942599	-1642.85212638	
-5.6687308366	-1642.85456928	
-5.66988092298	-1642.85701047	
-5.67102968818	-1642.85944993	
-5.67217713524	-1642.86188769	
-5.67332326717	-1642.86432373	
-5.67446808699	-1642.86675807	
-5.67561159769	-1642.86919069	
-5.67675380227	-1642.87162161	
-5.6778947037	-1642.87405082	
-5.67903430497	-1642.87647833	
-5.68017260902	-1642.87890413	
-5.6813096188	-1642.88132824	
-5.68244533727	-1642.88375064	
-5.68357976734	-1642.88617135	
-5.68471291194	-1642.88859036	
-5.68584477397	-1642.89100767	
-5.68697535634	-1642.8934233	
-5.68810466194	-1642.89583723	
-5.68923269364	-1642.89824947	
-5.69035945432	-1642.90066002	
-5.69148494685	-1642.90306889	
-5.69260917406	-1642.90547607	
-5.6937321388	-1642.90788157	
-5.69485384391	-1642.91028538	
-5.69597429221	-1642.91268752	
-5.69709348651	-1642.91508797	
-5.69821142961	-1642.91748675	
-5.69932812431	-1642.91988385	
-5.70044357339	-1642.92227928	
-5.70155777963	-1642.92467304	
-5.7026707458	-1642.92706513	
-5.70378247466	-1642.92945554	
-5.70489296894	-1642.93184429	
-5.70600223139	-1642.93423138	
-5.70711026475	-1642.93661679	
-5.70821707172	-1642.93900055	
-5.70932265503	-1642.94138265	
-5.71042701737	-1642.94376308	
-5.71153016145	-1642.94614186	
-5.71263208993	-1642.94851898	
-5.71373280551	-1642.95089445	
-5.71483231084	-1642.95326826	
-5.71593060859	-1642.95564042	
-5.71702770141	-1642.95801093	
-5.71812359193	-1642.9603798	
-5.71921828279	-1642.96274701	
-5.72031177661	-1642.96511259	
-5.72140407601	-1642.96747651	
-5.72249518359	-1642.9698388	
-5.72358510195	-1642.97219945	
-5.72467383369	-1642.97455846	
-5.72576138137	-1642.97691583	
-5.72684774759	-1642.97927156	
-5.72793293489	-1642.98162567	
-5.72901694583	-1642.98397814	
-5.73009978297	-1642.98632898	
-5.73118144884	-1642.98867819	
-5.73226194598	-1642.99102577	
-5.7333412769	-1642.99337173	
-5.73441944412	-1642.99571606	
-5.73549645015	-1642.99805878	
-5.73657229748	-1643.00039987	
-5.73764698861	-1643.00273934	
-5.73872052602	-1643.0050772	
-5.73979291218	-1643.00741344	
-5.74086414956	-1643.00974806	
-5.74193424062	-1643.01208107	
-5.74300318781	-1643.01441248	
-5.74407099357	-1643.01674227	
-5.74513766034	-1643.01907045	
-5.74620319054	-1643.02139703	
-5.7472675866	-1643.02372201	
-5.74833085092	-1643.02604538	
-5.74939298591	-1643.02836715	
-5.75045399397	-1643.03068732	
-5.75151387748	-1643.0330059	
-5.75257263883	-1643.03532288	
-5.75363028038	-1643.03763826	
-5.75468680452	-1643.03995205	
-5.75574221359	-1643.04226425	
-5.75679650994	-1643.04457486	
-5.75784969593	-1643.04688388	
-5.75890177388	-1643.04919131	
-5.75995274612	-1643.05149716	
-5.76100261499	-1643.05380143	
-5.76205138278	-1643.05610412	
-5.76309905181	-1643.05840522	
-5.76414562438	-1643.06070475	
-5.76519110278	-1643.0630027	
-5.7662354893	-1643.06529908	
-5.76727878622	-1643.06759388	
-5.76832099579	-1643.06988711	
-5.7693621203	-1643.07217877	
-5.770402162	-1643.07446887	
-5.77144112313	-1643.07675739	
-5.77247900594	-1643.07904435	
-5.77351581267	-1643.08132975	
-5.77455154554	-1643.08361359	
-5.77558620679	-1643.08589586	
-5.77661979861	-1643.08817658	
-5.77765232322	-1643.09045574	
-5.77868378283	-1643.09273334	
-5.77971417962	-1643.09500939	
-5.78074351579	-1643.09728389	
-5.78177179352	-1643.09955684	
-5.78279901497	-1643.10182824	
-5.78382518233	-1643.10409809	
-5.78485029774	-1643.1063664	
-5.78587436337	-1643.10863316	
-5.78689738137	-1643.11089838	
-5.78791935386	-1643.11316206	
-5.788940283	-1643.1154242	
-5.7899601709	-1643.1176848	
-5.79097901969	-1643.11994387	
-5.79199683148	-1643.1222014	
-5.79301360838	-1643.1244574	
-5.7940293525	-1643.12671187	
-5.79504406593	-1643.12896481	
-5.79605775077	-1643.13121622	
-5.79707040908	-1643.13346611	
-5.79808204295	-1643.13571447	
-5.79909265446	-1643.13796131	
-5.80010224566	-1643.14020663	
-5.80111081862	-1643.14245042	
-5.80211837538	-1643.1446927	
-5.80312491799	-1643.14693347	
-5.80413044849	-1643.14917271	
-5.80513496892	-1643.15141045	
-5.80613848129	-1643.15364667	
-5.80714098764	-1643.15588139	
-5.80814248998	-1643.15811459	
-5.80914299031	-1643.16034629	
