#Site	lnL	
0	-8.16337818661
1	-2.02376373463
2	-14.3221333091
3	-1.88854899229
4	-1.80261429657
5	-1.27447988318
6	-1.88854899229
7	-6.18406779095
8	-1.38524768268
9	-1.53838361566
10	-2.02376373463
11	-1.71119196665
12	-1.53838361566
13	-2.02376373463
14	-1.71119196665
15	-1.41777591635
16	-2.02376373463
17	-1.56689039327
18	-1.41777591635
19	-1.66476273566
20	-1.56689039327
21	-1.41777591635
22	-1.80261429657
23	-1.56689039327
24	-1.88854899229
25	-1.80261429657
26	-1.27447988318
27	-5.64921672414
28	-7.06889380948
29	-1.27447988318
30	-5.92393812116
31	-1.80261429657
32	-1.27447988318
33	-1.73433991602
34	-1.66476273566
35	-1.71119196665
36	-1.88854899229
37	-1.80261429657
38	-1.56689039327
39	-5.64921672414
40	-6.26401842614
41	-7.00310721518
42	-6.93751661293
43	-2.19548612052
44	-1.38524768268
45	-1.53838361566
46	-1.80261429657
47	-1.71119196665
48	-8.42952853311
49	-2.02376373463
50	-7.03930506757
51	-1.53838361566
52	-2.02376373463
53	-6.86446369707
54	-7.32276025029
55	-8.93119590185
56	-11.9898383798
57	-5.50518306364
58	-2.02376373463
59	-1.38524768268
60	-1.73433991602
61	-2.02376373463
62	-1.27447988318
63	-1.41777591635
64	-1.80261429657
65	-7.59677163485
66	-1.41777591635
67	-1.66476273566
68	-7.02257289255
69	-1.88854899229
70	-6.54304936567
71	-1.27447988318
72	-1.73433991602
73	-1.66476273566
74	-1.71119196665
75	-1.41777591635
76	-1.66476273566
77	-1.27447988318
78	-1.41777591635
79	-6.18307758882
80	-1.38524768268
81	-1.41777591635
82	-1.80261429657
83	-1.27447988318
84	-1.73433991602
85	-5.52929463419
86	-1.56689039327
87	-7.06587198432
88	-5.1837896583
89	-1.38524768268
90	-1.53838361566
91	-5.51318644239
92	-1.71119196665
93	-1.41777591635
94	-2.19548612052
95	-1.56689039327
96	-1.73433991602
97	-7.06889380948
98	-1.56689039327
99	-1.88854899229
100	-5.10298272181
101	-1.38524768268
102	-1.41777591635
103	-2.02376373463
104	-1.56689039327
105	-1.88854899229
106	-2.19548612052
107	-1.56689039327
108	-1.53838361566
109	-5.73814380203
110	-7.59677163485
111	-1.41777591635
112	-2.19548612052
113	-6.56905571895
114	-1.53838361566
115	-2.19548612052
116	-1.27447988318
117	-5.6673953277
118	-6.57392865325
119	-7.43465755081
120	-1.41777591635
121	-9.37124969944
122	-1.56689039327
123	-1.53838361566
124	-5.69828234659
125	-7.43523722507
126	-1.41777591635
127	-9.30857191619
128	-1.56689039327
129	-5.6920581699
130	-6.22006975203
131	-1.56689039327
132	-1.41777591635
133	-1.80261429657
134	-7.60397436768
135	-1.73433991602
136	-1.66476273566
137	-15.4633122617
138	-1.53838361566
139	-1.66476273566
140	-1.38524768268
141	-1.41777591635
142	-1.66476273566
143	-1.27447988318
144	-1.73433991602
145	-2.02376373463
146	-11.2178441325
147	-6.08265568325
148	-4.96811594643
149	-6.5643310066
150	-1.41777591635
151	-1.80261429657
152	-1.56689039327
153	-1.53838361566
154	-1.66476273566
155	-1.71119196665
156	-1.73433991602
157	-1.80261429657
158	-1.56689039327
159	-5.92393812116
160	-7.25691623624
161	-8.03444515348
162	-1.53838361566
163	-6.79302787662
164	-1.71119196665
165	-1.53838361566
166	-2.02376373463
167	-1.38524768268
168	-1.41777591635
169	-6.6554286631
170	-1.38524768268
171	-7.27522068111
172	-6.26401842614
173	-6.00486209313
174	-5.6673953277
175	-6.42551740167
176	-1.56689039327
177	-1.41777591635
178	-1.80261429657
179	-7.98788543695
180	-1.73433991602
181	-6.18406779095
182	-1.56689039327
183	-1.53838361566
184	-6.32799420903
185	-7.43523722507
186	-1.73433991602
187	-5.10298272181
188	-1.27447988318
189	-1.53838361566
190	-2.19548612052
191	-1.27447988318
192	-1.73433991602
193	-5.11779429572
194	-1.56689039327
195	-1.41777591635
196	-1.80261429657
197	-1.71119196665
198	-1.41777591635
199	-5.51318644239
200	-1.27447988318
201	-1.41777591635
202	-1.80261429657
203	-1.27447988318
204	-1.53838361566
205	-1.66476273566
206	-7.00310721518
207	-14.4140434245
208	-1.80261429657
209	-1.71119196665
210	-6.08265568325
211	-1.66476273566
212	-1.71119196665
213	-1.73433991602
214	-1.80261429657
215	-1.38524768268
216	-1.53838361566
217	-2.19548612052
218	-13.1128353593
219	-1.41777591635
220	-1.66476273566
221	-1.56689039327
222	-1.88854899229
223	-1.80261429657
224	-7.42987778792
225	-5.08008627714
226	-4.56453315375
227	-1.38524768268
228	-1.88854899229
229	-5.11779429572
230	-1.38524768268
231	-5.9531654987
232	-4.60319187181
233	-1.27447988318
234	-1.41777591635
235	-5.1837896583
236	-6.60584097183
237	-1.73433991602
238	-7.21178293413
239	-8.03444515348
240	-1.73433991602
241	-5.11779429572
242	-14.2229644018
243	-1.41777591635
244	-1.66476273566
245	-1.71119196665
246	-1.53838361566
247	-7.75641151275
248	-19.3153143931
249	-1.73433991602
250	-2.19548612052
251	-1.27447988318
252	-5.69655609542
253	-4.60319187181
254	-1.38524768268
255	-1.88854899229
256	-1.80261429657
257	-6.59459799177
258	-1.41777591635
259	-10.2467106704
260	-6.60559491725
261	-1.41777591635
262	-1.66476273566
263	-7.42987778792
264	-1.53838361566
265	-5.62257862914
266	-6.86446369707
267	-1.73433991602
268	-5.1307110826
269	-1.71119196665
270	-8.25638837495
271	-5.11779429572
272	-1.56689039327
273	-1.53838361566
274	-2.19548612052
275	-1.38524768268
276	-1.53838361566
277	-1.80261429657
278	-13.2455751597
279	-1.53838361566
280	-2.02376373463
281	-1.27447988318
282	-9.50709386372
283	-1.66476273566
284	-1.27447988318
285	-6.15067272349
286	-5.38687100394
287	-6.60559491725
288	-1.88854899229
289	-5.51318644239
290	-1.27447988318
291	-5.6673953277
292	-4.60319187181
293	-6.61568261003
294	-1.41777591635
295	-4.60319187181
296	-8.24424185161
297	-1.73433991602
298	-5.97705493184
299	-1.38524768268
300	-1.41777591635
301	-1.80261429657
302	-11.466978248
303	-1.73433991602
304	-4.56453315375
305	-1.27447988318
306	-1.41777591635
307	-9.98045304797
308	-8.42378475306
309	-5.09821928517
310	-10.6333143623
311	-1.56689039327
312	-1.53838361566
313	-6.00676234416
314	-1.27447988318
315	-1.41777591635
316	-1.66476273566
317	-1.71119196665
318	-7.14819551634
319	-2.02376373463
320	-1.27447988318
321	-5.08008627714
322	-5.62257862914
323	-1.38524768268
324	-1.41777591635
325	-4.60319187181
326	-1.71119196665
327	-1.41777591635
328	-2.19548612052
329	-1.38524768268
330	-1.88854899229
331	-5.1837896583
332	-1.38524768268
333	-1.88854899229
334	-6.67295620069
335	-1.38524768268
336	-1.53838361566
337	-2.19548612052
338	-1.27447988318
339	-1.53838361566
340	-1.66476273566
341	-7.43465755081
342	-1.41777591635
343	-1.80261429657
344	-1.27447988318
345	-1.53838361566
346	-5.11678955199
347	-1.38524768268
348	-1.41777591635
349	-10.4482210246
350	-1.27447988318
351	-1.53838361566
352	-2.19548612052
353	-6.00486209313
354	-1.41777591635
355	-2.02376373463
356	-1.27447988318
357	-7.53432111139
358	-6.01465016088
359	-6.5643310066
360	-1.73433991602
361	-6.22341272709
362	-1.56689039327
363	-1.41777591635
364	-8.85049895409
365	-1.27447988318
366	-6.52262279157
367	-1.80261429657
368	-7.00092720116
369	-5.14429437562
370	-1.80261429657
371	-1.56689039327
372	-1.41777591635
373	-2.02376373463
374	-1.56689039327
375	-1.41777591635
376	-1.80261429657
377	-6.56905571895
378	-1.41777591635
379	-2.19548612052
380	-9.63678802165
381	-1.73433991602
382	-1.66476273566
383	-1.71119196665
384	-1.73433991602
385	-1.80261429657
386	-1.71119196665
387	-1.88854899229
388	-1.80261429657
389	-9.10318840105
390	-1.41777591635
391	-2.19548612052
392	-1.38524768268
393	-1.88854899229
394	-1.66476273566
395	-7.03930506757
396	-6.66192973423
397	-5.1837896583
398	-1.27447988318
399	-10.0332696156
400	-5.1837896583
401	-7.00310721518
402	-1.41777591635
403	-2.19548612052
404	-8.75049134085
405	-1.88854899229
406	-5.1837896583
407	-1.27447988318
408	-1.88854899229
409	-6.01465016088
410	-1.38524768268
411	-1.41777591635
412	-2.19548612052
413	-5.99856797738
414	-1.88854899229
415	-2.19548612052
416	-1.56689039327
417	-1.73433991602
418	-5.1307110826
419	-1.56689039327
420	-1.73433991602
421	-1.66476273566
422	-17.9720843481
423	-1.41777591635
424	-2.02376373463
425	-13.0111987837
426	-1.41777591635
427	-7.18018419979
428	-1.27447988318
429	-1.73433991602
430	-1.80261429657
431	-7.42987778792
432	-1.41777591635
433	-2.19548612052
434	-1.38524768268
435	-1.88854899229
436	-1.66476273566
437	-1.27447988318
438	-1.41777591635
439	-10.5064998431
440	-8.59290647922
441	-1.53838361566
442	-5.1837896583
443	-1.38524768268
444	-1.53838361566
445	-5.44970397446
446	-1.27447988318
447	-1.88854899229
448	-1.66476273566
449	-6.60584097183
450	-1.88854899229
451	-1.66476273566
452	-1.56689039327
453	-9.34013873906
454	-2.02376373463
455	-1.27447988318
456	-1.53838361566
457	-2.02376373463
458	-1.56689039327
459	-1.73433991602
460	-1.80261429657
461	-12.0442529409
462	-1.41777591635
463	-2.19548612052
464	-1.71119196665
465	-1.41777591635
466	-7.32500917639
467	-1.56689039327
468	-1.41777591635
469	-1.80261429657
470	-1.71119196665
