#Site	lnL	
0	-1.95662524087
1	-5.50631669905
2	-6.57501182652
3	-1.95662524087
4	-2.09748575112
5	-1.92223817252
6	-1.91278016403
7	-9.96187520354
8	-5.89065267601
9	-1.83856905004
10	-2.46518287015
11	-1.92223817252
12	-1.83856905004
13	-2.46518287015
14	-1.96625917934
15	-1.83856905004
16	-5.00437744031
17	-1.96625917934
18	-5.31951437896
19	-6.34655000528
20	-1.92223817252
21	-14.6002658392
22	-2.23458981216
23	-1.92223817252
24	-1.83856905004
25	-2.23458981216
26	-5.60602305713
27	-2.16953492714
28	-8.33894670828
29	-2.17976919673
30	-5.90534441827
31	-6.28753341403
32	-2.17976919673
33	-1.91278016403
34	-2.46518287015
35	-1.92223817252
36	-5.19750443487
37	-2.18560549134
38	-5.88410219335
39	-11.5142634303
40	-2.18560549134
41	-1.92223817252
42	-13.799678163
43	-5.72945000392
44	-6.63864036511
45	-1.83856905004
46	-2.46518287015
47	-1.84754637903
48	-1.83856905004
49	-8.06849839275
50	-2.17976919673
51	-1.83856905004
52	-9.23591416232
53	-1.92223817252
54	-1.91278016403
55	-2.09748575112
56	-6.60580697781
57	-2.16953492714
58	-5.23194109371
59	-2.17976919673
60	-1.95662524087
61	-2.18560549134
62	-9.08432263329
63	-1.83856905004
64	-11.6227884258
65	-1.96625917934
66	-1.95662524087
67	-2.46518287015
68	-2.17976919673
69	-1.91278016403
70	-5.50967923435
71	-1.96625917934
72	-1.83856905004
73	-2.18560549134
74	-2.17976919673
75	-1.83856905004
76	-2.18560549134
77	-2.17976919673
78	-1.91278016403
79	-9.32943317372
80	-6.00980983639
81	-11.6089812198
82	-2.46518287015
83	-5.88410219335
84	-5.31951437896
85	-5.00437744031
86	-1.92223817252
87	-1.83856905004
88	-2.09748575112
89	-5.89623228397
90	-1.95662524087
91	-2.46518287015
92	-1.96625917934
93	-1.95662524087
94	-2.09748575112
95	-1.96625917934
96	-5.90215959516
97	-2.18560549134
98	-1.96625917934
99	-6.63918170086
100	-6.2401301813
101	-10.2336083329
102	-2.16953492714
103	-2.09748575112
104	-2.17976919673
105	-1.95662524087
106	-5.95731914901
107	-6.30613346157
108	-1.83856905004
109	-2.18560549134
110	-5.56804644718
111	-5.62746975109
112	-2.18560549134
113	-1.84754637903
114	-1.95662524087
115	-5.23194109371
116	-1.96625917934
117	-1.95662524087
118	-2.09748575112
119	-8.64171454736
120	-1.83856905004
121	-5.50967923435
122	-9.8645415258
123	-1.95662524087
124	-5.51548820824
125	-1.84754637903
126	-1.95662524087
127	-5.72945000392
128	-5.8700308877
129	-1.83856905004
130	-2.23458981216
131	-1.84754637903
132	-1.83856905004
133	-5.97609330922
134	-7.01667329064
135	-1.83856905004
136	-6.29075576293
137	-6.60580697781
138	-8.6030432453
139	-5.63426994392
140	-10.4525373344
141	-5.93370855816
142	-6.28753341403
143	-6.97869668069
144	-6.65901049895
145	-2.46518287015
146	-1.84754637903
147	-2.16953492714
148	-5.95731914901
149	-1.96625917934
150	-2.16953492714
151	-2.23458981216
152	-1.96625917934
153	-5.60204981317
154	-5.97609330922
155	-1.84754637903
156	-2.16953492714
157	-5.95851228813
158	-1.84754637903
159	-1.83856905004
160	-2.23458981216
161	-6.61936231978
162	-2.16953492714
163	-5.91740405811
164	-2.17976919673
165	-1.95662524087
166	-2.18560549134
167	-1.92223817252
168	-2.16953492714
169	-2.09748575112
170	-13.0711591
171	-6.3586765995
172	-2.18560549134
173	-1.92223817252
174	-1.83856905004
175	-8.06849839275
176	-1.96625917934
177	-5.9109176526
178	-2.18560549134
179	-6.0104793883
180	-1.95662524087
181	-2.18560549134
182	-6.69421615947
183	-1.91278016403
184	-2.23458981216
185	-1.84754637903
186	-1.91278016403
187	-6.9917756821
188	-10.5309623025
189	-1.83856905004
190	-6.65537789109
191	-11.3075175827
192	-11.1069456414
193	-2.23458981216
194	-1.96625917934
195	-1.91278016403
196	-2.23458981216
197	-2.17976919673
198	-2.16953492714
199	-6.68217061563
200	-6.65733892974
201	-1.83856905004
202	-6.2401301813
203	-7.03659177234
204	-2.16953492714
205	-9.50149725559
206	-7.03659177234
207	-1.91278016403
208	-2.23458981216
209	-10.7302286245
210	-2.16953492714
211	-5.72945000392
212	-1.84754637903
213	-1.83856905004
214	-2.09748575112
215	-1.84754637903
216	-1.95662524087
217	-4.83019834989
218	-10.2340285994
219	-2.16953492714
220	-2.18560549134
221	-5.62371575243
222	-1.83856905004
223	-4.83019834989
224	-7.03659177234
225	-2.16953492714
226	-6.99051153676
227	-1.96625917934
228	-1.83856905004
229	-2.23458981216
230	-1.96625917934
231	-1.83856905004
232	-2.18560549134
233	-6.30613346157
234	-1.83856905004
235	-2.18560549134
236	-1.84754637903
237	-5.20224866894
238	-2.46518287015
239	-7.01667329064
240	-2.16953492714
241	-6.68217061563
242	-1.84754637903
243	-1.91278016403
244	-9.69803609232
245	-2.17976919673
246	-7.05730748257
247	-2.09748575112
248	-1.96625917934
249	-2.16953492714
250	-6.68217061563
251	-6.0104793883
252	-7.32806125829
253	-2.18560549134
254	-1.92223817252
255	-2.16953492714
256	-2.18560549134
257	-1.92223817252
258	-1.91278016403
259	-2.18560549134
260	-1.84754637903
261	-8.32994387046
262	-2.09748575112
263	-1.96625917934
264	-1.95662524087
265	-2.09748575112
266	-9.82714358931
267	-1.83856905004
268	-14.9791035342
269	-5.91277189641
270	-1.83856905004
271	-9.24034598467
272	-1.84754637903
273	-1.83856905004
274	-4.83905760334
275	-1.92223817252
276	-1.91278016403
277	-4.83019834989
278	-1.84754637903
279	-1.83856905004
280	-6.95559928973
281	-1.92223817252
282	-1.83856905004
283	-4.83905760334
284	-7.34659034172
285	-5.35340016605
286	-9.62402566774
287	-1.84754637903
288	-6.36995435496
289	-2.18560549134
290	-1.92223817252
291	-1.91278016403
292	-2.18560549134
293	-1.84754637903
294	-14.3302041792
295	-2.18560549134
296	-1.92223817252
297	-1.95662524087
298	-8.33894670828
299	-1.84754637903
300	-1.95662524087
301	-2.23458981216
302	-2.17976919673
303	-1.91278016403
304	-2.23458981216
305	-7.35507772444
306	-1.83856905004
307	-6.49049217058
308	-6.30613346157
309	-1.83856905004
310	-2.18560549134
311	-8.26529654477
312	-1.91278016403
313	-8.56005330114
314	-1.84754637903
315	-2.16953492714
316	-2.46518287015
317	-1.92223817252
318	-2.16953492714
319	-2.18560549134
320	-12.5881977746
321	-2.16953492714
322	-7.48914655621
323	-1.92223817252
324	-2.16953492714
325	-6.32873237289
326	-2.17976919673
327	-6.63918170086
328	-2.23458981216
329	-1.84754637903
330	-8.99455448586
331	-2.18560549134
332	-2.17976919673
333	-1.83856905004
334	-2.23458981216
335	-2.17976919673
336	-5.90215959516
337	-2.09748575112
338	-7.28349691785
339	-1.83856905004
340	-8.59667093655
341	-7.63095621445
342	-1.83856905004
343	-2.09748575112
344	-5.89623228397
345	-5.62746975109
346	-2.18560549134
347	-5.89623228397
348	-1.95662524087
349	-2.23458981216
350	-1.92223817252
351	-1.95662524087
352	-2.23458981216
353	-1.92223817252
354	-6.60063287268
355	-2.23458981216
356	-6.0104793883
357	-6.31902212817
358	-2.18560549134
359	-1.92223817252
360	-2.16953492714
361	-6.95559928973
362	-5.17703050682
363	-1.83856905004
364	-2.18560549134
365	-1.92223817252
366	-1.95662524087
367	-4.83905760334
368	-2.17976919673
369	-1.95662524087
370	-2.23458981216
371	-6.69421615947
372	-5.62746975109
373	-5.72945000392
374	-1.92223817252
375	-1.95662524087
376	-6.32873237289
377	-12.7880855119
378	-2.16953492714
379	-2.23458981216
380	-1.96625917934
381	-5.35340016605
382	-2.46518287015
383	-1.92223817252
384	-2.16953492714
385	-2.23458981216
386	-6.29740883427
387	-1.95662524087
388	-5.00437744031
389	-7.28349691785
390	-1.91278016403
391	-4.83905760334
392	-1.92223817252
393	-6.31902212817
394	-6.29433070703
395	-1.96625917934
396	-6.05411523301
397	-2.09748575112
398	-10.9514643531
399	-5.58949314113
400	-5.91740405811
401	-5.58097474371
402	-11.6150702208
403	-2.23458981216
404	-7.30861373177
405	-6.89214048454
406	-2.18560549134
407	-1.84754637903
408	-2.16953492714
409	-2.23458981216
410	-5.88082501466
411	-5.35340016605
412	-11.4260372832
413	-1.84754637903
414	-1.95662524087
415	-8.2015740156
416	-10.9569165673
417	-1.83856905004
418	-2.09748575112
419	-1.92223817252
420	-1.91278016403
421	-2.46518287015
422	-2.17976919673
423	-1.83856905004
424	-5.93040810693
425	-5.8700308877
426	-7.30368177768
427	-2.23458981216
428	-1.84754637903
429	-2.16953492714
430	-5.97609330922
431	-1.92223817252
432	-1.83856905004
433	-2.18560549134
434	-1.92223817252
435	-6.03131021351
436	-2.23458981216
437	-5.62371575243
438	-1.83856905004
439	-2.09748575112
440	-12.4700361826
441	-1.95662524087
442	-2.46518287015
443	-2.17976919673
444	-1.91278016403
445	-6.32873237289
446	-1.92223817252
447	-6.32582489377
448	-5.54491158373
449	-6.30613346157
450	-1.83856905004
451	-5.63426994392
452	-6.03327833433
453	-1.91278016403
454	-2.09748575112
455	-1.92223817252
456	-1.91278016403
457	-2.18560549134
458	-5.58097474371
459	-1.83856905004
460	-6.25062168314
461	-5.92910681318
462	-1.83856905004
463	-5.5593955068
464	-6.34958422112
465	-8.66168343413
466	-9.57520145018
467	-2.17976919673
468	-1.83856905004
469	-2.46518287015
470	-11.2418144219
