#Site	lnL	
0	-3.38388642682
1	-3.69291611124
2	-4.89158391503
3	-3.32888562183
4	-8.19887770852
5	-4.61494101756
6	-3.38388642682
7	-7.48771959863
8	-7.12281296434
9	-3.32888562183
10	-7.52137415215
11	-5.00086358092
12	-3.32888562183
13	-3.69291611124
14	-4.61494101756
15	-3.74584179897
16	-6.20778481069
17	-4.61494101756
18	-7.90551153365
19	-4.08225157796
20	-4.89158391503
21	-3.24903587025
22	-5.88004507981
23	-5.00086358092
24	-3.38388642682
25	-6.43471896802
26	-5.00086358092
27	-3.74584179897
28	-3.69291611124
29	-5.55141495819
30	-6.64292643391
31	-3.50838864368
32	-6.22606149198
33	-8.09977215279
34	-3.62830735687
35	-4.89158391503
36	-3.74584179897
37	-7.39606333286
38	-10.8610347024
39	-3.32888562183
40	-9.60097306489
41	-4.89158391503
42	-3.32888562183
43	-7.5773886248
44	-7.82469540308
45	-11.1189104763
46	-3.62830735687
47	-8.22346499094
48	-3.32888562183
49	-6.63995555069
50	-4.61494101756
51	-3.32888562183
52	-3.50838864368
53	-8.58634532723
54	-3.38388642682
55	-3.62830735687
56	-4.61494101756
57	-6.96898690371
58	-5.88896876097
59	-4.61494101756
60	-3.24903587025
61	-8.19887770852
62	-5.55141495819
63	-3.32888562183
64	-13.8181362508
65	-4.61494101756
66	-3.32888562183
67	-3.50838864368
68	-7.20201953119
69	-3.32888562183
70	-5.88896876097
71	-4.89158391503
72	-3.38388642682
73	-3.69291611124
74	-5.00086358092
75	-3.74584179897
76	-3.69291611124
77	-5.00086358092
78	-9.47221748611
79	-3.50838864368
80	-4.61494101756
81	-3.38388642682
82	-10.5468038549
83	-5.00086358092
84	-8.56973556482
85	-6.94255545556
86	-4.89158391503
87	-3.24903587025
88	-4.08225157796
89	-7.61433546392
90	-3.24903587025
91	-9.34415277047
92	-5.55141495819
93	-3.32888562183
94	-11.8788617001
95	-5.55141495819
96	-3.32888562183
97	-6.81447423801
98	-4.61494101756
99	-12.0377123928
100	-3.62830735687
101	-4.61494101756
102	-9.21152027846
103	-3.50838864368
104	-5.00086358092
105	-3.38388642682
106	-3.62830735687
107	-4.61494101756
108	-7.62800856466
109	-8.73536336668
110	-4.61494101756
111	-8.05318414391
112	-3.50838864368
113	-5.00086358092
114	-3.32888562183
115	-10.0594293625
116	-4.89158391503
117	-7.3176279454
118	-3.62830735687
119	-4.89158391503
120	-3.38388642682
121	-6.63995555069
122	-5.55141495819
123	-3.38388642682
124	-3.62830735687
125	-4.61494101756
126	-3.74584179897
127	-3.50838864368
128	-9.55868385712
129	-3.74584179897
130	-10.5434120815
131	-7.55389901703
132	-3.32888562183
133	-3.50838864368
134	-5.00086358092
135	-3.32888562183
136	-12.4237369698
137	-5.55141495819
138	-10.9351346534
139	-3.50838864368
140	-4.61494101756
141	-3.24903587025
142	-6.81447423801
143	-4.89158391503
144	-3.24903587025
145	-7.56016203658
146	-7.03895595125
147	-3.38388642682
148	-3.50838864368
149	-8.66092204627
150	-6.37092431779
151	-7.55192989629
152	-5.00086358092
153	-6.64292643391
154	-3.50838864368
155	-5.55141495819
156	-3.24903587025
157	-3.62830735687
158	-8.14574376487
159	-3.32888562183
160	-3.50838864368
161	-5.00086358092
162	-3.24903587025
163	-3.69291611124
164	-4.61494101756
165	-3.32888562183
166	-3.69291611124
167	-5.55141495819
168	-6.36658572157
169	-9.60097306489
170	-11.5148367495
171	-12.3734878048
172	-8.55400289559
173	-10.698436309
174	-3.38388642682
175	-3.69291611124
176	-5.00086358092
177	-3.32888562183
178	-3.50838864368
179	-5.82229791574
180	-3.24903587025
181	-5.88896876097
182	-7.12281296434
183	-3.38388642682
184	-7.7829110404
185	-8.25080421791
186	-3.32888562183
187	-6.41333774752
188	-4.89158391503
189	-3.32888562183
190	-6.63995555069
191	-9.12197118703
192	-3.32888562183
193	-6.88506490126
194	-10.4310986719
195	-3.38388642682
196	-3.62830735687
197	-4.89158391503
198	-3.32888562183
199	-3.50838864368
200	-5.55141495819
201	-3.74584179897
202	-4.08225157796
203	-7.15675808066
204	-3.38388642682
205	-4.08225157796
206	-8.11562370695
207	-3.32888562183
208	-3.50838864368
209	-6.22075343311
210	-3.32888562183
211	-3.50838864368
212	-4.89158391503
213	-3.38388642682
214	-13.2652433903
215	-4.61494101756
216	-3.24903587025
217	-10.6882716421
218	-4.61494101756
219	-3.74584179897
220	-4.08225157796
221	-9.92705022737
222	-3.24903587025
223	-12.4758494265
224	-5.00086358092
225	-3.74584179897
226	-3.50838864368
227	-5.00086358092
228	-3.74584179897
229	-3.62830735687
230	-4.61494101756
231	-3.24903587025
232	-10.1014190783
233	-6.16535428523
234	-3.74584179897
235	-4.08225157796
236	-4.89158391503
237	-3.32888562183
238	-17.0446790308
239	-4.61494101756
240	-8.09977215279
241	-3.69291611124
242	-6.16535428523
243	-3.38388642682
244	-3.50838864368
245	-5.00086358092
246	-3.74584179897
247	-6.20778481069
248	-4.89158391503
249	-6.64292643391
250	-3.62830735687
251	-11.3401155404
252	-3.38388642682
253	-3.69291611124
254	-4.61494101756
255	-3.38388642682
256	-3.62830735687
257	-5.55141495819
258	-3.32888562183
259	-8.5864038776
260	-4.89158391503
261	-9.22007621755
262	-3.62830735687
263	-5.00086358092
264	-3.38388642682
265	-3.69291611124
266	-5.00086358092
267	-3.74584179897
268	-3.62830735687
269	-4.61494101756
270	-3.32888562183
271	-8.04594071253
272	-6.22075343311
273	-3.32888562183
274	-3.62830735687
275	-6.69329438603
276	-3.24903587025
277	-5.88004507981
278	-7.15675808066
279	-3.74584179897
280	-3.62830735687
281	-5.55141495819
282	-3.74584179897
283	-3.69291611124
284	-7.93453882342
285	-3.74584179897
286	-3.69291611124
287	-5.00086358092
288	-3.32888562183
289	-8.22312598206
290	-7.92368851797
291	-3.24903587025
292	-8.19887770852
293	-4.61494101756
294	-3.38388642682
295	-3.62830735687
296	-4.61494101756
297	-13.795454029
298	-3.50838864368
299	-7.9811268323
300	-3.24903587025
301	-13.1038366896
302	-7.20201953119
303	-3.74584179897
304	-4.08225157796
305	-8.57516124061
306	-3.32888562183
307	-4.08225157796
308	-5.55141495819
309	-3.38388642682
310	-3.50838864368
311	-10.7684730485
312	-3.24903587025
313	-3.62830735687
314	-4.89158391503
315	-3.38388642682
316	-3.62830735687
317	-4.89158391503
318	-3.32888562183
319	-3.69291611124
320	-4.61494101756
321	-3.74584179897
322	-3.62830735687
323	-6.69329438603
324	-3.74584179897
325	-7.37255862954
326	-9.27877476921
327	-3.74584179897
328	-3.62830735687
329	-4.89158391503
330	-3.38388642682
331	-3.69291611124
332	-5.55141495819
333	-3.38388642682
334	-3.62830735687
335	-4.89158391503
336	-7.3176279454
337	-3.50838864368
338	-4.61494101756
339	-3.38388642682
340	-3.50838864368
341	-4.61494101756
342	-3.24903587025
343	-13.0695723504
344	-5.55141495819
345	-3.74584179897
346	-3.50838864368
347	-7.56089035342
348	-3.32888562183
349	-3.62830735687
350	-12.9700187431
351	-13.2180539194
352	-4.08225157796
353	-5.55141495819
354	-3.24903587025
355	-4.08225157796
356	-4.61494101756
357	-3.32888562183
358	-9.92102943826
359	-4.61494101756
360	-11.1863924201
361	-8.5864038776
362	-10.3247860827
363	-3.32888562183
364	-3.50838864368
365	-5.00086358092
366	-3.24903587025
367	-6.63995555069
368	-5.00086358092
369	-3.74584179897
370	-3.50838864368
371	-4.61494101756
372	-3.24903587025
373	-4.08225157796
374	-4.89158391503
375	-3.38388642682
376	-3.50838864368
377	-4.89158391503
378	-3.32888562183
379	-7.7829110404
380	-7.25796556687
381	-3.38388642682
382	-6.20778481069
383	-5.55141495819
384	-3.74584179897
385	-3.62830735687
386	-8.7513031121
387	-10.5964148102
388	-11.9291080486
389	-4.61494101756
390	-3.74584179897
391	-3.69291611124
392	-5.00086358092
393	-3.24903587025
394	-3.69291611124
395	-6.1091916287
396	-8.28339221957
397	-3.50838864368
398	-4.89158391503
399	-3.24903587025
400	-7.55192989629
401	-6.0102418808
402	-3.24903587025
403	-3.50838864368
404	-7.61433546392
405	-6.67783770715
406	-3.50838864368
407	-5.00086358092
408	-3.32888562183
409	-6.94255545556
410	-4.89158391503
411	-3.24903587025
412	-3.69291611124
413	-8.58634532723
414	-3.74584179897
415	-3.69291611124
416	-5.55141495819
417	-3.38388642682
418	-3.62830735687
419	-8.36703364089
420	-3.38388642682
421	-8.71598544699
422	-5.55141495819
423	-10.5592356556
424	-15.6151591305
425	-10.4098097379
426	-3.38388642682
427	-3.69291611124
428	-4.89158391503
429	-3.32888562183
430	-3.69291611124
431	-10.4046976463
432	-3.24903587025
433	-3.50838864368
434	-9.53855490808
435	-6.97978102604
436	-8.73536336668
437	-4.89158391503
438	-3.24903587025
439	-6.43471896802
440	-4.89158391503
441	-6.97978102604
442	-3.50838864368
443	-5.00086358092
444	-3.24903587025
445	-8.22312598206
446	-5.00086358092
447	-8.66661941431
448	-8.71598544699
449	-13.5191032613
450	-8.05318414391
451	-3.69291611124
452	-5.00086358092
453	-3.24903587025
454	-4.08225157796
455	-7.82469540308
456	-13.0874188497
457	-9.92102943826
458	-5.55141495819
459	-3.38388642682
460	-3.69291611124
461	-4.61494101756
462	-3.74584179897
463	-3.50838864368
464	-4.61494101756
465	-3.38388642682
466	-3.69291611124
467	-5.00086358092
468	-3.32888562183
469	-3.62830735687
470	-12.5519385054
