#Site	lnL	
0	-2.26007920968
1	-2.18069163567
2	-2.51048320397
3	-6.00794847542
4	-2.18069163567
5	-2.27421453655
6	-2.04828154176
7	-8.5781853904
8	-2.51048320397
9	-2.26007920968
10	-2.18069163567
11	-9.94766543772
12	-2.26367336377
13	-5.09017355351
14	-2.51048320397
15	-2.26007920968
16	-2.44165960594
17	-5.0266860094
18	-2.26367336377
19	-2.40188726917
20	-2.27421453655
21	-2.30117819859
22	-6.6480859402
23	-5.75563511186
24	-2.30117819859
25	-5.12753568561
26	-2.27421453655
27	-2.30117819859
28	-2.40188726917
29	-2.54113432433
30	-2.04828154176
31	-2.44165960594
32	-2.49973618293
33	-6.99905764773
34	-4.84820025072
35	-4.99192137955
36	-2.30117819859
37	-2.18069163567
38	-2.54113432433
39	-5.81652995914
40	-2.44165960594
41	-2.49973618293
42	-2.26367336377
43	-5.12753568561
44	-9.18282482043
45	-2.04828154176
46	-2.18069163567
47	-10.0503426243
48	-2.26367336377
49	-2.40674609076
50	-2.51048320397
51	-2.04828154176
52	-2.40188726917
53	-2.54113432433
54	-2.30117819859
55	-2.18069163567
56	-2.54113432433
57	-9.05364348521
58	-6.06564988239
59	-2.27421453655
60	-2.04828154176
61	-2.18069163567
62	-13.5272861061
63	-6.15644748079
64	-2.40674609076
65	-2.54113432433
66	-2.26007920968
67	-5.08332100335
68	-6.73609139671
69	-2.26007920968
70	-2.18069163567
71	-2.27421453655
72	-6.00794847542
73	-5.83520606017
74	-6.56116429343
75	-2.26007920968
76	-2.40674609076
77	-2.49973618293
78	-6.35873643077
79	-14.0872117445
80	-7.5098569298
81	-2.26007920968
82	-2.18069163567
83	-2.27421453655
84	-9.06436430973
85	-6.14054889157
86	-5.31557749001
87	-2.26367336377
88	-5.9937384679
89	-6.56116429343
90	-2.26367336377
91	-2.44165960594
92	-2.49973618293
93	-2.30117819859
94	-2.40188726917
95	-11.452202392
96	-2.04828154176
97	-2.40188726917
98	-2.27421453655
99	-5.61746762591
100	-9.98176584183
101	-2.54113432433
102	-7.61508215359
103	-2.40674609076
104	-2.54113432433
105	-2.30117819859
106	-2.40188726917
107	-5.68139279303
108	-5.61357790018
109	-4.84820025072
110	-2.49973618293
111	-12.7796484136
112	-10.3295289091
113	-2.27421453655
114	-7.01536354635
115	-5.60624128829
116	-5.48444886331
117	-6.1680011455
118	-21.4109772528
119	-2.27421453655
120	-2.04828154176
121	-14.6659187284
122	-2.54113432433
123	-5.33973379473
124	-2.40674609076
125	-2.49973618293
126	-2.26007920968
127	-5.78806835933
128	-2.27421453655
129	-2.26367336377
130	-2.40188726917
131	-2.49973618293
132	-2.26367336377
133	-2.18069163567
134	-2.49973618293
135	-6.39148131984
136	-2.44165960594
137	-6.52067381112
138	-2.04828154176
139	-2.40674609076
140	-5.0654076074
141	-6.34983231659
142	-10.3605338953
143	-2.49973618293
144	-6.97840656216
145	-2.40188726917
146	-5.707843663
147	-2.26007920968
148	-6.78399854483
149	-2.51048320397
150	-2.26367336377
151	-2.40674609076
152	-5.31557749001
153	-8.64335944388
154	-2.40188726917
155	-2.54113432433
156	-2.30117819859
157	-2.44165960594
158	-5.69941276066
159	-2.26007920968
160	-2.40188726917
161	-8.98816828201
162	-2.26367336377
163	-5.81925939152
164	-2.49973618293
165	-2.30117819859
166	-2.40188726917
167	-6.48729030167
168	-2.30117819859
169	-2.18069163567
170	-2.27421453655
171	-2.26007920968
172	-5.5881559677
173	-10.723643574
174	-5.36400087474
175	-2.18069163567
176	-9.22308182505
177	-2.30117819859
178	-2.40674609076
179	-5.51609772675
180	-2.30117819859
181	-2.40674609076
182	-2.54113432433
183	-2.04828154176
184	-2.40188726917
185	-8.21607529022
186	-2.04828154176
187	-2.18069163567
188	-2.49973618293
189	-2.04828154176
190	-2.44165960594
191	-2.27421453655
192	-2.26007920968
193	-2.40674609076
194	-2.54113432433
195	-2.30117819859
196	-4.80523708698
197	-2.51048320397
198	-2.30117819859
199	-5.64433228825
200	-4.71013869939
201	-2.26367336377
202	-2.18069163567
203	-2.54113432433
204	-2.26367336377
205	-2.18069163567
206	-2.54113432433
207	-5.61357790018
208	-2.40674609076
209	-2.54113432433
210	-2.26007920968
211	-7.41951747589
212	-2.49973618293
213	-2.26007920968
214	-2.40188726917
215	-2.27421453655
216	-5.61746762591
217	-2.44165960594
218	-2.54113432433
219	-2.30117819859
220	-5.64433228825
221	-2.54113432433
222	-6.1680011455
223	-10.4160374138
224	-2.54113432433
225	-6.97840656216
226	-6.78399854483
227	-2.51048320397
228	-2.04828154176
229	-5.12753568561
230	-4.71013869939
231	-2.26007920968
232	-2.40674609076
233	-5.50646568976
234	-2.26007920968
235	-2.44165960594
236	-6.52067381112
237	-6.1680011455
238	-6.15227950136
239	-4.99192137955
240	-12.9881261931
241	-2.40188726917
242	-2.54113432433
243	-2.04828154176
244	-2.40188726917
245	-2.51048320397
246	-2.26007920968
247	-5.95606195489
248	-12.1948929889
249	-2.30117819859
250	-2.18069163567
251	-5.85472354167
252	-8.771477879
253	-2.40674609076
254	-7.87874713898
255	-6.26021869285
256	-5.16037586607
257	-5.98094584472
258	-5.33973379473
259	-2.18069163567
260	-9.94766543772
261	-2.26367336377
262	-6.07309269593
263	-5.51609772675
264	-2.26367336377
265	-2.44165960594
266	-2.51048320397
267	-6.38584156954
268	-2.18069163567
269	-2.49973618293
270	-2.04828154176
271	-5.08332100335
272	-2.51048320397
273	-2.26367336377
274	-5.5881559677
275	-2.51048320397
276	-6.03959733886
277	-2.18069163567
278	-2.49973618293
279	-6.79071026228
280	-2.40674609076
281	-2.27421453655
282	-2.04828154176
283	-2.18069163567
284	-10.8194399131
285	-2.26367336377
286	-5.80355719673
287	-2.27421453655
288	-2.26007920968
289	-2.40674609076
290	-2.54113432433
291	-2.26367336377
292	-2.44165960594
293	-2.54113432433
294	-2.26367336377
295	-2.40674609076
296	-2.49973618293
297	-2.26367336377
298	-2.40188726917
299	-2.54113432433
300	-5.04048569879
301	-2.18069163567
302	-2.51048320397
303	-10.7616644222
304	-2.40188726917
305	-5.69941276066
306	-2.26007920968
307	-9.66574364043
308	-2.49973618293
309	-2.04828154176
310	-5.5881559677
311	-2.27421453655
312	-6.39148131984
313	-5.97276824707
314	-2.51048320397
315	-2.26367336377
316	-14.5119672386
317	-5.54583465182
318	-2.30117819859
319	-5.08332100335
320	-2.49973618293
321	-2.26007920968
322	-2.44165960594
323	-2.27421453655
324	-5.81652995914
325	-2.18069163567
326	-2.51048320397
327	-2.04828154176
328	-11.2650276052
329	-8.79163024278
330	-2.26007920968
331	-2.44165960594
332	-2.27421453655
333	-2.30117819859
334	-6.62404179827
335	-2.27421453655
336	-6.03959733886
337	-8.49316975681
338	-4.71013869939
339	-9.48920948062
340	-2.18069163567
341	-2.27421453655
342	-5.2821883624
343	-2.40674609076
344	-2.49973618293
345	-2.30117819859
346	-2.18069163567
347	-4.99192137955
348	-5.00922563551
349	-5.83491557242
350	-11.3824820221
351	-2.26007920968
352	-2.44165960594
353	-2.54113432433
354	-2.30117819859
355	-2.40674609076
356	-8.76772424962
357	-2.26007920968
358	-2.44165960594
359	-2.51048320397
360	-9.76205959305
361	-2.40674609076
362	-6.73609139671
363	-2.26367336377
364	-2.44165960594
365	-5.989880866
366	-2.26007920968
367	-6.06564988239
368	-7.89911482255
369	-2.26367336377
370	-5.09017355351
371	-5.0266860094
372	-2.04828154176
373	-5.40654546627
374	-2.54113432433
375	-2.04828154176
376	-2.18069163567
377	-5.31557749001
378	-2.30117819859
379	-2.44165960594
380	-2.51048320397
381	-2.26367336377
382	-5.12753568561
383	-2.49973618293
384	-2.30117819859
385	-5.97276824707
386	-2.51048320397
387	-2.04828154176
388	-2.40674609076
389	-5.0654076074
390	-2.04828154176
391	-5.83491557242
392	-7.63187696543
393	-2.26007920968
394	-2.40188726917
395	-2.27421453655
396	-2.26007920968
397	-9.46175926966
398	-2.27421453655
399	-2.30117819859
400	-2.44165960594
401	-5.31557749001
402	-2.04828154176
403	-2.40674609076
404	-5.0000992579
405	-2.26367336377
406	-2.18069163567
407	-10.8929868028
408	-6.26021869285
409	-2.18069163567
410	-2.49973618293
411	-2.04828154176
412	-7.79084804275
413	-2.49973618293
414	-7.82523704078
415	-2.40674609076
416	-2.54113432433
417	-2.26367336377
418	-2.40674609076
419	-2.27421453655
420	-2.26007920968
421	-7.44613802626
422	-2.49973618293
423	-2.04828154176
424	-2.44165960594
425	-2.54113432433
426	-7.77161145697
427	-2.40188726917
428	-2.51048320397
429	-6.02775819551
430	-2.40674609076
431	-2.54113432433
432	-2.26367336377
433	-11.2041168318
434	-2.54113432433
435	-2.04828154176
436	-2.18069163567
437	-7.53201600453
438	-5.36400087474
439	-2.18069163567
440	-2.54113432433
441	-2.04828154176
442	-2.18069163567
443	-2.51048320397
444	-2.26367336377
445	-2.18069163567
446	-4.76135928341
447	-8.39732371057
448	-2.18069163567
449	-2.27421453655
450	-2.30117819859
451	-2.18069163567
452	-2.27421453655
453	-6.25485578976
454	-8.49316975681
455	-10.2176540794
456	-5.2821883624
457	-2.40188726917
458	-2.49973618293
459	-2.04828154176
460	-6.62254429842
461	-2.27421453655
462	-2.30117819859
463	-5.97276824707
464	-9.22308182505
465	-2.26367336377
466	-5.93960157276
467	-2.27421453655
468	-5.98254933043
469	-2.40188726917
470	-2.49973618293
