# log_p 	 lnL 	 
0.0	-1768.55733545	
-0.287682072452	-1768.55741344	
-0.510825623766	-1768.55746184	
-0.69314718056	-1768.55748276	
-0.847297860387	-1768.55748876	
-0.980829253012	-1768.55749019	
-1.09861228867	-1768.55749289	
-1.20397280433	-1768.55749937	
-1.29928298413	-1768.55751021	
-1.38629436112	-1768.55752505	
-1.46633706879	-1768.55754315	
-1.54044504095	-1768.55756371	
-1.60943791243	-1768.55758597	
-1.67397643357	-1768.55760926	
-1.73460105539	-1768.55763307	
-1.79175946923	-1768.55765697	
-1.8458266905	-1768.55768064	
-1.89711998489	-1768.55770384	
-1.94591014906	-1768.55772639	
-1.99243016469	-1768.55774817	
-2.03688192726	-1768.55776909	
-2.07944154168	-1768.5577891	
-2.1202635362	-1768.55780816	
-2.15948424935	-1768.55782627	
-2.19722457734	-1768.55784344	
-2.23359222151	-1768.55785967	
-2.26868354132	-1768.55787498	
-2.30258509299	-1768.55788941	
-2.33537491582	-1768.55790298	
-2.36712361413	-1768.55791572	
-2.3978952728	-1768.55792767	
-2.42774823595	-1768.55793887	
-2.45673577282	-1768.55794933	
-2.48490664979	-1768.55795911	
-2.51230562398	-1768.55796824	
-2.53897387106	-1768.55797674	
-2.56494935746	-1768.55798464	
-2.59026716545	-1768.55799199	
-2.61495977804	-1768.5579988	
-2.63905732962	-1768.55800511	
-2.66258782703	-1768.55801094	
-2.68557734525	-1768.55801632	
-2.7080502011	-1768.55802127	
-2.73002910782	-1768.55802582	
-2.75153531304	-1768.55802998	
-2.77258872224	-1768.55803378	
-2.79320800944	-1768.55803724	
-2.81341071676	-1768.55804038	
-2.83321334406	-1768.55804321	
-2.85263142991	-1768.55804575	
-2.87167962488	-1768.55804801	
-2.8903717579	-1768.55805002	
-2.90872089656	-1768.55805179	
-2.92673940207	-1768.55805332	
-2.94443897917	-1768.55805464	
-2.96183072188	-1768.55805575	
-2.97892515524	-1768.55805666	
-2.99573227355	-1768.55805739	
-3.01226157551	-1768.55805795	
-3.02852209638	-1768.55805834	
-3.04452243772	-1768.55805858	
-3.06027079469	-1768.55805867	
-3.07577498123	-1768.55805863	
-3.09104245336	-1768.55805845	
-3.10608033072	-1768.55805815	
-3.12089541651	-1768.55805774	
-3.13549421593	-1768.55805721	
-3.14988295338	-1768.55805659	
-3.16406758837	-1768.55805586	
-3.17805383035	-1768.55805504	
-3.19184715248	-1768.55805414	
-3.20545280454	-1768.55805315	
-3.21887582487	-1768.55805208	
-3.23212105162	-1768.55805095	
-3.24519313319	-1768.55804974	
-3.25809653802	-1768.55804847	
-3.2708355638	-1768.55804714	
-3.28341434601	-1768.55804576	
-3.295836866	-1768.55804432	
-3.3081069586	-1768.55804283	
-3.32022831913	-1768.55804129	
-3.33220451018	-1768.55803971	
-3.34403896782	-1768.55803809	
-3.35573500759	-1768.55803642	
-3.36729582999	-1768.55803473	
-3.37872452581	-1768.55803299	
-3.39002408106	-1768.55803123	
-3.40119738166	-1768.55802944	
-3.41224721785	-1768.55802762	
-3.42317628838	-1768.55802577	
-3.43398720449	-1768.5580239	
-3.4446824936	-1768.55802201	
-3.45526460293	-1768.5580201	
-3.4657359028	-1768.55801817	
-3.47609868984	-1768.55801622	
-3.48635519	-1768.55801426	
-3.49650756147	-1768.55801228	
-3.50655789732	-1768.55801029	
-3.51650822817	-1768.55800828	
-3.52636052462	-1768.55800627	
-3.53611669956	-1768.55800424	
-3.54577861047	-1768.55800221	
-3.55534806149	-1768.55800017	
-3.56482680544	-1768.55799812	
-3.57421654579	-1768.55799607	
-3.58351893846	-1768.55799401	
-3.59273559356	-1768.55799195	
-3.60186807712	-1768.55798988	
-3.61091791264	-1768.55798781	
-3.61988658263	-1768.55798574	
-3.62877553004	-1768.55798367	
-3.63758615973	-1768.5579816	
-3.6463198397	-1768.55797952	
-3.65497790244	-1768.55797745	
-3.66356164613	-1768.55797538	
-3.6720723358	-1768.55797331	
-3.68051120444	-1768.55797124	
-3.68887945411	-1768.55796917	
-3.69717825693	-1768.55796711	
-3.70540875607	-1768.55796505	
-3.7135720667	-1768.55796299	
-3.72166927694	-1768.55796094	
-3.72970144863	-1768.55795889	
-3.73766961828	-1768.55795684	
-3.74557479779	-1768.5579548	
-3.75341797525	-1768.55795277	
-3.76120011569	-1768.55795074	
-3.76892216179	-1768.55794871	
-3.77658503453	-1768.5579467	
-3.78418963392	-1768.55794468	
-3.79173683955	-1768.55794268	
-3.79922751128	-1768.55794068	
-3.80666248977	-1768.55793869	
-3.81404259707	-1768.5579367	
-3.82136863716	-1768.55793472	
-3.82864139649	-1768.55793275	
-3.83586164446	-1768.55793079	
-3.84303013394	-1768.55792883	
-3.85014760171	-1768.55792688	
-3.85721476893	-1768.55792494	
-3.86423234159	-1768.55792301	
-3.87120101091	-1768.55792109	
-3.87812145375	-1768.55791917	
-3.88499433304	-1768.55791726	
-3.89182029811	-1768.55791536	
-3.8985999851	-1768.55791347	
-3.90533401728	-1768.55791158	
-3.91202300543	-1768.55790971	
-3.91866754815	-1768.55790784	
-3.92526823218	-1768.55790598	
-3.93182563272	-1768.55790413	
-3.93834031375	-1768.55790229	
-3.94481282825	-1768.55790046	
-3.95124371858	-1768.55789864	
-3.95763351668	-1768.55789682	
-3.96398274436	-1768.55789502	
-3.97029191355	-1768.55789322	
-3.97656152657	-1768.55789143	
-3.98279207632	-1768.55788965	
-3.98898404656	-1768.55788788	
-3.99513791214	-1768.55788612	
-4.00125413916	-1768.55788436	
-4.00733318523	-1768.55788262	
-4.01337549969	-1768.55788088	
-4.01938152375	-1768.55787916	
-4.02535169074	-1768.55787744	
-4.03128642625	-1768.55787573	
-4.03718614838	-1768.55787403	
-4.04305126783	-1768.55787234	
-4.04888218815	-1768.55787066	
-4.05467930583	-1768.55786898	
-4.06044301055	-1768.55786732	
-4.06617368526	-1768.55786566	
-4.07187170637	-1768.55786402	
-4.07753744391	-1768.55786238	
-4.08317126162	-1768.55786075	
-4.08877351717	-1768.55785913	
-4.09434456222	-1768.55785751	
-4.0998847426	-1768.55785591	
-4.10539439841	-1768.55785431	
-4.11087386417	-1768.55785273	
-4.11632346894	-1768.55785115	
-4.12174353641	-1768.55784958	
-4.12713438505	-1768.55784802	
-4.13249632819	-1768.55784646	
-4.13782967416	-1768.55784492	
-4.14313472639	-1768.55784338	
-4.14841178349	-1768.55784185	
-4.15366113938	-1768.55784033	
-4.15888308336	-1768.55783882	
-4.16407790024	-1768.55783732	
-4.1692458704	-1768.55783582	
-4.1743872699	-1768.55783434	
-4.17950237056	-1768.55783286	
-4.18459144007	-1768.55783138	
-4.18965474203	-1768.55782992	
-4.19469253606	-1768.55782847	
-4.19970507788	-1768.55782702	
-4.20469261939	-1768.55782558	
-4.20965540873	-1768.55782415	
-4.21459369037	-1768.55782272	
-4.21950770518	-1768.55782131	
-4.22439769047	-1768.5578199	
-4.22926388012	-1768.5578185	
-4.2341065046	-1768.5578171	
-4.23892579103	-1768.55781572	
-4.2437219633	-1768.55781434	
-4.24849524205	-1768.55781297	
-4.25324584481	-1768.55781161	
-4.257973986	-1768.55781025	
-4.26267987704	-1768.5578089	
-4.26736372635	-1768.55780756	
-4.27202573946	-1768.55780622	
-4.27666611902	-1768.5578049	
-4.28128506487	-1768.55780358	
-4.28588277412	-1768.55780227	
-4.29045944115	-1768.55780096	
-4.29501525768	-1768.55779966	
-4.29955041285	-1768.55779837	
-4.3040650932	-1768.55779708	
-4.30855948279	-1768.55779581	
-4.31303376319	-1768.55779454	
-4.31748811354	-1768.55779327	
-4.3219227106	-1768.55779201	
-4.32633772881	-1768.55779076	
-4.33073334029	-1768.55778952	
-4.33510971489	-1768.55778828	
-4.33946702026	-1768.55778705	
-4.34380542185	-1768.55778583	
-4.348125083	-1768.55778461	
-4.3524261649	-1768.5577834	
-4.35670882669	-1768.55778219	
-4.36097322548	-1768.55778099	
-4.36521951636	-1768.5577798	
-4.36944785247	-1768.55777862	
-4.373658385	-1768.55777744	
-4.37785126326	-1768.55777626	
-4.38202663467	-1768.5577751	
-4.38618464482	-1768.55777393	
-4.39032543749	-1768.55777278	
-4.39444915467	-1768.55777163	
-4.39855593663	-1768.55777049	
-4.40264592188	-1768.55776935	
-4.40671924726	-1768.55776822	
-4.41077604796	-1768.55776709	
-4.4148164575	-1768.55776597	
-4.4188406078	-1768.55776486	
-4.42284862919	-1768.55776375	
-4.42684065046	-1768.55776265	
-4.43081679884	-1768.55776156	
-4.43477720006	-1768.55776046	
-4.43872197835	-1768.55775938	
-4.44265125649	-1768.5577583	
-4.44656515581	-1768.55775723	
-4.45046379623	-1768.55775616	
-4.45434729625	-1768.55775509	
-4.45821577303	-1768.55775404	
-4.46206934235	-1768.55775298	
-4.46590811865	-1768.55775194	
-4.46973221509	-1768.5577509	
-4.47354174351	-1768.55774986	
-4.47733681448	-1768.55774883	
-4.48111753732	-1768.5577478	
-4.48488402011	-1768.55774678	
-4.48863636973	-1768.55774577	
-4.49237469184	-1768.55774476	
-4.49609909093	-1768.55774375	
-4.49980967033	-1768.55774275	
-4.50350653221	-1768.55774176	
-4.50718977763	-1768.55774077	
-4.51085950652	-1768.55773978	
-4.51451581772	-1768.5577388	
-4.518158809	-1768.55773783	
-4.52178857705	-1768.55773685	
-4.52540521752	-1768.55773589	
-4.52900882502	-1768.55773493	
-4.53259949315	-1768.55773397	
-4.5361773145	-1768.55773302	
-4.53974238067	-1768.55773207	
-4.54329478227	-1768.55773113	
-4.54683460898	-1768.55773019	
-4.55036194949	-1768.55772926	
-4.5538768916	-1768.55772833	
-4.55737952215	-1768.55772741	
-4.56086992709	-1768.55772649	
-4.56434819147	-1768.55772557	
-4.56781439944	-1768.55772466	
-4.57126863431	-1768.55772376	
-4.5747109785	-1768.55772286	
-4.5781415136	-1768.55772196	
-4.58156032035	-1768.55772106	
-4.58496747867	-1768.55772018	
-4.58836306767	-1768.55771929	
-4.59174716566	-1768.55771841	
-4.59511985013	-1768.55771753	
-4.59848119784	-1768.55771666	
-4.60183128472	-1768.5577158	
-4.60517018599	-1768.55771493	
-4.60849797608	-1768.55771407	
-4.61181472871	-1768.55771322	
-4.61512051684	-1768.55771237	
-4.61841541274	-1768.55771152	
-4.62169948794	-1768.55771067	
-4.62497281328	-1768.55770983	
-4.62823545892	-1768.557709	
-4.63148749431	-1768.55770817	
-4.63472898823	-1768.55770734	
-4.63796000881	-1768.55770652	
-4.64118062351	-1768.5577057	
-4.64439089914	-1768.55770488	
-4.64759090187	-1768.55770407	
-4.65078069724	-1768.55770326	
-4.65396035016	-1768.55770245	
-4.65712992492	-1768.55770165	
-4.66028948521	-1768.55770085	
-4.66343909411	-1768.55770006	
-4.66657881412	-1768.55769927	
-4.66970870713	-1768.55769848	
-4.67282883446	-1768.5576977	
-4.67593925688	-1768.55769692	
-4.67904003455	-1768.55769615	
-4.68213122712	-1768.55769537	
-4.68521289366	-1768.5576946	
-4.6882850927	-1768.55769384	
-4.69134788223	-1768.55769308	
-4.69440131972	-1768.55769232	
-4.6974454621	-1768.55769156	
-4.70048036579	-1768.55769081	
-4.70350608671	-1768.55769006	
-4.70652268025	-1768.55768932	
-4.70953020131	-1768.55768858	
-4.71252870431	-1768.55768784	
-4.71551824316	-1768.5576871	
-4.7184988713	-1768.55768637	
-4.72147064168	-1768.55768564	
-4.72443360681	-1768.55768492	
-4.72738781871	-1768.5576842	
-4.73033332894	-1768.55768348	
-4.73327018862	-1768.55768276	
-4.73619844839	-1768.55768205	
-4.7391181585	-1768.55768134	
-4.74202936871	-1768.55768063	
-4.74493212836	-1768.55767993	
-4.74782648639	-1768.55767923	
-4.75071249128	-1768.55767853	
-4.75359019111	-1768.55767784	
-4.75645963353	-1768.55767715	
-4.75932086582	-1768.55767646	
-4.7621739348	-1768.55767577	
-4.76501888693	-1768.55767509	
-4.76785576827	-1768.55767441	
-4.77068462447	-1768.55767374	
-4.77350550081	-1768.55767306	
-4.77631844218	-1768.55767239	
-4.77912349311	-1768.55767172	
-4.78192069773	-1768.55767106	
-4.78471009982	-1768.5576704	
-4.78749174278	-1768.55766974	
-4.79026566966	-1768.55766908	
-4.79303192316	-1768.55766843	
-4.7957905456	-1768.55766778	
-4.79854157897	-1768.55766713	
-4.80128506491	-1768.55766648	
-4.80402104473	-1768.55766584	
-4.80674955939	-1768.5576652	
-4.8094706495	-1768.55766456	
-4.81218435537	-1768.55766393	
-4.81489071697	-1768.5576633	
-4.81758977394	-1768.55766267	
-4.82028156561	-1768.55766204	
-4.82296613098	-1768.55766142	
-4.82564350875	-1768.55766079	
-4.8283137373	-1768.55766018	
-4.83097685472	-1768.55765956	
-4.83363289878	-1768.55765894	
-4.83628190695	-1768.55765833	
-4.83892391641	-1768.55765772	
-4.84155896405	-1768.55765712	
-4.84418708646	-1768.55765651	
-4.84680831994	-1768.55765591	
-4.84942270051	-1768.55765531	
-4.85203026392	-1768.55765472	
-4.85463104562	-1768.55765412	
-4.8572250808	-1768.55765353	
-4.85981240436	-1768.55765294	
-4.86239305096	-1768.55765235	
-4.86496705495	-1768.55765177	
-4.86753445046	-1768.55765119	
-4.87009527132	-1768.55765061	
-4.87264955112	-1768.55765003	
-4.8751973232	-1768.55764945	
-4.87773862063	-1768.55764888	
-4.88027347623	-1768.55764831	
-4.88280192259	-1768.55764774	
-4.88532399202	-1768.55764718	
-4.88783971662	-1768.55764661	
-4.89034912822	-1768.55764605	
-4.89285225844	-1768.55764549	
-4.89534913864	-1768.55764493	
-4.89783979995	-1768.55764438	
-4.90032427328	-1768.55764383	
-4.90280258929	-1768.55764327	
-4.90527477844	-1768.55764273	
-4.90774087093	-1768.55764218	
-4.91020089677	-1768.55764164	
-4.91265488574	-1768.55764109	
-4.91510286737	-1768.55764055	
-4.91754487103	-1768.55764001	
-4.91998092583	-1768.55763948	
-4.92241106068	-1768.55763894	
-4.92483530429	-1768.55763841	
-4.92725368516	-1768.55763788	
-4.92966623156	-1768.55763736	
-4.93207297159	-1768.55763683	
-4.93447393313	-1768.55763631	
-4.93686914386	-1768.55763578	
-4.93925863125	-1768.55763526	
-4.94164242261	-1768.55763475	
-4.94402054501	-1768.55763423	
-4.94639302537	-1768.55763372	
-4.94875989038	-1768.55763321	
-4.95112116656	-1768.5576327	
-4.95347688026	-1768.55763219	
-4.9558270576	-1768.55763168	
-4.95817172456	-1768.55763118	
-4.96051090691	-1768.55763068	
-4.96284463026	-1768.55763018	
-4.96517292002	-1768.55762968	
-4.96749580144	-1768.55762918	
-4.96981329958	-1768.55762869	
-4.97212543933	-1768.55762819	
-4.97443224543	-1768.5576277	
-4.97673374242	-1768.55762721	
-4.97902995468	-1768.55762672	
-4.98132090643	-1768.55762624	
-4.98360662171	-1768.55762575	
-4.98588712441	-1768.55762527	
-4.98816243824	-1768.55762479	
-4.99043258678	-1768.55762431	
-4.99269759341	-1768.55762384	
-4.99495748138	-1768.55762336	
-4.99721227376	-1768.55762289	
-4.9994619935	-1768.55762242	
-5.00170666335	-1768.55762195	
-5.00394630595	-1768.55762148	
-5.00618094375	-1768.55762101	
-5.00841059907	-1768.55762055	
-5.0106352941	-1768.55762008	
-5.01285505083	-1768.55761962	
-5.01506989116	-1768.55761916	
-5.01727983681	-1768.55761871	
-5.01948490937	-1768.55761825	
-5.02168513028	-1768.55761779	
-5.02388052085	-1768.55761734	
-5.02607110223	-1768.55761689	
-5.02825689545	-1768.55761644	
-5.03043792139	-1768.55761599	
-5.03261420082	-1768.55761554	
-5.03478575433	-1768.5576151	
-5.03695260241	-1768.55761466	
-5.03911476542	-1768.55761421	
-5.04127226356	-1768.55761377	
-5.04342511692	-1768.55761333	
-5.04557334546	-1768.5576129	
-5.047716969	-1768.55761246	
-5.04985600725	-1768.55761203	
-5.05199047978	-1768.55761159	
-5.05412040604	-1768.55761116	
-5.05624580535	-1768.55761073	
-5.05836669692	-1768.55761031	
-5.06048309982	-1768.55760988	
-5.06259503303	-1768.55760945	
-5.06470251537	-1768.55760903	
-5.06680556556	-1768.55760861	
-5.06890420222	-1768.55760819	
-5.07099844382	-1768.55760777	
-5.07308830874	-1768.55760735	
-5.07517381523	-1768.55760693	
-5.07725498144	-1768.55760652	
-5.07933182538	-1768.5576061	
-5.08140436498	-1768.55760569	
-5.08347261805	-1768.55760528	
-5.08553660227	-1768.55760487	
-5.08759633523	-1768.55760446	
-5.08965183441	-1768.55760406	
-5.09170311719	-1768.55760365	
-5.09375020081	-1768.55760325	
-5.09579310244	-1768.55760285	
-5.09783183913	-1768.55760244	
-5.09986642782	-1768.55760204	
-5.10189688537	-1768.55760165	
-5.10392322852	-1768.55760125	
-5.1059454739	-1768.55760085	
-5.10796363806	-1768.55760046	
-5.10997773743	-1768.55760007	
-5.11198778836	-1768.55759967	
-5.11399380708	-1768.55759928	
-5.11599580975	-1768.55759889	
-5.11799381242	-1768.55759851	
-5.11998783102	-1768.55759812	
-5.12197788143	-1768.55759773	
-5.1239639794	-1768.55759735	
-5.12594614061	-1768.55759697	
-5.12792438062	-1768.55759659	
-5.12989871492	-1768.55759621	
-5.13186915891	-1768.55759583	
-5.13383572788	-1768.55759545	
-5.13579843705	-1768.55759507	
-5.13775730154	-1768.5575947	
-5.13971233637	-1768.55759432	
-5.1416635565	-1768.55759395	
-5.14361097679	-1768.55759358	
-5.145554612	-1768.55759321	
-5.14749447681	-1768.55759284	
-5.14943058584	-1768.55759247	
-5.15136295359	-1768.5575921	
-5.1532915945	-1768.55759174	
-5.15521652291	-1768.55759137	
-5.15713775309	-1768.55759101	
-5.15905529921	-1768.55759065	
-5.1609691754	-1768.55759029	
-5.16287939565	-1768.55758993	
-5.16478597392	-1768.55758957	
-5.16668892407	-1768.55758921	
-5.16858825987	-1768.55758886	
-5.17048399504	-1768.5575885	
-5.17237614319	-1768.55758815	
-5.17426471788	-1768.55758779	
-5.17614973257	-1768.55758744	
-5.17803120067	-1768.55758709	
-5.1799091355	-1768.55758674	
-5.18178355029	-1768.55758639	
-5.18365445823	-1768.55758605	
-5.1855218724	-1768.5575857	
-5.18738580584	-1768.55758535	
-5.18924627149	-1768.55758501	
-5.19110328224	-1768.55758467	
-5.19295685089	-1768.55758433	
-5.19480699018	-1768.55758398	
-5.19665371277	-1768.55758364	
-5.19849703127	-1768.55758331	
-5.20033695819	-1768.55758297	
-5.202173506	-1768.55758263	
-5.20400668708	-1768.5575823	
-5.20583651375	-1768.55758196	
-5.20766299828	-1768.55758163	
-5.20948615284	-1768.5575813	
-5.21130598956	-1768.55758096	
-5.21312252048	-1768.55758063	
-5.21493575761	-1768.5575803	
-5.21674571285	-1768.55757998	
-5.21855239808	-1768.55757965	
-5.22035582508	-1768.55757932	
-5.22215600558	-1768.557579	
-5.22395295126	-1768.55757867	
-5.22574667371	-1768.55757835	
-5.22753718449	-1768.55757803	
-5.22932449506	-1768.55757771	
-5.23110861685	-1768.55757738	
-5.23288956123	-1768.55757707	
-5.23466733947	-1768.55757675	
-5.23644196283	-1768.55757643	
-5.23821344248	-1768.55757611	
-5.23998178954	-1768.5575758	
-5.24174701506	-1768.55757548	
-5.24350913005	-1768.55757517	
-5.24526814546	-1768.55757486	
-5.24702407216	-1768.55757454	
-5.24877692099	-1768.55757423	
-5.25052670271	-1768.55757392	
-5.25227342805	-1768.55757361	
-5.25401710765	-1768.55757331	
-5.25575775213	-1768.557573	
-5.25749537203	-1768.55757269	
-5.25922997784	-1768.55757239	
-5.26096158	-1768.55757208	
-5.2626901889	-1768.55757178	
-5.26441581487	-1768.55757148	
-5.26613846818	-1768.55757117	
-5.26785815906	-1768.55757087	
-5.26957489768	-1768.55757057	
-5.27128869416	-1768.55757027	
-5.27299955856	-1768.55756998	
-5.27470750091	-1768.55756968	
-5.27641253116	-1768.55756938	
-5.27811465923	-1768.55756909	
-5.27981389498	-1768.55756879	
-5.28151024823	-1768.5575685	
-5.28320372874	-1768.55756821	
-5.28489434622	-1768.55756791	
-5.28658211033	-1768.55756762	
-5.28826703069	-1768.55756733	
-5.28994911688	-1768.55756704	
-5.2916283784	-1768.55756675	
-5.29330482472	-1768.55756646	
-5.29497846528	-1768.55756618	
-5.29664930945	-1768.55756589	
-5.29831736655	-1768.55756561	
-5.29998264587	-1768.55756532	
-5.30164515664	-1768.55756504	
-5.30330490806	-1768.55756475	
-5.30496190927	-1768.55756447	
-5.30661616936	-1768.55756419	
-5.3082676974	-1768.55756391	
-5.30991650239	-1768.55756363	
-5.3115625933	-1768.55756335	
-5.31320597904	-1768.55756307	
-5.3148466685	-1768.55756279	
-5.3164846705	-1768.55756252	
-5.31811999384	-1768.55756224	
-5.31975264727	-1768.55756197	
-5.32138263948	-1768.55756169	
-5.32300997914	-1768.55756142	
-5.32463467487	-1768.55756115	
-5.32625673524	-1768.55756087	
-5.32787616879	-1768.5575606	
-5.32949298402	-1768.55756033	
-5.33110718937	-1768.55756006	
-5.33271879327	-1768.55755979	
-5.33432780407	-1768.55755953	
-5.33593423012	-1768.55755926	
-5.3375380797	-1768.55755899	
-5.33913936107	-1768.55755873	
-5.34073808243	-1768.55755846	
-5.34233425196	-1768.5575582	
-5.3439278778	-1768.55755793	
-5.34551896803	-1768.55755767	
-5.34710753072	-1768.55755741	
-5.34869357387	-1768.55755714	
-5.35027710548	-1768.55755688	
-5.35185813348	-1768.55755662	
-5.35343666577	-1768.55755636	
-5.35501271022	-1768.5575561	
-5.35658627467	-1768.55755585	
-5.3581573669	-1768.55755559	
-5.35972599468	-1768.55755533	
-5.36129216571	-1768.55755508	
-5.36285588769	-1768.55755482	
-5.36441716825	-1768.55755457	
-5.36597601502	-1768.55755431	
-5.36753243557	-1768.55755406	
-5.36908643744	-1768.55755381	
-5.37063802813	-1768.55755356	
-5.37218721511	-1768.5575533	
-5.37373400583	-1768.55755305	
-5.37527840768	-1768.5575528	
-5.37682042804	-1768.55755256	
-5.37836007422	-1768.55755231	
-5.37989735354	-1768.55755206	
-5.38143227326	-1768.55755181	
-5.38296484061	-1768.55755157	
-5.38449506279	-1768.55755132	
-5.38602294697	-1768.55755107	
-5.38754850028	-1768.55755083	
-5.38907172982	-1768.55755059	
-5.39059264266	-1768.55755034	
-5.39211124583	-1768.5575501	
-5.39362754635	-1768.55754986	
-5.39514155118	-1768.55754962	
-5.39665326727	-1768.55754938	
-5.39816270152	-1768.55754914	
-5.39966986081	-1768.5575489	
-5.40117475199	-1768.55754866	
-5.40267738187	-1768.55754842	
-5.40417775725	-1768.55754818	
-5.40567588487	-1768.55754795	
-5.40717177146	-1768.55754771	
-5.40866542372	-1768.55754747	
-5.4101568483	-1768.55754724	
-5.41164605186	-1768.557547	
-5.41313304098	-1768.55754677	
-5.41461782224	-1768.55754654	
-5.4161004022	-1768.55754631	
-5.41758078737	-1768.55754607	
-5.41905898424	-1768.55754584	
-5.42053499927	-1768.55754561	
-5.42200883889	-1768.55754538	
-5.4234805095	-1768.55754515	
-5.42495001748	-1768.55754492	
-5.42641736918	-1768.55754469	
-5.4278825709	-1768.55754447	
-5.42934562895	-1768.55754424	
-5.43080654959	-1768.55754401	
-5.43226533906	-1768.55754379	
-5.43372200355	-1768.55754356	
-5.43517654927	-1768.55754334	
-5.43662898235	-1768.55754311	
-5.43807930892	-1768.55754289	
-5.4395275351	-1768.55754267	
-5.44097366695	-1768.55754244	
-5.44241771052	-1768.55754222	
-5.44385967184	-1768.557542	
-5.4452995569	-1768.55754178	
-5.44673737167	-1768.55754156	
-5.44817312209	-1768.55754134	
-5.44960681409	-1768.55754112	
-5.45103845357	-1768.5575409	
-5.45246804638	-1768.55754068	
-5.45389559837	-1768.55754046	
-5.45532111536	-1768.55754025	
-5.45674460314	-1768.55754003	
-5.45816606749	-1768.55753982	
-5.45958551414	-1768.5575396	
-5.46100294883	-1768.55753939	
-5.46241837723	-1768.55753917	
-5.46383180503	-1768.55753896	
-5.46524323786	-1768.55753874	
-5.46665268137	-1768.55753853	
-5.46806014114	-1768.55753832	
-5.46946562274	-1768.55753811	
-5.47086913175	-1768.5575379	
-5.47227067367	-1768.55753769	
-5.47367025403	-1768.55753748	
-5.47506787829	-1768.55753727	
-5.47646355193	-1768.55753706	
-5.47785728038	-1768.55753685	
-5.47924906905	-1768.55753664	
-5.48063892334	-1768.55753643	
-5.48202684862	-1768.55753623	
-5.48341285022	-1768.55753602	
-5.48479693349	-1768.55753581	
-5.48617910372	-1768.55753561	
-5.48755936619	-1768.5575354	
-5.48893772616	-1768.5575352	
-5.49031418887	-1768.55753499	
-5.49168875953	-1768.55753479	
-5.49306144334	-1768.55753459	
-5.49443224547	-1768.55753439	
-5.49580117108	-1768.55753418	
-5.49716822529	-1768.55753398	
-5.49853341322	-1768.55753378	
-5.49989673995	-1768.55753358	
-5.50125821054	-1768.55753338	
-5.50261783006	-1768.55753318	
-5.50397560352	-1768.55753298	
-5.50533153593	-1768.55753278	
-5.50668563228	-1768.55753259	
-5.50803789753	-1768.55753239	
-5.50938833663	-1768.55753219	
-5.5107369545	-1768.55753199	
-5.51208375605	-1768.5575318	
-5.51342874616	-1768.5575316	
-5.51477192971	-1768.55753141	
-5.51611331154	-1768.55753121	
-5.51745289646	-1768.55753102	
-5.51879068931	-1768.55753082	
-5.52012669485	-1768.55753063	
-5.52146091786	-1768.55753044	
-5.5227933631	-1768.55753024	
-5.52412403528	-1768.55753005	
-5.52545293913	-1768.55752986	
-5.52678007934	-1768.55752967	
-5.52810546058	-1768.55752948	
-5.52942908751	-1768.55752929	
-5.53075096477	-1768.5575291	
-5.53207109697	-1768.55752891	
-5.53338948873	-1768.55752872	
-5.53470614461	-1768.55752853	
-5.53602106919	-1768.55752834	
-5.53733426702	-1768.55752816	
-5.53864574262	-1768.55752797	
-5.5399555005	-1768.55752778	
-5.54126354516	-1768.5575276	
-5.54256988107	-1768.55752741	
-5.5438745127	-1768.55752723	
-5.54517744448	-1768.55752704	
-5.54647868084	-1768.55752686	
-5.54777822618	-1768.55752667	
-5.5490760849	-1768.55752649	
-5.55037226136	-1768.5575263	
-5.55166675992	-1768.55752612	
-5.55295958492	-1768.55752594	
-5.55425074069	-1768.55752576	
-5.55554023152	-1768.55752558	
-5.5568280617	-1768.55752539	
-5.55811423551	-1768.55752521	
-5.5593987572	-1768.55752503	
-5.56068163102	-1768.55752485	
-5.56196286117	-1768.55752467	
-5.56324245188	-1768.5575245	
-5.56452040732	-1768.55752432	
-5.56579673168	-1768.55752414	
-5.56707142911	-1768.55752396	
-5.56834450376	-1768.55752378	
-5.56961595975	-1768.55752361	
-5.57088580119	-1768.55752343	
-5.57215403218	-1768.55752325	
-5.57342065679	-1768.55752308	
-5.5746856791	-1768.5575229	
-5.57594910315	-1768.55752273	
-5.57721093297	-1768.55752255	
-5.57847117258	-1768.55752238	
-5.57972982599	-1768.5575222	
-5.58098689718	-1768.55752203	
-5.58224239012	-1768.55752186	
-5.58349630878	-1768.55752168	
-5.5847486571	-1768.55752151	
-5.585999439	-1768.55752134	
-5.5872486584	-1768.55752117	
-5.5884963192	-1768.557521	
-5.58974242528	-1768.55752083	
-5.59098698051	-1768.55752066	
-5.59222998875	-1768.55752049	
-5.59347145384	-1768.55752032	
-5.5947113796	-1768.55752015	
-5.59594976985	-1768.55751998	
-5.59718662839	-1768.55751981	
-5.598421959	-1768.55751964	
-5.59965576545	-1768.55751947	
-5.60088805149	-1768.55751931	
-5.60211882088	-1768.55751914	
-5.60334807733	-1768.55751897	
-5.60457582457	-1768.55751881	
-5.6058020663	-1768.55751864	
-5.60702680619	-1768.55751848	
-5.60825004793	-1768.55751831	
-5.60947179518	-1768.55751815	
-5.61069205159	-1768.55751798	
-5.61191082078	-1768.55751782	
-5.61312810639	-1768.55751765	
-5.61434391201	-1768.55751749	
-5.61555824124	-1768.55751733	
-5.61677109767	-1768.55751716	
-5.61798248485	-1768.557517	
-5.61919240636	-1768.55751684	
-5.62040086572	-1768.55751668	
-5.62160786647	-1768.55751652	
-5.62281341212	-1768.55751636	
-5.62401750619	-1768.5575162	
-5.62522015215	-1768.55751604	
-5.6264213535	-1768.55751588	
-5.62762111369	-1768.55751572	
-5.62881943618	-1768.55751556	
-5.63001632442	-1768.5575154	
-5.63121178182	-1768.55751524	
-5.63240581181	-1768.55751508	
-5.6335984178	-1768.55751492	
-5.63478960317	-1768.55751477	
-5.6359793713	-1768.55751461	
-5.63716772557	-1768.55751445	
-5.63835466933	-1768.5575143	
-5.63954020593	-1768.55751414	
-5.64072433869	-1768.55751398	
-5.64190707094	-1768.55751383	
-5.64308840598	-1768.55751367	
-5.64426834712	-1768.55751352	
-5.64544689764	-1768.55751336	
-5.64662406082	-1768.55751321	
-5.64779983991	-1768.55751306	
-5.64897423816	-1768.5575129	
-5.65014725882	-1768.55751275	
-5.65131890512	-1768.5575126	
-5.65248918027	-1768.55751244	
-5.65365808747	-1768.55751229	
-5.65482562993	-1768.55751214	
-5.65599181082	-1768.55751199	
-5.65715663332	-1768.55751184	
-5.65832010058	-1768.55751169	
-5.65948221576	-1768.55751154	
-5.660642982	-1768.55751139	
-5.66180240242	-1768.55751124	
-5.66296048014	-1768.55751109	
-5.66411721826	-1768.55751094	
-5.66527261989	-1768.55751079	
-5.66642668811	-1768.55751064	
-5.66757942599	-1768.55751049	
-5.6687308366	-1768.55751034	
-5.66988092298	-1768.5575102	
-5.67102968818	-1768.55751005	
-5.67217713524	-1768.5575099	
-5.67332326717	-1768.55750975	
-5.67446808699	-1768.55750961	
-5.67561159769	-1768.55750946	
-5.67675380227	-1768.55750932	
-5.6778947037	-1768.55750917	
-5.67903430497	-1768.55750902	
-5.68017260902	-1768.55750888	
-5.6813096188	-1768.55750873	
-5.68244533727	-1768.55750859	
-5.68357976734	-1768.55750845	
-5.68471291194	-1768.5575083	
-5.68584477397	-1768.55750816	
-5.68697535634	-1768.55750802	
-5.68810466194	-1768.55750787	
-5.68923269364	-1768.55750773	
-5.69035945432	-1768.55750759	
-5.69148494685	-1768.55750745	
-5.69260917406	-1768.5575073	
-5.6937321388	-1768.55750716	
-5.69485384391	-1768.55750702	
-5.69597429221	-1768.55750688	
-5.69709348651	-1768.55750674	
-5.69821142961	-1768.5575066	
-5.69932812431	-1768.55750646	
-5.70044357339	-1768.55750632	
-5.70155777963	-1768.55750618	
-5.7026707458	-1768.55750604	
-5.70378247466	-1768.5575059	
-5.70489296894	-1768.55750576	
-5.70600223139	-1768.55750562	
-5.70711026475	-1768.55750549	
-5.70821707172	-1768.55750535	
-5.70932265503	-1768.55750521	
-5.71042701737	-1768.55750507	
-5.71153016145	-1768.55750494	
-5.71263208993	-1768.5575048	
-5.71373280551	-1768.55750466	
-5.71483231084	-1768.55750453	
-5.71593060859	-1768.55750439	
-5.71702770141	-1768.55750426	
-5.71812359193	-1768.55750412	
-5.71921828279	-1768.55750399	
-5.72031177661	-1768.55750385	
-5.72140407601	-1768.55750372	
-5.72249518359	-1768.55750358	
-5.72358510195	-1768.55750345	
-5.72467383369	-1768.55750331	
-5.72576138137	-1768.55750318	
-5.72684774759	-1768.55750305	
-5.72793293489	-1768.55750291	
-5.72901694583	-1768.55750278	
-5.73009978297	-1768.55750265	
-5.73118144884	-1768.55750252	
-5.73226194598	-1768.55750239	
-5.7333412769	-1768.55750225	
-5.73441944412	-1768.55750212	
-5.73549645015	-1768.55750199	
-5.73657229748	-1768.55750186	
-5.73764698861	-1768.55750173	
-5.73872052602	-1768.5575016	
-5.73979291218	-1768.55750147	
-5.74086414956	-1768.55750134	
-5.74193424062	-1768.55750121	
-5.74300318781	-1768.55750108	
-5.74407099357	-1768.55750095	
-5.74513766034	-1768.55750082	
-5.74620319054	-1768.55750069	
-5.7472675866	-1768.55750057	
-5.74833085092	-1768.55750044	
-5.74939298591	-1768.55750031	
-5.75045399397	-1768.55750018	
-5.75151387748	-1768.55750005	
-5.75257263883	-1768.55749993	
-5.75363028038	-1768.5574998	
-5.75468680452	-1768.55749967	
-5.75574221359	-1768.55749955	
-5.75679650994	-1768.55749942	
-5.75784969593	-1768.5574993	
-5.75890177388	-1768.55749917	
-5.75995274612	-1768.55749904	
-5.76100261499	-1768.55749892	
-5.76205138278	-1768.55749879	
-5.76309905181	-1768.55749867	
-5.76414562438	-1768.55749855	
-5.76519110278	-1768.55749842	
-5.7662354893	-1768.5574983	
-5.76727878622	-1768.55749817	
-5.76832099579	-1768.55749805	
-5.7693621203	-1768.55749793	
-5.770402162	-1768.5574978	
-5.77144112313	-1768.55749768	
-5.77247900594	-1768.55749756	
-5.77351581267	-1768.55749744	
-5.77455154554	-1768.55749731	
-5.77558620679	-1768.55749719	
-5.77661979861	-1768.55749707	
-5.77765232322	-1768.55749695	
-5.77868378283	-1768.55749683	
-5.77971417962	-1768.55749671	
-5.78074351579	-1768.55749659	
-5.78177179352	-1768.55749647	
-5.78279901497	-1768.55749635	
-5.78382518233	-1768.55749623	
-5.78485029774	-1768.55749611	
-5.78587436337	-1768.55749599	
-5.78689738137	-1768.55749587	
-5.78791935386	-1768.55749575	
-5.788940283	-1768.55749563	
-5.7899601709	-1768.55749551	
-5.79097901969	-1768.55749539	
-5.79199683148	-1768.55749527	
-5.79301360838	-1768.55749516	
-5.7940293525	-1768.55749504	
-5.79504406593	-1768.55749492	
-5.79605775077	-1768.5574948	
-5.79707040908	-1768.55749469	
-5.79808204295	-1768.55749457	
-5.79909265446	-1768.55749445	
-5.80010224566	-1768.55749434	
-5.80111081862	-1768.55749422	
-5.80211837538	-1768.5574941	
-5.80312491799	-1768.55749399	
-5.80413044849	-1768.55749387	
-5.80513496892	-1768.55749376	
-5.80613848129	-1768.55749364	
-5.80714098764	-1768.55749353	
-5.80814248998	-1768.55749341	
-5.80914299031	-1768.5574933	
