#Site	lnL	
0	-6.93368422142
1	-6.71873656263
2	-6.25556787071
3	-4.39162560706
4	-4.68697210672
5	-10.8101077527
6	-9.24242698639
7	-4.68697210672
8	-6.57417621804
9	-4.55123639613
10	-4.79167599807
11	-7.62731696656
12	-4.45739092048
13	-4.61374360526
14	-8.63524879943
15	-6.91793615009
16	-9.96396913735
17	-6.25556787071
18	-9.29945956828
19	-8.58213192117
20	-9.74637199318
21	-4.61664507044
22	-4.86482828184
23	-6.57417621804
24	-9.25642719122
25	-13.8942100227
26	-7.62731696656
27	-4.55123639613
28	-4.61374360526
29	-6.4424945211
30	-6.92311694146
31	-4.86482828184
32	-6.57417621804
33	-4.55123639613
34	-4.86482828184
35	-7.00175124431
36	-4.45739092048
37	-4.68697210672
38	-6.57417621804
39	-4.61664507044
40	-7.57725792149
41	-13.1664473067
42	-4.39162560706
43	-10.3430960464
44	-8.63524879943
45	-4.55123639613
46	-4.68697210672
47	-6.12576199387
48	-4.55123639613
49	-4.61374360526
50	-9.39331024777
51	-8.77598061498
52	-10.5697981432
53	-8.34178877644
54	-4.39162560706
55	-10.3353482456
56	-6.57417621804
57	-4.45739092048
58	-11.485920766
59	-6.4424945211
60	-4.45739092048
61	-16.7143996049
62	-6.57417621804
63	-4.39162560706
64	-4.86482828184
65	-6.4424945211
66	-4.39162560706
67	-4.68697210672
68	-6.12576199387
69	-4.61664507044
70	-12.9267444026
71	-6.4424945211
72	-4.45739092048
73	-8.56154962134
74	-6.4424945211
75	-4.61664507044
76	-4.68697210672
77	-9.00219480758
78	-10.3518107714
79	-4.61374360526
80	-9.32669670713
81	-4.39162560706
82	-4.68697210672
83	-6.25556787071
84	-6.9296771022
85	-4.61374360526
86	-9.75937912782
87	-4.45739092048
88	-9.39413712857
89	-9.56892673352
90	-9.37964391985
91	-9.71631853301
92	-8.82222631836
93	-4.55123639613
94	-4.68697210672
95	-10.6345613948
96	-4.39162560706
97	-4.61374360526
98	-6.25556787071
99	-4.39162560706
100	-8.74471402322
101	-6.57417621804
102	-4.55123639613
103	-8.66062880333
104	-6.4424945211
105	-8.77598061498
106	-4.86482828184
107	-6.25556787071
108	-4.61664507044
109	-4.61374360526
110	-6.4424945211
111	-6.93368422142
112	-11.0342780786
113	-7.79733713521
114	-4.55123639613
115	-9.59184464164
116	-6.25556787071
117	-4.55123639613
118	-10.3430960464
119	-6.57417621804
120	-4.39162560706
121	-4.79167599807
122	-6.25556787071
123	-10.3849595766
124	-4.86482828184
125	-6.25556787071
126	-9.37964391985
127	-8.58213192117
128	-6.12576199387
129	-11.1937869107
130	-12.1059971163
131	-9.5486992711
132	-4.39162560706
133	-4.68697210672
134	-9.56892673352
135	-4.55123639613
136	-14.387640528
137	-6.25556787071
138	-6.9296771022
139	-4.68697210672
140	-9.92849017397
141	-4.55123639613
142	-4.79167599807
143	-8.34698452443
144	-7.80763184614
145	-6.71873656263
146	-9.46166347818
147	-4.45739092048
148	-6.71873656263
149	-6.12576199387
150	-4.45739092048
151	-8.66062880333
152	-6.4424945211
153	-4.61664507044
154	-6.73557742401
155	-6.57417621804
156	-4.55123639613
157	-4.68697210672
158	-7.00175124431
159	-16.9179210218
160	-4.86482828184
161	-7.0900299583
162	-4.39162560706
163	-9.59184464164
164	-9.25888954343
165	-8.77598061498
166	-9.87058858546
167	-7.60491245867
168	-9.67978443263
169	-8.66062880333
170	-6.12576199387
171	-4.61664507044
172	-4.79167599807
173	-9.00219480758
174	-4.39162560706
175	-4.79167599807
176	-6.57417621804
177	-4.55123639613
178	-4.86482828184
179	-9.49448089604
180	-9.67978443263
181	-4.79167599807
182	-7.00175124431
183	-10.9920464468
184	-4.86482828184
185	-6.12576199387
186	-4.55123639613
187	-4.79167599807
188	-7.60491245867
189	-4.45739092048
190	-4.79167599807
191	-7.87677214861
192	-4.45739092048
193	-12.1086450413
194	-6.4424945211
195	-12.8764374288
196	-8.58213192117
197	-6.12576199387
198	-15.2380544901
199	-4.86482828184
200	-6.25556787071
201	-4.45739092048
202	-4.79167599807
203	-7.79733713521
204	-4.39162560706
205	-4.79167599807
206	-9.75104491431
207	-4.55123639613
208	-4.61374360526
209	-12.8274232251
210	-10.6351966936
211	-4.86482828184
212	-6.12576199387
213	-11.0479142976
214	-10.5725294572
215	-6.4424945211
216	-4.61664507044
217	-4.61374360526
218	-6.25556787071
219	-4.55123639613
220	-4.79167599807
221	-10.7441264411
222	-4.45739092048
223	-4.61374360526
224	-6.4424945211
225	-4.45739092048
226	-4.79167599807
227	-10.8591358782
228	-4.61664507044
229	-8.2146187868
230	-10.9808814704
231	-4.55123639613
232	-4.68697210672
233	-9.93134832659
234	-11.9050331863
235	-4.86482828184
236	-6.25556787071
237	-4.39162560706
238	-4.61374360526
239	-6.57417621804
240	-4.61664507044
241	-4.79167599807
242	-6.4424945211
243	-4.45739092048
244	-8.8026344787
245	-9.18408892145
246	-4.55123639613
247	-4.61374360526
248	-6.25556787071
249	-4.61664507044
250	-4.86482828184
251	-6.4424945211
252	-4.39162560706
253	-4.68697210672
254	-6.25556787071
255	-9.66479033824
256	-14.128264233
257	-6.4424945211
258	-4.61664507044
259	-8.53140350169
260	-6.25556787071
261	-8.39384466138
262	-4.79167599807
263	-6.25556787071
264	-10.5746801055
265	-8.60104351603
266	-6.25556787071
267	-12.6282128937
268	-8.66062880333
269	-6.57417621804
270	-4.45739092048
271	-4.61374360526
272	-9.39331024777
273	-4.55123639613
274	-14.128264233
275	-6.25556787071
276	-4.45739092048
277	-4.61374360526
278	-6.25556787071
279	-4.39162560706
280	-4.86482828184
281	-6.25556787071
282	-4.45739092048
283	-4.68697210672
284	-9.25888954343
285	-4.55123639613
286	-4.86482828184
287	-6.25556787071
288	-9.90013837956
289	-4.86482828184
290	-9.10246188415
291	-16.9674894126
292	-11.9646442616
293	-9.10246188415
294	-4.39162560706
295	-8.66062880333
296	-10.6862076177
297	-4.61664507044
298	-4.61374360526
299	-12.8283698869
300	-4.61664507044
301	-10.7286360362
302	-8.89973430009
303	-11.0479142976
304	-11.4755539889
305	-6.4424945211
306	-4.45739092048
307	-15.7097704272
308	-8.82222631836
309	-8.72924199774
310	-8.74471402322
311	-9.75937912782
312	-4.61664507044
313	-4.79167599807
314	-9.56892673352
315	-4.45739092048
316	-9.69532764803
317	-14.6262873993
318	-4.55123639613
319	-4.61374360526
320	-6.4424945211
321	-4.55123639613
322	-4.79167599807
323	-6.25556787071
324	-4.55123639613
325	-4.61374360526
326	-6.4424945211
327	-4.55123639613
328	-4.79167599807
329	-8.51474002934
330	-4.61664507044
331	-4.68697210672
332	-6.25556787071
333	-10.7440444173
334	-4.68697210672
335	-6.25556787071
336	-4.55123639613
337	-9.49649241715
338	-6.57417621804
339	-10.907040253
340	-9.39413712857
341	-6.25556787071
342	-4.55123639613
343	-4.61374360526
344	-10.4532374292
345	-4.45739092048
346	-9.64229072906
347	-12.2943576239
348	-4.55123639613
349	-4.68697210672
350	-6.25556787071
351	-4.45739092048
352	-10.2402757818
353	-6.12576199387
354	-4.45739092048
355	-8.23349987423
356	-6.57417621804
357	-9.37964391985
358	-4.61374360526
359	-6.4424945211
360	-9.24242698639
361	-4.68697210672
362	-6.12576199387
363	-4.55123639613
364	-4.61374360526
365	-9.10246188415
366	-12.5034485145
367	-8.50976486151
368	-10.482785223
369	-4.39162560706
370	-10.7286360362
371	-6.4424945211
372	-4.39162560706
373	-10.1518339015
374	-6.57417621804
375	-4.61664507044
376	-8.66062880333
377	-10.3975568169
378	-4.55123639613
379	-4.61374360526
380	-7.79733713521
381	-4.61664507044
382	-10.2187296156
383	-10.482785223
384	-4.39162560706
385	-4.68697210672
386	-8.98490237088
387	-4.39162560706
388	-11.8675281914
389	-8.81491311553
390	-12.7131508173
391	-11.9008597353
392	-6.12576199387
393	-17.0128340461
394	-4.61374360526
395	-6.25556787071
396	-4.61664507044
397	-8.23349987423
398	-6.57417621804
399	-9.66479033824
400	-9.51831615439
401	-6.12576199387
402	-4.55123639613
403	-4.68697210672
404	-6.25556787071
405	-4.45739092048
406	-4.79167599807
407	-6.12576199387
408	-10.907040253
409	-4.86482828184
410	-7.87677214861
411	-4.39162560706
412	-10.2645697882
413	-11.9847881448
414	-4.39162560706
415	-10.2187296156
416	-6.4424945211
417	-4.55123639613
418	-4.68697210672
419	-10.5736595478
420	-9.67978443263
421	-12.2218811237
422	-6.4424945211
423	-4.45739092048
424	-8.50976486151
425	-6.25556787071
426	-4.39162560706
427	-10.0442156481
428	-6.25556787071
429	-4.61664507044
430	-4.61374360526
431	-6.57417621804
432	-10.7155619484
433	-4.68697210672
434	-6.4424945211
435	-4.55123639613
436	-12.4057843842
437	-6.4424945211
438	-4.39162560706
439	-10.3353482456
440	-6.12576199387
441	-4.61664507044
442	-9.46816493253
443	-10.6855417377
444	-4.45739092048
445	-4.79167599807
446	-7.68397919454
447	-4.55123639613
448	-8.2146187868
449	-6.4424945211
450	-9.43465398216
451	-4.86482828184
452	-6.57417621804
453	-4.39162560706
454	-4.79167599807
455	-6.57417621804
456	-4.39162560706
457	-4.79167599807
458	-6.4424945211
459	-4.61664507044
460	-4.68697210672
461	-14.6455968102
462	-4.39162560706
463	-8.58213192117
464	-6.25556787071
465	-4.61664507044
466	-10.3505960008
467	-6.25556787071
468	-4.61664507044
469	-4.68697210672
470	-6.25556787071
