#Site	lnL	
0	-5.22371152065
1	-2.19650484482
2	-1.86011270719
3	-5.29693355839
4	-2.13712672443
5	-1.65274122823
6	-1.84061148232
7	-2.00621284363
8	-11.5353278262
9	-2.0681747269
10	-5.15123266144
11	-6.79536944368
12	-6.06711769935
13	-8.14795426535
14	-1.69518493234
15	-6.10962749685
16	-2.00621284363
17	-1.69518493234
18	-2.01165879062
19	-8.27713963234
20	-1.65274122823
21	-5.29693355839
22	-5.41407349288
23	-1.80817077829
24	-2.01165879062
25	-2.19650484482
26	-6.08270021118
27	-2.0681747269
28	-5.0695480349
29	-1.86011270719
30	-5.85369585561
31	-1.95633900834
32	-6.58962285804
33	-6.07661846019
34	-1.95633900834
35	-1.69518493234
36	-2.01165879062
37	-6.00416709878
38	-1.86011270719
39	-2.0681747269
40	-2.19650484482
41	-6.48991882721
42	-1.88763446191
43	-1.95633900834
44	-1.80817077829
45	-6.2773202436
46	-2.19650484482
47	-1.80817077829
48	-2.01165879062
49	-2.19650484482
50	-6.38453936747
51	-8.7382036528
52	-8.93909234056
53	-6.07837322283
54	-5.1854821847
55	-2.19650484482
56	-1.65274122823
57	-6.23223077509
58	-9.19011837216
59	-12.1162107964
60	-1.88763446191
61	-2.00621284363
62	-8.69648154342
63	-6.91145088844
64	-2.00621284363
65	-6.69051977918
66	-1.88763446191
67	-1.95633900834
68	-5.72825722721
69	-1.88763446191
70	-1.95633900834
71	-1.69518493234
72	-11.1927303182
73	-2.19650484482
74	-1.86011270719
75	-2.01165879062
76	-2.13712672443
77	-1.69518493234
78	-6.17053561298
79	-2.13712672443
80	-1.65274122823
81	-6.10962749685
82	-8.43134489838
83	-1.80817077829
84	-1.88763446191
85	-1.95633900834
86	-6.49174415906
87	-6.24030839654
88	-5.98348072926
89	-1.65274122823
90	-2.0681747269
91	-2.19650484482
92	-5.80710969824
93	-1.84061148232
94	-5.91446905745
95	-7.40973590619
96	-6.97627434045
97	-6.17147883968
98	-1.69518493234
99	-2.0681747269
100	-6.3949162813
101	-1.69518493234
102	-7.1072183819
103	-2.13712672443
104	-1.65274122823
105	-2.0681747269
106	-2.19650484482
107	-1.65274122823
108	-7.098750783
109	-5.89810574372
110	-11.6189155619
111	-1.84061148232
112	-1.95633900834
113	-6.69163581614
114	-2.01165879062
115	-5.41407349288
116	-1.86011270719
117	-1.88763446191
118	-6.20761638675
119	-1.65274122823
120	-1.84061148232
121	-2.19650484482
122	-1.80817077829
123	-2.0681747269
124	-2.00621284363
125	-6.75453542574
126	-1.88763446191
127	-5.43985535991
128	-1.80817077829
129	-1.88763446191
130	-2.00621284363
131	-1.80817077829
132	-1.88763446191
133	-10.5623947458
134	-6.62243863018
135	-11.2741053453
136	-5.95652416218
137	-1.65274122823
138	-6.23223077509
139	-9.48789421383
140	-1.65274122823
141	-2.01165879062
142	-5.46005449629
143	-5.70902503976
144	-5.31087348643
145	-6.06946588158
146	-13.1208639209
147	-2.0681747269
148	-1.95633900834
149	-5.70384644625
150	-13.4642500206
151	-6.1154144575
152	-1.86011270719
153	-1.84061148232
154	-1.95633900834
155	-5.70902503976
156	-5.31087348643
157	-7.38674554057
158	-1.69518493234
159	-6.04904861306
160	-5.43985535991
161	-1.65274122823
162	-6.10962749685
163	-7.56470573133
164	-6.49174415906
165	-6.45510910864
166	-2.00621284363
167	-1.86011270719
168	-1.84061148232
169	-5.98348072926
170	-5.70902503976
171	-2.01165879062
172	-2.19650484482
173	-1.86011270719
174	-6.07962134403
175	-2.19650484482
176	-6.07291682842
177	-2.0681747269
178	-8.0610334978
179	-1.80817077829
180	-1.88763446191
181	-2.00621284363
182	-1.65274122823
183	-6.11062732433
184	-8.38815181602
185	-9.83843817408
186	-7.63359924941
187	-1.95633900834
188	-1.65274122823
189	-6.91145088844
190	-1.95633900834
191	-1.65274122823
192	-2.0681747269
193	-2.13712672443
194	-5.82422957965
195	-2.0681747269
196	-2.00621284363
197	-5.8144375282
198	-2.01165879062
199	-2.19650484482
200	-1.69518493234
201	-1.84061148232
202	-8.18587826483
203	-1.65274122823
204	-6.88248655921
205	-5.43985535991
206	-1.65274122823
207	-1.84061148232
208	-7.38674554057
209	-1.80817077829
210	-7.75016700841
211	-1.95633900834
212	-6.38453936747
213	-1.88763446191
214	-9.80774391821
215	-1.80817077829
216	-1.88763446191
217	-8.46276136998
218	-1.69518493234
219	-1.84061148232
220	-2.00621284363
221	-8.02631283676
222	-1.88763446191
223	-2.19650484482
224	-10.8969645156
225	-1.84061148232
226	-6.3034858729
227	-7.48482437096
228	-5.8617487185
229	-1.95633900834
230	-10.7209108399
231	-2.01165879062
232	-2.13712672443
233	-1.65274122823
234	-2.01165879062
235	-5.04864548892
236	-5.82422957965
237	-2.01165879062
238	-2.19650484482
239	-1.69518493234
240	-1.84061148232
241	-8.01367017716
242	-6.09626895454
243	-2.0681747269
244	-2.13712672443
245	-1.69518493234
246	-1.88763446191
247	-5.15123266144
248	-1.86011270719
249	-1.84061148232
250	-2.19650484482
251	-1.65274122823
252	-8.48205713944
253	-8.46276136998
254	-11.4094096356
255	-6.1301456037
256	-6.01885841443
257	-6.61749572091
258	-2.0681747269
259	-2.00621284363
260	-9.71905174944
261	-6.2773202436
262	-5.41407349288
263	-1.86011270719
264	-10.6083210418
265	-5.43985535991
266	-1.69518493234
267	-8.52405395496
268	-5.95652416218
269	-1.69518493234
270	-5.60563148431
271	-6.62106767589
272	-1.69518493234
273	-2.01165879062
274	-2.13712672443
275	-1.69518493234
276	-2.0681747269
277	-1.95633900834
278	-13.8593484207
279	-1.84061148232
280	-1.95633900834
281	-5.81246262775
282	-7.6260997138
283	-8.22183558832
284	-1.69518493234
285	-2.01165879062
286	-5.43985535991
287	-5.81246262775
288	-1.88763446191
289	-7.47261895573
290	-1.65274122823
291	-1.88763446191
292	-5.68282504372
293	-12.4232157414
294	-5.1854821847
295	-2.00621284363
296	-6.95553583393
297	-1.84061148232
298	-2.00621284363
299	-6.08270021118
300	-2.01165879062
301	-2.13712672443
302	-5.70384644625
303	-1.84061148232
304	-2.13712672443
305	-1.65274122823
306	-1.84061148232
307	-1.95633900834
308	-1.65274122823
309	-2.0681747269
310	-2.19650484482
311	-1.80817077829
312	-2.0681747269
313	-5.41289405959
314	-1.80817077829
315	-2.0681747269
316	-1.95633900834
317	-6.61749572091
318	-2.0681747269
319	-2.13712672443
320	-13.981242466
321	-1.84061148232
322	-1.95633900834
323	-1.65274122823
324	-2.01165879062
325	-6.17147883968
326	-6.08270021118
327	-1.84061148232
328	-12.0707138154
329	-6.07837322283
330	-1.88763446191
331	-2.19650484482
332	-12.1722957762
333	-2.0681747269
334	-6.08006232797
335	-7.05354267506
336	-1.84061148232
337	-2.19650484482
338	-6.57586874531
339	-1.84061148232
340	-2.13712672443
341	-1.69518493234
342	-8.37561014634
343	-2.00621284363
344	-11.9947962238
345	-2.01165879062
346	-1.95633900834
347	-1.86011270719
348	-12.4949167641
349	-2.00621284363
350	-1.69518493234
351	-2.01165879062
352	-2.19650484482
353	-5.70902503976
354	-2.01165879062
355	-2.13712672443
356	-1.80817077829
357	-2.01165879062
358	-6.00416709878
359	-1.80817077829
360	-1.88763446191
361	-2.13712672443
362	-6.75453542574
363	-2.01165879062
364	-2.00621284363
365	-9.12544509952
366	-5.20548252699
367	-2.00621284363
368	-1.69518493234
369	-8.78937452432
370	-2.13712672443
371	-1.80817077829
372	-2.0681747269
373	-6.94840629222
374	-1.65274122823
375	-1.88763446191
376	-2.00621284363
377	-1.65274122823
378	-2.0681747269
379	-1.95633900834
380	-1.65274122823
381	-2.0681747269
382	-2.19650484482
383	-6.49174415906
384	-2.0681747269
385	-1.95633900834
386	-5.70384644625
387	-1.84061148232
388	-5.01963655346
389	-1.65274122823
390	-1.84061148232
391	-5.41289405959
392	-1.65274122823
393	-1.84061148232
394	-1.95633900834
395	-10.9179793632
396	-9.69363277363
397	-5.13597440092
398	-6.94183532029
399	-1.88763446191
400	-5.43985535991
401	-1.69518493234
402	-2.0681747269
403	-1.95633900834
404	-1.80817077829
405	-2.0681747269
406	-2.00621284363
407	-1.65274122823
408	-1.88763446191
409	-1.95633900834
410	-1.65274122823
411	-5.1854821847
412	-1.95633900834
413	-1.80817077829
414	-1.84061148232
415	-1.95633900834
416	-1.69518493234
417	-6.91145088844
418	-2.00621284363
419	-6.09626895454
420	-2.0681747269
421	-5.12635786817
422	-9.00112090093
423	-1.84061148232
424	-1.95633900834
425	-1.80817077829
426	-2.0681747269
427	-7.37810521493
428	-1.69518493234
429	-1.84061148232
430	-2.13712672443
431	-5.80710969824
432	-2.01165879062
433	-2.00621284363
434	-5.70384644625
435	-2.0681747269
436	-5.91446905745
437	-6.61221998015
438	-1.84061148232
439	-7.39514486034
440	-11.556947909
441	-2.01165879062
442	-2.19650484482
443	-5.8144375282
444	-2.01165879062
445	-2.13712672443
446	-5.70384644625
447	-2.0681747269
448	-2.13712672443
449	-6.79536944368
450	-1.88763446191
451	-2.00621284363
452	-5.80710969824
453	-6.2773202436
454	-2.13712672443
455	-1.80817077829
456	-6.07962134403
457	-5.41289405959
458	-6.68760370505
459	-6.42760829109
460	-9.08752729272
461	-1.80817077829
462	-2.0681747269
463	-6.06946588158
464	-8.00631879584
465	-1.88763446191
466	-1.95633900834
467	-8.00133387917
468	-2.01165879062
469	-2.00621284363
470	-1.69518493234
