#Site	lnL	
0	-2.00996046556
1	-9.07726847012
2	-8.76941787647
3	-8.42133135685
4	-6.81135789467
5	-1.41951034189
6	-1.63226750764
7	-1.8323925353
8	-1.41951034189
9	-1.63226750764
10	-5.02126428125
11	-14.34474193
12	-2.00996046556
13	-2.09056313308
14	-1.41951034189
15	-1.63226750764
16	-1.87484136783
17	-1.45427193022
18	-2.00996046556
19	-1.70044042877
20	-6.76305291821
21	-1.63226750764
22	-5.52308492527
23	-6.23275495127
24	-2.00996046556
25	-1.70044042877
26	-7.80618761241
27	-1.75868637622
28	-2.09056313308
29	-8.73034389719
30	-2.00996046556
31	-2.09056313308
32	-11.5761328454
33	-1.79974148835
34	-2.09056313308
35	-1.41951034189
36	-1.63226750764
37	-1.70044042877
38	-1.31833109701
39	-7.04957757027
40	-1.8323925353
41	-7.8353808324
42	-4.7341477801
43	-7.48662248054
44	-1.63990898607
45	-5.67792515248
46	-1.8323925353
47	-14.3627342934
48	-1.75868637622
49	-2.09056313308
50	-7.35271977784
51	-5.12327812016
52	-7.7757982915
53	-1.63990898607
54	-1.63226750764
55	-1.70044042877
56	-1.45427193022
57	-6.9118356928
58	-4.52498175792
59	-1.31833109701
60	-2.00996046556
61	-1.70044042877
62	-1.31833109701
63	-5.27399594779
64	-1.8323925353
65	-1.41951034189
66	-1.75868637622
67	-1.70044042877
68	-7.12768996654
69	-1.63226750764
70	-1.8323925353
71	-1.41951034189
72	-1.63226750764
73	-1.70044042877
74	-1.45427193022
75	-2.00996046556
76	-1.70044042877
77	-1.45427193022
78	-1.79974148835
79	-1.70044042877
80	-7.21957797576
81	-1.75868637622
82	-1.8323925353
83	-6.81295428334
84	-1.63226750764
85	-1.8323925353
86	-1.31833109701
87	-1.63226750764
88	-2.09056313308
89	-1.31833109701
90	-5.621336379
91	-1.8323925353
92	-1.45427193022
93	-6.14109853257
94	-6.22842186983
95	-1.63990898607
96	-5.12327812016
97	-8.24383047416
98	-1.63990898607
99	-11.1317027694
100	-1.8323925353
101	-1.45427193022
102	-1.75868637622
103	-2.09056313308
104	-1.31833109701
105	-1.75868637622
106	-1.8323925353
107	-1.63990898607
108	-1.63226750764
109	-6.49771376757
110	-8.86509983935
111	-1.63226750764
112	-6.22842186983
113	-14.3061592511
114	-5.621336379
115	-5.02126428125
116	-1.45427193022
117	-1.63226750764
118	-1.70044042877
119	-7.38717454774
120	-5.12785363782
121	-11.5775035193
122	-1.31833109701
123	-5.62834542019
124	-1.8323925353
125	-6.14423370282
126	-1.79974148835
127	-10.6074933269
128	-1.31833109701
129	-1.63226750764
130	-1.8323925353
131	-14.5575400266
132	-1.79974148835
133	-1.70044042877
134	-6.81295428334
135	-2.00996046556
136	-1.87484136783
137	-6.81295428334
138	-7.48411675215
139	-1.8323925353
140	-1.41951034189
141	-2.00996046556
142	-2.09056313308
143	-6.81295428334
144	-7.08851031437
145	-2.09056313308
146	-11.1978409081
147	-4.62530813159
148	-10.2311666811
149	-1.41951034189
150	-1.75868637622
151	-6.53944497765
152	-1.41951034189
153	-2.00996046556
154	-1.70044042877
155	-1.45427193022
156	-2.00996046556
157	-1.8323925353
158	-8.41563336203
159	-1.75868637622
160	-2.09056313308
161	-1.63990898607
162	-1.75868637622
163	-1.87484136783
164	-1.63990898607
165	-1.79974148835
166	-1.8323925353
167	-8.44833588593
168	-1.75868637622
169	-2.09056313308
170	-6.14324531103
171	-1.75868637622
172	-1.70044042877
173	-1.45427193022
174	-1.79974148835
175	-2.09056313308
176	-1.45427193022
177	-6.24602067807
178	-1.70044042877
179	-1.31833109701
180	-6.95078774163
181	-1.8323925353
182	-1.45427193022
183	-5.19094596875
184	-1.8323925353
185	-6.76305291821
186	-5.12327812016
187	-5.16173713179
188	-1.41951034189
189	-7.25609398693
190	-1.8323925353
191	-1.41951034189
192	-1.79974148835
193	-5.70437912719
194	-19.8530028549
195	-1.63226750764
196	-1.70044042877
197	-7.8353808324
198	-6.17635101293
199	-2.09056313308
200	-9.3809511414
201	-2.00996046556
202	-1.70044042877
203	-6.81295428334
204	-1.75868637622
205	-5.02126428125
206	-1.31833109701
207	-1.79974148835
208	-7.5282083793
209	-7.38422170788
210	-2.00996046556
211	-11.1756068318
212	-6.14423370282
213	-1.75868637622
214	-2.09056313308
215	-16.5390768293
216	-5.23183658841
217	-2.09056313308
218	-1.45427193022
219	-5.78094827641
220	-1.70044042877
221	-1.45427193022
222	-9.77972858054
223	-2.09056313308
224	-1.45427193022
225	-1.63226750764
226	-7.19783738948
227	-1.31833109701
228	-1.75868637622
229	-5.19608150413
230	-1.45427193022
231	-1.79974148835
232	-4.63829166865
233	-1.31833109701
234	-2.00996046556
235	-1.70044042877
236	-1.45427193022
237	-1.63226750764
238	-1.8323925353
239	-1.45427193022
240	-5.79530436582
241	-15.8321208523
242	-6.76305291821
243	-1.79974148835
244	-2.09056313308
245	-7.84085227115
246	-1.75868637622
247	-4.52498175792
248	-1.41951034189
249	-2.00996046556
250	-2.09056313308
251	-1.45427193022
252	-5.12327812016
253	-9.0561263325
254	-6.23275495127
255	-1.63226750764
256	-6.53944497765
257	-1.45427193022
258	-9.85147641315
259	-1.70044042877
260	-1.41951034189
261	-6.12125792588
262	-6.14171007401
263	-1.31833109701
264	-1.79974148835
265	-6.01444956958
266	-1.63990898607
267	-1.75868637622
268	-5.46659044688
269	-1.45427193022
270	-2.00996046556
271	-6.07358768003
272	-7.12768996654
273	-1.75868637622
274	-1.87484136783
275	-13.3538741061
276	-7.04957757027
277	-1.87484136783
278	-6.76305291821
279	-8.30193446449
280	-1.8323925353
281	-1.31833109701
282	-1.75868637622
283	-7.39411991063
284	-1.63990898607
285	-5.23183658841
286	-6.22842186983
287	-1.63990898607
288	-1.79974148835
289	-6.92334435651
290	-1.45427193022
291	-1.79974148835
292	-1.8323925353
293	-1.41951034189
294	-8.07380364664
295	-2.09056313308
296	-6.81666685871
297	-1.79974148835
298	-1.87484136783
299	-8.15187537898
300	-1.75868637622
301	-9.88115907242
302	-1.41951034189
303	-1.75868637622
304	-1.8323925353
305	-1.45427193022
306	-6.29337761145
307	-1.87484136783
308	-6.14324531103
309	-1.63226750764
310	-1.70044042877
311	-6.22394331825
312	-1.63226750764
313	-2.09056313308
314	-1.63990898607
315	-1.75868637622
316	-5.08069019134
317	-7.7030652878
318	-5.19094596875
319	-6.49771376757
320	-1.31833109701
321	-1.79974148835
322	-6.05454652114
323	-7.8353808324
324	-1.63226750764
325	-1.70044042877
326	-6.85117369843
327	-1.63226750764
328	-1.70044042877
329	-6.67521520174
330	-1.63226750764
331	-2.09056313308
332	-13.8509800316
333	-1.63226750764
334	-1.70044042877
335	-6.76305291821
336	-1.63226750764
337	-6.49771376757
338	-1.41951034189
339	-7.80100427106
340	-7.5282083793
341	-8.41449958783
342	-1.63226750764
343	-2.09056313308
344	-14.2839671142
345	-1.63226750764
346	-1.70044042877
347	-1.31833109701
348	-1.63226750764
349	-5.68572507915
350	-1.45427193022
351	-12.8017472047
352	-1.70044042877
353	-1.63990898607
354	-1.79974148835
355	-10.0658201672
356	-1.31833109701
357	-1.79974148835
358	-5.68572507915
359	-7.2097037406
360	-6.95078774163
361	-13.5549644715
362	-6.14423370282
363	-1.63226750764
364	-1.87484136783
365	-6.67521520174
366	-2.00996046556
367	-1.8323925353
368	-1.45427193022
369	-1.63226750764
370	-4.63829166865
371	-1.41951034189
372	-1.79974148835
373	-1.8323925353
374	-1.41951034189
375	-1.79974148835
376	-1.70044042877
377	-1.45427193022
378	-1.63226750764
379	-5.50710461196
380	-13.8506612876
381	-2.00996046556
382	-1.87484136783
383	-7.13061591177
384	-2.00996046556
385	-5.12867279875
386	-1.45427193022
387	-11.0559110557
388	-1.70044042877
389	-1.41951034189
390	-1.79974148835
391	-2.09056313308
392	-1.31833109701
393	-2.00996046556
394	-1.70044042877
395	-6.76305291821
396	-1.79974148835
397	-1.70044042877
398	-1.41951034189
399	-8.15483729366
400	-2.09056313308
401	-1.31833109701
402	-10.6890091065
403	-1.70044042877
404	-6.14423370282
405	-2.00996046556
406	-6.07358768003
407	-12.4183411496
408	-4.67921852606
409	-1.87484136783
410	-1.31833109701
411	-9.83770505628
412	-4.52498175792
413	-7.83200343918
414	-5.12327812016
415	-5.52308492527
416	-9.4591915768
417	-4.62530813159
418	-1.87484136783
419	-1.41951034189
420	-2.00996046556
421	-1.70044042877
422	-8.41449958783
423	-1.75868637622
424	-1.70044042877
425	-6.67521520174
426	-1.79974148835
427	-2.09056313308
428	-1.41951034189
429	-2.00996046556
430	-2.09056313308
431	-1.63990898607
432	-1.79974148835
433	-5.02126428125
434	-1.41951034189
435	-1.79974148835
436	-2.09056313308
437	-1.45427193022
438	-1.63226750764
439	-5.52308492527
440	-1.41951034189
441	-5.78094827641
442	-1.70044042877
443	-1.31833109701
444	-1.79974148835
445	-7.19783738948
446	-6.22394331825
447	-5.23183658841
448	-1.70044042877
449	-1.31833109701
450	-1.79974148835
451	-5.68572507915
452	-1.41951034189
453	-1.75868637622
454	-1.70044042877
455	-7.2097037406
456	-1.75868637622
457	-6.15416129599
458	-1.41951034189
459	-9.32408663089
460	-1.87484136783
461	-1.41951034189
462	-1.79974148835
463	-6.14171007401
464	-1.31833109701
465	-4.62530813159
466	-1.87484136783
467	-1.31833109701
468	-1.79974148835
469	-5.64866213818
470	-1.31833109701
