# log_p 	 lnL 	 
0.0	-1670.3839419	
-0.287682072452	-1669.50003054	
-0.510825623766	-1668.80307417	
-0.69314718056	-1668.22010828	
-0.847297860387	-1667.71636014	
-0.980829253012	-1667.27095306	
-1.09861228867	-1666.86969472	
-1.20397280433	-1666.50245772	
-1.29928298413	-1666.16191427	
-1.38629436112	-1665.84275046	
-1.46633706879	-1665.54111137	
-1.54044504095	-1665.25419404	
-1.60943791243	-1664.97994832	
-1.67397643357	-1664.71685929	
-1.73460105539	-1664.4637905	
-1.79175946923	-1664.21987232	
-1.8458266905	-1663.98442289	
-1.89711998489	-1663.75689267	
-1.94591014906	-1663.53682569	
-1.99243016469	-1663.32383268	
-2.03688192726	-1663.11757251	
-2.07944154168	-1662.91773938	
-2.1202635362	-1662.72405412	
-2.15948424935	-1662.53625817	
-2.19722457734	-1662.35410953	
-2.23359222151	-1662.17737992	
-2.26868354132	-1662.0058529	
-2.30258509299	-1661.83932252	
-2.33537491582	-1661.67759234	
-2.36712361413	-1661.52047475	
-2.3978952728	-1661.36779043	
-2.42774823595	-1661.21936791	
-2.45673577282	-1661.0750432	
-2.48490664979	-1660.93465947	
-2.51230562398	-1660.79806675	
-2.53897387106	-1660.66512167	
-2.56494935746	-1660.53568716	
-2.59026716545	-1660.40963219	
-2.61495977804	-1660.28683156	
-2.63905732962	-1660.16716559	
-2.66258782703	-1660.05051993	
-2.68557734525	-1659.93678529	
-2.7080502011	-1659.82585722	
-2.73002910782	-1659.71763591	
-2.75153531304	-1659.61202596	
-2.77258872224	-1659.50893616	
-2.79320800944	-1659.4082793	
-2.81341071676	-1659.30997199	
-2.83321334406	-1659.21393447	
-2.85263142991	-1659.12009044	
-2.87167962488	-1659.02836687	
-2.8903717579	-1658.93869385	
-2.90872089656	-1658.85100447	
-2.92673940207	-1658.76523463	
-2.94443897917	-1658.6813229	
-2.96183072188	-1658.59921044	
-2.97892515524	-1658.51884082	
-2.99573227355	-1658.44015992	
-3.01226157551	-1658.36311583	
-3.02852209638	-1658.28765873	
-3.04452243772	-1658.21374079	
-3.06027079469	-1658.14131608	
-3.07577498123	-1658.07034045	
-3.09104245336	-1658.0007715	
-3.10608033072	-1657.93256844	
-3.12089541651	-1657.86569205	
-3.13549421593	-1657.8001046	
-3.14988295338	-1657.73576976	
-3.16406758837	-1657.67265256	
-3.17805383035	-1657.61071932	
-3.19184715248	-1657.54993759	
-3.20545280454	-1657.49027607	
-3.21887582487	-1657.43170461	
-3.23212105162	-1657.37419412	
-3.24519313319	-1657.31771652	
-3.25809653802	-1657.26224473	
-3.2708355638	-1657.20775258	
-3.28341434601	-1657.15421482	
-3.295836866	-1657.10160704	
-3.3081069586	-1657.04990565	
-3.32022831913	-1656.99908786	
-3.33220451018	-1656.94913162	
-3.34403896782	-1656.9000156	
-3.35573500759	-1656.85171917	
-3.36729582999	-1656.80422237	
-3.37872452581	-1656.75750586	
-3.39002408106	-1656.71155092	
-3.40119738166	-1656.66633942	
-3.41224721785	-1656.62185381	
-3.42317628838	-1656.57807704	
-3.43398720449	-1656.53499263	
-3.4446824936	-1656.49258458	
-3.45526460293	-1656.45083737	
-3.4657359028	-1656.40973596	
-3.47609868984	-1656.36926574	
-3.48635519	-1656.32941253	
-3.49650756147	-1656.2901626	
-3.50655789732	-1656.25150259	
-3.51650822817	-1656.21341952	
-3.52636052462	-1656.1759008	
-3.53611669956	-1656.13893421	
-3.54577861047	-1656.10250784	
-3.55534806149	-1656.06661016	
-3.56482680544	-1656.03122992	
-3.57421654579	-1655.99635621	
-3.58351893846	-1655.96197841	
-3.59273559356	-1655.9280862	
-3.60186807712	-1655.89466954	
-3.61091791264	-1655.86171864	
-3.61988658263	-1655.82922401	
-3.62877553004	-1655.79717639	
-3.63758615973	-1655.76556678	
-3.6463198397	-1655.73438639	
-3.65497790244	-1655.7036267	
-3.66356164613	-1655.67327938	
-3.6720723358	-1655.64333634	
-3.68051120444	-1655.61378969	
-3.68887945411	-1655.58463173	
-3.69717825693	-1655.55585498	
-3.70540875607	-1655.52745214	
-3.7135720667	-1655.49941608	
-3.72166927694	-1655.47173987	
-3.72970144863	-1655.44441675	
-3.73766961828	-1655.41744011	
-3.74557479779	-1655.39080353	
-3.75341797525	-1655.36450072	
-3.76120011569	-1655.33852556	
-3.76892216179	-1655.31287208	
-3.77658503453	-1655.28753445	
-3.78418963392	-1655.26250698	
-3.79173683955	-1655.23778411	
-3.79922751128	-1655.21336042	
-3.80666248977	-1655.18923062	
-3.81404259707	-1655.16538954	
-3.82136863716	-1655.14183213	
-3.82864139649	-1655.11855346	
-3.83586164446	-1655.09554871	
-3.84303013394	-1655.07281318	
-3.85014760171	-1655.05034226	
-3.85721476893	-1655.02813148	
-3.86423234159	-1655.00617643	
-3.87120101091	-1654.98447282	
-3.87812145375	-1654.96301646	
-3.88499433304	-1654.94180324	
-3.89182029811	-1654.92082916	
-3.8985999851	-1654.90009028	
-3.90533401728	-1654.87958279	
-3.91202300543	-1654.85930291	
-3.91866754815	-1654.83924699	
-3.92526823218	-1654.81941142	
-3.93182563272	-1654.7997927	
-3.93834031375	-1654.78038739	
-3.94481282825	-1654.76119212	
-3.95124371858	-1654.7422036	
-3.95763351668	-1654.72341861	
-3.96398274436	-1654.70483398	
-3.97029191355	-1654.68644662	
-3.97656152657	-1654.66825352	
-3.98279207632	-1654.6502517	
-3.98898404656	-1654.63243826	
-3.99513791214	-1654.61481036	
-4.00125413916	-1654.59736521	
-4.00733318523	-1654.58010009	
-4.01337549969	-1654.56301232	
-4.01938152375	-1654.54609927	
-4.02535169074	-1654.52935839	
-4.03128642625	-1654.51278715	
-4.03718614838	-1654.49638309	
-4.04305126783	-1654.48014378	
-4.04888218815	-1654.46406686	
-4.05467930583	-1654.44814999	
-4.06044301055	-1654.43239091	
-4.06617368526	-1654.41678737	
-4.07187170637	-1654.40133718	
-4.07753744391	-1654.38603819	
-4.08317126162	-1654.37088829	
-4.08877351717	-1654.3558854	
-4.09434456222	-1654.3410275	
-4.0998847426	-1654.32631258	
-4.10539439841	-1654.31173871	
-4.11087386417	-1654.29730394	
-4.11632346894	-1654.28300641	
-4.12174353641	-1654.26884425	
-4.12713438505	-1654.25481566	
-4.13249632819	-1654.24091884	
-4.13782967416	-1654.22715205	
-4.14313472639	-1654.21351357	
-4.14841178349	-1654.20000171	
-4.15366113938	-1654.18661481	
-4.15888308336	-1654.17335124	
-4.16407790024	-1654.1602094	
-4.1692458704	-1654.14718772	
-4.1743872699	-1654.13428465	
-4.17950237056	-1654.12149867	
-4.18459144007	-1654.1088283	
-4.18965474203	-1654.09627207	
-4.19469253606	-1654.08382853	
-4.19970507788	-1654.07149627	
-4.20469261939	-1654.0592739	
-4.20965540873	-1654.04716006	
-4.21459369037	-1654.03515338	
-4.21950770518	-1654.02325256	
-4.22439769047	-1654.01145629	
-4.22926388012	-1653.9997633	
-4.2341065046	-1653.98817231	
-4.23892579103	-1653.97668211	
-4.2437219633	-1653.96529146	
-4.24849524205	-1653.95399918	
-4.25324584481	-1653.94280409	
-4.257973986	-1653.93170502	
-4.26267987704	-1653.92070084	
-4.26736372635	-1653.90979042	
-4.27202573946	-1653.89897267	
-4.27666611902	-1653.88824649	
-4.28128506487	-1653.87761082	
-4.28588277412	-1653.86706461	
-4.29045944115	-1653.85660681	
-4.29501525768	-1653.84623641	
-4.29955041285	-1653.83595241	
-4.3040650932	-1653.82575382	
-4.30855948279	-1653.81563966	
-4.31303376319	-1653.80560898	
-4.31748811354	-1653.79566083	
-4.3219227106	-1653.78579429	
-4.32633772881	-1653.77600844	
-4.33073334029	-1653.76630237	
-4.33510971489	-1653.75667521	
-4.33946702026	-1653.74712607	
-4.34380542185	-1653.7376541	
-4.348125083	-1653.72825845	
-4.3524261649	-1653.71893828	
-4.35670882669	-1653.70969276	
-4.36097322548	-1653.70052109	
-4.36521951636	-1653.69142247	
-4.36944785247	-1653.6823961	
-4.373658385	-1653.67344122	
-4.37785126326	-1653.66455705	
-4.38202663467	-1653.65574284	
-4.38618464482	-1653.64699785	
-4.39032543749	-1653.63832134	
-4.39444915467	-1653.62971259	
-4.39855593663	-1653.62117089	
-4.40264592188	-1653.61269553	
-4.40671924726	-1653.60428583	
-4.41077604796	-1653.5959411	
-4.4148164575	-1653.58766066	
-4.4188406078	-1653.57944386	
-4.42284862919	-1653.57129003	
-4.42684065046	-1653.56319853	
-4.43081679884	-1653.55516872	
-4.43477720006	-1653.54719998	
-4.43872197835	-1653.53929168	
-4.44265125649	-1653.53144322	
-4.44656515581	-1653.52365398	
-4.45046379623	-1653.51592338	
-4.45434729625	-1653.50825082	
-4.45821577303	-1653.50063573	
-4.46206934235	-1653.49307753	
-4.46590811865	-1653.48557567	
-4.46973221509	-1653.47812958	
-4.47354174351	-1653.47073871	
-4.47733681448	-1653.46340252	
-4.48111753732	-1653.45612048	
-4.48488402011	-1653.44889206	
-4.48863636973	-1653.44171673	
-4.49237469184	-1653.43459398	
-4.49609909093	-1653.42752331	
-4.49980967033	-1653.42050421	
-4.50350653221	-1653.41353618	
-4.50718977763	-1653.40661874	
-4.51085950652	-1653.3997514	
-4.51451581772	-1653.3929337	
-4.518158809	-1653.38616514	
-4.52178857705	-1653.37944528	
-4.52540521752	-1653.37277366	
-4.52900882502	-1653.36614981	
-4.53259949315	-1653.35957329	
-4.5361773145	-1653.35304366	
-4.53974238067	-1653.34656049	
-4.54329478227	-1653.34012333	
-4.54683460898	-1653.33373177	
-4.55036194949	-1653.32738539	
-4.5538768916	-1653.32108376	
-4.55737952215	-1653.31482648	
-4.56086992709	-1653.30861315	
-4.56434819147	-1653.30244335	
-4.56781439944	-1653.2963167	
-4.57126863431	-1653.2902328	
-4.5747109785	-1653.28419127	
-4.5781415136	-1653.27819172	
-4.58156032035	-1653.27223378	
-4.58496747867	-1653.26631708	
-4.58836306767	-1653.26044124	
-4.59174716566	-1653.25460589	
-4.59511985013	-1653.24881069	
-4.59848119784	-1653.24305528	
-4.60183128472	-1653.2373393	
-4.60517018599	-1653.2316624	
-4.60849797608	-1653.22602424	
-4.61181472871	-1653.22042448	
-4.61512051684	-1653.21486279	
-4.61841541274	-1653.20933883	
-4.62169948794	-1653.20385228	
-4.62497281328	-1653.19840281	
-4.62823545892	-1653.1929901	
-4.63148749431	-1653.18761383	
-4.63472898823	-1653.18227368	
-4.63796000881	-1653.17696936	
-4.64118062351	-1653.17170055	
-4.64439089914	-1653.16646695	
-4.64759090187	-1653.16126825	
-4.65078069724	-1653.15610417	
-4.65396035016	-1653.1509744	
-4.65712992492	-1653.14587867	
-4.66028948521	-1653.14081668	
-4.66343909411	-1653.13578814	
-4.66657881412	-1653.13079279	
-4.66970870713	-1653.12583033	
-4.67282883446	-1653.1209005	
-4.67593925688	-1653.11600302	
-4.67904003455	-1653.11113763	
-4.68213122712	-1653.10630406	
-4.68521289366	-1653.10150204	
-4.6882850927	-1653.09673132	
-4.69134788223	-1653.09199164	
-4.69440131972	-1653.08728275	
-4.6974454621	-1653.08260439	
-4.70048036579	-1653.07795631	
-4.70350608671	-1653.07333828	
-4.70652268025	-1653.06875003	
-4.70953020131	-1653.06419134	
-4.71252870431	-1653.05966196	
-4.71551824316	-1653.05516166	
-4.7184988713	-1653.0506902	
-4.72147064168	-1653.04624735	
-4.72443360681	-1653.04183289	
-4.72738781871	-1653.03744658	
-4.73033332894	-1653.03308821	
-4.73327018862	-1653.02875754	
-4.73619844839	-1653.02445437	
-4.7391181585	-1653.02017847	
-4.74202936871	-1653.01592962	
-4.74493212836	-1653.01170762	
-4.74782648639	-1653.00751226	
-4.75071249128	-1653.00334332	
-4.75359019111	-1652.9992006	
-4.75645963353	-1652.99508389	
-4.75932086582	-1652.99099299	
-4.7621739348	-1652.9869277	
-4.76501888693	-1652.98288783	
-4.76785576827	-1652.97887317	
-4.77068462447	-1652.97488354	
-4.77350550081	-1652.97091873	
-4.77631844218	-1652.96697856	
-4.77912349311	-1652.96306284	
-4.78192069773	-1652.95917138	
-4.78471009982	-1652.955304	
-4.78749174278	-1652.95146051	
-4.79026566966	-1652.94764074	
-4.79303192316	-1652.9438445	
-4.7957905456	-1652.94007161	
-4.79854157897	-1652.9363219	
-4.80128506491	-1652.9325952	
-4.80402104473	-1652.92889132	
-4.80674955939	-1652.92521011	
-4.8094706495	-1652.92155139	
-4.81218435537	-1652.91791499	
-4.81489071697	-1652.91430074	
-4.81758977394	-1652.91070849	
-4.82028156561	-1652.90713807	
-4.82296613098	-1652.90358931	
-4.82564350875	-1652.90006206	
-4.8283137373	-1652.89655616	
-4.83097685472	-1652.89307145	
-4.83363289878	-1652.88960777	
-4.83628190695	-1652.88616498	
-4.83892391641	-1652.88274291	
-4.84155896405	-1652.87934143	
-4.84418708646	-1652.87596037	
-4.84680831994	-1652.87259959	
-4.84942270051	-1652.86925894	
-4.85203026392	-1652.86593828	
-4.85463104562	-1652.86263746	
-4.8572250808	-1652.85935634	
-4.85981240436	-1652.85609478	
-4.86239305096	-1652.85285264	
-4.86496705495	-1652.84962977	
-4.86753445046	-1652.84642605	
-4.87009527132	-1652.84324133	
-4.87264955112	-1652.84007547	
-4.8751973232	-1652.83692835	
-4.87773862063	-1652.83379984	
-4.88027347623	-1652.83068979	
-4.88280192259	-1652.82759808	
-4.88532399202	-1652.82452458	
-4.88783971662	-1652.82146917	
-4.89034912822	-1652.81843171	
-4.89285225844	-1652.81541208	
-4.89534913864	-1652.81241015	
-4.89783979995	-1652.8094258	
-4.90032427328	-1652.80645891	
-4.90280258929	-1652.80350936	
-4.90527477844	-1652.80057702	
-4.90774087093	-1652.79766178	
-4.91020089677	-1652.79476352	
-4.91265488574	-1652.79188213	
-4.91510286737	-1652.78901747	
-4.91754487103	-1652.78616945	
-4.91998092583	-1652.78333794	
-4.92241106068	-1652.78052284	
-4.92483530429	-1652.77772403	
-4.92725368516	-1652.77494139	
-4.92966623156	-1652.77217483	
-4.93207297159	-1652.76942422	
-4.93447393313	-1652.76668947	
-4.93686914386	-1652.76397046	
-4.93925863125	-1652.76126709	
-4.94164242261	-1652.75857925	
-4.94402054501	-1652.75590684	
-4.94639302537	-1652.75324975	
-4.94875989038	-1652.75060789	
-4.95112116656	-1652.74798114	
-4.95347688026	-1652.74536941	
-4.9558270576	-1652.7427726	
-4.95817172456	-1652.74019061	
-4.96051090691	-1652.73762333	
-4.96284463026	-1652.73507068	
-4.96517292002	-1652.73253255	
-4.96749580144	-1652.73000885	
-4.96981329958	-1652.72749948	
-4.97212543933	-1652.72500436	
-4.97443224543	-1652.72252338	
-4.97673374242	-1652.72005644	
-4.97902995468	-1652.71760347	
-4.98132090643	-1652.71516437	
-4.98360662171	-1652.71273905	
-4.98588712441	-1652.71032741	
-4.98816243824	-1652.70792938	
-4.99043258678	-1652.70554485	
-4.99269759341	-1652.70317374	
-4.99495748138	-1652.70081598	
-4.99721227376	-1652.69847146	
-4.9994619935	-1652.6961401	
-5.00170666335	-1652.69382182	
-5.00394630595	-1652.69151654	
-5.00618094375	-1652.68922417	
-5.00841059907	-1652.68694463	
-5.0106352941	-1652.68467783	
-5.01285505083	-1652.6824237	
-5.01506989116	-1652.68018216	
-5.01727983681	-1652.67795311	
-5.01948490937	-1652.6757365	
-5.02168513028	-1652.67353222	
-5.02388052085	-1652.67134022	
-5.02607110223	-1652.6691604	
-5.02825689545	-1652.66699269	
-5.03043792139	-1652.66483703	
-5.03261420082	-1652.66269332	
-5.03478575433	-1652.6605615	
-5.03695260241	-1652.65844148	
-5.03911476542	-1652.65633321	
-5.04127226356	-1652.65423659	
-5.04342511692	-1652.65215157	
-5.04557334546	-1652.65007807	
-5.047716969	-1652.64801601	
-5.04985600725	-1652.64596533	
-5.05199047978	-1652.64392595	
-5.05412040604	-1652.6418978	
-5.05624580535	-1652.63988082	
-5.05836669692	-1652.63787494	
-5.06048309982	-1652.63588008	
-5.06259503303	-1652.63389619	
-5.06470251537	-1652.63192318	
-5.06680556556	-1652.62996101	
-5.06890420222	-1652.62800959	
-5.07099844382	-1652.62606886	
-5.07308830874	-1652.62413876	
-5.07517381523	-1652.62221923	
-5.07725498144	-1652.6203102	
-5.07933182538	-1652.6184116	
-5.08140436498	-1652.61652337	
-5.08347261805	-1652.61464545	
-5.08553660227	-1652.61277778	
-5.08759633523	-1652.61092029	
-5.08965183441	-1652.60907292	
-5.09170311719	-1652.60723562	
-5.09375020081	-1652.60540832	
-5.09579310244	-1652.60359096	
-5.09783183913	-1652.60178348	
-5.09986642782	-1652.59998583	
-5.10189688537	-1652.59819794	
-5.10392322852	-1652.59641976	
-5.1059454739	-1652.59465122	
-5.10796363806	-1652.59289228	
-5.10997773743	-1652.59114287	
-5.11198778836	-1652.58940294	
-5.11399380708	-1652.58767242	
-5.11599580975	-1652.58595128	
-5.11799381242	-1652.58423944	
-5.11998783102	-1652.58253686	
-5.12197788143	-1652.58084348	
-5.1239639794	-1652.57915925	
-5.12594614061	-1652.57748411	
-5.12792438062	-1652.57581801	
-5.12989871492	-1652.57416089	
-5.13186915891	-1652.57251271	
-5.13383572788	-1652.57087342	
-5.13579843705	-1652.56924295	
-5.13775730154	-1652.56762126	
-5.13971233637	-1652.5660083	
-5.1416635565	-1652.56440402	
-5.14361097679	-1652.56280837	
-5.145554612	-1652.56122129	
-5.14749447681	-1652.55964274	
-5.14943058584	-1652.55807267	
-5.15136295359	-1652.55651103	
-5.1532915945	-1652.55495777	
-5.15521652291	-1652.55341284	
-5.15713775309	-1652.5518762	
-5.15905529921	-1652.55034779	
-5.1609691754	-1652.54882758	
-5.16287939565	-1652.54731551	
-5.16478597392	-1652.54581154	
-5.16668892407	-1652.54431562	
-5.16858825987	-1652.54282771	
-5.17048399504	-1652.54134776	
-5.17237614319	-1652.53987572	
-5.17426471788	-1652.53841155	
-5.17614973257	-1652.53695521	
-5.17803120067	-1652.53550665	
-5.1799091355	-1652.53406583	
-5.18178355029	-1652.5326327	
-5.18365445823	-1652.53120722	
-5.1855218724	-1652.52978935	
-5.18738580584	-1652.52837905	
-5.18924627149	-1652.52697627	
-5.19110328224	-1652.52558097	
-5.19295685089	-1652.52419311	
-5.19480699018	-1652.52281265	
-5.19665371277	-1652.52143954	
-5.19849703127	-1652.52007375	
-5.20033695819	-1652.51871524	
-5.202173506	-1652.51736396	
-5.20400668708	-1652.51601987	
-5.20583651375	-1652.51468294	
-5.20766299828	-1652.51335313	
-5.20948615284	-1652.51203039	
-5.21130598956	-1652.51071468	
-5.21312252048	-1652.50940598	
-5.21493575761	-1652.50810424	
-5.21674571285	-1652.50680941	
-5.21855239808	-1652.50552148	
-5.22035582508	-1652.50424038	
-5.22215600558	-1652.5029661	
-5.22395295126	-1652.50169859	
-5.22574667371	-1652.50043781	
-5.22753718449	-1652.49918373	
-5.22932449506	-1652.49793632	
-5.23110861685	-1652.49669552	
-5.23288956123	-1652.49546132	
-5.23466733947	-1652.49423367	
-5.23644196283	-1652.49301255	
-5.23821344248	-1652.4917979	
-5.23998178954	-1652.4905897	
-5.24174701506	-1652.48938792	
-5.24350913005	-1652.48819251	
-5.24526814546	-1652.48700345	
-5.24702407216	-1652.4858207	
-5.24877692099	-1652.48464423	
-5.25052670271	-1652.483474	
-5.25227342805	-1652.48230998	
-5.25401710765	-1652.48115214	
-5.25575775213	-1652.48000044	
-5.25749537203	-1652.47885485	
-5.25922997784	-1652.47771535	
-5.26096158	-1652.47658188	
-5.2626901889	-1652.47545444	
-5.26441581487	-1652.47433297	
-5.26613846818	-1652.47321746	
-5.26785815906	-1652.47210786	
-5.26957489768	-1652.47100416	
-5.27128869416	-1652.46990631	
-5.27299955856	-1652.46881429	
-5.27470750091	-1652.46772806	
-5.27641253116	-1652.4666476	
-5.27811465923	-1652.46557287	
-5.27981389498	-1652.46450385	
-5.28151024823	-1652.4634405	
-5.28320372874	-1652.4623828	
-5.28489434622	-1652.46133072	
-5.28658211033	-1652.46028422	
-5.28826703069	-1652.45924328	
-5.28994911688	-1652.45820787	
-5.2916283784	-1652.45717796	
-5.29330482472	-1652.45615352	
-5.29497846528	-1652.45513452	
-5.29664930945	-1652.45412094	
-5.29831736655	-1652.45311275	
-5.29998264587	-1652.45210991	
-5.30164515664	-1652.45111241	
-5.30330490806	-1652.45012021	
-5.30496190927	-1652.44913329	
-5.30661616936	-1652.44815161	
-5.3082676974	-1652.44717516	
-5.30991650239	-1652.44620391	
-5.3115625933	-1652.44523783	
-5.31320597904	-1652.44427689	
-5.3148466685	-1652.44332106	
-5.3164846705	-1652.44237033	
-5.31811999384	-1652.44142466	
-5.31975264727	-1652.44048403	
-5.32138263948	-1652.43954842	
-5.32300997914	-1652.43861779	
-5.32463467487	-1652.43769212	
-5.32625673524	-1652.4367714	
-5.32787616879	-1652.43585558	
-5.32949298402	-1652.43494465	
-5.33110718937	-1652.43403859	
-5.33271879327	-1652.43313736	
-5.33432780407	-1652.43224095	
-5.33593423012	-1652.43134933	
-5.3375380797	-1652.43046247	
-5.33913936107	-1652.42958036	
-5.34073808243	-1652.42870297	
-5.34233425196	-1652.42783027	
-5.3439278778	-1652.42696224	
-5.34551896803	-1652.42609885	
-5.34710753072	-1652.4252401	
-5.34869357387	-1652.42438594	
-5.35027710548	-1652.42353637	
-5.35185813348	-1652.42269135	
-5.35343666577	-1652.42185086	
-5.35501271022	-1652.42101488	
-5.35658627467	-1652.42018339	
-5.3581573669	-1652.41935637	
-5.35972599468	-1652.41853379	
-5.36129216571	-1652.41771564	
-5.36285588769	-1652.41690188	
-5.36441716825	-1652.41609251	
-5.36597601502	-1652.41528749	
-5.36753243557	-1652.4144868	
-5.36908643744	-1652.41369043	
-5.37063802813	-1652.41289836	
-5.37218721511	-1652.41211056	
-5.37373400583	-1652.411327	
-5.37527840768	-1652.41054768	
-5.37682042804	-1652.40977257	
-5.37836007422	-1652.40900165	
-5.37989735354	-1652.40823489	
-5.38143227326	-1652.40747229	
-5.38296484061	-1652.40671381	
-5.38449506279	-1652.40595945	
-5.38602294697	-1652.40520917	
-5.38754850028	-1652.40446296	
-5.38907172982	-1652.40372079	
-5.39059264266	-1652.40298266	
-5.39211124583	-1652.40224854	
-5.39362754635	-1652.40151841	
-5.39514155118	-1652.40079225	
-5.39665326727	-1652.40007004	
-5.39816270152	-1652.39935176	
-5.39966986081	-1652.3986374	
-5.40117475199	-1652.39792693	
-5.40267738187	-1652.39722035	
-5.40417775725	-1652.39651761	
-5.40567588487	-1652.39581872	
-5.40717177146	-1652.39512365	
-5.40866542372	-1652.39443239	
-5.4101568483	-1652.39374491	
-5.41164605186	-1652.39306119	
-5.41313304098	-1652.39238123	
-5.41461782224	-1652.39170499	
-5.4161004022	-1652.39103247	
-5.41758078737	-1652.39036365	
-5.41905898424	-1652.3896985	
-5.42053499927	-1652.38903701	
-5.42200883889	-1652.38837917	
-5.4234805095	-1652.38772496	
-5.42495001748	-1652.38707435	
-5.42641736918	-1652.38642733	
-5.4278825709	-1652.3857839	
-5.42934562895	-1652.38514402	
-5.43080654959	-1652.38450768	
-5.43226533906	-1652.38387486	
-5.43372200355	-1652.38324556	
-5.43517654927	-1652.38261974	
-5.43662898235	-1652.38199741	
-5.43807930892	-1652.38137853	
-5.4395275351	-1652.3807631	
-5.44097366695	-1652.38015109	
-5.44241771052	-1652.37954249	
-5.44385967184	-1652.37893729	
-5.4452995569	-1652.37833547	
-5.44673737167	-1652.37773701	
-5.44817312209	-1652.37714191	
-5.44960681409	-1652.37655013	
-5.45103845357	-1652.37596167	
-5.45246804638	-1652.37537651	
-5.45389559837	-1652.37479464	
-5.45532111536	-1652.37421604	
-5.45674460314	-1652.3736407	
-5.45816606749	-1652.3730686	
-5.45958551414	-1652.37249972	
-5.46100294883	-1652.37193406	
-5.46241837723	-1652.37137159	
-5.46383180503	-1652.37081231	
-5.46524323786	-1652.37025619	
-5.46665268137	-1652.36970323	
-5.46806014114	-1652.3691534	
-5.46946562274	-1652.3686067	
-5.47086913175	-1652.3680631	
-5.47227067367	-1652.36752261	
-5.47367025403	-1652.36698519	
-5.47506787829	-1652.36645084	
-5.47646355193	-1652.36591955	
-5.47785728038	-1652.36539129	
-5.47924906905	-1652.36486606	
-5.48063892334	-1652.36434385	
-5.48202684862	-1652.36382463	
-5.48341285022	-1652.36330839	
-5.48479693349	-1652.36279513	
-5.48617910372	-1652.36228482	
-5.48755936619	-1652.36177746	
-5.48893772616	-1652.36127303	
-5.49031418887	-1652.36077152	
-5.49168875953	-1652.36027291	
-5.49306144334	-1652.35977719	
-5.49443224547	-1652.35928436	
-5.49580117108	-1652.35879438	
-5.49716822529	-1652.35830727	
-5.49853341322	-1652.35782299	
-5.49989673995	-1652.35734153	
-5.50125821054	-1652.3568629	
-5.50261783006	-1652.35638706	
-5.50397560352	-1652.35591401	
-5.50533153593	-1652.35544374	
-5.50668563228	-1652.35497624	
-5.50803789753	-1652.35451149	
-5.50938833663	-1652.35404947	
-5.5107369545	-1652.35359019	
-5.51208375605	-1652.35313362	
-5.51342874616	-1652.35267975	
-5.51477192971	-1652.35222858	
-5.51611331154	-1652.35178008	
-5.51745289646	-1652.35133426	
-5.51879068931	-1652.35089109	
-5.52012669485	-1652.35045056	
-5.52146091786	-1652.35001266	
-5.5227933631	-1652.34957739	
-5.52412403528	-1652.34914473	
-5.52545293913	-1652.34871466	
-5.52678007934	-1652.34828718	
-5.52810546058	-1652.34786228	
-5.52942908751	-1652.34743994	
-5.53075096477	-1652.34702015	
-5.53207109697	-1652.3466029	
-5.53338948873	-1652.34618818	
-5.53470614461	-1652.34577598	
-5.53602106919	-1652.34536629	
-5.53733426702	-1652.3449591	
-5.53864574262	-1652.34455439	
-5.5399555005	-1652.34415216	
-5.54126354516	-1652.34375239	
-5.54256988107	-1652.34335508	
-5.5438745127	-1652.34296021	
-5.54517744448	-1652.34256777	
-5.54647868084	-1652.34217775	
-5.54777822618	-1652.34179015	
-5.5490760849	-1652.34140494	
-5.55037226136	-1652.34102213	
-5.55166675992	-1652.3406417	
-5.55295958492	-1652.34026363	
-5.55425074069	-1652.33988793	
-5.55554023152	-1652.33951457	
-5.5568280617	-1652.33914356	
-5.55811423551	-1652.33877487	
-5.5593987572	-1652.3384085	
-5.56068163102	-1652.33804445	
-5.56196286117	-1652.33768269	
-5.56324245188	-1652.33732322	
-5.56452040732	-1652.33696603	
-5.56579673168	-1652.3366111	
-5.56707142911	-1652.33625844	
-5.56834450376	-1652.33590803	
-5.56961595975	-1652.33555986	
-5.57088580119	-1652.33521392	
-5.57215403218	-1652.33487021	
-5.57342065679	-1652.3345287	
-5.5746856791	-1652.3341894	
-5.57594910315	-1652.33385229	
-5.57721093297	-1652.33351736	
-5.57847117258	-1652.33318461	
-5.57972982599	-1652.33285403	
-5.58098689718	-1652.3325256	
-5.58224239012	-1652.33219931	
-5.58349630878	-1652.33187517	
-5.5847486571	-1652.33155315	
-5.585999439	-1652.33123326	
-5.5872486584	-1652.33091547	
-5.5884963192	-1652.33059979	
-5.58974242528	-1652.3302862	
-5.59098698051	-1652.32997469	
-5.59222998875	-1652.32966526	
-5.59347145384	-1652.32935789	
-5.5947113796	-1652.32905259	
-5.59594976985	-1652.32874933	
-5.59718662839	-1652.32844811	
-5.598421959	-1652.32814893	
-5.59965576545	-1652.32785177	
-5.60088805149	-1652.32755662	
-5.60211882088	-1652.32726348	
-5.60334807733	-1652.32697234	
-5.60457582457	-1652.32668319	
-5.6058020663	-1652.32639602	
-5.60702680619	-1652.32611082	
-5.60825004793	-1652.32582759	
-5.60947179518	-1652.32554631	
-5.61069205159	-1652.32526699	
-5.61191082078	-1652.3249896	
-5.61312810639	-1652.32471415	
-5.61434391201	-1652.32444062	
-5.61555824124	-1652.32416901	
-5.61677109767	-1652.3238993	
-5.61798248485	-1652.3236315	
-5.61919240636	-1652.32336559	
-5.62040086572	-1652.32310156	
-5.62160786647	-1652.32283941	
-5.62281341212	-1652.32257913	
-5.62401750619	-1652.32232071	
-5.62522015215	-1652.32206415	
-5.6264213535	-1652.32180943	
-5.62762111369	-1652.32155655	
-5.62881943618	-1652.3213055	
-5.63001632442	-1652.32105627	
-5.63121178182	-1652.32080886	
-5.63240581181	-1652.32056326	
-5.6335984178	-1652.32031946	
-5.63478960317	-1652.32007745	
-5.6359793713	-1652.31983723	
-5.63716772557	-1652.31959879	
-5.63835466933	-1652.31936212	
-5.63954020593	-1652.31912722	
-5.64072433869	-1652.31889407	
-5.64190707094	-1652.31866267	
-5.64308840598	-1652.31843301	
-5.64426834712	-1652.31820509	
-5.64544689764	-1652.3179789	
-5.64662406082	-1652.31775443	
-5.64779983991	-1652.31753168	
-5.64897423816	-1652.31731063	
-5.65014725882	-1652.31709128	
-5.65131890512	-1652.31687363	
-5.65248918027	-1652.31665766	
-5.65365808747	-1652.31644338	
-5.65482562993	-1652.31623076	
-5.65599181082	-1652.31601982	
-5.65715663332	-1652.31581053	
-5.65832010058	-1652.3156029	
-5.65948221576	-1652.31539691	
-5.660642982	-1652.31519256	
-5.66180240242	-1652.31498984	
-5.66296048014	-1652.31478876	
-5.66411721826	-1652.31458929	
-5.66527261989	-1652.31439143	
-5.66642668811	-1652.31419518	
-5.66757942599	-1652.31400053	
-5.6687308366	-1652.31380748	
-5.66988092298	-1652.31361601	
-5.67102968818	-1652.31342613	
-5.67217713524	-1652.31323781	
-5.67332326717	-1652.31305107	
-5.67446808699	-1652.31286589	
-5.67561159769	-1652.31268227	
-5.67675380227	-1652.31250019	
-5.6778947037	-1652.31231966	
-5.67903430497	-1652.31214066	
-5.68017260902	-1652.3119632	
-5.6813096188	-1652.31178726	
-5.68244533727	-1652.31161284	
-5.68357976734	-1652.31143994	
-5.68471291194	-1652.31126854	
-5.68584477397	-1652.31109864	
-5.68697535634	-1652.31093024	
-5.68810466194	-1652.31076332	
-5.68923269364	-1652.31059789	
-5.69035945432	-1652.31043394	
-5.69148494685	-1652.31027145	
-5.69260917406	-1652.31011044	
-5.6937321388	-1652.30995088	
-5.69485384391	-1652.30979277	
-5.69597429221	-1652.30963612	
-5.69709348651	-1652.3094809	
-5.69821142961	-1652.30932713	
-5.69932812431	-1652.30917478	
-5.70044357339	-1652.30902386	
-5.70155777963	-1652.30887436	
-5.7026707458	-1652.30872627	
-5.70378247466	-1652.3085796	
-5.70489296894	-1652.30843432	
-5.70600223139	-1652.30829044	
-5.70711026475	-1652.30814796	
-5.70821707172	-1652.30800686	
-5.70932265503	-1652.30786714	
-5.71042701737	-1652.3077288	
-5.71153016145	-1652.30759183	
-5.71263208993	-1652.30745622	
-5.71373280551	-1652.30732198	
-5.71483231084	-1652.30718908	
-5.71593060859	-1652.30705754	
-5.71702770141	-1652.30692734	
-5.71812359193	-1652.30679848	
-5.71921828279	-1652.30667095	
-5.72031177661	-1652.30654475	
-5.72140407601	-1652.30641987	
-5.72249518359	-1652.30629631	
-5.72358510195	-1652.30617406	
-5.72467383369	-1652.30605312	
-5.72576138137	-1652.30593349	
-5.72684774759	-1652.30581515	
-5.72793293489	-1652.3056981	
-5.72901694583	-1652.30558234	
-5.73009978297	-1652.30546786	
-5.73118144884	-1652.30535466	
-5.73226194598	-1652.30524273	
-5.7333412769	-1652.30513207	
-5.73441944412	-1652.30502267	
-5.73549645015	-1652.30491452	
-5.73657229748	-1652.30480764	
-5.73764698861	-1652.30470199	
-5.73872052602	-1652.3045976	
-5.73979291218	-1652.30449444	
-5.74086414956	-1652.30439251	
-5.74193424062	-1652.30429181	
-5.74300318781	-1652.30419234	
-5.74407099357	-1652.30409408	
-5.74513766034	-1652.30399705	
-5.74620319054	-1652.30390122	
-5.7472675866	-1652.30380659	
-5.74833085092	-1652.30371317	
-5.74939298591	-1652.30362094	
-5.75045399397	-1652.3035299	
-5.75151387748	-1652.30344005	
-5.75257263883	-1652.30335139	
-5.75363028038	-1652.3032639	
-5.75468680452	-1652.30317758	
-5.75574221359	-1652.30309243	
-5.75679650994	-1652.30300845	
-5.75784969593	-1652.30292563	
-5.75890177388	-1652.30284396	
-5.75995274612	-1652.30276344	
-5.76100261499	-1652.30268407	
-5.76205138278	-1652.30260585	
-5.76309905181	-1652.30252876	
-5.76414562438	-1652.3024528	
-5.76519110278	-1652.30237797	
-5.7662354893	-1652.30230427	
-5.76727878622	-1652.30223169	
-5.76832099579	-1652.30216023	
-5.7693621203	-1652.30208987	
-5.770402162	-1652.30202063	
-5.77144112313	-1652.30195249	
-5.77247900594	-1652.30188545	
-5.77351581267	-1652.3018195	
-5.77455154554	-1652.30175465	
-5.77558620679	-1652.30169088	
-5.77661979861	-1652.30162819	
-5.77765232322	-1652.30156659	
-5.77868378283	-1652.30150606	
-5.77971417962	-1652.3014466	
-5.78074351579	-1652.30138821	
-5.78177179352	-1652.30133088	
-5.78279901497	-1652.3012746	
-5.78382518233	-1652.30121939	
-5.78485029774	-1652.30116522	
-5.78587436337	-1652.3011121	
-5.78689738137	-1652.30106003	
-5.78791935386	-1652.30100899	
-5.788940283	-1652.30095899	
-5.7899601709	-1652.30091001	
-5.79097901969	-1652.30086207	
-5.79199683148	-1652.30081515	
-5.79301360838	-1652.30076925	
-5.7940293525	-1652.30072436	
-5.79504406593	-1652.30068049	
-5.79605775077	-1652.30063763	
-5.79707040908	-1652.30059576	
-5.79808204295	-1652.3005549	
-5.79909265446	-1652.30051504	
-5.80010224566	-1652.30047617	
-5.80111081862	-1652.30043829	
-5.80211837538	-1652.3004014	
-5.80312491799	-1652.30036548	
-5.80413044849	-1652.30033055	
-5.80513496892	-1652.30029659	
-5.80613848129	-1652.3002636	
-5.80714098764	-1652.30023158	
-5.80814248998	-1652.30020052	
-5.80914299031	-1652.30017042	
