# log_p 	 lnL 	 
0.0	-1723.62056021	
-0.287682072452	-1723.54877517	
-0.510825623766	-1723.52166557	
-0.69314718056	-1723.51123245	
-0.847297860387	-1723.50577645	
-0.980829253012	-1723.49928139	
-1.09861228867	-1723.48886675	
-1.20397280433	-1723.47349698	
-1.29928298413	-1723.45319318	
-1.38629436112	-1723.42854328	
-1.46633706879	-1723.40039654	
-1.54044504095	-1723.36967454	
-1.60943791243	-1723.33725898	
-1.67397643357	-1723.3039313	
-1.73460105539	-1723.27034691	
-1.79175946923	-1723.23703143	
-1.8458266905	-1723.20438955	
-1.89711998489	-1723.17272029	
-1.94591014906	-1723.14223427	
-1.99243016469	-1723.1130707	
-2.03688192726	-1723.08531256	
-2.07944154168	-1723.05899976	
-2.1202635362	-1723.03413983	
-2.15948424935	-1723.01071662	
-2.19722457734	-1722.98869712	
-2.23359222151	-1722.96803673	
-2.26868354132	-1722.94868329	
-2.30258509299	-1722.93058011	
-2.33537491582	-1722.91366825	
-2.36712361413	-1722.89788809	
-2.3978952728	-1722.8831806	
-2.42774823595	-1722.86948809	
-2.45673577282	-1722.8567548	
-2.48490664979	-1722.84492725	
-2.51230562398	-1722.83395446	
-2.53897387106	-1722.82378807	
-2.56494935746	-1722.8143823	
-2.59026716545	-1722.80569403	
-2.61495977804	-1722.79768261	
-2.63905732962	-1722.79030986	
-2.66258782703	-1722.78353994	
-2.68557734525	-1722.77733919	
-2.7080502011	-1722.77167605	
-2.73002910782	-1722.76652093	
-2.75153531304	-1722.76184608	
-2.77258872224	-1722.75762548	
-2.79320800944	-1722.75383471	
-2.81341071676	-1722.75045088	
-2.83321334406	-1722.74745248	
-2.85263142991	-1722.74481932	
-2.87167962488	-1722.74253243	
-2.8903717579	-1722.74057397	
-2.90872089656	-1722.73892718	
-2.92673940207	-1722.73757626	
-2.94443897917	-1722.73650634	
-2.96183072188	-1722.7357034	
-2.97892515524	-1722.73515424	
-2.99573227355	-1722.73484638	
-3.01226157551	-1722.73476805	
-3.02852209638	-1722.73490813	
-3.04452243772	-1722.73525611	
-3.06027079469	-1722.73580202	
-3.07577498123	-1722.73653647	
-3.09104245336	-1722.73745053	
-3.10608033072	-1722.73853574	
-3.12089541651	-1722.7397841	
-3.13549421593	-1722.741188	
-3.14988295338	-1722.74274021	
-3.16406758837	-1722.74443389	
-3.17805383035	-1722.7462625	
-3.19184715248	-1722.74821986	
-3.20545280454	-1722.75030007	
-3.21887582487	-1722.75249751	
-3.23212105162	-1722.75480684	
-3.24519313319	-1722.75722296	
-3.25809653802	-1722.75974101	
-3.2708355638	-1722.76235637	
-3.28341434601	-1722.76506461	
-3.295836866	-1722.76786152	
-3.3081069586	-1722.77074306	
-3.32022831913	-1722.77370539	
-3.33220451018	-1722.77674484	
-3.34403896782	-1722.77985787	
-3.35573500759	-1722.78304114	
-3.36729582999	-1722.78629141	
-3.37872452581	-1722.78960561	
-3.39002408106	-1722.79298079	
-3.40119738166	-1722.79641413	
-3.41224721785	-1722.7999029	
-3.42317628838	-1722.80344453	
-3.43398720449	-1722.80703652	
-3.4446824936	-1722.81067648	
-3.45526460293	-1722.81436213	
-3.4657359028	-1722.81809127	
-3.47609868984	-1722.82186179	
-3.48635519	-1722.82567167	
-3.49650756147	-1722.82951897	
-3.50655789732	-1722.8334018	
-3.51650822817	-1722.83731839	
-3.52636052462	-1722.84126701	
-3.53611669956	-1722.845246	
-3.54577861047	-1722.84925376	
-3.55534806149	-1722.85328877	
-3.56482680544	-1722.85734954	
-3.57421654579	-1722.86143467	
-3.58351893846	-1722.86554279	
-3.59273559356	-1722.86967257	
-3.60186807712	-1722.87382277	
-3.61091791264	-1722.87799216	
-3.61988658263	-1722.88217957	
-3.62877553004	-1722.88638387	
-3.63758615973	-1722.89060397	
-3.6463198397	-1722.89483883	
-3.65497790244	-1722.89908744	
-3.66356164613	-1722.90334882	
-3.6720723358	-1722.90762204	
-3.68051120444	-1722.9119062	
-3.68887945411	-1722.91620042	
-3.69717825693	-1722.92050387	
-3.70540875607	-1722.92481573	
-3.7135720667	-1722.92913523	
-3.72166927694	-1722.93346161	
-3.72970144863	-1722.93779415	
-3.73766961828	-1722.94213214	
-3.74557479779	-1722.94647492	
-3.75341797525	-1722.95082183	
-3.76120011569	-1722.95517224	
-3.76892216179	-1722.95952555	
-3.77658503453	-1722.96388117	
-3.78418963392	-1722.96823853	
-3.79173683955	-1722.9725971	
-3.79922751128	-1722.97695635	
-3.80666248977	-1722.98131576	
-3.81404259707	-1722.98567486	
-3.82136863716	-1722.99003316	
-3.82864139649	-1722.99439022	
-3.83586164446	-1722.9987456	
-3.84303013394	-1723.00309886	
-3.85014760171	-1723.0074496	
-3.85721476893	-1723.01179743	
-3.86423234159	-1723.01614196	
-3.87120101091	-1723.02048283	
-3.87812145375	-1723.02481967	
-3.88499433304	-1723.02915216	
-3.89182029811	-1723.03347995	
-3.8985999851	-1723.03780274	
-3.90533401728	-1723.0421202	
-3.91202300543	-1723.04643205	
-3.91866754815	-1723.050738	
-3.92526823218	-1723.05503777	
-3.93182563272	-1723.0593311	
-3.93834031375	-1723.06361773	
-3.94481282825	-1723.06789741	
-3.95124371858	-1723.07216991	
-3.95763351668	-1723.07643499	
-3.96398274436	-1723.08069243	
-3.97029191355	-1723.08494202	
-3.97656152657	-1723.08918355	
-3.98279207632	-1723.09341683	
-3.98898404656	-1723.09764166	
-3.99513791214	-1723.10185787	
-4.00125413916	-1723.10606526	
-4.00733318523	-1723.11026368	
-4.01337549969	-1723.11445296	
-4.01938152375	-1723.11863294	
-4.02535169074	-1723.12280346	
-4.03128642625	-1723.12696439	
-4.03718614838	-1723.13111559	
-4.04305126783	-1723.13525691	
-4.04888218815	-1723.13938823	
-4.05467930583	-1723.14350943	
-4.06044301055	-1723.14762038	
-4.06617368526	-1723.15172097	
-4.07187170637	-1723.15581109	
-4.07753744391	-1723.15989064	
-4.08317126162	-1723.16395952	
-4.08877351717	-1723.16801762	
-4.09434456222	-1723.17206486	
-4.0998847426	-1723.17610114	
-4.10539439841	-1723.18012639	
-4.11087386417	-1723.18414052	
-4.11632346894	-1723.18814346	
-4.12174353641	-1723.19213512	
-4.12713438505	-1723.19611545	
-4.13249632819	-1723.20008437	
-4.13782967416	-1723.20404183	
-4.14313472639	-1723.20798775	
-4.14841178349	-1723.21192209	
-4.15366113938	-1723.21584478	
-4.15888308336	-1723.21975578	
-4.16407790024	-1723.22365504	
-4.1692458704	-1723.22754252	
-4.1743872699	-1723.23141816	
-4.17950237056	-1723.23528192	
-4.18459144007	-1723.23913378	
-4.18965474203	-1723.24297369	
-4.19469253606	-1723.24680162	
-4.19970507788	-1723.25061754	
-4.20469261939	-1723.25442141	
-4.20965540873	-1723.25821322	
-4.21459369037	-1723.26199293	
-4.21950770518	-1723.26576053	
-4.22439769047	-1723.26951598	
-4.22926388012	-1723.27325928	
-4.2341065046	-1723.27699041	
-4.23892579103	-1723.28070934	
-4.2437219633	-1723.28441607	
-4.24849524205	-1723.28811058	
-4.25324584481	-1723.29179286	
-4.257973986	-1723.2954629	
-4.26267987704	-1723.2991207	
-4.26736372635	-1723.30276624	
-4.27202573946	-1723.30639953	
-4.27666611902	-1723.31002057	
-4.28128506487	-1723.31362934	
-4.28588277412	-1723.31722584	
-4.29045944115	-1723.32081009	
-4.29501525768	-1723.32438207	
-4.29955041285	-1723.3279418	
-4.3040650932	-1723.33148928	
-4.30855948279	-1723.3350245	
-4.31303376319	-1723.33854749	
-4.31748811354	-1723.34205824	
-4.3219227106	-1723.34555677	
-4.32633772881	-1723.34904308	
-4.33073334029	-1723.35251718	
-4.33510971489	-1723.3559791	
-4.33946702026	-1723.35942882	
-4.34380542185	-1723.36286638	
-4.348125083	-1723.36629179	
-4.3524261649	-1723.36970505	
-4.35670882669	-1723.37310619	
-4.36097322548	-1723.37649523	
-4.36521951636	-1723.37987217	
-4.36944785247	-1723.38323703	
-4.373658385	-1723.38658985	
-4.37785126326	-1723.38993063	
-4.38202663467	-1723.39325939	
-4.38618464482	-1723.39657615	
-4.39032543749	-1723.39988095	
-4.39444915467	-1723.40317379	
-4.39855593663	-1723.4064547	
-4.40264592188	-1723.40972371	
-4.40671924726	-1723.41298083	
-4.41077604796	-1723.41622609	
-4.4148164575	-1723.41945952	
-4.4188406078	-1723.42268113	
-4.42284862919	-1723.42589097	
-4.42684065046	-1723.42908904	
-4.43081679884	-1723.43227538	
-4.43477720006	-1723.43545002	
-4.43872197835	-1723.43861298	
-4.44265125649	-1723.44176428	
-4.44656515581	-1723.44490397	
-4.45046379623	-1723.44803206	
-4.45434729625	-1723.45114859	
-4.45821577303	-1723.45425358	
-4.46206934235	-1723.45734706	
-4.46590811865	-1723.46042906	
-4.46973221509	-1723.46349962	
-4.47354174351	-1723.46655876	
-4.47733681448	-1723.46960652	
-4.48111753732	-1723.47264291	
-4.48488402011	-1723.47566799	
-4.48863636973	-1723.47868177	
-4.49237469184	-1723.48168429	
-4.49609909093	-1723.48467558	
-4.49980967033	-1723.48765568	
-4.50350653221	-1723.49062461	
-4.50718977763	-1723.4935824	
-4.51085950652	-1723.4965291	
-4.51451581772	-1723.49946473	
-4.518158809	-1723.50238933	
-4.52178857705	-1723.50530293	
-4.52540521752	-1723.50820556	
-4.52900882502	-1723.51109726	
-4.53259949315	-1723.51397805	
-4.5361773145	-1723.51684799	
-4.53974238067	-1723.51970709	
-4.54329478227	-1723.52255539	
-4.54683460898	-1723.52539294	
-4.55036194949	-1723.52821975	
-4.5538768916	-1723.53103587	
-4.55737952215	-1723.53384133	
-4.56086992709	-1723.53663616	
-4.56434819147	-1723.53942041	
-4.56781439944	-1723.5421941	
-4.57126863431	-1723.54495727	
-4.5747109785	-1723.54770995	
-4.5781415136	-1723.55045219	
-4.58156032035	-1723.55318401	
-4.58496747867	-1723.55590545	
-4.58836306767	-1723.55861655	
-4.59174716566	-1723.56131734	
-4.59511985013	-1723.56400786	
-4.59848119784	-1723.56668813	
-4.60183128472	-1723.56935821	
-4.60517018599	-1723.57201812	
-4.60849797608	-1723.57466789	
-4.61181472871	-1723.57730757	
-4.61512051684	-1723.57993719	
-4.61841541274	-1723.58255679	
-4.62169948794	-1723.58516639	
-4.62497281328	-1723.58776605	
-4.62823545892	-1723.59035578	
-4.63148749431	-1723.59293563	
-4.63472898823	-1723.59550564	
-4.63796000881	-1723.59806583	
-4.64118062351	-1723.60061625	
-4.64439089914	-1723.60315692	
-4.64759090187	-1723.60568789	
-4.65078069724	-1723.6082092	
-4.65396035016	-1723.61072087	
-4.65712992492	-1723.61322294	
-4.66028948521	-1723.61571545	
-4.66343909411	-1723.61819843	
-4.66657881412	-1723.62067191	
-4.66970870713	-1723.62313595	
-4.67282883446	-1723.62559056	
-4.67593925688	-1723.62803578	
-4.67904003455	-1723.63047165	
-4.68213122712	-1723.63289821	
-4.68521289366	-1723.63531549	
-4.6882850927	-1723.63772352	
-4.69134788223	-1723.64012234	
-4.69440131972	-1723.64251198	
-4.6974454621	-1723.64489248	
-4.70048036579	-1723.64726388	
-4.70350608671	-1723.64962621	
-4.70652268025	-1723.6519795	
-4.70953020131	-1723.65432379	
-4.71252870431	-1723.65665911	
-4.71551824316	-1723.6589855	
-4.7184988713	-1723.66130299	
-4.72147064168	-1723.66361162	
-4.72443360681	-1723.66591142	
-4.72738781871	-1723.66820242	
-4.73033332894	-1723.67048466	
-4.73327018862	-1723.67275818	
-4.73619844839	-1723.67502301	
-4.7391181585	-1723.67727917	
-4.74202936871	-1723.67952671	
-4.74493212836	-1723.68176566	
-4.74782648639	-1723.68399605	
-4.75071249128	-1723.68621792	
-4.75359019111	-1723.6884313	
-4.75645963353	-1723.69063622	
-4.75932086582	-1723.69283272	
-4.7621739348	-1723.69502083	
-4.76501888693	-1723.69720058	
-4.76785576827	-1723.69937201	
-4.77068462447	-1723.70153515	
-4.77350550081	-1723.70369004	
-4.77631844218	-1723.70583669	
-4.77912349311	-1723.70797516	
-4.78192069773	-1723.71010547	
-4.78471009982	-1723.71222765	
-4.78749174278	-1723.71434173	
-4.79026566966	-1723.71644776	
-4.79303192316	-1723.71854575	
-4.7957905456	-1723.72063575	
-4.79854157897	-1723.72271779	
-4.80128506491	-1723.72479189	
-4.80402104473	-1723.72685809	
-4.80674955939	-1723.72891642	
-4.8094706495	-1723.73096691	
-4.81218435537	-1723.7330096	
-4.81489071697	-1723.73504452	
-4.81758977394	-1723.73707169	
-4.82028156561	-1723.73909115	
-4.82296613098	-1723.74110293	
-4.82564350875	-1723.74310706	
-4.8283137373	-1723.74510358	
-4.83097685472	-1723.7470925	
-4.83363289878	-1723.74907387	
-4.83628190695	-1723.75104772	
-4.83892391641	-1723.75301407	
-4.84155896405	-1723.75497296	
-4.84418708646	-1723.75692441	
-4.84680831994	-1723.75886846	
-4.84942270051	-1723.76080514	
-4.85203026392	-1723.76273447	
-4.85463104562	-1723.76465649	
-4.8572250808	-1723.76657123	
-4.85981240436	-1723.76847871	
-4.86239305096	-1723.77037897	
-4.86496705495	-1723.77227204	
-4.86753445046	-1723.77415794	
-4.87009527132	-1723.77603671	
-4.87264955112	-1723.77790837	
-4.8751973232	-1723.77977296	
-4.87773862063	-1723.78163049	
-4.88027347623	-1723.78348101	
-4.88280192259	-1723.78532454	
-4.88532399202	-1723.78716111	
-4.88783971662	-1723.78899075	
-4.89034912822	-1723.79081348	
-4.89285225844	-1723.79262934	
-4.89534913864	-1723.79443835	
-4.89783979995	-1723.79624054	
-4.90032427328	-1723.79803594	
-4.90280258929	-1723.79982458	
-4.90527477844	-1723.80160648	
-4.90774087093	-1723.80338168	
-4.91020089677	-1723.8051502	
-4.91265488574	-1723.80691207	
-4.91510286737	-1723.80866731	
-4.91754487103	-1723.81041596	
-4.91998092583	-1723.81215804	
-4.92241106068	-1723.81389357	
-4.92483530429	-1723.8156226	
-4.92725368516	-1723.81734513	
-4.92966623156	-1723.8190612	
-4.93207297159	-1723.82077084	
-4.93447393313	-1723.82247407	
-4.93686914386	-1723.82417092	
-4.93925863125	-1723.82586142	
-4.94164242261	-1723.82754559	
-4.94402054501	-1723.82922345	
-4.94639302537	-1723.83089504	
-4.94875989038	-1723.83256038	
-4.95112116656	-1723.8342195	
-4.95347688026	-1723.83587242	
-4.9558270576	-1723.83751917	
-4.95817172456	-1723.83915977	
-4.96051090691	-1723.84079425	
-4.96284463026	-1723.84242263	
-4.96517292002	-1723.84404495	
-4.96749580144	-1723.84566122	
-4.96981329958	-1723.84727147	
-4.97212543933	-1723.84887572	
-4.97443224543	-1723.85047401	
-4.97673374242	-1723.85206635	
-4.97902995468	-1723.85365277	
-4.98132090643	-1723.85523329	
-4.98360662171	-1723.85680795	
-4.98588712441	-1723.85837675	
-4.98816243824	-1723.85993974	
-4.99043258678	-1723.86149693	
-4.99269759341	-1723.86304834	
-4.99495748138	-1723.864594	
-4.99721227376	-1723.86613394	
-4.9994619935	-1723.86766818	
-5.00170666335	-1723.86919673	
-5.00394630595	-1723.87071963	
-5.00618094375	-1723.87223691	
-5.00841059907	-1723.87374857	
-5.0106352941	-1723.87525465	
-5.01285505083	-1723.87675517	
-5.01506989116	-1723.87825014	
-5.01727983681	-1723.87973961	
-5.01948490937	-1723.88122358	
-5.02168513028	-1723.88270209	
-5.02388052085	-1723.88417514	
-5.02607110223	-1723.88564278	
-5.02825689545	-1723.88710501	
-5.03043792139	-1723.88856187	
-5.03261420082	-1723.89001336	
-5.03478575433	-1723.89145953	
-5.03695260241	-1723.89290038	
-5.03911476542	-1723.89433594	
-5.04127226356	-1723.89576624	
-5.04342511692	-1723.89719129	
-5.04557334546	-1723.89861111	
-5.047716969	-1723.90002574	
-5.04985600725	-1723.90143518	
-5.05199047978	-1723.90283947	
-5.05412040604	-1723.90423861	
-5.05624580535	-1723.90563264	
-5.05836669692	-1723.90702158	
-5.06048309982	-1723.90840544	
-5.06259503303	-1723.90978425	
-5.06470251537	-1723.91115803	
-5.06680556556	-1723.9125268	
-5.06890420222	-1723.91389058	
-5.07099844382	-1723.91524939	
-5.07308830874	-1723.91660325	
-5.07517381523	-1723.91795218	
-5.07725498144	-1723.91929621	
-5.07933182538	-1723.92063535	
-5.08140436498	-1723.92196962	
-5.08347261805	-1723.92329904	
-5.08553660227	-1723.92462364	
-5.08759633523	-1723.92594344	
-5.08965183441	-1723.92725844	
-5.09170311719	-1723.92856868	
-5.09375020081	-1723.92987418	
-5.09579310244	-1723.93117494	
-5.09783183913	-1723.932471	
-5.09986642782	-1723.93376238	
-5.10189688537	-1723.93504908	
-5.10392322852	-1723.93633113	
-5.1059454739	-1723.93760856	
-5.10796363806	-1723.93888137	
-5.10997773743	-1723.94014959	
-5.11198778836	-1723.94141324	
-5.11399380708	-1723.94267234	
-5.11599580975	-1723.9439269	
-5.11799381242	-1723.94517694	
-5.11998783102	-1723.94642249	
-5.12197788143	-1723.94766356	
-5.1239639794	-1723.94890017	
-5.12594614061	-1723.95013234	
-5.12792438062	-1723.95136008	
-5.12989871492	-1723.95258342	
-5.13186915891	-1723.95380237	
-5.13383572788	-1723.95501696	
-5.13579843705	-1723.95622719	
-5.13775730154	-1723.95743309	
-5.13971233637	-1723.95863468	
-5.1416635565	-1723.95983196	
-5.14361097679	-1723.96102497	
-5.145554612	-1723.96221372	
-5.14749447681	-1723.96339823	
-5.14943058584	-1723.9645785	
-5.15136295359	-1723.96575457	
-5.1532915945	-1723.96692645	
-5.15521652291	-1723.96809415	
-5.15713775309	-1723.96925769	
-5.15905529921	-1723.9704171	
-5.1609691754	-1723.97157238	
-5.16287939565	-1723.97272355	
-5.16478597392	-1723.97387064	
-5.16668892407	-1723.97501365	
-5.16858825987	-1723.97615261	
-5.17048399504	-1723.97728753	
-5.17237614319	-1723.97841843	
-5.17426471788	-1723.97954532	
-5.17614973257	-1723.98066822	
-5.17803120067	-1723.98178715	
-5.1799091355	-1723.98290212	
-5.18178355029	-1723.98401315	
-5.18365445823	-1723.98512025	
-5.1855218724	-1723.98622345	
-5.18738580584	-1723.98732276	
-5.18924627149	-1723.98841819	
-5.19110328224	-1723.98950976	
-5.19295685089	-1723.99059748	
-5.19480699018	-1723.99168138	
-5.19665371277	-1723.99276146	
-5.19849703127	-1723.99383774	
-5.20033695819	-1723.99491025	
-5.202173506	-1723.99597898	
-5.20400668708	-1723.99704397	
-5.20583651375	-1723.99810522	
-5.20766299828	-1723.99916275	
-5.20948615284	-1724.00021657	
-5.21130598956	-1724.0012667	
-5.21312252048	-1724.00231316	
-5.21493575761	-1724.00335596	
-5.21674571285	-1724.00439511	
-5.21855239808	-1724.00543063	
-5.22035582508	-1724.00646254	
-5.22215600558	-1724.00749084	
-5.22395295126	-1724.00851556	
-5.22574667371	-1724.00953671	
-5.22753718449	-1724.0105543	
-5.22932449506	-1724.01156834	
-5.23110861685	-1724.01257886	
-5.23288956123	-1724.01358587	
-5.23466733947	-1724.01458937	
-5.23644196283	-1724.01558939	
-5.23821344248	-1724.01658594	
-5.23998178954	-1724.01757903	
-5.24174701506	-1724.01856868	
-5.24350913005	-1724.0195549	
-5.24526814546	-1724.0205377	
-5.24702407216	-1724.02151711	
-5.24877692099	-1724.02249312	
-5.25052670271	-1724.02346576	
-5.25227342805	-1724.02443504	
-5.25401710765	-1724.02540098	
-5.25575775213	-1724.02636358	
-5.25749537203	-1724.02732286	
-5.25922997784	-1724.02827883	
-5.26096158	-1724.02923151	
-5.2626901889	-1724.03018092	
-5.26441581487	-1724.03112705	
-5.26613846818	-1724.03206993	
-5.26785815906	-1724.03300957	
-5.26957489768	-1724.03394599	
-5.27128869416	-1724.03487919	
-5.27299955856	-1724.03580919	
-5.27470750091	-1724.036736	
-5.27641253116	-1724.03765964	
-5.27811465923	-1724.03858011	
-5.27981389498	-1724.03949744	
-5.28151024823	-1724.04041162	
-5.28320372874	-1724.04132268	
-5.28489434622	-1724.04223063	
-5.28658211033	-1724.04313549	
-5.28826703069	-1724.04403725	
-5.28994911688	-1724.04493594	
-5.2916283784	-1724.04583156	
-5.29330482472	-1724.04672414	
-5.29497846528	-1724.04761368	
-5.29664930945	-1724.04850019	
-5.29831736655	-1724.04938369	
-5.29998264587	-1724.05026419	
-5.30164515664	-1724.05114169	
-5.30330490806	-1724.05201622	
-5.30496190927	-1724.05288779	
-5.30661616936	-1724.0537564	
-5.3082676974	-1724.05462207	
-5.30991650239	-1724.0554848	
-5.3115625933	-1724.05634462	
-5.31320597904	-1724.05720154	
-5.3148466685	-1724.05805555	
-5.3164846705	-1724.05890669	
-5.31811999384	-1724.05975495	
-5.31975264727	-1724.06060035	
-5.32138263948	-1724.0614429	
-5.32300997914	-1724.06228261	
-5.32463467487	-1724.06311949	
-5.32625673524	-1724.06395356	
-5.32787616879	-1724.06478483	
-5.32949298402	-1724.0656133	
-5.33110718937	-1724.06643899	
-5.33271879327	-1724.0672619	
-5.33432780407	-1724.06808206	
-5.33593423012	-1724.06889947	
-5.3375380797	-1724.06971414	
-5.33913936107	-1724.07052608	
-5.34073808243	-1724.0713353	
-5.34233425196	-1724.07214182	
-5.3439278778	-1724.07294565	
-5.34551896803	-1724.07374678	
-5.34710753072	-1724.07454525	
-5.34869357387	-1724.07534105	
-5.35027710548	-1724.0761342	
-5.35185813348	-1724.0769247	
-5.35343666577	-1724.07771257	
-5.35501271022	-1724.07849783	
-5.35658627467	-1724.07928047	
-5.3581573669	-1724.0800605	
-5.35972599468	-1724.08083795	
-5.36129216571	-1724.08161282	
-5.36285588769	-1724.08238511	
-5.36441716825	-1724.08315485	
-5.36597601502	-1724.08392203	
-5.36753243557	-1724.08468668	
-5.36908643744	-1724.08544879	
-5.37063802813	-1724.08620838	
-5.37218721511	-1724.08696547	
-5.37373400583	-1724.08772005	
-5.37527840768	-1724.08847214	
-5.37682042804	-1724.08922175	
-5.37836007422	-1724.08996889	
-5.37989735354	-1724.09071356	
-5.38143227326	-1724.09145579	
-5.38296484061	-1724.09219557	
-5.38449506279	-1724.09293291	
-5.38602294697	-1724.09366784	
-5.38754850028	-1724.09440035	
-5.38907172982	-1724.09513045	
-5.39059264266	-1724.09585816	
-5.39211124583	-1724.09658348	
-5.39362754635	-1724.09730643	
-5.39514155118	-1724.09802701	
-5.39665326727	-1724.09874523	
-5.39816270152	-1724.0994611	
-5.39966986081	-1724.10017463	
-5.40117475199	-1724.10088583	
-5.40267738187	-1724.10159471	
-5.40417775725	-1724.10230128	
-5.40567588487	-1724.10300554	
-5.40717177146	-1724.1037075	
-5.40866542372	-1724.10440718	
-5.4101568483	-1724.10510459	
-5.41164605186	-1724.10579972	
-5.41313304098	-1724.10649259	
-5.41461782224	-1724.10718322	
-5.4161004022	-1724.1078716	
-5.41758078737	-1724.10855775	
-5.41905898424	-1724.10924167	
-5.42053499927	-1724.10992338	
-5.42200883889	-1724.11060288	
-5.4234805095	-1724.11128017	
-5.42495001748	-1724.11195528	
-5.42641736918	-1724.11262821	
-5.4278825709	-1724.11329896	
-5.42934562895	-1724.11396755	
-5.43080654959	-1724.11463398	
-5.43226533906	-1724.11529826	
-5.43372200355	-1724.1159604	
-5.43517654927	-1724.1166204	
-5.43662898235	-1724.11727829	
-5.43807930892	-1724.11793405	
-5.4395275351	-1724.11858771	
-5.44097366695	-1724.11923927	
-5.44241771052	-1724.11988873	
-5.44385967184	-1724.12053612	
-5.4452995569	-1724.12118142	
-5.44673737167	-1724.12182466	
-5.44817312209	-1724.12246584	
-5.44960681409	-1724.12310496	
-5.45103845357	-1724.12374204	
-5.45246804638	-1724.12437709	
-5.45389559837	-1724.1250101	
-5.45532111536	-1724.1256411	
-5.45674460314	-1724.12627008	
-5.45816606749	-1724.12689705	
-5.45958551414	-1724.12752203	
-5.46100294883	-1724.12814502	
-5.46241837723	-1724.12876602	
-5.46383180503	-1724.12938505	
-5.46524323786	-1724.13000211	
-5.46665268137	-1724.13061721	
-5.46806014114	-1724.13123035	
-5.46946562274	-1724.13184156	
-5.47086913175	-1724.13245082	
-5.47227067367	-1724.13305815	
-5.47367025403	-1724.13366356	
-5.47506787829	-1724.13426705	
-5.47646355193	-1724.13486863	
-5.47785728038	-1724.13546831	
-5.47924906905	-1724.1360661	
-5.48063892334	-1724.136662	
-5.48202684862	-1724.13725602	
-5.48341285022	-1724.13784816	
-5.48479693349	-1724.13843844	
-5.48617910372	-1724.13902686	
-5.48755936619	-1724.13961343	
-5.48893772616	-1724.14019815	
-5.49031418887	-1724.14078103	
-5.49168875953	-1724.14136208	
-5.49306144334	-1724.14194131	
-5.49443224547	-1724.14251872	
-5.49580117108	-1724.14309432	
-5.49716822529	-1724.14366812	
-5.49853341322	-1724.14424011	
-5.49989673995	-1724.14481032	
-5.50125821054	-1724.14537875	
-5.50261783006	-1724.14594539	
-5.50397560352	-1724.14651027	
-5.50533153593	-1724.14707338	
-5.50668563228	-1724.14763474	
-5.50803789753	-1724.14819434	
-5.50938833663	-1724.1487522	
-5.5107369545	-1724.14930832	
-5.51208375605	-1724.14986271	
-5.51342874616	-1724.15041538	
-5.51477192971	-1724.15096633	
-5.51611331154	-1724.15151556	
-5.51745289646	-1724.1520631	
-5.51879068931	-1724.15260893	
-5.52012669485	-1724.15315307	
-5.52146091786	-1724.15369552	
-5.5227933631	-1724.15423629	
-5.52412403528	-1724.15477539	
-5.52545293913	-1724.15531282	
-5.52678007934	-1724.15584859	
-5.52810546058	-1724.1563827	
-5.52942908751	-1724.15691516	
-5.53075096477	-1724.15744598	
-5.53207109697	-1724.15797516	
-5.53338948873	-1724.15850272	
-5.53470614461	-1724.15902864	
-5.53602106919	-1724.15955295	
-5.53733426702	-1724.16007565	
-5.53864574262	-1724.16059673	
-5.5399555005	-1724.16111622	
-5.54126354516	-1724.16163411	
-5.54256988107	-1724.16215041	
-5.5438745127	-1724.16266513	
-5.54517744448	-1724.16317827	
-5.54647868084	-1724.16368983	
-5.54777822618	-1724.16419984	
-5.5490760849	-1724.16470828	
-5.55037226136	-1724.16521516	
-5.55166675992	-1724.1657205	
-5.55295958492	-1724.16622429	
-5.55425074069	-1724.16672655	
-5.55554023152	-1724.16722728	
-5.5568280617	-1724.16772647	
-5.55811423551	-1724.16822415	
-5.5593987572	-1724.16872031	
-5.56068163102	-1724.16921496	
-5.56196286117	-1724.16970811	
-5.56324245188	-1724.17019976	
-5.56452040732	-1724.17068992	
-5.56579673168	-1724.17117858	
-5.56707142911	-1724.17166577	
-5.56834450376	-1724.17215148	
-5.56961595975	-1724.17263571	
-5.57088580119	-1724.17311848	
-5.57215403218	-1724.17359979	
-5.57342065679	-1724.17407965	
-5.5746856791	-1724.17455805	
-5.57594910315	-1724.17503501	
-5.57721093297	-1724.17551053	
-5.57847117258	-1724.17598461	
-5.57972982599	-1724.17645727	
-5.58098689718	-1724.1769285	
-5.58224239012	-1724.17739831	
-5.58349630878	-1724.17786671	
-5.5847486571	-1724.1783337	
-5.585999439	-1724.17879928	
-5.5872486584	-1724.17926347	
-5.5884963192	-1724.17972626	
-5.58974242528	-1724.18018766	
-5.59098698051	-1724.18064769	
-5.59222998875	-1724.18110633	
-5.59347145384	-1724.1815636	
-5.5947113796	-1724.1820195	
-5.59594976985	-1724.18247403	
-5.59718662839	-1724.18292721	
-5.598421959	-1724.18337903	
-5.59965576545	-1724.18382951	
-5.60088805149	-1724.18427864	
-5.60211882088	-1724.18472643	
-5.60334807733	-1724.18517288	
-5.60457582457	-1724.18561801	
-5.6058020663	-1724.18606181	
-5.60702680619	-1724.18650429	
-5.60825004793	-1724.18694546	
-5.60947179518	-1724.18738531	
-5.61069205159	-1724.18782386	
-5.61191082078	-1724.18826111	
-5.61312810639	-1724.18869706	
-5.61434391201	-1724.18913172	
-5.61555824124	-1724.18956509	
-5.61677109767	-1724.18999718	
-5.61798248485	-1724.19042799	
-5.61919240636	-1724.19085752	
-5.62040086572	-1724.19128579	
-5.62160786647	-1724.19171279	
-5.62281341212	-1724.19213853	
-5.62401750619	-1724.19256301	
-5.62522015215	-1724.19298625	
-5.6264213535	-1724.19340823	
-5.62762111369	-1724.19382898	
-5.62881943618	-1724.19424848	
-5.63001632442	-1724.19466675	
-5.63121178182	-1724.1950838	
-5.63240581181	-1724.19549961	
-5.6335984178	-1724.19591421	
-5.63478960317	-1724.19632759	
-5.6359793713	-1724.19673976	
-5.63716772557	-1724.19715072	
-5.63835466933	-1724.19756048	
-5.63954020593	-1724.19796904	
-5.64072433869	-1724.1983764	
-5.64190707094	-1724.19878257	
-5.64308840598	-1724.19918756	
-5.64426834712	-1724.19959136	
-5.64544689764	-1724.19999398	
-5.64662406082	-1724.20039543	
-5.64779983991	-1724.20079571	
-5.64897423816	-1724.20119483	
-5.65014725882	-1724.20159278	
-5.65131890512	-1724.20198958	
-5.65248918027	-1724.20238522	
-5.65365808747	-1724.20277971	
-5.65482562993	-1724.20317305	
-5.65599181082	-1724.20356526	
-5.65715663332	-1724.20395632	
-5.65832010058	-1724.20434626	
-5.65948221576	-1724.20473506	
-5.660642982	-1724.20512274	
-5.66180240242	-1724.20550929	
-5.66296048014	-1724.20589473	
-5.66411721826	-1724.20627906	
-5.66527261989	-1724.20666227	
-5.66642668811	-1724.20704438	
-5.66757942599	-1724.20742538	
-5.6687308366	-1724.20780529	
-5.66988092298	-1724.2081841	
-5.67102968818	-1724.20856182	
-5.67217713524	-1724.20893845	
-5.67332326717	-1724.209314	
-5.67446808699	-1724.20968848	
-5.67561159769	-1724.21006187	
-5.67675380227	-1724.21043419	
-5.6778947037	-1724.21080545	
-5.67903430497	-1724.21117564	
-5.68017260902	-1724.21154476	
-5.6813096188	-1724.21191284	
-5.68244533727	-1724.21227985	
-5.68357976734	-1724.21264582	
-5.68471291194	-1724.21301074	
-5.68584477397	-1724.21337462	
-5.68697535634	-1724.21373746	
-5.68810466194	-1724.21409926	
-5.68923269364	-1724.21446003	
-5.69035945432	-1724.21481977	
-5.69148494685	-1724.21517849	
-5.69260917406	-1724.21553619	
-5.6937321388	-1724.21589286	
-5.69485384391	-1724.21624853	
-5.69597429221	-1724.21660318	
-5.69709348651	-1724.21695682	
-5.69821142961	-1724.21730946	
-5.69932812431	-1724.2176611	
-5.70044357339	-1724.21801175	
-5.70155777963	-1724.21836139	
-5.7026707458	-1724.21871005	
-5.70378247466	-1724.21905772	
-5.70489296894	-1724.21940441	
-5.70600223139	-1724.21975012	
-5.70711026475	-1724.22009485	
-5.70821707172	-1724.22043861	
-5.70932265503	-1724.22078139	
-5.71042701737	-1724.22112321	
-5.71153016145	-1724.22146407	
-5.71263208993	-1724.22180396	
-5.71373280551	-1724.2221429	
-5.71483231084	-1724.22248089	
-5.71593060859	-1724.22281792	
-5.71702770141	-1724.22315401	
-5.71812359193	-1724.22348915	
-5.71921828279	-1724.22382335	
-5.72031177661	-1724.22415661	
-5.72140407601	-1724.22448894	
-5.72249518359	-1724.22482034	
-5.72358510195	-1724.22515081	
-5.72467383369	-1724.22548035	
-5.72576138137	-1724.22580897	
-5.72684774759	-1724.22613667	
-5.72793293489	-1724.22646346	
-5.72901694583	-1724.22678934	
-5.73009978297	-1724.2271143	
-5.73118144884	-1724.22743836	
-5.73226194598	-1724.22776151	
-5.7333412769	-1724.22808376	
-5.73441944412	-1724.22840512	
-5.73549645015	-1724.22872558	
-5.73657229748	-1724.22904515	
-5.73764698861	-1724.22936383	
-5.73872052602	-1724.22968163	
-5.73979291218	-1724.22999854	
-5.74086414956	-1724.23031458	
-5.74193424062	-1724.23062974	
-5.74300318781	-1724.23094402	
-5.74407099357	-1724.23125743	
-5.74513766034	-1724.23156998	
-5.74620319054	-1724.23188166	
-5.7472675866	-1724.23219248	
-5.74833085092	-1724.23250244	
-5.74939298591	-1724.23281154	
-5.75045399397	-1724.23311979	
-5.75151387748	-1724.23342719	
-5.75257263883	-1724.23373374	
-5.75363028038	-1724.23403945	
-5.75468680452	-1724.23434431	
-5.75574221359	-1724.23464833	
-5.75679650994	-1724.23495152	
-5.75784969593	-1724.23525388	
-5.75890177388	-1724.2355554	
-5.75995274612	-1724.2358561	
-5.76100261499	-1724.23615597	
-5.76205138278	-1724.23645501	
-5.76309905181	-1724.23675324	
-5.76414562438	-1724.23705065	
-5.76519110278	-1724.23734725	
-5.7662354893	-1724.23764303	
-5.76727878622	-1724.237938	
-5.76832099579	-1724.23823217	
-5.7693621203	-1724.23852554	
-5.770402162	-1724.2388181	
-5.77144112313	-1724.23910986	
-5.77247900594	-1724.23940083	
-5.77351581267	-1724.23969101	
-5.77455154554	-1724.23998039	
-5.77558620679	-1724.24026899	
-5.77661979861	-1724.2405568	
-5.77765232322	-1724.24084382	
-5.77868378283	-1724.24113007	
-5.77971417962	-1724.24141554	
-5.78074351579	-1724.24170024	
-5.78177179352	-1724.24198416	
-5.78279901497	-1724.24226731	
-5.78382518233	-1724.24254969	
-5.78485029774	-1724.24283131	
-5.78587436337	-1724.24311217	
-5.78689738137	-1724.24339226	
-5.78791935386	-1724.2436716	
-5.788940283	-1724.24395019	
-5.7899601709	-1724.24422802	
-5.79097901969	-1724.2445051	
-5.79199683148	-1724.24478143	
-5.79301360838	-1724.24505702	
-5.7940293525	-1724.24533186	
-5.79504406593	-1724.24560597	
-5.79605775077	-1724.24587933	
-5.79707040908	-1724.24615196	
-5.79808204295	-1724.24642386	
-5.79909265446	-1724.24669503	
-5.80010224566	-1724.24696546	
-5.80111081862	-1724.24723518	
-5.80211837538	-1724.24750416	
-5.80312491799	-1724.24777243	
-5.80413044849	-1724.24803998	
-5.80513496892	-1724.24830681	
-5.80613848129	-1724.24857292	
-5.80714098764	-1724.24883833	
-5.80814248998	-1724.24910302	
-5.80914299031	-1724.24936701	
