#Site	lnL	
0	-1.59662884295
1	-1.78894571496
2	-1.30348821407
3	-1.59662884295
4	-1.9416460073
5	-1.30348821407
6	-1.87376373957
7	-1.78894571496
8	-15.6269314108
9	-1.7531040889
10	-1.78894571496
11	-15.6269314108
12	-1.59662884295
13	-5.85323480514
14	-1.53884897072
15	-1.61091457816
16	-6.00225595627
17	-1.42804427872
18	-1.59662884295
19	-1.77153056435
20	-1.42804427872
21	-1.87376373957
22	-1.78894571496
23	-1.29464315545
24	-5.6542444586
25	-1.77153056435
26	-1.30348821407
27	-1.61091457816
28	-1.9416460073
29	-1.29464315545
30	-1.87376373957
31	-1.77153056435
32	-1.30348821407
33	-1.87376373957
34	-4.9066159579
35	-1.42804427872
36	-1.59662884295
37	-1.78894571496
38	-15.0589961868
39	-1.59662884295
40	-1.78894571496
41	-1.30348821407
42	-1.87376373957
43	-1.9416460073
44	-1.30348821407
45	-1.59662884295
46	-1.78894571496
47	-1.53884897072
48	-1.87376373957
49	-2.06830858926
50	-30.0253347035
51	-4.81618034476
52	-2.06830858926
53	-29.6349265022
54	-1.7531040889
55	-5.49038278093
56	-1.42804427872
57	-1.87376373957
58	-1.77153056435
59	-1.30348821407
60	-1.61091457816
61	-4.52197102921
62	-1.29464315545
63	-17.9787222378
64	-1.9416460073
65	-29.0885932743
66	-1.61091457816
67	-10.7543410069
68	-1.53884897072
69	-7.09184444659
70	-1.77153056435
71	-1.53884897072
72	-1.87376373957
73	-1.77153056435
74	-1.30348821407
75	-4.91409920788
76	-1.78894571496
77	-1.29464315545
78	-6.29619829056
79	-1.9416460073
80	-1.30348821407
81	-6.67492040389
82	-1.77153056435
83	-1.30348821407
84	-5.06896280982
85	-2.06830858926
86	-1.30348821407
87	-1.87376373957
88	-1.78894571496
89	-1.42804427872
90	-1.59662884295
91	-2.06830858926
92	-15.7103487404
93	-1.61091457816
94	-1.78894571496
95	-1.30348821407
96	-4.82881698345
97	-1.9416460073
98	-1.53884897072
99	-1.7531040889
100	-1.9416460073
101	-28.8586544946
102	-1.7531040889
103	-1.9416460073
104	-14.4155633163
105	-1.61091457816
106	-1.9416460073
107	-1.42804427872
108	-1.87376373957
109	-1.9416460073
110	-1.53884897072
111	-1.59662884295
112	-1.78894571496
113	-1.30348821407
114	-1.87376373957
115	-1.77153056435
116	-15.0589958351
117	-1.7531040889
118	-2.06830858926
119	-15.8711355709
120	-1.59662884295
121	-2.06830858926
122	-1.29464315545
123	-1.61091457816
124	-4.76211856728
125	-15.3296614814
126	-8.54663152172
127	-5.72616413703
128	-15.9951545329
129	-1.59662884295
130	-6.94720723921
131	-1.29464315545
132	-1.87376373957
133	-8.44656294455
134	-1.29464315545
135	-1.61091457816
136	-2.06830858926
137	-18.1409019792
138	-6.02337672305
139	-10.7233186572
140	-28.9593626225
141	-1.59662884295
142	-1.78894571496
143	-16.5140325892
144	-8.71763984654
145	-1.77153056435
146	-17.1040812512
147	-1.61091457816
148	-2.06830858926
149	-1.53884897072
150	-5.89882154517
151	-1.78894571496
152	-1.29464315545
153	-1.59662884295
154	-1.78894571496
155	-15.7465796227
156	-1.87376373957
157	-2.06830858926
158	-14.4155633163
159	-6.68002342938
160	-5.72616413703
161	-15.0589961868
162	-1.87376373957
163	-5.75805179625
164	-1.42804427872
165	-1.87376373957
166	-5.44458786273
167	-1.29464315545
168	-6.04341423169
169	-1.78894571496
170	-14.9344400251
171	-1.61091457816
172	-8.96574274172
173	-1.30348821407
174	-1.61091457816
175	-2.06830858926
176	-1.42804427872
177	-1.59662884295
178	-1.77153056435
179	-28.7252544712
180	-1.7531040889
181	-1.77153056435
182	-15.0589961868
183	-1.61091457816
184	-1.9416460073
185	-1.42804427872
186	-5.73604278379
187	-1.77153056435
188	-1.30348821407
189	-1.7531040889
190	-6.46423326806
191	-1.42804427872
192	-13.2738964595
193	-1.9416460073
194	-15.2277030758
195	-1.59662884295
196	-1.78894571496
197	-1.42804427872
198	-1.61091457816
199	-8.7090286118
200	-16.0971128579
201	-1.59662884295
202	-4.65511514635
203	-14.6902358651
204	-5.45024392666
205	-2.06830858926
206	-1.42804427872
207	-1.61091457816
208	-4.65511514635
209	-16.0971128579
210	-6.28761839171
211	-1.77153056435
212	-1.29464315545
213	-1.59662884295
214	-2.06830858926
215	-16.5140312957
216	-1.7531040889
217	-1.78894571496
218	-17.1040803679
219	-1.59662884295
220	-1.9416460073
221	-18.1409019792
222	-1.59662884295
223	-7.23247631462
224	-1.42804427872
225	-1.61091457816
226	-1.77153056435
227	-1.42804427872
228	-1.61091457816
229	-1.9416460073
230	-14.4155639551
231	-1.59662884295
232	-4.65511514635
233	-16.2698268733
234	-1.61091457816
235	-6.63483353392
236	-15.9850218424
237	-1.7531040889
238	-6.21693469507
239	-14.5175225331
240	-1.59662884295
241	-1.78894571496
242	-1.30348821407
243	-6.18373086026
244	-4.61755918023
245	-1.42804427872
246	-1.61091457816
247	-1.9416460073
248	-14.8147916751
249	-6.08289660269
250	-1.9416460073
251	-1.53884897072
252	-1.87376373957
253	-1.78894571496
254	-1.53884897072
255	-1.61091457816
256	-1.77153056435
257	-15.5023754627
258	-1.59662884295
259	-5.87193450813
260	-15.8123086167
261	-1.7531040889
262	-1.9416460073
263	-16.0971144157
264	-5.90353446331
265	-4.88062817728
266	-1.30348821407
267	-4.82881698345
268	-5.60903064513
269	-1.29464315545
270	-1.59662884295
271	-6.04360353424
272	-1.29464315545
273	-7.07466782141
274	-5.72616413703
275	-1.30348821407
276	-1.59662884295
277	-4.5420798009
278	-1.29464315545
279	-1.7531040889
280	-2.06830858926
281	-1.30348821407
282	-5.18968874807
283	-1.78894571496
284	-1.42804427872
285	-1.87376373957
286	-5.15082011791
287	-1.29464315545
288	-1.87376373957
289	-2.06830858926
290	-1.42804427872
291	-1.87376373957
292	-14.9980882346
293	-1.29464315545
294	-1.61091457816
295	-1.9416460073
296	-1.29464315545
297	-1.87376373957
298	-6.46423326806
299	-29.7584606372
300	-6.75814343137
301	-7.91837347495
302	-17.1967088984
303	-4.82881698345
304	-1.78894571496
305	-18.6188196192
306	-4.82881698345
307	-6.04705033069
308	-16.7797905585
309	-1.61091457816
310	-4.52197102921
311	-1.30348821407
312	-1.59662884295
313	-5.15082011791
314	-1.29464315545
315	-1.87376373957
316	-1.9416460073
317	-1.42804427872
318	-6.14773862332
319	-4.76211856728
320	-1.42804427872
321	-1.61091457816
322	-12.0172102289
323	-1.42804427872
324	-1.7531040889
325	-5.90554412442
326	-1.30348821407
327	-1.7531040889
328	-2.06830858926
329	-1.29464315545
330	-1.59662884295
331	-5.90554412442
332	-1.30348821407
333	-1.61091457816
334	-1.78894571496
335	-1.42804427872
336	-1.61091457816
337	-1.77153056435
338	-1.29464315545
339	-1.61091457816
340	-4.52197102921
341	-17.3212636627
342	-5.6542444586
343	-6.3906293739
344	-18.4942626988
345	-4.81618034476
346	-1.9416460073
347	-1.29464315545
348	-1.87376373957
349	-4.61755918023
350	-1.53884897072
351	-1.61091457816
352	-1.78894571496
353	-1.30348821407
354	-1.87376373957
355	-1.78894571496
356	-16.3943820512
357	-6.2052333798
358	-11.340383445
359	-17.8436324432
360	-1.61091457816
361	-1.9416460073
362	-15.3296614814
363	-1.7531040889
364	-2.06830858926
365	-14.5175237256
366	-1.7531040889
367	-1.9416460073
368	-1.29464315545
369	-14.1129288083
370	-1.77153056435
371	-15.3296629214
372	-7.09184444659
373	-1.78894571496
374	-1.29464315545
375	-6.18373086026
376	-1.78894571496
377	-1.53884897072
378	-1.61091457816
379	-2.06830858926
380	-17.2060411652
381	-1.7531040889
382	-4.76211856728
383	-15.8711355709
384	-1.7531040889
385	-6.17581219252
386	-1.42804427872
387	-6.4860885242
388	-5.60903064513
389	-1.29464315545
390	-1.7531040889
391	-6.38259352131
392	-15.7103487404
393	-1.61091457816
394	-2.06830858926
395	-15.9850218424
396	-1.61091457816
397	-2.06830858926
398	-16.3943831471
399	-1.87376373957
400	-5.87193450813
401	-1.29464315545
402	-1.59662884295
403	-5.85323480514
404	-15.9850219631
405	-1.59662884295
406	-1.77153056435
407	-1.42804427872
408	-1.59662884295
409	-5.15082011791
410	-16.1095778966
411	-6.4860885242
412	-6.54168797583
413	-1.53884897072
414	-6.17164311268
415	-5.85323480514
416	-1.53884897072
417	-1.7531040889
418	-5.37471513537
419	-15.7465808181
420	-1.61091457816
421	-1.78894571496
422	-1.42804427872
423	-1.61091457816
424	-1.9416460073
425	-15.7465796227
426	-1.7531040889
427	-1.77153056435
428	-15.8123074971
429	-1.61091457816
430	-1.78894571496
431	-29.134456457
432	-1.87376373957
433	-5.72616413703
434	-1.30348821407
435	-1.59662884295
436	-2.06830858926
437	-16.1095778966
438	-6.2052333798
439	-1.78894571496
440	-1.42804427872
441	-1.7531040889
442	-9.96606316777
443	-1.29464315545
444	-1.87376373957
445	-9.70783610342
446	-15.7103487404
447	-1.59662884295
448	-4.75607299941
449	-14.9344410089
450	-7.09184444659
451	-8.33788876297
452	-1.53884897072
453	-1.61091457816
454	-1.9416460073
455	-1.42804427872
456	-1.7531040889
457	-1.78894571496
458	-1.42804427872
459	-1.87376373957
460	-4.75607299941
461	-1.42804427872
462	-6.35897773747
463	-7.322061616
464	-14.4155633163
465	-6.50670125015
466	-2.06830858926
467	-1.30348821407
468	-1.61091457816
469	-1.78894571496
470	-30.4775589382
