# log_p 	 lnL 	 
0.0	-1673.6558796	
-0.287682072452	-1673.6975942	
-0.510825623766	-1673.73446658	
-0.69314718056	-1673.76566429	
-0.847297860387	-1673.7913299	
-0.980829253012	-1673.81208402	
-1.09861228867	-1673.82860165	
-1.20397280433	-1673.84151252	
-1.29928298413	-1673.8513795	
-1.38629436112	-1673.85869523	
-1.46633706879	-1673.8638847	
-1.54044504095	-1673.86731066	
-1.60943791243	-1673.86928012	
-1.67397643357	-1673.87005126	
-1.73460105539	-1673.86984007	
-1.79175946923	-1673.86882657	
-1.8458266905	-1673.86716029	
-1.89711998489	-1673.86496517	
-1.94591014906	-1673.86234372	
-1.99243016469	-1673.8593806	
-2.03688192726	-1673.85614566	
-2.07944154168	-1673.85269649	
-2.1202635362	-1673.84908053	
-2.15948424935	-1673.84533683	
-2.19722457734	-1673.84149756	
-2.23359222151	-1673.83758919	
-2.26868354132	-1673.83363349	
-2.30258509299	-1673.82964839	
-2.33537491582	-1673.82564865	
-2.36712361413	-1673.82164639	
-2.3978952728	-1673.81765159	
-2.42774823595	-1673.81367246	
-2.45673577282	-1673.80971571	
-2.48490664979	-1673.80578689	
-2.51230562398	-1673.80189051	
-2.53897387106	-1673.79803026	
-2.56494935746	-1673.79420915	
-2.59026716545	-1673.79042963	
-2.61495977804	-1673.78669365	
-2.63905732962	-1673.78300278	
-2.66258782703	-1673.77935826	
-2.68557734525	-1673.77576105	
-2.7080502011	-1673.77221188	
-2.73002910782	-1673.7687113	
-2.75153531304	-1673.76525966	
-2.77258872224	-1673.76185721	
-2.79320800944	-1673.75850406	
-2.81341071676	-1673.75520024	
-2.83321334406	-1673.75194567	
-2.85263142991	-1673.74874021	
-2.87167962488	-1673.74558367	
-2.8903717579	-1673.7424758	
-2.90872089656	-1673.73941628	
-2.92673940207	-1673.7364048	
-2.94443897917	-1673.73344097	
-2.96183072188	-1673.7305244	
-2.97892515524	-1673.72765467	
-2.99573227355	-1673.72483132	
-3.01226157551	-1673.7220539	
-3.02852209638	-1673.71932193	
-3.04452243772	-1673.71663491	
-3.06027079469	-1673.71399235	
-3.07577498123	-1673.71139373	
-3.09104245336	-1673.70883852	
-3.10608033072	-1673.7063262	
-3.12089541651	-1673.70385624	
-3.13549421593	-1673.7014281	
-3.14988295338	-1673.69904124	
-3.16406758837	-1673.69669512	
-3.17805383035	-1673.69438919	
-3.19184715248	-1673.6921229	
-3.20545280454	-1673.68989572	
-3.21887582487	-1673.6877071	
-3.23212105162	-1673.68555648	
-3.24519313319	-1673.68344334	
-3.25809653802	-1673.68136713	
-3.2708355638	-1673.67932731	
-3.28341434601	-1673.67732334	
-3.295836866	-1673.67535471	
-3.3081069586	-1673.67342087	
-3.32022831913	-1673.6715213	
-3.33220451018	-1673.66965548	
-3.34403896782	-1673.6678229	
-3.35573500759	-1673.66602304	
-3.36729582999	-1673.6642554	
-3.37872452581	-1673.66251947	
-3.39002408106	-1673.66081476	
-3.40119738166	-1673.65914077	
-3.41224721785	-1673.65749702	
-3.42317628838	-1673.65588302	
-3.43398720449	-1673.65429831	
-3.4446824936	-1673.65274241	
-3.45526460293	-1673.65121485	
-3.4657359028	-1673.64971518	
-3.47609868984	-1673.64824294	
-3.48635519	-1673.64679769	
-3.49650756147	-1673.64537898	
-3.50655789732	-1673.64398639	
-3.51650822817	-1673.64261948	
-3.52636052462	-1673.64127782	
-3.53611669956	-1673.639961	
-3.54577861047	-1673.63866861	
-3.55534806149	-1673.63740025	
-3.56482680544	-1673.6361555	
-3.57421654579	-1673.63493399	
-3.58351893846	-1673.63373531	
-3.59273559356	-1673.6325591	
-3.60186807712	-1673.63140497	
-3.61091791264	-1673.63027255	
-3.61988658263	-1673.62916148	
-3.62877553004	-1673.62807139	
-3.63758615973	-1673.62700194	
-3.6463198397	-1673.62595278	
-3.65497790244	-1673.62492356	
-3.66356164613	-1673.62391395	
-3.6720723358	-1673.62292362	
-3.68051120444	-1673.62195224	
-3.68887945411	-1673.62099948	
-3.69717825693	-1673.62006504	
-3.70540875607	-1673.61914861	
-3.7135720667	-1673.61824987	
-3.72166927694	-1673.61736854	
-3.72970144863	-1673.61650431	
-3.73766961828	-1673.61565689	
-3.74557479779	-1673.614826	
-3.75341797525	-1673.61401136	
-3.76120011569	-1673.61321269	
-3.76892216179	-1673.61242973	
-3.77658503453	-1673.6116622	
-3.78418963392	-1673.61090984	
-3.79173683955	-1673.61017241	
-3.79922751128	-1673.60944963	
-3.80666248977	-1673.60874127	
-3.81404259707	-1673.60804708	
-3.82136863716	-1673.60736683	
-3.82864139649	-1673.60670027	
-3.83586164446	-1673.60604717	
-3.84303013394	-1673.60540731	
-3.85014760171	-1673.60478046	
-3.85721476893	-1673.6041664	
-3.86423234159	-1673.60356492	
-3.87120101091	-1673.6029758	
-3.87812145375	-1673.60239883	
-3.88499433304	-1673.60183382	
-3.89182029811	-1673.60128055	
-3.8985999851	-1673.60073883	
-3.90533401728	-1673.60020847	
-3.91202300543	-1673.59968928	
-3.91866754815	-1673.59918106	
-3.92526823218	-1673.59868363	
-3.93182563272	-1673.59819682	
-3.93834031375	-1673.59772044	
-3.94481282825	-1673.59725432	
-3.95124371858	-1673.59679828	
-3.95763351668	-1673.59635216	
-3.96398274436	-1673.5959158	
-3.97029191355	-1673.59548902	
-3.97656152657	-1673.59507167	
-3.98279207632	-1673.59466359	
-3.98898404656	-1673.59426463	
-3.99513791214	-1673.59387463	
-4.00125413916	-1673.59349345	
-4.00733318523	-1673.59312094	
-4.01337549969	-1673.59275695	
-4.01938152375	-1673.59240135	
-4.02535169074	-1673.59205399	
-4.03128642625	-1673.59171473	
-4.03718614838	-1673.59138345	
-4.04305126783	-1673.59106001	
-4.04888218815	-1673.59074428	
-4.05467930583	-1673.59043614	
-4.06044301055	-1673.59013545	
-4.06617368526	-1673.5898421	
-4.07187170637	-1673.58955596	
-4.07753744391	-1673.58927692	
-4.08317126162	-1673.58900486	
-4.08877351717	-1673.58873966	
-4.09434456222	-1673.58848121	
-4.0998847426	-1673.58822941	
-4.10539439841	-1673.58798413	
-4.11087386417	-1673.58774528	
-4.11632346894	-1673.58751275	
-4.12174353641	-1673.58728643	
-4.12713438505	-1673.58706623	
-4.13249632819	-1673.58685204	
-4.13782967416	-1673.58664376	
-4.14313472639	-1673.58644131	
-4.14841178349	-1673.58624458	
-4.15366113938	-1673.58605348	
-4.15888308336	-1673.58586792	
-4.16407790024	-1673.58568781	
-4.1692458704	-1673.58551306	
-4.1743872699	-1673.58534359	
-4.17950237056	-1673.5851793	
-4.18459144007	-1673.58502011	
-4.18965474203	-1673.58486595	
-4.19469253606	-1673.58471673	
-4.19970507788	-1673.58457236	
-4.20469261939	-1673.58443278	
-4.20965540873	-1673.5842979	
-4.21459369037	-1673.58416764	
-4.21950770518	-1673.58404194	
-4.22439769047	-1673.58392072	
-4.22926388012	-1673.58380391	
-4.2341065046	-1673.58369143	
-4.23892579103	-1673.58358322	
-4.2437219633	-1673.5834792	
-4.24849524205	-1673.58337932	
-4.25324584481	-1673.5832835	
-4.257973986	-1673.58319167	
-4.26267987704	-1673.58310378	
-4.26736372635	-1673.58301976	
-4.27202573946	-1673.58293955	
-4.27666611902	-1673.58286308	
-4.28128506487	-1673.5827903	
-4.28588277412	-1673.58272115	
-4.29045944115	-1673.58265557	
-4.29501525768	-1673.5825935	
-4.29955041285	-1673.58253489	
-4.3040650932	-1673.58247967	
-4.30855948279	-1673.58242781	
-4.31303376319	-1673.58237923	
-4.31748811354	-1673.58233389	
-4.3219227106	-1673.58229175	
-4.32633772881	-1673.58225273	
-4.33073334029	-1673.58221681	
-4.33510971489	-1673.58218392	
-4.33946702026	-1673.58215402	
-4.34380542185	-1673.58212706	
-4.348125083	-1673.582103	
-4.3524261649	-1673.58208178	
-4.35670882669	-1673.58206337	
-4.36097322548	-1673.58204771	
-4.36521951636	-1673.58203476	
-4.36944785247	-1673.58202449	
-4.373658385	-1673.58201684	
-4.37785126326	-1673.58201177	
-4.38202663467	-1673.58200925	
-4.38618464482	-1673.58200923	
-4.39032543749	-1673.58201168	
-4.39444915467	-1673.58201654	
-4.39855593663	-1673.58202379	
-4.40264592188	-1673.58203339	
-4.40671924726	-1673.5820453	
-4.41077604796	-1673.58205948	
-4.4148164575	-1673.58207589	
-4.4188406078	-1673.5820945	
-4.42284862919	-1673.58211528	
-4.42684065046	-1673.58213819	
-4.43081679884	-1673.58216319	
-4.43477720006	-1673.58219026	
-4.43872197835	-1673.58221935	
-4.44265125649	-1673.58225044	
-4.44656515581	-1673.58228349	
-4.45046379623	-1673.58231847	
-4.45434729625	-1673.58235536	
-4.45821577303	-1673.58239412	
-4.46206934235	-1673.58243471	
-4.46590811865	-1673.58247712	
-4.46973221509	-1673.58252131	
-4.47354174351	-1673.58256725	
-4.47733681448	-1673.58261492	
-4.48111753732	-1673.58266428	
-4.48488402011	-1673.58271531	
-4.48863636973	-1673.58276799	
-4.49237469184	-1673.58282228	
-4.49609909093	-1673.58287816	
-4.49980967033	-1673.5829356	
-4.50350653221	-1673.58299458	
-4.50718977763	-1673.58305507	
-4.51085950652	-1673.58311705	
-4.51451581772	-1673.5831805	
-4.518158809	-1673.58324538	
-4.52178857705	-1673.58331168	
-4.52540521752	-1673.58337938	
-4.52900882502	-1673.58344844	
-4.53259949315	-1673.58351886	
-4.5361773145	-1673.5835906	
-4.53974238067	-1673.58366364	
-4.54329478227	-1673.58373796	
-4.54683460898	-1673.58381355	
-4.55036194949	-1673.58389038	
-4.5538768916	-1673.58396842	
-4.55737952215	-1673.58404767	
-4.56086992709	-1673.5841281	
-4.56434819147	-1673.58420968	
-4.56781439944	-1673.58429241	
-4.57126863431	-1673.58437626	
-4.5747109785	-1673.58446121	
-4.5781415136	-1673.58454725	
-4.58156032035	-1673.58463435	
-4.58496747867	-1673.5847225	
-4.58836306767	-1673.58481168	
-4.59174716566	-1673.58490188	
-4.59511985013	-1673.58499307	
-4.59848119784	-1673.58508524	
-4.60183128472	-1673.58517837	
-4.60517018599	-1673.58527245	
-4.60849797608	-1673.58536745	
-4.61181472871	-1673.58546338	
-4.61512051684	-1673.5855602	
-4.61841541274	-1673.5856579	
-4.62169948794	-1673.58575647	
-4.62497281328	-1673.58585589	
-4.62823545892	-1673.58595615	
-4.63148749431	-1673.58605724	
-4.63472898823	-1673.58615913	
-4.63796000881	-1673.58626182	
-4.64118062351	-1673.58636529	
-4.64439089914	-1673.58646952	
-4.64759090187	-1673.58657451	
-4.65078069724	-1673.58668024	
-4.65396035016	-1673.58678669	
-4.65712992492	-1673.58689386	
-4.66028948521	-1673.58700174	
-4.66343909411	-1673.58711029	
-4.66657881412	-1673.58721953	
-4.66970870713	-1673.58732943	
-4.67282883446	-1673.58743998	
-4.67593925688	-1673.58755117	
-4.67904003455	-1673.58766299	
-4.68213122712	-1673.58777543	
-4.68521289366	-1673.58788847	
-4.6882850927	-1673.58800211	
-4.69134788223	-1673.58811633	
-4.69440131972	-1673.58823112	
-4.6974454621	-1673.58834647	
-4.70048036579	-1673.58846238	
-4.70350608671	-1673.58857882	
-4.70652268025	-1673.5886958	
-4.70953020131	-1673.58881329	
-4.71252870431	-1673.5889313	
-4.71551824316	-1673.5890498	
-4.7184988713	-1673.5891688	
-4.72147064168	-1673.58928828	
-4.72443360681	-1673.58940823	
-4.72738781871	-1673.58952864	
-4.73033332894	-1673.58964951	
-4.73327018862	-1673.58977082	
-4.73619844839	-1673.58989256	
-4.7391181585	-1673.59001473	
-4.74202936871	-1673.59013732	
-4.74493212836	-1673.59026032	
-4.74782648639	-1673.59038372	
-4.75071249128	-1673.59050751	
-4.75359019111	-1673.59063169	
-4.75645963353	-1673.59075624	
-4.75932086582	-1673.59088117	
-4.7621739348	-1673.59100645	
-4.76501888693	-1673.59113208	
-4.76785576827	-1673.59125807	
-4.77068462447	-1673.59138439	
-4.77350550081	-1673.59151104	
-4.77631844218	-1673.59163801	
-4.77912349311	-1673.5917653	
-4.78192069773	-1673.5918929	
-4.78471009982	-1673.5920208	
-4.78749174278	-1673.59214899	
-4.79026566966	-1673.59227748	
-4.79303192316	-1673.59240625	
-4.7957905456	-1673.59253529	
-4.79854157897	-1673.5926646	
-4.80128506491	-1673.59279417	
-4.80402104473	-1673.592924	
-4.80674955939	-1673.59305407	
-4.8094706495	-1673.5931844	
-4.81218435537	-1673.59331496	
-4.81489071697	-1673.59344575	
-4.81758977394	-1673.59357676	
-4.82028156561	-1673.593708	
-4.82296613098	-1673.59383945	
-4.82564350875	-1673.59397111	
-4.8283137373	-1673.59410297	
-4.83097685472	-1673.59423503	
-4.83363289878	-1673.59436728	
-4.83628190695	-1673.59449972	
-4.83892391641	-1673.59463234	
-4.84155896405	-1673.59476513	
-4.84418708646	-1673.5948981	
-4.84680831994	-1673.59503123	
-4.84942270051	-1673.59516453	
-4.85203026392	-1673.59529798	
-4.85463104562	-1673.59543158	
-4.8572250808	-1673.59556533	
-4.85981240436	-1673.59569922	
-4.86239305096	-1673.59583325	
-4.86496705495	-1673.59596741	
-4.86753445046	-1673.5961017	
-4.87009527132	-1673.59623611	
-4.87264955112	-1673.59637064	
-4.8751973232	-1673.59650529	
-4.87773862063	-1673.59664005	
-4.88027347623	-1673.59677492	
-4.88280192259	-1673.59690989	
-4.88532399202	-1673.59704495	
-4.88783971662	-1673.59718012	
-4.89034912822	-1673.59731537	
-4.89285225844	-1673.59745071	
-4.89534913864	-1673.59758613	
-4.89783979995	-1673.59772163	
-4.90032427328	-1673.59785721	
-4.90280258929	-1673.59799286	
-4.90527477844	-1673.59812858	
-4.90774087093	-1673.59826436	
-4.91020089677	-1673.5984002	
-4.91265488574	-1673.5985361	
-4.91510286737	-1673.59867205	
-4.91754487103	-1673.59880806	
-4.91998092583	-1673.59894411	
-4.92241106068	-1673.59908021	
-4.92483530429	-1673.59921634	
-4.92725368516	-1673.59935252	
-4.92966623156	-1673.59948873	
-4.93207297159	-1673.59962497	
-4.93447393313	-1673.59976124	
-4.93686914386	-1673.59989753	
-4.93925863125	-1673.60003385	
-4.94164242261	-1673.60017018	
-4.94402054501	-1673.60030653	
-4.94639302537	-1673.6004429	
-4.94875989038	-1673.60057928	
-4.95112116656	-1673.60071566	
-4.95347688026	-1673.60085205	
-4.9558270576	-1673.60098844	
-4.95817172456	-1673.60112484	
-4.96051090691	-1673.60126123	
-4.96284463026	-1673.60139761	
-4.96517292002	-1673.60153399	
-4.96749580144	-1673.60167036	
-4.96981329958	-1673.60180671	
-4.97212543933	-1673.60194305	
-4.97443224543	-1673.60207937	
-4.97673374242	-1673.60221567	
-4.97902995468	-1673.60235195	
-4.98132090643	-1673.60248821	
-4.98360662171	-1673.60262443	
-4.98588712441	-1673.60276063	
-4.98816243824	-1673.6028968	
-4.99043258678	-1673.60303294	
-4.99269759341	-1673.60316904	
-4.99495748138	-1673.6033051	
-4.99721227376	-1673.60344112	
-4.9994619935	-1673.6035771	
-5.00170666335	-1673.60371304	
-5.00394630595	-1673.60384893	
-5.00618094375	-1673.60398477	
-5.00841059907	-1673.60412056	
-5.0106352941	-1673.60425631	
-5.01285505083	-1673.60439199	
-5.01506989116	-1673.60452763	
-5.01727983681	-1673.6046632	
-5.01948490937	-1673.60479872	
-5.02168513028	-1673.60493418	
-5.02388052085	-1673.60506958	
-5.02607110223	-1673.60520491	
-5.02825689545	-1673.60534017	
-5.03043792139	-1673.60547537	
-5.03261420082	-1673.6056105	
-5.03478575433	-1673.60574556	
-5.03695260241	-1673.60588055	
-5.03911476542	-1673.60601546	
-5.04127226356	-1673.6061503	
-5.04342511692	-1673.60628506	
-5.04557334546	-1673.60641974	
-5.047716969	-1673.60655434	
-5.04985600725	-1673.60668887	
-5.05199047978	-1673.6068233	
-5.05412040604	-1673.60695766	
-5.05624580535	-1673.60709193	
-5.05836669692	-1673.60722611	
-5.06048309982	-1673.60736021	
-5.06259503303	-1673.60749422	
-5.06470251537	-1673.60762813	
-5.06680556556	-1673.60776195	
-5.06890420222	-1673.60789568	
-5.07099844382	-1673.60802932	
-5.07308830874	-1673.60816286	
-5.07517381523	-1673.6082963	
-5.07725498144	-1673.60842965	
-5.07933182538	-1673.6085629	
-5.08140436498	-1673.60869604	
-5.08347261805	-1673.60882909	
-5.08553660227	-1673.60896203	
-5.08759633523	-1673.60909487	
-5.08965183441	-1673.6092276	
-5.09170311719	-1673.60936023	
-5.09375020081	-1673.60949275	
-5.09579310244	-1673.60962516	
-5.09783183913	-1673.60975747	
-5.09986642782	-1673.60988966	
-5.10189688537	-1673.61002174	
-5.10392322852	-1673.61015371	
-5.1059454739	-1673.61028557	
-5.10796363806	-1673.61041732	
-5.10997773743	-1673.61054895	
-5.11198778836	-1673.61068047	
-5.11399380708	-1673.61081186	
-5.11599580975	-1673.61094315	
-5.11799381242	-1673.61107431	
-5.11998783102	-1673.61120536	
-5.12197788143	-1673.61133628	
-5.1239639794	-1673.61146709	
-5.12594614061	-1673.61159777	
-5.12792438062	-1673.61172833	
-5.12989871492	-1673.61185877	
-5.13186915891	-1673.61198908	
-5.13383572788	-1673.61211927	
-5.13579843705	-1673.61224934	
-5.13775730154	-1673.61237928	
-5.13971233637	-1673.61250909	
-5.1416635565	-1673.61263878	
-5.14361097679	-1673.61276834	
-5.145554612	-1673.61289777	
-5.14749447681	-1673.61302707	
-5.14943058584	-1673.61315624	
-5.15136295359	-1673.61328528	
-5.1532915945	-1673.61341419	
-5.15521652291	-1673.61354296	
-5.15713775309	-1673.61367161	
-5.15905529921	-1673.61380012	
-5.1609691754	-1673.6139285	
-5.16287939565	-1673.61405674	
-5.16478597392	-1673.61418485	
-5.16668892407	-1673.61431283	
-5.16858825987	-1673.61444067	
-5.17048399504	-1673.61456837	
-5.17237614319	-1673.61469594	
-5.17426471788	-1673.61482337	
-5.17614973257	-1673.61495066	
-5.17803120067	-1673.61507781	
-5.1799091355	-1673.61520483	
-5.18178355029	-1673.6153317	
-5.18365445823	-1673.61545844	
-5.1855218724	-1673.61558503	
-5.18738580584	-1673.61571149	
-5.18924627149	-1673.6158378	
-5.19110328224	-1673.61596398	
-5.19295685089	-1673.61609001	
-5.19480699018	-1673.6162159	
-5.19665371277	-1673.61634164	
-5.19849703127	-1673.61646725	
-5.20033695819	-1673.61659271	
-5.202173506	-1673.61671803	
-5.20400668708	-1673.6168432	
-5.20583651375	-1673.61696823	
-5.20766299828	-1673.61709311	
-5.20948615284	-1673.61721785	
-5.21130598956	-1673.61734244	
-5.21312252048	-1673.61746689	
-5.21493575761	-1673.61759119	
-5.21674571285	-1673.61771535	
-5.21855239808	-1673.61783936	
-5.22035582508	-1673.61796322	
-5.22215600558	-1673.61808693	
-5.22395295126	-1673.6182105	
-5.22574667371	-1673.61833392	
-5.22753718449	-1673.61845719	
-5.22932449506	-1673.61858032	
-5.23110861685	-1673.61870329	
-5.23288956123	-1673.61882612	
-5.23466733947	-1673.61894879	
-5.23644196283	-1673.61907132	
-5.23821344248	-1673.6191937	
-5.23998178954	-1673.61931593	
-5.24174701506	-1673.61943801	
-5.24350913005	-1673.61955994	
-5.24526814546	-1673.61968172	
-5.24702407216	-1673.61980334	
-5.24877692099	-1673.61992482	
-5.25052670271	-1673.62004615	
-5.25227342805	-1673.62016732	
-5.25401710765	-1673.62028835	
-5.25575775213	-1673.62040922	
-5.25749537203	-1673.62052994	
-5.25922997784	-1673.62065051	
-5.26096158	-1673.62077093	
-5.2626901889	-1673.6208912	
-5.26441581487	-1673.62101131	
-5.26613846818	-1673.62113127	
-5.26785815906	-1673.62125108	
-5.26957489768	-1673.62137074	
-5.27128869416	-1673.62149024	
-5.27299955856	-1673.6216096	
-5.27470750091	-1673.62172879	
-5.27641253116	-1673.62184784	
-5.27811465923	-1673.62196673	
-5.27981389498	-1673.62208547	
-5.28151024823	-1673.62220406	
-5.28320372874	-1673.62232249	
-5.28489434622	-1673.62244077	
-5.28658211033	-1673.6225589	
-5.28826703069	-1673.62267687	
-5.28994911688	-1673.62279469	
-5.2916283784	-1673.62291236	
-5.29330482472	-1673.62302987	
-5.29497846528	-1673.62314723	
-5.29664930945	-1673.62326443	
-5.29831736655	-1673.62338148	
-5.29998264587	-1673.62349838	
-5.30164515664	-1673.62361512	
-5.30330490806	-1673.62373171	
-5.30496190927	-1673.62384814	
-5.30661616936	-1673.62396442	
-5.3082676974	-1673.62408055	
-5.30991650239	-1673.62419652	
-5.3115625933	-1673.62431234	
-5.31320597904	-1673.624428	
-5.3148466685	-1673.62454351	
-5.3164846705	-1673.62465887	
-5.31811999384	-1673.62477407	
-5.31975264727	-1673.62488912	
-5.32138263948	-1673.62500401	
-5.32300997914	-1673.62511875	
-5.32463467487	-1673.62523334	
-5.32625673524	-1673.62534777	
-5.32787616879	-1673.62546204	
-5.32949298402	-1673.62557617	
-5.33110718937	-1673.62569014	
-5.33271879327	-1673.62580395	
-5.33432780407	-1673.62591761	
-5.33593423012	-1673.62603112	
-5.3375380797	-1673.62614447	
-5.33913936107	-1673.62625767	
-5.34073808243	-1673.62637071	
-5.34233425196	-1673.6264836	
-5.3439278778	-1673.62659634	
-5.34551896803	-1673.62670893	
-5.34710753072	-1673.62682136	
-5.34869357387	-1673.62693363	
-5.35027710548	-1673.62704575	
-5.35185813348	-1673.62715772	
-5.35343666577	-1673.62726954	
-5.35501271022	-1673.6273812	
-5.35658627467	-1673.62749271	
-5.3581573669	-1673.62760407	
-5.35972599468	-1673.62771527	
-5.36129216571	-1673.62782632	
-5.36285588769	-1673.62793722	
-5.36441716825	-1673.62804796	
-5.36597601502	-1673.62815855	
-5.36753243557	-1673.62826899	
-5.36908643744	-1673.62837927	
-5.37063802813	-1673.62848941	
-5.37218721511	-1673.62859939	
-5.37373400583	-1673.62870921	
-5.37527840768	-1673.62881889	
-5.37682042804	-1673.62892841	
-5.37836007422	-1673.62903778	
-5.37989735354	-1673.629147	
-5.38143227326	-1673.62925607	
-5.38296484061	-1673.62936498	
-5.38449506279	-1673.62947375	
-5.38602294697	-1673.62958236	
-5.38754850028	-1673.62969082	
-5.38907172982	-1673.62979913	
-5.39059264266	-1673.62990729	
-5.39211124583	-1673.63001529	
-5.39362754635	-1673.63012315	
-5.39514155118	-1673.63023085	
-5.39665326727	-1673.63033841	
-5.39816270152	-1673.63044581	
-5.39966986081	-1673.63055306	
-5.40117475199	-1673.63066016	
-5.40267738187	-1673.63076711	
-5.40417775725	-1673.63087391	
-5.40567588487	-1673.63098057	
-5.40717177146	-1673.63108707	
-5.40866542372	-1673.63119342	
-5.4101568483	-1673.63129962	
-5.41164605186	-1673.63140567	
-5.41313304098	-1673.63151157	
-5.41461782224	-1673.63161733	
-5.4161004022	-1673.63172293	
-5.41758078737	-1673.63182839	
-5.41905898424	-1673.63193369	
-5.42053499927	-1673.63203885	
-5.42200883889	-1673.63214386	
-5.4234805095	-1673.63224872	
-5.42495001748	-1673.63235343	
-5.42641736918	-1673.632458	
-5.4278825709	-1673.63256241	
-5.42934562895	-1673.63266668	
-5.43080654959	-1673.6327708	
-5.43226533906	-1673.63287478	
-5.43372200355	-1673.6329786	
-5.43517654927	-1673.63308228	
-5.43662898235	-1673.63318581	
-5.43807930892	-1673.6332892	
-5.4395275351	-1673.63339243	
-5.44097366695	-1673.63349552	
-5.44241771052	-1673.63359847	
-5.44385967184	-1673.63370127	
-5.4452995569	-1673.63380392	
-5.44673737167	-1673.63390643	
-5.44817312209	-1673.63400879	
-5.44960681409	-1673.634111	
-5.45103845357	-1673.63421307	
-5.45246804638	-1673.634315	
-5.45389559837	-1673.63441678	
-5.45532111536	-1673.63451841	
-5.45674460314	-1673.6346199	
-5.45816606749	-1673.63472124	
-5.45958551414	-1673.63482245	
-5.46100294883	-1673.6349235	
-5.46241837723	-1673.63502441	
-5.46383180503	-1673.63512518	
-5.46524323786	-1673.63522581	
-5.46665268137	-1673.63532629	
-5.46806014114	-1673.63542662	
-5.46946562274	-1673.63552682	
-5.47086913175	-1673.63562687	
-5.47227067367	-1673.63572678	
-5.47367025403	-1673.63582654	
-5.47506787829	-1673.63592617	
-5.47646355193	-1673.63602565	
-5.47785728038	-1673.63612499	
-5.47924906905	-1673.63622419	
-5.48063892334	-1673.63632324	
-5.48202684862	-1673.63642215	
-5.48341285022	-1673.63652093	
-5.48479693349	-1673.63661956	
-5.48617910372	-1673.63671805	
-5.48755936619	-1673.6368164	
-5.48893772616	-1673.6369146	
-5.49031418887	-1673.63701267	
-5.49168875953	-1673.6371106	
-5.49306144334	-1673.63720839	
-5.49443224547	-1673.63730604	
-5.49580117108	-1673.63740354	
-5.49716822529	-1673.63750091	
-5.49853341322	-1673.63759814	
-5.49989673995	-1673.63769523	
-5.50125821054	-1673.63779218	
-5.50261783006	-1673.63788899	
-5.50397560352	-1673.63798567	
-5.50533153593	-1673.6380822	
-5.50668563228	-1673.6381786	
-5.50803789753	-1673.63827486	
-5.50938833663	-1673.63837098	
-5.5107369545	-1673.63846696	
-5.51208375605	-1673.63856281	
-5.51342874616	-1673.63865852	
-5.51477192971	-1673.63875409	
-5.51611331154	-1673.63884953	
-5.51745289646	-1673.63894483	
-5.51879068931	-1673.63903999	
-5.52012669485	-1673.63913501	
-5.52146091786	-1673.6392299	
-5.5227933631	-1673.63932466	
-5.52412403528	-1673.63941928	
-5.52545293913	-1673.63951376	
-5.52678007934	-1673.63960811	
-5.52810546058	-1673.63970232	
-5.52942908751	-1673.6397964	
-5.53075096477	-1673.63989034	
-5.53207109697	-1673.63998415	
-5.53338948873	-1673.64007782	
-5.53470614461	-1673.64017136	
-5.53602106919	-1673.64026477	
-5.53733426702	-1673.64035804	
-5.53864574262	-1673.64045118	
-5.5399555005	-1673.64054419	
-5.54126354516	-1673.64063706	
-5.54256988107	-1673.6407298	
-5.5438745127	-1673.64082241	
-5.54517744448	-1673.64091488	
-5.54647868084	-1673.64100722	
-5.54777822618	-1673.64109943	
-5.5490760849	-1673.64119151	
-5.55037226136	-1673.64128346	
-5.55166675992	-1673.64137528	
-5.55295958492	-1673.64146696	
-5.55425074069	-1673.64155851	
-5.55554023152	-1673.64164994	
-5.5568280617	-1673.64174123	
-5.55811423551	-1673.64183239	
-5.5593987572	-1673.64192342	
-5.56068163102	-1673.64201432	
-5.56196286117	-1673.64210509	
-5.56324245188	-1673.64219573	
-5.56452040732	-1673.64228624	
-5.56579673168	-1673.64237663	
-5.56707142911	-1673.64246688	
-5.56834450376	-1673.64255701	
-5.56961595975	-1673.642647	
-5.57088580119	-1673.64273687	
-5.57215403218	-1673.64282661	
-5.57342065679	-1673.64291622	
-5.5746856791	-1673.6430057	
-5.57594910315	-1673.64309506	
-5.57721093297	-1673.64318429	
-5.57847117258	-1673.64327339	
-5.57972982599	-1673.64336237	
-5.58098689718	-1673.64345121	
-5.58224239012	-1673.64353993	
-5.58349630878	-1673.64362853	
-5.5847486571	-1673.643717	
-5.585999439	-1673.64380534	
-5.5872486584	-1673.64389356	
-5.5884963192	-1673.64398165	
-5.58974242528	-1673.64406961	
-5.59098698051	-1673.64415745	
-5.59222998875	-1673.64424517	
-5.59347145384	-1673.64433276	
-5.5947113796	-1673.64442023	
-5.59594976985	-1673.64450757	
-5.59718662839	-1673.64459479	
-5.598421959	-1673.64468188	
-5.59965576545	-1673.64476885	
-5.60088805149	-1673.6448557	
-5.60211882088	-1673.64494242	
-5.60334807733	-1673.64502902	
-5.60457582457	-1673.6451155	
-5.6058020663	-1673.64520185	
-5.60702680619	-1673.64528808	
-5.60825004793	-1673.64537419	
-5.60947179518	-1673.64546018	
-5.61069205159	-1673.64554605	
-5.61191082078	-1673.64563179	
-5.61312810639	-1673.64571741	
-5.61434391201	-1673.64580291	
-5.61555824124	-1673.64588829	
-5.61677109767	-1673.64597355	
-5.61798248485	-1673.64605869	
-5.61919240636	-1673.64614371	
-5.62040086572	-1673.6462286	
-5.62160786647	-1673.64631338	
-5.62281341212	-1673.64639804	
-5.62401750619	-1673.64648258	
-5.62522015215	-1673.64656699	
-5.6264213535	-1673.64665129	
-5.62762111369	-1673.64673547	
-5.62881943618	-1673.64681953	
-5.63001632442	-1673.64690348	
-5.63121178182	-1673.6469873	
-5.63240581181	-1673.647071	
-5.6335984178	-1673.64715459	
-5.63478960317	-1673.64723806	
-5.6359793713	-1673.64732141	
-5.63716772557	-1673.64740465	
-5.63835466933	-1673.64748776	
-5.63954020593	-1673.64757076	
-5.64072433869	-1673.64765364	
-5.64190707094	-1673.64773641	
-5.64308840598	-1673.64781906	
-5.64426834712	-1673.64790159	
-5.64544689764	-1673.64798401	
-5.64662406082	-1673.64806631	
-5.64779983991	-1673.6481485	
-5.64897423816	-1673.64823057	
-5.65014725882	-1673.64831252	
-5.65131890512	-1673.64839436	
-5.65248918027	-1673.64847608	
-5.65365808747	-1673.64855769	
-5.65482562993	-1673.64863919	
-5.65599181082	-1673.64872057	
-5.65715663332	-1673.64880184	
-5.65832010058	-1673.64888299	
-5.65948221576	-1673.64896403	
-5.660642982	-1673.64904495	
-5.66180240242	-1673.64912577	
-5.66296048014	-1673.64920647	
-5.66411721826	-1673.64928705	
-5.66527261989	-1673.64936753	
-5.66642668811	-1673.64944789	
-5.66757942599	-1673.64952813	
-5.6687308366	-1673.64960827	
-5.66988092298	-1673.64968829	
-5.67102968818	-1673.64976821	
-5.67217713524	-1673.64984801	
-5.67332326717	-1673.6499277	
-5.67446808699	-1673.65000727	
-5.67561159769	-1673.65008674	
-5.67675380227	-1673.6501661	
-5.6778947037	-1673.65024534	
-5.67903430497	-1673.65032448	
-5.68017260902	-1673.6504035	
-5.6813096188	-1673.65048242	
-5.68244533727	-1673.65056122	
-5.68357976734	-1673.65063992	
-5.68471291194	-1673.6507185	
-5.68584477397	-1673.65079698	
-5.68697535634	-1673.65087535	
-5.68810466194	-1673.65095361	
-5.68923269364	-1673.65103176	
-5.69035945432	-1673.6511098	
-5.69148494685	-1673.65118773	
-5.69260917406	-1673.65126556	
-5.6937321388	-1673.65134327	
-5.69485384391	-1673.65142088	
-5.69597429221	-1673.65149838	
-5.69709348651	-1673.65157578	
-5.69821142961	-1673.65165306	
-5.69932812431	-1673.65173024	
-5.70044357339	-1673.65180732	
-5.70155777963	-1673.65188428	
-5.7026707458	-1673.65196114	
-5.70378247466	-1673.6520379	
-5.70489296894	-1673.65211454	
-5.70600223139	-1673.65219109	
-5.70711026475	-1673.65226752	
-5.70821707172	-1673.65234385	
-5.70932265503	-1673.65242008	
-5.71042701737	-1673.6524962	
-5.71153016145	-1673.65257221	
-5.71263208993	-1673.65264812	
-5.71373280551	-1673.65272393	
-5.71483231084	-1673.65279963	
-5.71593060859	-1673.65287523	
-5.71702770141	-1673.65295072	
-5.71812359193	-1673.65302611	
-5.71921828279	-1673.65310139	
-5.72031177661	-1673.65317657	
-5.72140407601	-1673.65325165	
-5.72249518359	-1673.65332663	
-5.72358510195	-1673.6534015	
-5.72467383369	-1673.65347627	
-5.72576138137	-1673.65355094	
-5.72684774759	-1673.6536255	
-5.72793293489	-1673.65369997	
-5.72901694583	-1673.65377433	
-5.73009978297	-1673.65384858	
-5.73118144884	-1673.65392274	
-5.73226194598	-1673.6539968	
-5.7333412769	-1673.65407075	
-5.73441944412	-1673.6541446	
-5.73549645015	-1673.65421836	
-5.73657229748	-1673.65429201	
-5.73764698861	-1673.65436556	
-5.73872052602	-1673.65443901	
-5.73979291218	-1673.65451236	
-5.74086414956	-1673.65458561	
-5.74193424062	-1673.65465876	
-5.74300318781	-1673.65473181	
-5.74407099357	-1673.65480476	
-5.74513766034	-1673.65487761	
-5.74620319054	-1673.65495036	
-5.7472675866	-1673.65502302	
-5.74833085092	-1673.65509557	
-5.74939298591	-1673.65516803	
-5.75045399397	-1673.65524039	
-5.75151387748	-1673.65531264	
-5.75257263883	-1673.65538481	
-5.75363028038	-1673.65545687	
-5.75468680452	-1673.65552883	
-5.75574221359	-1673.6556007	
-5.75679650994	-1673.65567247	
-5.75784969593	-1673.65574414	
-5.75890177388	-1673.65581572	
-5.75995274612	-1673.6558872	
-5.76100261499	-1673.65595858	
-5.76205138278	-1673.65602987	
-5.76309905181	-1673.65610106	
-5.76414562438	-1673.65617215	
-5.76519110278	-1673.65624315	
-5.7662354893	-1673.65631405	
-5.76727878622	-1673.65638485	
-5.76832099579	-1673.65645556	
-5.7693621203	-1673.65652618	
-5.770402162	-1673.6565967	
-5.77144112313	-1673.65666712	
-5.77247900594	-1673.65673745	
-5.77351581267	-1673.65680769	
-5.77455154554	-1673.65687783	
-5.77558620679	-1673.65694787	
-5.77661979861	-1673.65701782	
-5.77765232322	-1673.65708768	
-5.77868378283	-1673.65715745	
-5.77971417962	-1673.65722712	
-5.78074351579	-1673.65729669	
-5.78177179352	-1673.65736618	
-5.78279901497	-1673.65743557	
-5.78382518233	-1673.65750486	
-5.78485029774	-1673.65757407	
-5.78587436337	-1673.65764318	
-5.78689738137	-1673.6577122	
-5.78791935386	-1673.65778113	
-5.788940283	-1673.65784996	
-5.7899601709	-1673.6579187	
-5.79097901969	-1673.65798735	
-5.79199683148	-1673.65805591	
-5.79301360838	-1673.65812438	
-5.7940293525	-1673.65819276	
-5.79504406593	-1673.65826104	
-5.79605775077	-1673.65832924	
-5.79707040908	-1673.65839734	
-5.79808204295	-1673.65846535	
-5.79909265446	-1673.65853327	
-5.80010224566	-1673.6586011	
-5.80111081862	-1673.65866885	
-5.80211837538	-1673.6587365	
-5.80312491799	-1673.65880406	
-5.80413044849	-1673.65887153	
-5.80513496892	-1673.65893891	
-5.80613848129	-1673.6590062	
-5.80714098764	-1673.65907341	
-5.80814248998	-1673.65914052	
-5.80914299031	-1673.65920755	
