# log_p 	 lnL 	 
0.0	-1656.60826534	
-0.287682072452	-1655.8956348	
-0.510825623766	-1655.29681628	
-0.69314718056	-1654.79024879	
-0.847297860387	-1654.3502714	
-0.980829253012	-1653.95713713	
-1.09861228867	-1653.59786871	
-1.20397280433	-1653.26450081	
-1.29928298413	-1652.95227186	
-1.38629436112	-1652.6583224	
-1.46633706879	-1652.38086916	
-1.54044504095	-1652.11871377	
-1.60943791243	-1651.8709626	
-1.67397643357	-1651.63687313	
-1.73460105539	-1651.41577344	
-1.79175946923	-1651.20702305	
-1.8458266905	-1651.00999621	
-1.89711998489	-1650.82407698	
-1.94591014906	-1650.64865992	
-1.99243016469	-1650.48315321	
-2.03688192726	-1650.32698226	
-2.07944154168	-1650.17959302	
-2.1202635362	-1650.04045462	
-2.15948424935	-1649.90906127	
-2.19722457734	-1649.78493338	
-2.23359222151	-1649.66761801	
-2.26868354132	-1649.5566889	
-2.30258509299	-1649.45174591	
-2.33537491582	-1649.35241435	
-2.36712361413	-1649.2583439	
-2.3978952728	-1649.16920755	
-2.42774823595	-1649.0847003	
-2.45673577282	-1649.00453796	
-2.48490664979	-1648.92845581	
-2.51230562398	-1648.85620739	
-2.53897387106	-1648.78756321	
-2.56494935746	-1648.72230963	
-2.59026716545	-1648.66024773	
-2.61495977804	-1648.60119219	
-2.63905732962	-1648.5449704	
-2.66258782703	-1648.4914214	
-2.68557734525	-1648.44039513	
-2.7080502011	-1648.39175155	
-2.73002910782	-1648.3453599	
-2.75153531304	-1648.30109804	
-2.77258872224	-1648.25885179	
-2.79320800944	-1648.21851431	
-2.81341071676	-1648.17998562	
-2.83321334406	-1648.14317206	
-2.85263142991	-1648.1079858	
-2.87167962488	-1648.07434449	
-2.8903717579	-1648.04217081	
-2.90872089656	-1648.0113921	
-2.92673940207	-1647.98194009	
-2.94443897917	-1647.95375053	
-2.96183072188	-1647.92676296	
-2.97892515524	-1647.9009204	
-2.99573227355	-1647.87616915	
-3.01226157551	-1647.85245856	
-3.02852209638	-1647.8297408	
-3.04452243772	-1647.80797072	
-3.06027079469	-1647.78710563	
-3.07577498123	-1647.76710516	
-3.09104245336	-1647.74793111	
-3.10608033072	-1647.72954731	
-3.12089541651	-1647.71191949	
-3.13549421593	-1647.69501517	
-3.14988295338	-1647.67880353	
-3.16406758837	-1647.66325533	
-3.17805383035	-1647.64834282	
-3.19184715248	-1647.6340396	
-3.20545280454	-1647.62032061	
-3.21887582487	-1647.607162	
-3.23212105162	-1647.5945411	
-3.24519313319	-1647.58243629	
-3.25809653802	-1647.57082702	
-3.2708355638	-1647.55969369	
-3.28341434601	-1647.54901762	
-3.295836866	-1647.538781	
-3.3081069586	-1647.52896683	
-3.32022831913	-1647.51955889	
-3.33220451018	-1647.51054168	
-3.34403896782	-1647.50190042	
-3.35573500759	-1647.49362096	
-3.36729582999	-1647.48568979	
-3.37872452581	-1647.47809398	
-3.39002408106	-1647.47082117	
-3.40119738166	-1647.46385951	
-3.41224721785	-1647.45719768	
-3.42317628838	-1647.45082482	
-3.43398720449	-1647.44473054	
-3.4446824936	-1647.43890488	
-3.45526460293	-1647.43333828	
-3.4657359028	-1647.42802158	
-3.47609868984	-1647.422946	
-3.48635519	-1647.41810311	
-3.49650756147	-1647.41348482	
-3.50655789732	-1647.40908335	
-3.51650822817	-1647.40489125	
-3.52636052462	-1647.40090135	
-3.53611669956	-1647.39710675	
-3.54577861047	-1647.39350085	
-3.55534806149	-1647.39007727	
-3.56482680544	-1647.38682989	
-3.57421654579	-1647.38375283	
-3.58351893846	-1647.38084042	
-3.59273559356	-1647.37808721	
-3.60186807712	-1647.37548795	
-3.61091791264	-1647.37303759	
-3.61988658263	-1647.37073125	
-3.62877553004	-1647.36856426	
-3.63758615973	-1647.3665321	
-3.6463198397	-1647.36463041	
-3.65497790244	-1647.36285499	
-3.66356164613	-1647.36120181	
-3.6720723358	-1647.35966696	
-3.68051120444	-1647.35824667	
-3.68887945411	-1647.35693732	
-3.69717825693	-1647.35573541	
-3.70540875607	-1647.35463756	
-3.7135720667	-1647.3536405	
-3.72166927694	-1647.35274108	
-3.72970144863	-1647.35193626	
-3.73766961828	-1647.35122311	
-3.74557479779	-1647.35059879	
-3.75341797525	-1647.35006055	
-3.76120011569	-1647.34960575	
-3.76892216179	-1647.34923183	
-3.77658503453	-1647.34893631	
-3.78418963392	-1647.3487168	
-3.79173683955	-1647.348571	
-3.79922751128	-1647.34849665	
-3.80666248977	-1647.3484916	
-3.81404259707	-1647.34855376	
-3.82136863716	-1647.3486811	
-3.82864139649	-1647.34887166	
-3.83586164446	-1647.34912355	
-3.84303013394	-1647.34943493	
-3.85014760171	-1647.34980403	
-3.85721476893	-1647.35022912	
-3.86423234159	-1647.35070854	
-3.87120101091	-1647.35124068	
-3.87812145375	-1647.35182397	
-3.88499433304	-1647.35245691	
-3.89182029811	-1647.35313802	
-3.8985999851	-1647.35386589	
-3.90533401728	-1647.35463915	
-3.91202300543	-1647.35545645	
-3.91866754815	-1647.35631651	
-3.92526823218	-1647.35721807	
-3.93182563272	-1647.35815991	
-3.93834031375	-1647.35914087	
-3.94481282825	-1647.3601598	
-3.95124371858	-1647.36121559	
-3.95763351668	-1647.36230716	
-3.96398274436	-1647.36343348	
-3.97029191355	-1647.36459354	
-3.97656152657	-1647.36578635	
-3.98279207632	-1647.36701096	
-3.98898404656	-1647.36826645	
-3.99513791214	-1647.36955193	
-4.00125413916	-1647.37086653	
-4.00733318523	-1647.37220939	
-4.01337549969	-1647.37357971	
-4.01938152375	-1647.37497669	
-4.02535169074	-1647.37639956	
-4.03128642625	-1647.37784756	
-4.03718614838	-1647.37931996	
-4.04305126783	-1647.38081608	
-4.04888218815	-1647.3823352	
-4.05467930583	-1647.38387668	
-4.06044301055	-1647.38543985	
-4.06617368526	-1647.3870241	
-4.07187170637	-1647.38862881	
-4.07753744391	-1647.39025339	
-4.08317126162	-1647.39189726	
-4.08877351717	-1647.39355986	
-4.09434456222	-1647.39524064	
-4.0998847426	-1647.39693908	
-4.10539439841	-1647.39865467	
-4.11087386417	-1647.40038689	
-4.11632346894	-1647.40213527	
-4.12174353641	-1647.40389933	
-4.12713438505	-1647.40567861	
-4.13249632819	-1647.40747267	
-4.13782967416	-1647.40928107	
-4.14313472639	-1647.4111034	
-4.14841178349	-1647.41293923	
-4.15366113938	-1647.41478817	
-4.15888308336	-1647.41664983	
-4.16407790024	-1647.41852384	
-4.1692458704	-1647.42040982	
-4.1743872699	-1647.42230742	
-4.17950237056	-1647.4242163	
-4.18459144007	-1647.42613611	
-4.18965474203	-1647.42806652	
-4.19469253606	-1647.43000721	
-4.19970507788	-1647.43195788	
-4.20469261939	-1647.43391822	
-4.20965540873	-1647.43588794	
-4.21459369037	-1647.43786674	
-4.21950770518	-1647.43985436	
-4.22439769047	-1647.44185051	
-4.22926388012	-1647.44385493	
-4.2341065046	-1647.44586737	
-4.23892579103	-1647.44788758	
-4.2437219633	-1647.44991531	
-4.24849524205	-1647.45195032	
-4.25324584481	-1647.45399238	
-4.257973986	-1647.45604128	
-4.26267987704	-1647.45809678	
-4.26736372635	-1647.46015868	
-4.27202573946	-1647.46222677	
-4.27666611902	-1647.46430084	
-4.28128506487	-1647.46638071	
-4.28588277412	-1647.46846617	
-4.29045944115	-1647.47055705	
-4.29501525768	-1647.47265316	
-4.29955041285	-1647.47475432	
-4.3040650932	-1647.47686036	
-4.30855948279	-1647.47897112	
-4.31303376319	-1647.48108643	
-4.31748811354	-1647.48320612	
-4.3219227106	-1647.48533006	
-4.32633772881	-1647.48745808	
-4.33073334029	-1647.48959004	
-4.33510971489	-1647.49172579	
-4.33946702026	-1647.4938652	
-4.34380542185	-1647.49600813	
-4.348125083	-1647.49815444	
-4.3524261649	-1647.50030402	
-4.35670882669	-1647.50245672	
-4.36097322548	-1647.50461244	
-4.36521951636	-1647.50677105	
-4.36944785247	-1647.50893243	
-4.373658385	-1647.51109648	
-4.37785126326	-1647.51326307	
-4.38202663467	-1647.51543211	
-4.38618464482	-1647.51760349	
-4.39032543749	-1647.51977711	
-4.39444915467	-1647.52195287	
-4.39855593663	-1647.52413066	
-4.40264592188	-1647.52631041	
-4.40671924726	-1647.52849201	
-4.41077604796	-1647.53067537	
-4.4148164575	-1647.53286041	
-4.4188406078	-1647.53504704	
-4.42284862919	-1647.53723519	
-4.42684065046	-1647.53942476	
-4.43081679884	-1647.54161568	
-4.43477720006	-1647.54380788	
-4.43872197835	-1647.54600127	
-4.44265125649	-1647.54819579	
-4.44656515581	-1647.55039137	
-4.45046379623	-1647.55258793	
-4.45434729625	-1647.5547854	
-4.45821577303	-1647.55698373	
-4.46206934235	-1647.55918285	
-4.46590811865	-1647.56138269	
-4.46973221509	-1647.5635832	
-4.47354174351	-1647.56578431	
-4.47733681448	-1647.56798597	
-4.48111753732	-1647.57018812	
-4.48488402011	-1647.57239071	
-4.48863636973	-1647.57459367	
-4.49237469184	-1647.57679697	
-4.49609909093	-1647.57900055	
-4.49980967033	-1647.58120435	
-4.50350653221	-1647.58340834	
-4.50718977763	-1647.58561246	
-4.51085950652	-1647.58781666	
-4.51451581772	-1647.59002092	
-4.518158809	-1647.59222517	
-4.52178857705	-1647.59442937	
-4.52540521752	-1647.59663349	
-4.52900882502	-1647.59883749	
-4.53259949315	-1647.60104132	
-4.5361773145	-1647.60324495	
-4.53974238067	-1647.60544834	
-4.54329478227	-1647.60765145	
-4.54683460898	-1647.60985425	
-4.55036194949	-1647.6120567	
-4.5538768916	-1647.61425877	
-4.55737952215	-1647.61646043	
-4.56086992709	-1647.61866164	
-4.56434819147	-1647.62086237	
-4.56781439944	-1647.62306259	
-4.57126863431	-1647.62526228	
-4.5747109785	-1647.6274614	
-4.5781415136	-1647.62965993	
-4.58156032035	-1647.63185783	
-4.58496747867	-1647.63405508	
-4.58836306767	-1647.63625166	
-4.59174716566	-1647.63844754	
-4.59511985013	-1647.64064269	
-4.59848119784	-1647.64283709	
-4.60183128472	-1647.64503072	
-4.60517018599	-1647.64722356	
-4.60849797608	-1647.64941557	
-4.61181472871	-1647.65160674	
-4.61512051684	-1647.65379706	
-4.61841541274	-1647.65598649	
-4.62169948794	-1647.65817501	
-4.62497281328	-1647.66036262	
-4.62823545892	-1647.66254928	
-4.63148749431	-1647.66473499	
-4.63472898823	-1647.66691971	
-4.63796000881	-1647.66910344	
-4.64118062351	-1647.67128616	
-4.64439089914	-1647.67346785	
-4.64759090187	-1647.67564849	
-4.65078069724	-1647.67782807	
-4.65396035016	-1647.68000657	
-4.65712992492	-1647.68218398	
-4.66028948521	-1647.68436028	
-4.66343909411	-1647.68653547	
-4.66657881412	-1647.68870951	
-4.66970870713	-1647.69088241	
-4.67282883446	-1647.69305414	
-4.67593925688	-1647.6952247	
-4.67904003455	-1647.69739407	
-4.68213122712	-1647.69956225	
-4.68521289366	-1647.70172921	
-4.6882850927	-1647.70389494	
-4.69134788223	-1647.70605945	
-4.69440131972	-1647.70822271	
-4.6974454621	-1647.71038471	
-4.70048036579	-1647.71254544	
-4.70350608671	-1647.7147049	
-4.70652268025	-1647.71686308	
-4.70953020131	-1647.71901996	
-4.71252870431	-1647.72117553	
-4.71551824316	-1647.72332979	
-4.7184988713	-1647.72548273	
-4.72147064168	-1647.72763434	
-4.72443360681	-1647.72978461	
-4.72738781871	-1647.73193353	
-4.73033332894	-1647.7340811	
-4.73327018862	-1647.7362273	
-4.73619844839	-1647.73837214	
-4.7391181585	-1647.74051559	
-4.74202936871	-1647.74265767	
-4.74493212836	-1647.74479835	
-4.74782648639	-1647.74693764	
-4.75071249128	-1647.74907552	
-4.75359019111	-1647.75121199	
-4.75645963353	-1647.75334705	
-4.75932086582	-1647.75548069	
-4.7621739348	-1647.7576129	
-4.76501888693	-1647.75974367	
-4.76785576827	-1647.76187301	
-4.77068462447	-1647.76400091	
-4.77350550081	-1647.76612736	
-4.77631844218	-1647.76825235	
-4.77912349311	-1647.77037589	
-4.78192069773	-1647.77249797	
-4.78471009982	-1647.77461858	
-4.78749174278	-1647.77673772	
-4.79026566966	-1647.77885539	
-4.79303192316	-1647.78097158	
-4.7957905456	-1647.78308628	
-4.79854157897	-1647.7851995	
-4.80128506491	-1647.78731123	
-4.80402104473	-1647.78942147	
-4.80674955939	-1647.79153021	
-4.8094706495	-1647.79363745	
-4.81218435537	-1647.79574319	
-4.81489071697	-1647.79784742	
-4.81758977394	-1647.79995015	
-4.82028156561	-1647.80205136	
-4.82296613098	-1647.80415106	
-4.82564350875	-1647.80624925	
-4.8283137373	-1647.80834591	
-4.83097685472	-1647.81044106	
-4.83363289878	-1647.81253467	
-4.83628190695	-1647.81462677	
-4.83892391641	-1647.81671734	
-4.84155896405	-1647.81880637	
-4.84418708646	-1647.82089388	
-4.84680831994	-1647.82297985	
-4.84942270051	-1647.82506428	
-4.85203026392	-1647.82714718	
-4.85463104562	-1647.82922854	
-4.8572250808	-1647.83130836	
-4.85981240436	-1647.83338664	
-4.86239305096	-1647.83546337	
-4.86496705495	-1647.83753856	
-4.86753445046	-1647.83961221	
-4.87009527132	-1647.84168431	
-4.87264955112	-1647.84375485	
-4.8751973232	-1647.84582386	
-4.87773862063	-1647.84789131	
-4.88027347623	-1647.84995721	
-4.88280192259	-1647.85202155	
-4.88532399202	-1647.85408435	
-4.88783971662	-1647.85614559	
-4.89034912822	-1647.85820528	
-4.89285225844	-1647.86026342	
-4.89534913864	-1647.86231999	
-4.89783979995	-1647.86437502	
-4.90032427328	-1647.86642848	
-4.90280258929	-1647.86848039	
-4.90527477844	-1647.87053075	
-4.90774087093	-1647.87257954	
-4.91020089677	-1647.87462678	
-4.91265488574	-1647.87667246	
-4.91510286737	-1647.87871658	
-4.91754487103	-1647.88075914	
-4.91998092583	-1647.88280015	
-4.92241106068	-1647.8848396	
-4.92483530429	-1647.88687748	
-4.92725368516	-1647.88891381	
-4.92966623156	-1647.89094858	
-4.93207297159	-1647.8929818	
-4.93447393313	-1647.89501345	
-4.93686914386	-1647.89704355	
-4.93925863125	-1647.89907209	
-4.94164242261	-1647.90109907	
-4.94402054501	-1647.90312449	
-4.94639302537	-1647.90514836	
-4.94875989038	-1647.90717067	
-4.95112116656	-1647.90919142	
-4.95347688026	-1647.91121062	
-4.9558270576	-1647.91322826	
-4.95817172456	-1647.91524434	
-4.96051090691	-1647.91725888	
-4.96284463026	-1647.91927185	
-4.96517292002	-1647.92128327	
-4.96749580144	-1647.92329314	
-4.96981329958	-1647.92530146	
-4.97212543933	-1647.92730823	
-4.97443224543	-1647.92931344	
-4.97673374242	-1647.9313171	
-4.97902995468	-1647.93331922	
-4.98132090643	-1647.93531978	
-4.98360662171	-1647.93731879	
-4.98588712441	-1647.93931626	
-4.98816243824	-1647.94131218	
-4.99043258678	-1647.94330655	
-4.99269759341	-1647.94529938	
-4.99495748138	-1647.94729066	
-4.99721227376	-1647.9492804	
-4.9994619935	-1647.95126859	
-5.00170666335	-1647.95325525	
-5.00394630595	-1647.95524036	
-5.00618094375	-1647.95722393	
-5.00841059907	-1647.95920596	
-5.0106352941	-1647.96118645	
-5.01285505083	-1647.96316541	
-5.01506989116	-1647.96514283	
-5.01727983681	-1647.96711871	
-5.01948490937	-1647.96909306	
-5.02168513028	-1647.97106587	
-5.02388052085	-1647.97303715	
-5.02607110223	-1647.9750069	
-5.02825689545	-1647.97697512	
-5.03043792139	-1647.97894181	
-5.03261420082	-1647.98090697	
-5.03478575433	-1647.98287061	
-5.03695260241	-1647.98483272	
-5.03911476542	-1647.9867933	
-5.04127226356	-1647.98875236	
-5.04342511692	-1647.9907099	
-5.04557334546	-1647.99266591	
-5.047716969	-1647.9946204	
-5.04985600725	-1647.99657338	
-5.05199047978	-1647.99852484	
-5.05412040604	-1648.00047478	
-5.05624580535	-1648.0024232	
-5.05836669692	-1648.00437011	
-5.06048309982	-1648.00631551	
-5.06259503303	-1648.00825939	
-5.06470251537	-1648.01020177	
-5.06680556556	-1648.01214263	
-5.06890420222	-1648.01408199	
-5.07099844382	-1648.01601983	
-5.07308830874	-1648.01795618	
-5.07517381523	-1648.01989102	
-5.07725498144	-1648.02182435	
-5.07933182538	-1648.02375619	
-5.08140436498	-1648.02568652	
-5.08347261805	-1648.02761536	
-5.08553660227	-1648.02954269	
-5.08759633523	-1648.03146853	
-5.08965183441	-1648.03339288	
-5.09170311719	-1648.03531573	
-5.09375020081	-1648.03723709	
-5.09579310244	-1648.03915696	
-5.09783183913	-1648.04107533	
-5.09986642782	-1648.04299222	
-5.10189688537	-1648.04490763	
-5.10392322852	-1648.04682154	
-5.1059454739	-1648.04873397	
-5.10796363806	-1648.05064492	
-5.10997773743	-1648.05255439	
-5.11198778836	-1648.05446238	
-5.11399380708	-1648.05636889	
-5.11599580975	-1648.05827392	
-5.11799381242	-1648.06017748	
-5.11998783102	-1648.06207956	
-5.12197788143	-1648.06398017	
-5.1239639794	-1648.0658793	
-5.12594614061	-1648.06777697	
-5.12792438062	-1648.06967317	
-5.12989871492	-1648.0715679	
-5.13186915891	-1648.07346117	
-5.13383572788	-1648.07535297	
-5.13579843705	-1648.0772433	
-5.13775730154	-1648.07913218	
-5.13971233637	-1648.08101959	
-5.1416635565	-1648.08290555	
-5.14361097679	-1648.08479005	
-5.145554612	-1648.0866731	
-5.14749447681	-1648.08855469	
-5.14943058584	-1648.09043482	
-5.15136295359	-1648.09231351	
-5.1532915945	-1648.09419074	
-5.15521652291	-1648.09606653	
-5.15713775309	-1648.09794087	
-5.15905529921	-1648.09981377	
-5.1609691754	-1648.10168522	
-5.16287939565	-1648.10355523	
-5.16478597392	-1648.1054238	
-5.16668892407	-1648.10729092	
-5.16858825987	-1648.10915661	
-5.17048399504	-1648.11102087	
-5.17237614319	-1648.11288369	
-5.17426471788	-1648.11474507	
-5.17614973257	-1648.11660502	
-5.17803120067	-1648.11846355	
-5.1799091355	-1648.12032064	
-5.18178355029	-1648.12217631	
-5.18365445823	-1648.12403055	
-5.1855218724	-1648.12588336	
-5.18738580584	-1648.12773475	
-5.18924627149	-1648.12958473	
-5.19110328224	-1648.13143328	
-5.19295685089	-1648.13328041	
-5.19480699018	-1648.13512612	
-5.19665371277	-1648.13697042	
-5.19849703127	-1648.13881331	
-5.20033695819	-1648.14065478	
-5.202173506	-1648.14249484	
-5.20400668708	-1648.1443335	
-5.20583651375	-1648.14617074	
-5.20766299828	-1648.14800658	
-5.20948615284	-1648.14984101	
-5.21130598956	-1648.15167404	
-5.21312252048	-1648.15350567	
-5.21493575761	-1648.1553359	
-5.21674571285	-1648.15716473	
-5.21855239808	-1648.15899216	
-5.22035582508	-1648.16081819	
-5.22215600558	-1648.16264283	
-5.22395295126	-1648.16446608	
-5.22574667371	-1648.16628794	
-5.22753718449	-1648.16810841	
-5.22932449506	-1648.16992749	
-5.23110861685	-1648.17174518	
-5.23288956123	-1648.17356148	
-5.23466733947	-1648.17537641	
-5.23644196283	-1648.17718995	
-5.23821344248	-1648.17900211	
-5.23998178954	-1648.18081289	
-5.24174701506	-1648.18262229	
-5.24350913005	-1648.18443032	
-5.24526814546	-1648.18623697	
-5.24702407216	-1648.18804225	
-5.24877692099	-1648.18984616	
-5.25052670271	-1648.1916487	
-5.25227342805	-1648.19344987	
-5.25401710765	-1648.19524967	
-5.25575775213	-1648.19704811	
-5.25749537203	-1648.19884518	
-5.25922997784	-1648.20064089	
-5.26096158	-1648.20243524	
-5.2626901889	-1648.20422823	
-5.26441581487	-1648.20601986	
-5.26613846818	-1648.20781014	
-5.26785815906	-1648.20959906	
-5.26957489768	-1648.21138663	
-5.27128869416	-1648.21317284	
-5.27299955856	-1648.21495771	
-5.27470750091	-1648.21674122	
-5.27641253116	-1648.21852339	
-5.27811465923	-1648.22030421	
-5.27981389498	-1648.22208369	
-5.28151024823	-1648.22386183	
-5.28320372874	-1648.22563862	
-5.28489434622	-1648.22741408	
-5.28658211033	-1648.22918819	
-5.28826703069	-1648.23096097	
-5.28994911688	-1648.23273242	
-5.2916283784	-1648.23450253	
-5.29330482472	-1648.23627131	
-5.29497846528	-1648.23803875	
-5.29664930945	-1648.23980487	
-5.29831736655	-1648.24156966	
-5.29998264587	-1648.24333313	
-5.30164515664	-1648.24509526	
-5.30330490806	-1648.24685608	
-5.30496190927	-1648.24861557	
-5.30661616936	-1648.25037375	
-5.3082676974	-1648.2521306	
-5.30991650239	-1648.25388614	
-5.3115625933	-1648.25564036	
-5.31320597904	-1648.25739327	
-5.3148466685	-1648.25914486	
-5.3164846705	-1648.26089515	
-5.31811999384	-1648.26264412	
-5.31975264727	-1648.26439179	
-5.32138263948	-1648.26613814	
-5.32300997914	-1648.2678832	
-5.32463467487	-1648.26962695	
-5.32625673524	-1648.27136939	
-5.32787616879	-1648.27311054	
-5.32949298402	-1648.27485038	
-5.33110718937	-1648.27658893	
-5.33271879327	-1648.27832618	
-5.33432780407	-1648.28006214	
-5.33593423012	-1648.2817968	
-5.3375380797	-1648.28353018	
-5.33913936107	-1648.28526226	
-5.34073808243	-1648.28699305	
-5.34233425196	-1648.28872255	
-5.3439278778	-1648.29045077	
-5.34551896803	-1648.2921777	
-5.34710753072	-1648.29390335	
-5.34869357387	-1648.29562772	
-5.35027710548	-1648.29735081	
-5.35185813348	-1648.29907262	
-5.35343666577	-1648.30079315	
-5.35501271022	-1648.30251241	
-5.35658627467	-1648.30423039	
-5.3581573669	-1648.3059471	
-5.35972599468	-1648.30766253	
-5.36129216571	-1648.3093767	
-5.36285588769	-1648.3110896	
-5.36441716825	-1648.31280123	
-5.36597601502	-1648.3145116	
-5.36753243557	-1648.3162207	
-5.36908643744	-1648.31792854	
-5.37063802813	-1648.31963511	
-5.37218721511	-1648.32134043	
-5.37373400583	-1648.32304449	
-5.37527840768	-1648.32474729	
-5.37682042804	-1648.32644884	
-5.37836007422	-1648.32814914	
-5.37989735354	-1648.32984818	
-5.38143227326	-1648.33154596	
-5.38296484061	-1648.3332425	
-5.38449506279	-1648.3349378	
-5.38602294697	-1648.33663184	
-5.38754850028	-1648.33832464	
-5.38907172982	-1648.34001619	
-5.39059264266	-1648.34170651	
-5.39211124583	-1648.34339558	
-5.39362754635	-1648.34508341	
-5.39514155118	-1648.34677001	
-5.39665326727	-1648.34845536	
-5.39816270152	-1648.35013948	
-5.39966986081	-1648.35182237	
-5.40117475199	-1648.35350403	
-5.40267738187	-1648.35518445	
-5.40417775725	-1648.35686365	
-5.40567588487	-1648.35854161	
-5.40717177146	-1648.36021835	
-5.40866542372	-1648.36189387	
-5.4101568483	-1648.36356816	
-5.41164605186	-1648.36524122	
-5.41313304098	-1648.36691307	
-5.41461782224	-1648.3685837	
-5.4161004022	-1648.37025311	
-5.41758078737	-1648.3719213	
-5.41905898424	-1648.37358827	
-5.42053499927	-1648.37525404	
-5.42200883889	-1648.37691859	
-5.4234805095	-1648.37858192	
-5.42495001748	-1648.38024405	
-5.42641736918	-1648.38190497	
-5.4278825709	-1648.38356468	
-5.42934562895	-1648.38522319	
-5.43080654959	-1648.3868805	
-5.43226533906	-1648.3885366	
-5.43372200355	-1648.39019149	
-5.43517654927	-1648.39184519	
-5.43662898235	-1648.39349769	
-5.43807930892	-1648.39514899	
-5.4395275351	-1648.3967991	
-5.44097366695	-1648.39844801	
-5.44241771052	-1648.40009573	
-5.44385967184	-1648.40174226	
-5.4452995569	-1648.4033876	
-5.44673737167	-1648.40503175	
-5.44817312209	-1648.40667471	
-5.44960681409	-1648.40831648	
-5.45103845357	-1648.40995707	
-5.45246804638	-1648.41159648	
-5.45389559837	-1648.4132347	
-5.45532111536	-1648.41487174	
-5.45674460314	-1648.41650761	
-5.45816606749	-1648.41814229	
-5.45958551414	-1648.4197758	
-5.46100294883	-1648.42140814	
-5.46241837723	-1648.4230393	
-5.46383180503	-1648.42466928	
-5.46524323786	-1648.4262981	
-5.46665268137	-1648.42792575	
-5.46806014114	-1648.42955223	
-5.46946562274	-1648.43117754	
-5.47086913175	-1648.43280168	
-5.47227067367	-1648.43442466	
-5.47367025403	-1648.43604648	
-5.47506787829	-1648.43766714	
-5.47646355193	-1648.43928664	
-5.47785728038	-1648.44090497	
-5.47924906905	-1648.44252215	
-5.48063892334	-1648.44413818	
-5.48202684862	-1648.44575305	
-5.48341285022	-1648.44736676	
-5.48479693349	-1648.44897932	
-5.48617910372	-1648.45059074	
-5.48755936619	-1648.452201	
-5.48893772616	-1648.45381011	
-5.49031418887	-1648.45541808	
-5.49168875953	-1648.4570249	
-5.49306144334	-1648.45863058	
-5.49443224547	-1648.46023512	
-5.49580117108	-1648.46183851	
-5.49716822529	-1648.46344076	
-5.49853341322	-1648.46504188	
-5.49989673995	-1648.46664185	
-5.50125821054	-1648.4682407	
-5.50261783006	-1648.4698384	
-5.50397560352	-1648.47143497	
-5.50533153593	-1648.47303041	
-5.50668563228	-1648.47462472	
-5.50803789753	-1648.4762179	
-5.50938833663	-1648.47780995	
-5.5107369545	-1648.47940088	
-5.51208375605	-1648.48099068	
-5.51342874616	-1648.48257935	
-5.51477192971	-1648.4841669	
-5.51611331154	-1648.48575333	
-5.51745289646	-1648.48733864	
-5.51879068931	-1648.48892283	
-5.52012669485	-1648.4905059	
-5.52146091786	-1648.49208786	
-5.5227933631	-1648.4936687	
-5.52412403528	-1648.49524842	
-5.52545293913	-1648.49682704	
-5.52678007934	-1648.49840454	
-5.52810546058	-1648.49998093	
-5.52942908751	-1648.50155622	
-5.53075096477	-1648.50313039	
-5.53207109697	-1648.50470346	
-5.53338948873	-1648.50627543	
-5.53470614461	-1648.50784629	
-5.53602106919	-1648.50941605	
-5.53733426702	-1648.5109847	
-5.53864574262	-1648.51255226	
-5.5399555005	-1648.51411872	
-5.54126354516	-1648.51568408	
-5.54256988107	-1648.51724835	
-5.5438745127	-1648.51881152	
-5.54517744448	-1648.5203736	
-5.54647868084	-1648.52193459	
-5.54777822618	-1648.52349448	
-5.5490760849	-1648.52505329	
-5.55037226136	-1648.52661101	
-5.55166675992	-1648.52816764	
-5.55295958492	-1648.52972318	
-5.55425074069	-1648.53127764	
-5.55554023152	-1648.53283102	
-5.5568280617	-1648.53438332	
-5.55811423551	-1648.53593453	
-5.5593987572	-1648.53748467	
-5.56068163102	-1648.53903372	
-5.56196286117	-1648.5405817	
-5.56324245188	-1648.54212861	
-5.56452040732	-1648.54367444	
-5.56579673168	-1648.54521919	
-5.56707142911	-1648.54676288	
-5.56834450376	-1648.54830549	
-5.56961595975	-1648.54984703	
-5.57088580119	-1648.55138751	
-5.57215403218	-1648.55292692	
-5.57342065679	-1648.55446526	
-5.5746856791	-1648.55600254	
-5.57594910315	-1648.55753876	
-5.57721093297	-1648.55907391	
-5.57847117258	-1648.560608	
-5.57972982599	-1648.56214104	
-5.58098689718	-1648.56367301	
-5.58224239012	-1648.56520393	
-5.58349630878	-1648.56673379	
-5.5847486571	-1648.5682626	
-5.585999439	-1648.56979035	
-5.5872486584	-1648.57131705	
-5.5884963192	-1648.5728427	
-5.58974242528	-1648.5743673	
-5.59098698051	-1648.57589085	
-5.59222998875	-1648.57741336	
-5.59347145384	-1648.57893482	
-5.5947113796	-1648.58045523	
-5.59594976985	-1648.5819746	
-5.59718662839	-1648.58349293	
-5.598421959	-1648.58501022	
-5.59965576545	-1648.58652646	
-5.60088805149	-1648.58804167	
-5.60211882088	-1648.58955584	
-5.60334807733	-1648.59106897	
-5.60457582457	-1648.59258107	
-5.6058020663	-1648.59409213	
-5.60702680619	-1648.59560216	
-5.60825004793	-1648.59711116	
-5.60947179518	-1648.59861913	
-5.61069205159	-1648.60012607	
-5.61191082078	-1648.60163198	
-5.61312810639	-1648.60313687	
-5.61434391201	-1648.60464073	
-5.61555824124	-1648.60614356	
-5.61677109767	-1648.60764537	
-5.61798248485	-1648.60914616	
-5.61919240636	-1648.61064593	
-5.62040086572	-1648.61214468	
-5.62160786647	-1648.61364241	
-5.62281341212	-1648.61513912	
-5.62401750619	-1648.61663482	
-5.62522015215	-1648.6181295	
-5.6264213535	-1648.61962316	
-5.62762111369	-1648.62111582	
-5.62881943618	-1648.62260746	
-5.63001632442	-1648.62409809	
-5.63121178182	-1648.62558772	
-5.63240581181	-1648.62707633	
-5.6335984178	-1648.62856394	
-5.63478960317	-1648.63005054	
-5.6359793713	-1648.63153614	
-5.63716772557	-1648.63302073	
-5.63835466933	-1648.63450433	
-5.63954020593	-1648.63598692	
-5.64072433869	-1648.63746851	
-5.64190707094	-1648.6389491	
-5.64308840598	-1648.6404287	
-5.64426834712	-1648.64190729	
-5.64544689764	-1648.6433849	
-5.64662406082	-1648.64486151	
-5.64779983991	-1648.64633712	
-5.64897423816	-1648.64781175	
-5.65014725882	-1648.64928538	
-5.65131890512	-1648.65075802	
-5.65248918027	-1648.65222968	
-5.65365808747	-1648.65370035	
-5.65482562993	-1648.65517003	
-5.65599181082	-1648.65663873	
-5.65715663332	-1648.65810644	
-5.65832010058	-1648.65957317	
-5.65948221576	-1648.66103892	
-5.660642982	-1648.66250369	
-5.66180240242	-1648.66396747	
-5.66296048014	-1648.66543029	
-5.66411721826	-1648.66689212	
-5.66527261989	-1648.66835298	
-5.66642668811	-1648.66981286	
-5.66757942599	-1648.67127177	
-5.6687308366	-1648.6727297	
-5.66988092298	-1648.67418667	
-5.67102968818	-1648.67564266	
-5.67217713524	-1648.67709769	
-5.67332326717	-1648.67855174	
-5.67446808699	-1648.68000483	
-5.67561159769	-1648.68145696	
-5.67675380227	-1648.68290812	
-5.6778947037	-1648.68435831	
-5.67903430497	-1648.68580754	
-5.68017260902	-1648.68725582	
-5.6813096188	-1648.68870313	
-5.68244533727	-1648.69014948	
-5.68357976734	-1648.69159487	
-5.68471291194	-1648.69303931	
-5.68584477397	-1648.69448279	
-5.68697535634	-1648.69592531	
-5.68810466194	-1648.69736689	
-5.68923269364	-1648.6988075	
-5.69035945432	-1648.70024717	
-5.69148494685	-1648.70168589	
-5.69260917406	-1648.70312366	
-5.6937321388	-1648.70456047	
-5.69485384391	-1648.70599635	
-5.69597429221	-1648.70743127	
-5.69709348651	-1648.70886525	
-5.69821142961	-1648.71029829	
-5.69932812431	-1648.71173038	
-5.70044357339	-1648.71316153	
-5.70155777963	-1648.71459174	
-5.7026707458	-1648.71602101	
-5.70378247466	-1648.71744935	
-5.70489296894	-1648.71887674	
-5.70600223139	-1648.7203032	
-5.70711026475	-1648.72172872	
-5.70821707172	-1648.72315331	
-5.70932265503	-1648.72457697	
-5.71042701737	-1648.72599969	
-5.71153016145	-1648.72742148	
-5.71263208993	-1648.72884234	
-5.71373280551	-1648.73026228	
-5.71483231084	-1648.73168128	
-5.71593060859	-1648.73309936	
-5.71702770141	-1648.73451651	
-5.71812359193	-1648.73593274	
-5.71921828279	-1648.73734804	
-5.72031177661	-1648.73876243	
-5.72140407601	-1648.74017589	
-5.72249518359	-1648.74158842	
-5.72358510195	-1648.74300004	
-5.72467383369	-1648.74441074	
-5.72576138137	-1648.74582053	
-5.72684774759	-1648.7472294	
-5.72793293489	-1648.74863735	
-5.72901694583	-1648.75004438	
-5.73009978297	-1648.75145051	
-5.73118144884	-1648.75285572	
-5.73226194598	-1648.75426002	
-5.7333412769	-1648.75566341	
-5.73441944412	-1648.75706589	
-5.73549645015	-1648.75846747	
-5.73657229748	-1648.75986813	
-5.73764698861	-1648.76126789	
-5.73872052602	-1648.76266675	
-5.73979291218	-1648.7640647	
-5.74086414956	-1648.76546175	
-5.74193424062	-1648.7668579	
-5.74300318781	-1648.76825314	
-5.74407099357	-1648.76964749	
-5.74513766034	-1648.77104094	
-5.74620319054	-1648.77243348	
-5.7472675866	-1648.77382514	
-5.74833085092	-1648.77521589	
-5.74939298591	-1648.77660576	
-5.75045399397	-1648.77799472	
-5.75151387748	-1648.7793828	
-5.75257263883	-1648.78076998	
-5.75363028038	-1648.78215628	
-5.75468680452	-1648.78354168	
-5.75574221359	-1648.78492619	
-5.75679650994	-1648.78630982	
-5.75784969593	-1648.78769256	
-5.75890177388	-1648.78907442	
-5.75995274612	-1648.79045539	
-5.76100261499	-1648.79183547	
-5.76205138278	-1648.79321468	
-5.76309905181	-1648.794593	
-5.76414562438	-1648.79597044	
-5.76519110278	-1648.797347	
-5.7662354893	-1648.79872268	
-5.76727878622	-1648.80009749	
-5.76832099579	-1648.80147142	
-5.7693621203	-1648.80284447	
-5.770402162	-1648.80421665	
-5.77144112313	-1648.80558795	
-5.77247900594	-1648.80695838	
-5.77351581267	-1648.80832794	
-5.77455154554	-1648.80969663	
-5.77558620679	-1648.81106445	
-5.77661979861	-1648.8124314	
-5.77765232322	-1648.81379748	
-5.77868378283	-1648.8151627	
-5.77971417962	-1648.81652704	
-5.78074351579	-1648.81789053	
-5.78177179352	-1648.81925315	
-5.78279901497	-1648.82061491	
-5.78382518233	-1648.8219758	
-5.78485029774	-1648.82333584	
-5.78587436337	-1648.82469501	
-5.78689738137	-1648.82605333	
-5.78791935386	-1648.82741078	
-5.788940283	-1648.82876738	
-5.7899601709	-1648.83012313	
-5.79097901969	-1648.83147801	
-5.79199683148	-1648.83283205	
-5.79301360838	-1648.83418523	
-5.7940293525	-1648.83553756	
-5.79504406593	-1648.83688903	
-5.79605775077	-1648.83823966	
-5.79707040908	-1648.83958944	
-5.79808204295	-1648.84093836	
-5.79909265446	-1648.84228644	
-5.80010224566	-1648.84363368	
-5.80111081862	-1648.84498007	
-5.80211837538	-1648.84632561	
-5.80312491799	-1648.84767031	
-5.80413044849	-1648.84901417	
-5.80513496892	-1648.85035718	
-5.80613848129	-1648.85169935	
-5.80714098764	-1648.85304069	
-5.80814248998	-1648.85438118	
-5.80914299031	-1648.85572084	
