# log_p 	 lnL 	 
0.0	-1737.12227637	
-0.287682072452	-1736.78155115	
-0.510825623766	-1736.37019927	
-0.69314718056	-1735.93680084	
-0.847297860387	-1735.506661	
-0.980829253012	-1735.09346197	
-1.09861228867	-1734.70289911	
-1.20397280433	-1734.33613559	
-1.29928298413	-1733.9921085	
-1.38629436112	-1733.66883509	
-1.46633706879	-1733.36409623	
-1.54044504095	-1733.07576863	
-1.60943791243	-1732.80196637	
-1.67397643357	-1732.54108244	
-1.73460105539	-1732.29178027	
-1.79175946923	-1732.05296317	
-1.8458266905	-1731.82373648	
-1.89711998489	-1731.60336996	
-1.94591014906	-1731.39126408	
-1.99243016469	-1731.18692144	
-2.03688192726	-1730.98992333	
-2.07944154168	-1730.79991117	
-2.1202635362	-1730.6165719	
-2.15948424935	-1730.43962691	
-2.19722457734	-1730.26882354	
-2.23359222151	-1730.10392886	
-2.26868354132	-1729.94472506	
-2.30258509299	-1729.79100608	
-2.33537491582	-1729.64257529	
-2.36712361413	-1729.49924382	
-2.3978952728	-1729.36082944	
-2.42774823595	-1729.22715582	
-2.45673577282	-1729.09805208	
-2.48490664979	-1728.97335242	
-2.51230562398	-1728.85289605	
-2.53897387106	-1728.73652703	
-2.56494935746	-1728.62409422	
-2.59026716545	-1728.5154513	
-2.61495977804	-1728.41045668	
-2.63905732962	-1728.30897356	
-2.66258782703	-1728.21086982	
-2.68557734525	-1728.11601804	
-2.7080502011	-1728.02429538	
-2.73002910782	-1727.93558357	
-2.75153531304	-1727.8497688	
-2.77258872224	-1727.76674161	
-2.79320800944	-1727.68639682	
-2.81341071676	-1727.6086334	
-2.83321334406	-1727.53335433	
-2.85263142991	-1727.46046652	
-2.87167962488	-1727.38988066	
-2.8903717579	-1727.32151109	
-2.90872089656	-1727.25527565	
-2.92673940207	-1727.19109561	
-2.94443897917	-1727.12889546	
-2.96183072188	-1727.06860286	
-2.97892515524	-1727.01014845	
-2.99573227355	-1726.95346576	
-3.01226157551	-1726.8984911	
-3.02852209638	-1726.84516341	
-3.04452243772	-1726.79342417	
-3.06027079469	-1726.74321727	
-3.07577498123	-1726.69448894	
-3.09104245336	-1726.64718763	
-3.10608033072	-1726.60126387	
-3.12089541651	-1726.55667025	
-3.13549421593	-1726.51336129	
-3.14988295338	-1726.47129334	
-3.16406758837	-1726.43042454	
-3.17805383035	-1726.39071469	
-3.19184715248	-1726.35212522	
-3.20545280454	-1726.31461909	
-3.21887582487	-1726.27816072	
-3.23212105162	-1726.24271595	
-3.24519313319	-1726.20825195	
-3.25809653802	-1726.17473719	
-3.2708355638	-1726.14214133	
-3.28341434601	-1726.11043522	
-3.295836866	-1726.07959084	
-3.3081069586	-1726.04958122	
-3.32022831913	-1726.02038041	
-3.33220451018	-1725.99196345	
-3.34403896782	-1725.96430631	
-3.35573500759	-1725.93738586	
-3.36729582999	-1725.91117981	
-3.37872452581	-1725.88566669	
-3.39002408106	-1725.86082584	
-3.40119738166	-1725.83663732	
-3.41224721785	-1725.81308193	
-3.42317628838	-1725.79014114	
-3.43398720449	-1725.76779709	
-3.4446824936	-1725.74603255	
-3.45526460293	-1725.7248309	
-3.4657359028	-1725.7041761	
-3.47609868984	-1725.68405265	
-3.48635519	-1725.66444561	
-3.49650756147	-1725.64534054	
-3.50655789732	-1725.62672349	
-3.51650822817	-1725.60858099	
-3.52636052462	-1725.59090001	
-3.53611669956	-1725.57366796	
-3.54577861047	-1725.55687268	
-3.55534806149	-1725.54050239	
-3.56482680544	-1725.52454573	
-3.57421654579	-1725.50899167	
-3.58351893846	-1725.49382956	
-3.59273559356	-1725.4790491	
-3.60186807712	-1725.4646403	
-3.61091791264	-1725.4505935	
-3.61988658263	-1725.43689934	
-3.62877553004	-1725.42354876	
-3.63758615973	-1725.41053297	
-3.6463198397	-1725.39784347	
-3.65497790244	-1725.38547202	
-3.66356164613	-1725.37341061	
-3.6720723358	-1725.36165151	
-3.68051120444	-1725.35018719	
-3.68887945411	-1725.33901037	
-3.69717825693	-1725.32811398	
-3.70540875607	-1725.31749117	
-3.7135720667	-1725.30713526	
-3.72166927694	-1725.29703982	
-3.72970144863	-1725.28719856	
-3.73766961828	-1725.2776054	
-3.74557479779	-1725.26825442	
-3.75341797525	-1725.25913988	
-3.76120011569	-1725.25025622	
-3.76892216179	-1725.241598	
-3.77658503453	-1725.23315996	
-3.78418963392	-1725.22493699	
-3.79173683955	-1725.21692411	
-3.79922751128	-1725.20911648	
-3.80666248977	-1725.20150941	
-3.81404259707	-1725.19409832	
-3.82136863716	-1725.18687877	
-3.82864139649	-1725.17984642	
-3.83586164446	-1725.17299708	
-3.84303013394	-1725.16632665	
-3.85014760171	-1725.15983113	
-3.85721476893	-1725.15350666	
-3.86423234159	-1725.14734945	
-3.87120101091	-1725.14135584	
-3.87812145375	-1725.13552223	
-3.88499433304	-1725.12984515	
-3.89182029811	-1725.1243212	
-3.8985999851	-1725.11894707	
-3.90533401728	-1725.11371954	
-3.91202300543	-1725.10863547	
-3.91866754815	-1725.10369179	
-3.92526823218	-1725.09888554	
-3.93182563272	-1725.09421379	
-3.93834031375	-1725.08967372	
-3.94481282825	-1725.08526256	
-3.95124371858	-1725.08097761	
-3.95763351668	-1725.07681626	
-3.96398274436	-1725.07277594	
-3.97029191355	-1725.06885414	
-3.97656152657	-1725.06504843	
-3.98279207632	-1725.06135642	
-3.98898404656	-1725.05777581	
-3.99513791214	-1725.05430431	
-4.00125413916	-1725.05093971	
-4.00733318523	-1725.04767987	
-4.01337549969	-1725.04452266	
-4.01938152375	-1725.04146603	
-4.02535169074	-1725.03850797	
-4.03128642625	-1725.03564652	
-4.03718614838	-1725.03287976	
-4.04305126783	-1725.03020582	
-4.04888218815	-1725.02762286	
-4.05467930583	-1725.02512911	
-4.06044301055	-1725.02272281	
-4.06617368526	-1725.02040226	
-4.07187170637	-1725.01816579	
-4.07753744391	-1725.01601177	
-4.08317126162	-1725.0139386	
-4.08877351717	-1725.01194474	
-4.09434456222	-1725.01002865	
-4.0998847426	-1725.00818885	
-4.10539439841	-1725.00642388	
-4.11087386417	-1725.00473232	
-4.11632346894	-1725.00311278	
-4.12174353641	-1725.00156388	
-4.12713438505	-1725.00008431	
-4.13249632819	-1724.99867276	
-4.13782967416	-1724.99732794	
-4.14313472639	-1724.99604863	
-4.14841178349	-1724.99483358	
-4.15366113938	-1724.99368161	
-4.15888308336	-1724.99259155	
-4.16407790024	-1724.99156226	
-4.1692458704	-1724.9905926	
-4.1743872699	-1724.9896815	
-4.17950237056	-1724.98882786	
-4.18459144007	-1724.98803064	
-4.18965474203	-1724.98728882	
-4.19469253606	-1724.98660137	
-4.19970507788	-1724.98596732	
-4.20469261939	-1724.98538569	
-4.20965540873	-1724.98485555	
-4.21459369037	-1724.98437595	
-4.21950770518	-1724.983946	
-4.22439769047	-1724.98356479	
-4.22926388012	-1724.98323146	
-4.2341065046	-1724.98294516	
-4.23892579103	-1724.98270503	
-4.2437219633	-1724.98251027	
-4.24849524205	-1724.98236007	
-4.25324584481	-1724.98225363	
-4.257973986	-1724.98219019	
-4.26267987704	-1724.98216898	
-4.26736372635	-1724.98218927	
-4.27202573946	-1724.98225031	
-4.27666611902	-1724.98235141	
-4.28128506487	-1724.98249185	
-4.28588277412	-1724.98267095	
-4.29045944115	-1724.98288804	
-4.29501525768	-1724.98314246	
-4.29955041285	-1724.98343354	
-4.3040650932	-1724.98376067	
-4.30855948279	-1724.98412322	
-4.31303376319	-1724.98452057	
-4.31748811354	-1724.98495213	
-4.3219227106	-1724.98541729	
-4.32633772881	-1724.9859155	
-4.33073334029	-1724.98644617	
-4.33510971489	-1724.98700876	
-4.33946702026	-1724.98760271	
-4.34380542185	-1724.98822749	
-4.348125083	-1724.98888258	
-4.3524261649	-1724.98956745	
-4.35670882669	-1724.99028161	
-4.36097322548	-1724.99102454	
-4.36521951636	-1724.99179577	
-4.36944785247	-1724.99259481	
-4.373658385	-1724.99342119	
-4.37785126326	-1724.99427446	
-4.38202663467	-1724.99515415	
-4.38618464482	-1724.99605982	
-4.39032543749	-1724.99699103	
-4.39444915467	-1724.99794735	
-4.39855593663	-1724.99892836	
-4.40264592188	-1724.99993365	
-4.40671924726	-1725.0009628	
-4.41077604796	-1725.00201542	
-4.4148164575	-1725.00309111	
-4.4188406078	-1725.00418949	
-4.42284862919	-1725.00531017	
-4.42684065046	-1725.00645279	
-4.43081679884	-1725.00761697	
-4.43477720006	-1725.00880236	
-4.43872197835	-1725.0100086	
-4.44265125649	-1725.01123535	
-4.44656515581	-1725.01248226	
-4.45046379623	-1725.013749	
-4.45434729625	-1725.01503524	
-4.45821577303	-1725.01634065	
-4.46206934235	-1725.01766491	
-4.46590811865	-1725.01900772	
-4.46973221509	-1725.02036876	
-4.47354174351	-1725.02174772	
-4.47733681448	-1725.02314432	
-4.48111753732	-1725.02455826	
-4.48488402011	-1725.02598924	
-4.48863636973	-1725.027437	
-4.49237469184	-1725.02890124	
-4.49609909093	-1725.0303817	
-4.49980967033	-1725.03187811	
-4.50350653221	-1725.03339019	
-4.50718977763	-1725.0349177	
-4.51085950652	-1725.03646038	
-4.51451581772	-1725.03801797	
-4.518158809	-1725.03959022	
-4.52178857705	-1725.0411769	
-4.52540521752	-1725.04277776	
-4.52900882502	-1725.04439256	
-4.53259949315	-1725.04602108	
-4.5361773145	-1725.04766309	
-4.53974238067	-1725.04931837	
-4.54329478227	-1725.05098668	
-4.54683460898	-1725.05266782	
-4.55036194949	-1725.05436157	
-4.5538768916	-1725.05606772	
-4.55737952215	-1725.05778606	
-4.56086992709	-1725.0595164	
-4.56434819147	-1725.06125852	
-4.56781439944	-1725.06301224	
-4.57126863431	-1725.06477735	
-4.5747109785	-1725.06655367	
-4.5781415136	-1725.06834102	
-4.58156032035	-1725.07013919	
-4.58496747867	-1725.07194802	
-4.58836306767	-1725.07376733	
-4.59174716566	-1725.07559693	
-4.59511985013	-1725.07743665	
-4.59848119784	-1725.07928633	
-4.60183128472	-1725.08114579	
-4.60517018599	-1725.08301487	
-4.60849797608	-1725.0848934	
-4.61181472871	-1725.08678123	
-4.61512051684	-1725.0886782	
-4.61841541274	-1725.09058415	
-4.62169948794	-1725.09249892	
-4.62497281328	-1725.09442237	
-4.62823545892	-1725.09635435	
-4.63148749431	-1725.09829472	
-4.63472898823	-1725.10024332	
-4.63796000881	-1725.10220001	
-4.64118062351	-1725.10416467	
-4.64439089914	-1725.10613714	
-4.64759090187	-1725.10811729	
-4.65078069724	-1725.110105	
-4.65396035016	-1725.11210012	
-4.65712992492	-1725.11410253	
-4.66028948521	-1725.11611211	
-4.66343909411	-1725.11812872	
-4.66657881412	-1725.12015224	
-4.66970870713	-1725.12218255	
-4.67282883446	-1725.12421953	
-4.67593925688	-1725.12626307	
-4.67904003455	-1725.12831304	
-4.68213122712	-1725.13036933	
-4.68521289366	-1725.13243182	
-4.6882850927	-1725.13450042	
-4.69134788223	-1725.136575	
-4.69440131972	-1725.13865546	
-4.6974454621	-1725.14074169	
-4.70048036579	-1725.14283358	
-4.70350608671	-1725.14493104	
-4.70652268025	-1725.14703396	
-4.70953020131	-1725.14914225	
-4.71252870431	-1725.15125579	
-4.71551824316	-1725.1533745	
-4.7184988713	-1725.15549828	
-4.72147064168	-1725.15762703	
-4.72443360681	-1725.15976066	
-4.72738781871	-1725.16189908	
-4.73033332894	-1725.1640422	
-4.73327018862	-1725.16618993	
-4.73619844839	-1725.16834218	
-4.7391181585	-1725.17049886	
-4.74202936871	-1725.17265989	
-4.74493212836	-1725.17482519	
-4.74782648639	-1725.17699466	
-4.75071249128	-1725.17916824	
-4.75359019111	-1725.18134583	
-4.75645963353	-1725.18352736	
-4.75932086582	-1725.18571276	
-4.7621739348	-1725.18790193	
-4.76501888693	-1725.19009482	
-4.76785576827	-1725.19229133	
-4.77068462447	-1725.1944914	
-4.77350550081	-1725.19669496	
-4.77631844218	-1725.19890193	
-4.77912349311	-1725.20111225	
-4.78192069773	-1725.20332583	
-4.78471009982	-1725.20554262	
-4.78749174278	-1725.20776255	
-4.79026566966	-1725.20998554	
-4.79303192316	-1725.21221153	
-4.7957905456	-1725.21444047	
-4.79854157897	-1725.21667227	
-4.80128506491	-1725.21890689	
-4.80402104473	-1725.22114425	
-4.80674955939	-1725.22338429	
-4.8094706495	-1725.22562696	
-4.81218435537	-1725.2278722	
-4.81489071697	-1725.23011994	
-4.81758977394	-1725.23237013	
-4.82028156561	-1725.23462271	
-4.82296613098	-1725.23687763	
-4.82564350875	-1725.23913482	
-4.8283137373	-1725.24139424	
-4.83097685472	-1725.24365582	
-4.83363289878	-1725.24591952	
-4.83628190695	-1725.24818528	
-4.83892391641	-1725.25045305	
-4.84155896405	-1725.25272278	
-4.84418708646	-1725.25499442	
-4.84680831994	-1725.25726792	
-4.84942270051	-1725.25954323	
-4.85203026392	-1725.26182029	
-4.85463104562	-1725.26409907	
-4.8572250808	-1725.26637952	
-4.85981240436	-1725.26866159	
-4.86239305096	-1725.27094522	
-4.86496705495	-1725.27323039	
-4.86753445046	-1725.27551704	
-4.87009527132	-1725.27780513	
-4.87264955112	-1725.28009461	
-4.8751973232	-1725.28238544	
-4.87773862063	-1725.28467759	
-4.88027347623	-1725.286971	
-4.88280192259	-1725.28926565	
-4.88532399202	-1725.29156148	
-4.88783971662	-1725.29385845	
-4.89034912822	-1725.29615653	
-4.89285225844	-1725.29845569	
-4.89534913864	-1725.30075587	
-4.89783979995	-1725.30305704	
-4.90032427328	-1725.30535917	
-4.90280258929	-1725.30766222	
-4.90527477844	-1725.30996614	
-4.90774087093	-1725.31227092	
-4.91020089677	-1725.3145765	
-4.91265488574	-1725.31688286	
-4.91510286737	-1725.31918996	
-4.91754487103	-1725.32149776	
-4.91998092583	-1725.32380624	
-4.92241106068	-1725.32611536	
-4.92483530429	-1725.32842509	
-4.92725368516	-1725.33073539	
-4.92966623156	-1725.33304624	
-4.93207297159	-1725.33535759	
-4.93447393313	-1725.33766943	
-4.93686914386	-1725.33998172	
-4.93925863125	-1725.34229444	
-4.94164242261	-1725.34460754	
-4.94402054501	-1725.346921	
-4.94639302537	-1725.3492348	
-4.94875989038	-1725.3515489	
-4.95112116656	-1725.35386328	
-4.95347688026	-1725.35617791	
-4.9558270576	-1725.35849276	
-4.95817172456	-1725.36080781	
-4.96051090691	-1725.36312302	
-4.96284463026	-1725.36543837	
-4.96517292002	-1725.36775384	
-4.96749580144	-1725.3700694	
-4.96981329958	-1725.37238503	
-4.97212543933	-1725.37470069	
-4.97443224543	-1725.37701637	
-4.97673374242	-1725.37933205	
-4.97902995468	-1725.38164769	
-4.98132090643	-1725.38396327	
-4.98360662171	-1725.38627878	
-4.98588712441	-1725.38859418	
-4.98816243824	-1725.39090946	
-4.99043258678	-1725.39322459	
-4.99269759341	-1725.39553955	
-4.99495748138	-1725.39785433	
-4.99721227376	-1725.40016889	
-4.9994619935	-1725.40248321	
-5.00170666335	-1725.40479728	
-5.00394630595	-1725.40711108	
-5.00618094375	-1725.40942459	
-5.00841059907	-1725.41173777	
-5.0106352941	-1725.41405063	
-5.01285505083	-1725.41636313	
-5.01506989116	-1725.41867525	
-5.01727983681	-1725.42098699	
-5.01948490937	-1725.42329831	
-5.02168513028	-1725.4256092	
-5.02388052085	-1725.42791965	
-5.02607110223	-1725.43022963	
-5.02825689545	-1725.43253913	
-5.03043792139	-1725.43484813	
-5.03261420082	-1725.43715661	
-5.03478575433	-1725.43946455	
-5.03695260241	-1725.44177194	
-5.03911476542	-1725.44407877	
-5.04127226356	-1725.44638501	
-5.04342511692	-1725.44869065	
-5.04557334546	-1725.45099567	
-5.047716969	-1725.45330006	
-5.04985600725	-1725.45560381	
-5.05199047978	-1725.45790689	
-5.05412040604	-1725.46020929	
-5.05624580535	-1725.462511	
-5.05836669692	-1725.46481201	
-5.06048309982	-1725.46711229	
-5.06259503303	-1725.46941184	
-5.06470251537	-1725.47171064	
-5.06680556556	-1725.47400867	
-5.06890420222	-1725.47630593	
-5.07099844382	-1725.47860239	
-5.07308830874	-1725.48089806	
-5.07517381523	-1725.4831929	
-5.07725498144	-1725.48548692	
-5.07933182538	-1725.48778009	
-5.08140436498	-1725.49007241	
-5.08347261805	-1725.49236386	
-5.08553660227	-1725.49465444	
-5.08759633523	-1725.49694412	
-5.08965183441	-1725.49923289	
-5.09170311719	-1725.50152076	
-5.09375020081	-1725.50380769	
-5.09579310244	-1725.50609369	
-5.09783183913	-1725.50837874	
-5.09986642782	-1725.51066283	
-5.10189688537	-1725.51294594	
-5.10392322852	-1725.51522808	
-5.1059454739	-1725.51750922	
-5.10796363806	-1725.51978936	
-5.10997773743	-1725.52206849	
-5.11198778836	-1725.5243466	
-5.11399380708	-1725.52662367	
-5.11599580975	-1725.52889969	
-5.11799381242	-1725.53117467	
-5.11998783102	-1725.53344858	
-5.12197788143	-1725.53572142	
-5.1239639794	-1725.53799318	
-5.12594614061	-1725.54026385	
-5.12792438062	-1725.54253342	
-5.12989871492	-1725.54480188	
-5.13186915891	-1725.54706923	
-5.13383572788	-1725.54933545	
-5.13579843705	-1725.55160053	
-5.13775730154	-1725.55386448	
-5.13971233637	-1725.55612727	
-5.1416635565	-1725.5583889	
-5.14361097679	-1725.56064937	
-5.145554612	-1725.56290866	
-5.14749447681	-1725.56516677	
-5.14943058584	-1725.56742368	
-5.15136295359	-1725.5696794	
-5.1532915945	-1725.57193392	
-5.15521652291	-1725.57418722	
-5.15713775309	-1725.5764393	
-5.15905529921	-1725.57869015	
-5.1609691754	-1725.58093977	
-5.16287939565	-1725.58318815	
-5.16478597392	-1725.58543528	
-5.16668892407	-1725.58768116	
-5.16858825987	-1725.58992578	
-5.17048399504	-1725.59216912	
-5.17237614319	-1725.5944112	
-5.17426471788	-1725.59665199	
-5.17614973257	-1725.59889149	
-5.17803120067	-1725.60112971	
-5.1799091355	-1725.60336662	
-5.18178355029	-1725.60560223	
-5.18365445823	-1725.60783653	
-5.1855218724	-1725.61006951	
-5.18738580584	-1725.61230117	
-5.18924627149	-1725.61453151	
-5.19110328224	-1725.6167605	
-5.19295685089	-1725.61898817	
-5.19480699018	-1725.62121448	
-5.19665371277	-1725.62343945	
-5.19849703127	-1725.62566307	
-5.20033695819	-1725.62788532	
-5.202173506	-1725.63010621	
-5.20400668708	-1725.63232574	
-5.20583651375	-1725.63454388	
-5.20766299828	-1725.63676065	
-5.20948615284	-1725.63897604	
-5.21130598956	-1725.64119004	
-5.21312252048	-1725.64340265	
-5.21493575761	-1725.64561385	
-5.21674571285	-1725.64782366	
-5.21855239808	-1725.65003207	
-5.22035582508	-1725.65223906	
-5.22215600558	-1725.65444464	
-5.22395295126	-1725.6566488	
-5.22574667371	-1725.65885154	
-5.22753718449	-1725.66105286	
-5.22932449506	-1725.66325274	
-5.23110861685	-1725.66545119	
-5.23288956123	-1725.66764821	
-5.23466733947	-1725.66984378	
-5.23644196283	-1725.67203791	
-5.23821344248	-1725.6742306	
-5.23998178954	-1725.67642183	
-5.24174701506	-1725.6786116	
-5.24350913005	-1725.68079992	
-5.24526814546	-1725.68298678	
-5.24702407216	-1725.68517217	
-5.24877692099	-1725.6873561	
-5.25052670271	-1725.68953855	
-5.25227342805	-1725.69171953	
-5.25401710765	-1725.69389903	
-5.25575775213	-1725.69607706	
-5.25749537203	-1725.6982536	
-5.25922997784	-1725.70042865	
-5.26096158	-1725.70260222	
-5.2626901889	-1725.7047743	
-5.26441581487	-1725.70694488	
-5.26613846818	-1725.70911397	
-5.26785815906	-1725.71128156	
-5.26957489768	-1725.71344765	
-5.27128869416	-1725.71561223	
-5.27299955856	-1725.71777531	
-5.27470750091	-1725.71993688	
-5.27641253116	-1725.72209694	
-5.27811465923	-1725.72425548	
-5.27981389498	-1725.72641252	
-5.28151024823	-1725.72856803	
-5.28320372874	-1725.73072203	
-5.28489434622	-1725.7328745	
-5.28658211033	-1725.73502545	
-5.28826703069	-1725.73717488	
-5.28994911688	-1725.73932278	
-5.2916283784	-1725.74146915	
-5.29330482472	-1725.74361398	
-5.29497846528	-1725.74575729	
-5.29664930945	-1725.74789906	
-5.29831736655	-1725.7500393	
-5.29998264587	-1725.752178	
-5.30164515664	-1725.75431516	
-5.30330490806	-1725.75645077	
-5.30496190927	-1725.75858485	
-5.30661616936	-1725.76071738	
-5.3082676974	-1725.76284837	
-5.30991650239	-1725.76497781	
-5.3115625933	-1725.7671057	
-5.31320597904	-1725.76923204	
-5.3148466685	-1725.77135683	
-5.3164846705	-1725.77348007	
-5.31811999384	-1725.77560176	
-5.31975264727	-1725.77772189	
-5.32138263948	-1725.77984047	
-5.32300997914	-1725.78195749	
-5.32463467487	-1725.78407295	
-5.32625673524	-1725.78618685	
-5.32787616879	-1725.7882992	
-5.32949298402	-1725.79040998	
-5.33110718937	-1725.7925192	
-5.33271879327	-1725.79462686	
-5.33432780407	-1725.79673296	
-5.33593423012	-1725.79883749	
-5.3375380797	-1725.80094045	
-5.33913936107	-1725.80304185	
-5.34073808243	-1725.80514168	
-5.34233425196	-1725.80723995	
-5.3439278778	-1725.80933665	
-5.34551896803	-1725.81143178	
-5.34710753072	-1725.81352533	
-5.34869357387	-1725.81561732	
-5.35027710548	-1725.81770774	
-5.35185813348	-1725.81979659	
-5.35343666577	-1725.82188387	
-5.35501271022	-1725.82396957	
-5.35658627467	-1725.8260537	
-5.3581573669	-1725.82813626	
-5.35972599468	-1725.83021724	
-5.36129216571	-1725.83229666	
-5.36285588769	-1725.83437449	
-5.36441716825	-1725.83645075	
-5.36597601502	-1725.83852544	
-5.36753243557	-1725.84059856	
-5.36908643744	-1725.84267009	
-5.37063802813	-1725.84474005	
-5.37218721511	-1725.84680844	
-5.37373400583	-1725.84887525	
-5.37527840768	-1725.85094049	
-5.37682042804	-1725.85300414	
-5.37836007422	-1725.85506623	
-5.37989735354	-1725.85712673	
-5.38143227326	-1725.85918566	
-5.38296484061	-1725.86124301	
-5.38449506279	-1725.86329879	
-5.38602294697	-1725.86535299	
-5.38754850028	-1725.86740561	
-5.38907172982	-1725.86945666	
-5.39059264266	-1725.87150613	
-5.39211124583	-1725.87355403	
-5.39362754635	-1725.87560034	
-5.39514155118	-1725.87764509	
-5.39665326727	-1725.87968825	
-5.39816270152	-1725.88172984	
-5.39966986081	-1725.88376986	
-5.40117475199	-1725.8858083	
-5.40267738187	-1725.88784517	
-5.40417775725	-1725.88988046	
-5.40567588487	-1725.89191417	
-5.40717177146	-1725.89394632	
-5.40866542372	-1725.89597688	
-5.4101568483	-1725.89800588	
-5.41164605186	-1725.9000333	
-5.41313304098	-1725.90205915	
-5.41461782224	-1725.90408343	
-5.4161004022	-1725.90610613	
-5.41758078737	-1725.90812726	
-5.41905898424	-1725.91014682	
-5.42053499927	-1725.91216481	
-5.42200883889	-1725.91418124	
-5.4234805095	-1725.91619609	
-5.42495001748	-1725.91820937	
-5.42641736918	-1725.92022108	
-5.4278825709	-1725.92223122	
-5.42934562895	-1725.9242398	
-5.43080654959	-1725.92624681	
-5.43226533906	-1725.92825225	
-5.43372200355	-1725.93025613	
-5.43517654927	-1725.93225844	
-5.43662898235	-1725.93425918	
-5.43807930892	-1725.93625837	
-5.4395275351	-1725.93825598	
-5.44097366695	-1725.94025204	
-5.44241771052	-1725.94224653	
-5.44385967184	-1725.94423947	
-5.4452995569	-1725.94623084	
-5.44673737167	-1725.94822065	
-5.44817312209	-1725.9502089	
-5.44960681409	-1725.95219559	
-5.45103845357	-1725.95418073	
-5.45246804638	-1725.9561643	
-5.45389559837	-1725.95814632	
-5.45532111536	-1725.96012679	
-5.45674460314	-1725.9621057	
-5.45816606749	-1725.96408306	
-5.45958551414	-1725.96605886	
-5.46100294883	-1725.96803311	
-5.46241837723	-1725.97000581	
-5.46383180503	-1725.97197696	
-5.46524323786	-1725.97394656	
-5.46665268137	-1725.97591461	
-5.46806014114	-1725.97788112	
-5.46946562274	-1725.97984607	
-5.47086913175	-1725.98180948	
-5.47227067367	-1725.98377135	
-5.47367025403	-1725.98573167	
-5.47506787829	-1725.98769044	
-5.47646355193	-1725.98964768	
-5.47785728038	-1725.99160337	
-5.47924906905	-1725.99355752	
-5.48063892334	-1725.99551013	
-5.48202684862	-1725.99746121	
-5.48341285022	-1725.99941074	
-5.48479693349	-1726.00135875	
-5.48617910372	-1726.00330521	
-5.48755936619	-1726.00525014	
-5.48893772616	-1726.00719354	
-5.49031418887	-1726.0091354	
-5.49168875953	-1726.01107574	
-5.49306144334	-1726.01301454	
-5.49443224547	-1726.01495181	
-5.49580117108	-1726.01688756	
-5.49716822529	-1726.01882178	
-5.49853341322	-1726.02075447	
-5.49989673995	-1726.02268564	
-5.50125821054	-1726.02461528	
-5.50261783006	-1726.0265434	
-5.50397560352	-1726.02847001	
-5.50533153593	-1726.03039509	
-5.50668563228	-1726.03231865	
-5.50803789753	-1726.03424069	
-5.50938833663	-1726.03616122	
-5.5107369545	-1726.03808023	
-5.51208375605	-1726.03999772	
-5.51342874616	-1726.04191371	
-5.51477192971	-1726.04382818	
-5.51611331154	-1726.04574114	
-5.51745289646	-1726.04765259	
-5.51879068931	-1726.04956253	
-5.52012669485	-1726.05147096	
-5.52146091786	-1726.05337789	
-5.5227933631	-1726.05528331	
-5.52412403528	-1726.05718723	
-5.52545293913	-1726.05908965	
-5.52678007934	-1726.06099057	
-5.52810546058	-1726.06288998	
-5.52942908751	-1726.0647879	
-5.53075096477	-1726.06668432	
-5.53207109697	-1726.06857924	
-5.53338948873	-1726.07047267	
-5.53470614461	-1726.07236461	
-5.53602106919	-1726.07425505	
-5.53733426702	-1726.076144	
-5.53864574262	-1726.07803146	
-5.5399555005	-1726.07991744	
-5.54126354516	-1726.08180193	
-5.54256988107	-1726.08368493	
-5.5438745127	-1726.08556644	
-5.54517744448	-1726.08744648	
-5.54647868084	-1726.08932503	
-5.54777822618	-1726.0912021	
-5.5490760849	-1726.09307769	
-5.55037226136	-1726.09495181	
-5.55166675992	-1726.09682444	
-5.55295958492	-1726.0986956	
-5.55425074069	-1726.10056529	
-5.55554023152	-1726.10243351	
-5.5568280617	-1726.10430025	
-5.55811423551	-1726.10616553	
-5.5593987572	-1726.10802934	
-5.56068163102	-1726.10989168	
-5.56196286117	-1726.11175255	
-5.56324245188	-1726.11361196	
-5.56452040732	-1726.11546991	
-5.56579673168	-1726.11732639	
-5.56707142911	-1726.11918142	
-5.56834450376	-1726.12103499	
-5.56961595975	-1726.1228871	
-5.57088580119	-1726.12473775	
-5.57215403218	-1726.12658695	
-5.57342065679	-1726.12843469	
-5.5746856791	-1726.13028099	
-5.57594910315	-1726.13212583	
-5.57721093297	-1726.13396923	
-5.57847117258	-1726.13581118	
-5.57972982599	-1726.13765168	
-5.58098689718	-1726.13949074	
-5.58224239012	-1726.14132835	
-5.58349630878	-1726.14316452	
-5.5847486571	-1726.14499925	
-5.585999439	-1726.14683255	
-5.5872486584	-1726.1486644	
-5.5884963192	-1726.15049482	
-5.58974242528	-1726.15232381	
-5.59098698051	-1726.15415136	
-5.59222998875	-1726.15597748	
-5.59347145384	-1726.15780217	
-5.5947113796	-1726.15962543	
-5.59594976985	-1726.16144727	
-5.59718662839	-1726.16326768	
-5.598421959	-1726.16508666	
-5.59965576545	-1726.16690422	
-5.60088805149	-1726.16872036	
-5.60211882088	-1726.17053508	
-5.60334807733	-1726.17234839	
-5.60457582457	-1726.17416027	
-5.6058020663	-1726.17597074	
-5.60702680619	-1726.1777798	
-5.60825004793	-1726.17958744	
-5.60947179518	-1726.18139367	
-5.61069205159	-1726.18319849	
-5.61191082078	-1726.18500191	
-5.61312810639	-1726.18680391	
-5.61434391201	-1726.18860452	
-5.61555824124	-1726.19040371	
-5.61677109767	-1726.19220151	
-5.61798248485	-1726.19399791	
-5.61919240636	-1726.1957929	
-5.62040086572	-1726.1975865	
-5.62160786647	-1726.1993787	
-5.62281341212	-1726.20116951	
-5.62401750619	-1726.20295893	
-5.62522015215	-1726.20474695	
-5.6264213535	-1726.20653358	
-5.62762111369	-1726.20831883	
-5.62881943618	-1726.21010268	
-5.63001632442	-1726.21188515	
-5.63121178182	-1726.21366624	
-5.63240581181	-1726.21544595	
-5.6335984178	-1726.21722427	
-5.63478960317	-1726.21900121	
-5.6359793713	-1726.22077678	
-5.63716772557	-1726.22255097	
-5.63835466933	-1726.22432378	
-5.63954020593	-1726.22609522	
-5.64072433869	-1726.22786529	
-5.64190707094	-1726.22963399	
-5.64308840598	-1726.23140131	
-5.64426834712	-1726.23316728	
-5.64544689764	-1726.23493187	
-5.64662406082	-1726.2366951	
-5.64779983991	-1726.23845697	
-5.64897423816	-1726.24021747	
-5.65014725882	-1726.24197662	
-5.65131890512	-1726.24373441	
-5.65248918027	-1726.24549084	
-5.65365808747	-1726.24724591	
-5.65482562993	-1726.24899963	
-5.65599181082	-1726.250752	
-5.65715663332	-1726.25250302	
-5.65832010058	-1726.25425269	
-5.65948221576	-1726.25600101	
-5.660642982	-1726.25774798	
-5.66180240242	-1726.25949361	
-5.66296048014	-1726.2612379	
-5.66411721826	-1726.26298085	
-5.66527261989	-1726.26472245	
-5.66642668811	-1726.26646272	
-5.66757942599	-1726.26820164	
-5.6687308366	-1726.26993924	
-5.66988092298	-1726.2716755	
-5.67102968818	-1726.27341042	
-5.67217713524	-1726.27514402	
-5.67332326717	-1726.27687629	
-5.67446808699	-1726.27860722	
-5.67561159769	-1726.28033684	
-5.67675380227	-1726.28206512	
-5.6778947037	-1726.28379209	
-5.67903430497	-1726.28551773	
-5.68017260902	-1726.28724205	
-5.6813096188	-1726.28896505	
-5.68244533727	-1726.29068674	
-5.68357976734	-1726.29240711	
-5.68471291194	-1726.29412616	
-5.68584477397	-1726.2958439	
-5.68697535634	-1726.29756033	
-5.68810466194	-1726.29927545	
-5.68923269364	-1726.30098927	
-5.69035945432	-1726.30270177	
-5.69148494685	-1726.30441298	
-5.69260917406	-1726.30612287	
-5.6937321388	-1726.30783147	
-5.69485384391	-1726.30953876	
-5.69597429221	-1726.31124476	
-5.69709348651	-1726.31294946	
-5.69821142961	-1726.31465286	
-5.69932812431	-1726.31635497	
-5.70044357339	-1726.31805578	
-5.70155777963	-1726.31975531	
-5.7026707458	-1726.32145354	
-5.70378247466	-1726.32315049	
-5.70489296894	-1726.32484614	
-5.70600223139	-1726.32654052	
-5.70711026475	-1726.32823361	
-5.70821707172	-1726.32992541	
-5.70932265503	-1726.33161594	
-5.71042701737	-1726.33330519	
-5.71153016145	-1726.33499315	
-5.71263208993	-1726.33667985	
-5.71373280551	-1726.33836526	
-5.71483231084	-1726.34004941	
-5.71593060859	-1726.34173228	
-5.71702770141	-1726.34341388	
-5.71812359193	-1726.34509422	
-5.71921828279	-1726.34677328	
-5.72031177661	-1726.34845108	
-5.72140407601	-1726.35012762	
-5.72249518359	-1726.35180289	
-5.72358510195	-1726.35347691	
-5.72467383369	-1726.35514966	
-5.72576138137	-1726.35682115	
-5.72684774759	-1726.35849139	
-5.72793293489	-1726.36016037	
-5.72901694583	-1726.3618281	
-5.73009978297	-1726.36349458	
-5.73118144884	-1726.36515981	
-5.73226194598	-1726.36682378	
-5.7333412769	-1726.36848651	
-5.73441944412	-1726.37014799	
-5.73549645015	-1726.37180823	
-5.73657229748	-1726.37346723	
-5.73764698861	-1726.37512498	
-5.73872052602	-1726.37678149	
-5.73979291218	-1726.37843677	
-5.74086414956	-1726.3800908	
-5.74193424062	-1726.38174361	
-5.74300318781	-1726.38339517	
-5.74407099357	-1726.38504551	
-5.74513766034	-1726.38669461	
-5.74620319054	-1726.38834248	
-5.7472675866	-1726.38998913	
-5.74833085092	-1726.39163454	
-5.74939298591	-1726.39327874	
-5.75045399397	-1726.3949217	
-5.75151387748	-1726.39656345	
-5.75257263883	-1726.39820398	
-5.75363028038	-1726.39984328	
-5.75468680452	-1726.40148137	
-5.75574221359	-1726.40311824	
-5.75679650994	-1726.40475389	
-5.75784969593	-1726.40638834	
-5.75890177388	-1726.40802157	
-5.75995274612	-1726.40965359	
-5.76100261499	-1726.4112844	
-5.76205138278	-1726.412914	
-5.76309905181	-1726.4145424	
-5.76414562438	-1726.41616959	
-5.76519110278	-1726.41779558	
-5.7662354893	-1726.41942036	
-5.76727878622	-1726.42104395	
-5.76832099579	-1726.42266634	
-5.7693621203	-1726.42428753	
-5.770402162	-1726.42590752	
-5.77144112313	-1726.42752632	
-5.77247900594	-1726.42914392	
-5.77351581267	-1726.43076034	
-5.77455154554	-1726.43237556	
-5.77558620679	-1726.4339896	
-5.77661979861	-1726.43560245	
-5.77765232322	-1726.43721411	
-5.77868378283	-1726.43882459	
-5.77971417962	-1726.44043388	
-5.78074351579	-1726.44204199	
-5.78177179352	-1726.44364893	
-5.78279901497	-1726.44525468	
-5.78382518233	-1726.44685926	
-5.78485029774	-1726.44846266	
-5.78587436337	-1726.45006489	
-5.78689738137	-1726.45166594	
-5.78791935386	-1726.45326583	
-5.788940283	-1726.45486454	
-5.7899601709	-1726.45646208	
-5.79097901969	-1726.45805846	
-5.79199683148	-1726.45965367	
-5.79301360838	-1726.46124772	
-5.7940293525	-1726.4628406	
-5.79504406593	-1726.46443233	
-5.79605775077	-1726.46602289	
-5.79707040908	-1726.46761229	
-5.79808204295	-1726.46920054	
-5.79909265446	-1726.47078763	
-5.80010224566	-1726.47237357	
-5.80111081862	-1726.47395835	
-5.80211837538	-1726.47554198	
-5.80312491799	-1726.47712447	
-5.80413044849	-1726.4787058	
-5.80513496892	-1726.48028598	
-5.80613848129	-1726.48186502	
-5.80714098764	-1726.48344292	
-5.80814248998	-1726.48501967	
-5.80914299031	-1726.48659528	
