# log_p 	 lnL 	 
0.0	-1677.08431807	
-0.287682072452	-1677.08604314	
-0.510825623766	-1677.17531288	
-0.69314718056	-1677.30453007	
-0.847297860387	-1677.44760472	
-0.980829253012	-1677.59071491	
-1.09861228867	-1677.72712066	
-1.20397280433	-1677.85401409	
-1.29928298413	-1677.97066952	
-1.38629436112	-1678.07740363	
-1.46633706879	-1678.17500874	
-1.54044504095	-1678.26445168	
-1.60943791243	-1678.3467187	
-1.67397643357	-1678.42274002	
-1.73460105539	-1678.49335724	
-1.79175946923	-1678.55931355	
-1.8458266905	-1678.62125553	
-1.89711998489	-1678.67974052	
-1.94591014906	-1678.7352461	
-1.99243016469	-1678.78817996	
-2.03688192726	-1678.83888941	
-2.07944154168	-1678.88766992	
-2.1202635362	-1678.9347727	
-2.15948424935	-1678.98041124	
-2.19722457734	-1679.02476703	
-2.23359222151	-1679.0679943	
-2.26868354132	-1679.11022418	
-2.30258509299	-1679.15156812	
-2.33537491582	-1679.19212089	
-2.36712361413	-1679.23196307	
-2.3978952728	-1679.27116312	
-2.42774823595	-1679.30977924	
-2.45673577282	-1679.34786088	
-2.48490664979	-1679.38545004	
-2.51230562398	-1679.42258235	
-2.53897387106	-1679.45928806	
-2.56494935746	-1679.49559284	
-2.59026716545	-1679.53151843	
-2.61495977804	-1679.56708326	
-2.63905732962	-1679.60230297	
-2.66258782703	-1679.63719078	
-2.68557734525	-1679.67175793	
-2.7080502011	-1679.70601394	
-2.73002910782	-1679.73996689	
-2.75153531304	-1679.77362369	
-2.77258872224	-1679.80699023	
-2.79320800944	-1679.84007156	
-2.81341071676	-1679.87287203	
-2.83321334406	-1679.90539544	
-2.85263142991	-1679.93764511	
-2.87167962488	-1679.96962399	
-2.8903717579	-1680.0013347	
-2.90872089656	-1680.03277964	
-2.92673940207	-1680.06396102	
-2.94443897917	-1680.09488089	
-2.96183072188	-1680.1255412	
-2.97892515524	-1680.15594383	
-2.99573227355	-1680.18609059	
-3.01226157551	-1680.21598326	
-3.02852209638	-1680.24562362	
-3.04452243772	-1680.27501344	
-3.06027079469	-1680.30415449	
-3.07577498123	-1680.33304857	
-3.09104245336	-1680.36169749	
-3.10608033072	-1680.39010311	
-3.12089541651	-1680.41826729	
-3.13549421593	-1680.44619195	
-3.14988295338	-1680.47387902	
-3.16406758837	-1680.50133049	
-3.17805383035	-1680.52854836	
-3.19184715248	-1680.55553467	
-3.20545280454	-1680.58229149	
-3.21887582487	-1680.60882093	
-3.23212105162	-1680.63512512	
-3.24519313319	-1680.66120619	
-3.25809653802	-1680.68706633	
-3.2708355638	-1680.71270773	
-3.28341434601	-1680.7381326	
-3.295836866	-1680.76334316	
-3.3081069586	-1680.78834166	
-3.32022831913	-1680.81313033	
-3.33220451018	-1680.83771142	
-3.34403896782	-1680.86208721	
-3.35573500759	-1680.88625994	
-3.36729582999	-1680.91023189	
-3.37872452581	-1680.9340053	
-3.39002408106	-1680.95758244	
-3.40119738166	-1680.98096555	
-3.41224721785	-1681.00415689	
-3.42317628838	-1681.02715868	
-3.43398720449	-1681.04997315	
-3.4446824936	-1681.07260252	
-3.45526460293	-1681.09504898	
-3.4657359028	-1681.11731472	
-3.47609868984	-1681.13940192	
-3.48635519	-1681.16131272	
-3.49650756147	-1681.18304926	
-3.50655789732	-1681.20461367	
-3.51650822817	-1681.22600804	
-3.52636052462	-1681.24723445	
-3.53611669956	-1681.26829496	
-3.54577861047	-1681.28919161	
-3.55534806149	-1681.30992643	
-3.56482680544	-1681.33050139	
-3.57421654579	-1681.35091849	
-3.58351893846	-1681.37117966	
-3.59273559356	-1681.39128684	
-3.60186807712	-1681.41124193	
-3.61091791264	-1681.43104681	
-3.61988658263	-1681.45070334	
-3.62877553004	-1681.47021336	
-3.63758615973	-1681.48957867	
-3.6463198397	-1681.50880107	
-3.65497790244	-1681.52788231	
-3.66356164613	-1681.54682414	
-3.6720723358	-1681.56562827	
-3.68051120444	-1681.5842964	
-3.68887945411	-1681.6028302	
-3.69717825693	-1681.6212313	
-3.70540875607	-1681.63950134	
-3.7135720667	-1681.65764192	
-3.72166927694	-1681.6756546	
-3.72970144863	-1681.69354095	
-3.73766961828	-1681.7113025	
-3.74557479779	-1681.72894076	
-3.75341797525	-1681.74645721	
-3.76120011569	-1681.76385332	
-3.76892216179	-1681.78113054	
-3.77658503453	-1681.79829029	
-3.78418963392	-1681.81533397	
-3.79173683955	-1681.83226296	
-3.79922751128	-1681.84907863	
-3.80666248977	-1681.8657823	
-3.81404259707	-1681.88237531	
-3.82136863716	-1681.89885896	
-3.82864139649	-1681.91523452	
-3.83586164446	-1681.93150325	
-3.84303013394	-1681.94766641	
-3.85014760171	-1681.96372521	
-3.85721476893	-1681.97968086	
-3.86423234159	-1681.99553455	
-3.87120101091	-1682.01128745	
-3.87812145375	-1682.02694071	
-3.88499433304	-1682.04249547	
-3.89182029811	-1682.05795284	
-3.8985999851	-1682.07331392	
-3.90533401728	-1682.08857981	
-3.91202300543	-1682.10375157	
-3.91866754815	-1682.11883025	
-3.92526823218	-1682.13381689	
-3.93182563272	-1682.14871251	
-3.93834031375	-1682.16351812	
-3.94481282825	-1682.1782347	
-3.95124371858	-1682.19286325	
-3.95763351668	-1682.20740471	
-3.96398274436	-1682.22186005	
-3.97029191355	-1682.23623018	
-3.97656152657	-1682.25051603	
-3.98279207632	-1682.26471852	
-3.98898404656	-1682.27883853	
-3.99513791214	-1682.29287694	
-4.00125413916	-1682.30683462	
-4.00733318523	-1682.32071244	
-4.01337549969	-1682.33451122	
-4.01938152375	-1682.3482318	
-4.02535169074	-1682.36187501	
-4.03128642625	-1682.37544164	
-4.03718614838	-1682.3889325	
-4.04305126783	-1682.40234836	
-4.04888218815	-1682.41569	
-4.05467930583	-1682.42895819	
-4.06044301055	-1682.44215367	
-4.06617368526	-1682.45527718	
-4.07187170637	-1682.46832946	
-4.07753744391	-1682.48131122	
-4.08317126162	-1682.49422317	
-4.08877351717	-1682.50706603	
-4.09434456222	-1682.51984046	
-4.0998847426	-1682.53254716	
-4.10539439841	-1682.5451868	
-4.11087386417	-1682.55776003	
-4.11632346894	-1682.57026752	
-4.12174353641	-1682.5827099	
-4.12713438505	-1682.59508782	
-4.13249632819	-1682.60740189	
-4.13782967416	-1682.61965273	
-4.14313472639	-1682.63184096	
-4.14841178349	-1682.64396718	
-4.15366113938	-1682.65603197	
-4.15888308336	-1682.66803594	
-4.16407790024	-1682.67997964	
-4.1692458704	-1682.69186366	
-4.1743872699	-1682.70368855	
-4.17950237056	-1682.71545487	
-4.18459144007	-1682.72716316	
-4.18965474203	-1682.73881398	
-4.19469253606	-1682.75040785	
-4.19970507788	-1682.76194529	
-4.20469261939	-1682.77342683	
-4.20965540873	-1682.78485298	
-4.21459369037	-1682.79622425	
-4.21950770518	-1682.80754113	
-4.22439769047	-1682.81880412	
-4.22926388012	-1682.8300137	
-4.2341065046	-1682.84117036	
-4.23892579103	-1682.85227457	
-4.2437219633	-1682.8633268	
-4.24849524205	-1682.87432751	
-4.25324584481	-1682.88527716	
-4.257973986	-1682.8961762	
-4.26267987704	-1682.90702507	
-4.26736372635	-1682.91782421	
-4.27202573946	-1682.92857407	
-4.27666611902	-1682.93927506	
-4.28128506487	-1682.94992761	
-4.28588277412	-1682.96053214	
-4.29045944115	-1682.97108906	
-4.29501525768	-1682.98159878	
-4.29955041285	-1682.99206171	
-4.3040650932	-1683.00247824	
-4.30855948279	-1683.01284876	
-4.31303376319	-1683.02317367	
-4.31748811354	-1683.03345334	
-4.3219227106	-1683.04368816	
-4.32633772881	-1683.0538785	
-4.33073334029	-1683.06402474	
-4.33510971489	-1683.07412723	
-4.33946702026	-1683.08418634	
-4.34380542185	-1683.09420243	
-4.348125083	-1683.10417584	
-4.3524261649	-1683.11410694	
-4.35670882669	-1683.12399605	
-4.36097322548	-1683.13384353	
-4.36521951636	-1683.14364971	
-4.36944785247	-1683.15341493	
-4.373658385	-1683.1631395	
-4.37785126326	-1683.17282376	
-4.38202663467	-1683.18246803	
-4.38618464482	-1683.19207262	
-4.39032543749	-1683.20163786	
-4.39444915467	-1683.21116404	
-4.39855593663	-1683.22065148	
-4.40264592188	-1683.23010048	
-4.40671924726	-1683.23951134	
-4.41077604796	-1683.24888436	
-4.4148164575	-1683.25821983	
-4.4188406078	-1683.26751803	
-4.42284862919	-1683.27677927	
-4.42684065046	-1683.28600381	
-4.43081679884	-1683.29519194	
-4.43477720006	-1683.30434394	
-4.43872197835	-1683.31346008	
-4.44265125649	-1683.32254063	
-4.44656515581	-1683.33158586	
-4.45046379623	-1683.34059603	
-4.45434729625	-1683.34957141	
-4.45821577303	-1683.35851226	
-4.46206934235	-1683.36741883	
-4.46590811865	-1683.37629137	
-4.46973221509	-1683.38513015	
-4.47354174351	-1683.3939354	
-4.47733681448	-1683.40270736	
-4.48111753732	-1683.4114463	
-4.48488402011	-1683.42015243	
-4.48863636973	-1683.42882601	
-4.49237469184	-1683.43746726	
-4.49609909093	-1683.44607643	
-4.49980967033	-1683.45465373	
-4.50350653221	-1683.4631994	
-4.50718977763	-1683.47171366	
-4.51085950652	-1683.48019674	
-4.51451581772	-1683.48864885	
-4.518158809	-1683.49707022	
-4.52178857705	-1683.50546106	
-4.52540521752	-1683.51382158	
-4.52900882502	-1683.522152	
-4.53259949315	-1683.53045252	
-4.5361773145	-1683.53872335	
-4.53974238067	-1683.5469647	
-4.54329478227	-1683.55517677	
-4.54683460898	-1683.56335976	
-4.55036194949	-1683.57151388	
-4.5538768916	-1683.5796393	
-4.55737952215	-1683.58773624	
-4.56086992709	-1683.59580488	
-4.56434819147	-1683.60384542	
-4.56781439944	-1683.61185804	
-4.57126863431	-1683.61984293	
-4.5747109785	-1683.62780028	
-4.5781415136	-1683.63573026	
-4.58156032035	-1683.64363307	
-4.58496747867	-1683.65150887	
-4.58836306767	-1683.65935786	
-4.59174716566	-1683.66718019	
-4.59511985013	-1683.67497606	
-4.59848119784	-1683.68274563	
-4.60183128472	-1683.69048907	
-4.60517018599	-1683.69820655	
-4.60849797608	-1683.70589823	
-4.61181472871	-1683.7135643	
-4.61512051684	-1683.7212049	
-4.61841541274	-1683.7288202	
-4.62169948794	-1683.73641037	
-4.62497281328	-1683.74397556	
-4.62823545892	-1683.75151593	
-4.63148749431	-1683.75903163	
-4.63472898823	-1683.76652283	
-4.63796000881	-1683.77398968	
-4.64118062351	-1683.78143232	
-4.64439089914	-1683.78885091	
-4.64759090187	-1683.7962456	
-4.65078069724	-1683.80361653	
-4.65396035016	-1683.81096386	
-4.65712992492	-1683.81828772	
-4.66028948521	-1683.82558827	
-4.66343909411	-1683.83286564	
-4.66657881412	-1683.84011997	
-4.66970870713	-1683.8473514	
-4.67282883446	-1683.85456008	
-4.67593925688	-1683.86174614	
-4.67904003455	-1683.86890971	
-4.68213122712	-1683.87605093	
-4.68521289366	-1683.88316994	
-4.6882850927	-1683.89026686	
-4.69134788223	-1683.89734183	
-4.69440131972	-1683.90439497	
-4.6974454621	-1683.91142642	
-4.70048036579	-1683.9184363	
-4.70350608671	-1683.92542474	
-4.70652268025	-1683.93239186	
-4.70953020131	-1683.93933779	
-4.71252870431	-1683.94626265	
-4.71551824316	-1683.95316656	
-4.7184988713	-1683.96004965	
-4.72147064168	-1683.96691202	
-4.72443360681	-1683.97375381	
-4.72738781871	-1683.98057512	
-4.73033332894	-1683.98737608	
-4.73327018862	-1683.99415681	
-4.73619844839	-1684.0009174	
-4.7391181585	-1684.00765798	
-4.74202936871	-1684.01437867	
-4.74493212836	-1684.02107956	
-4.74782648639	-1684.02776078	
-4.75071249128	-1684.03442243	
-4.75359019111	-1684.04106461	
-4.75645963353	-1684.04768745	
-4.75932086582	-1684.05429104	
-4.7621739348	-1684.06087549	
-4.76501888693	-1684.06744091	
-4.76785576827	-1684.0739874	
-4.77068462447	-1684.08051505	
-4.77350550081	-1684.08702399	
-4.77631844218	-1684.09351429	
-4.77912349311	-1684.09998608	
-4.78192069773	-1684.10643944	
-4.78471009982	-1684.11287447	
-4.78749174278	-1684.11929128	
-4.79026566966	-1684.12568996	
-4.79303192316	-1684.1320706	
-4.7957905456	-1684.1384333	
-4.79854157897	-1684.14477816	
-4.80128506491	-1684.15110527	
-4.80402104473	-1684.15741472	
-4.80674955939	-1684.16370661	
-4.8094706495	-1684.16998103	
-4.81218435537	-1684.17623806	
-4.81489071697	-1684.1824778	
-4.81758977394	-1684.18870034	
-4.82028156561	-1684.19490577	
-4.82296613098	-1684.20109417	
-4.82564350875	-1684.20726563	
-4.8283137373	-1684.21342024	
-4.83097685472	-1684.21955809	
-4.83363289878	-1684.22567925	
-4.83628190695	-1684.23178381	
-4.83892391641	-1684.23787187	
-4.84155896405	-1684.24394349	
-4.84418708646	-1684.24999877	
-4.84680831994	-1684.25603778	
-4.84942270051	-1684.2620606	
-4.85203026392	-1684.26806732	
-4.85463104562	-1684.27405802	
-4.8572250808	-1684.28003277	
-4.85981240436	-1684.28599166	
-4.86239305096	-1684.29193476	
-4.86496705495	-1684.29786215	
-4.86753445046	-1684.3037739	
-4.87009527132	-1684.3096701	
-4.87264955112	-1684.31555081	
-4.8751973232	-1684.32141612	
-4.87773862063	-1684.32726609	
-4.88027347623	-1684.33310081	
-4.88280192259	-1684.33892034	
-4.88532399202	-1684.34472475	
-4.88783971662	-1684.35051413	
-4.89034912822	-1684.35628854	
-4.89285225844	-1684.36204805	
-4.89534913864	-1684.36779273	
-4.89783979995	-1684.37352265	
-4.90032427328	-1684.37923789	
-4.90280258929	-1684.38493851	
-4.90527477844	-1684.39062457	
-4.90774087093	-1684.39629616	
-4.91020089677	-1684.40195333	
-4.91265488574	-1684.40759615	
-4.91510286737	-1684.41322469	
-4.91754487103	-1684.41883901	
-4.91998092583	-1684.42443919	
-4.92241106068	-1684.43002527	
-4.92483530429	-1684.43559734	
-4.92725368516	-1684.44115545	
-4.92966623156	-1684.44669967	
-4.93207297159	-1684.45223006	
-4.93447393313	-1684.45774668	
-4.93686914386	-1684.46324959	
-4.93925863125	-1684.46873887	
-4.94164242261	-1684.47421455	
-4.94402054501	-1684.47967672	
-4.94639302537	-1684.48512543	
-4.94875989038	-1684.49056073	
-4.95112116656	-1684.4959827	
-4.95347688026	-1684.50139138	
-4.9558270576	-1684.50678684	
-4.95817172456	-1684.51216913	
-4.96051090691	-1684.51753832	
-4.96284463026	-1684.52289446	
-4.96517292002	-1684.5282376	
-4.96749580144	-1684.5335678	
-4.96981329958	-1684.53888513	
-4.97212543933	-1684.54418963	
-4.97443224543	-1684.54948137	
-4.97673374242	-1684.55476039	
-4.97902995468	-1684.56002675	
-4.98132090643	-1684.56528051	
-4.98360662171	-1684.57052172	
-4.98588712441	-1684.57575043	
-4.98816243824	-1684.58096669	
-4.99043258678	-1684.58617057	
-4.99269759341	-1684.59136211	
-4.99495748138	-1684.59654136	
-4.99721227376	-1684.60170838	
-4.9994619935	-1684.60686321	
-5.00170666335	-1684.61200592	
-5.00394630595	-1684.61713654	
-5.00618094375	-1684.62225513	
-5.00841059907	-1684.62736174	
-5.0106352941	-1684.63245642	
-5.01285505083	-1684.63753922	
-5.01506989116	-1684.64261019	
-5.01727983681	-1684.64766937	
-5.01948490937	-1684.65271682	
-5.02168513028	-1684.65775258	
-5.02388052085	-1684.6627767	
-5.02607110223	-1684.66778923	
-5.02825689545	-1684.67279022	
-5.03043792139	-1684.67777971	
-5.03261420082	-1684.68275775	
-5.03478575433	-1684.68772438	
-5.03695260241	-1684.69267965	
-5.03911476542	-1684.69762361	
-5.04127226356	-1684.7025563	
-5.04342511692	-1684.70747777	
-5.04557334546	-1684.71238807	
-5.047716969	-1684.71728722	
-5.04985600725	-1684.72217529	
-5.05199047978	-1684.72705232	
-5.05412040604	-1684.73191834	
-5.05624580535	-1684.7367734	
-5.05836669692	-1684.74161755	
-5.06048309982	-1684.74645082	
-5.06259503303	-1684.75127327	
-5.06470251537	-1684.75608493	
-5.06680556556	-1684.76088584	
-5.06890420222	-1684.76567605	
-5.07099844382	-1684.77045559	
-5.07308830874	-1684.77522452	
-5.07517381523	-1684.77998286	
-5.07725498144	-1684.78473067	
-5.07933182538	-1684.78946798	
-5.08140436498	-1684.79419482	
-5.08347261805	-1684.79891125	
-5.08553660227	-1684.8036173	
-5.08759633523	-1684.80831301	
-5.08965183441	-1684.81299842	
-5.09170311719	-1684.81767357	
-5.09375020081	-1684.8223385	
-5.09579310244	-1684.82699324	
-5.09783183913	-1684.83163784	
-5.09986642782	-1684.83627233	
-5.10189688537	-1684.84089675	
-5.10392322852	-1684.84551114	
-5.1059454739	-1684.85011553	
-5.10796363806	-1684.85470996	
-5.10997773743	-1684.85929448	
-5.11198778836	-1684.86386911	
-5.11399380708	-1684.86843389	
-5.11599580975	-1684.87298887	
-5.11799381242	-1684.87753406	
-5.11998783102	-1684.88206952	
-5.12197788143	-1684.88659528	
-5.1239639794	-1684.89111136	
-5.12594614061	-1684.89561782	
-5.12792438062	-1684.90011468	
-5.12989871492	-1684.90460197	
-5.13186915891	-1684.90907974	
-5.13383572788	-1684.91354801	
-5.13579843705	-1684.91800682	
-5.13775730154	-1684.92245621	
-5.13971233637	-1684.9268962	
-5.1416635565	-1684.93132684	
-5.14361097679	-1684.93574815	
-5.145554612	-1684.94016018	
-5.14749447681	-1684.94456294	
-5.14943058584	-1684.94895648	
-5.15136295359	-1684.95334082	
-5.1532915945	-1684.95771601	
-5.15521652291	-1684.96208207	
-5.15713775309	-1684.96643903	
-5.15905529921	-1684.97078693	
-5.1609691754	-1684.97512579	
-5.16287939565	-1684.97945566	
-5.16478597392	-1684.98377656	
-5.16668892407	-1684.98808852	
-5.16858825987	-1684.99239157	
-5.17048399504	-1684.99668575	
-5.17237614319	-1685.00097108	
-5.17426471788	-1685.0052476	
-5.17614973257	-1685.00951534	
-5.17803120067	-1685.01377432	
-5.1799091355	-1685.01802458	
-5.18178355029	-1685.02226614	
-5.18365445823	-1685.02649904	
-5.1855218724	-1685.03072331	
-5.18738580584	-1685.03493897	
-5.18924627149	-1685.03914606	
-5.19110328224	-1685.0433446	
-5.19295685089	-1685.04753462	
-5.19480699018	-1685.05171615	
-5.19665371277	-1685.05588923	
-5.19849703127	-1685.06005387	
-5.20033695819	-1685.06421011	
-5.202173506	-1685.06835798	
-5.20400668708	-1685.07249749	
-5.20583651375	-1685.07662869	
-5.20766299828	-1685.0807516	
-5.20948615284	-1685.08486624	
-5.21130598956	-1685.08897265	
-5.21312252048	-1685.09307085	
-5.21493575761	-1685.09716087	
-5.21674571285	-1685.10124273	
-5.21855239808	-1685.10531646	
-5.22035582508	-1685.1093821	
-5.22215600558	-1685.11343966	
-5.22395295126	-1685.11748917	
-5.22574667371	-1685.12153066	
-5.22753718449	-1685.12556415	
-5.22932449506	-1685.12958968	
-5.23110861685	-1685.13360726	
-5.23288956123	-1685.13761692	
-5.23466733947	-1685.1416187	
-5.23644196283	-1685.1456126	
-5.23821344248	-1685.14959867	
-5.23998178954	-1685.15357692	
-5.24174701506	-1685.15754737	
-5.24350913005	-1685.16151007	
-5.24526814546	-1685.16546502	
-5.24702407216	-1685.16941226	
-5.24877692099	-1685.1733518	
-5.25052670271	-1685.17728368	
-5.25227342805	-1685.18120791	
-5.25401710765	-1685.18512453	
-5.25575775213	-1685.18903356	
-5.25749537203	-1685.19293501	
-5.25922997784	-1685.19682892	
-5.26096158	-1685.20071531	
-5.2626901889	-1685.20459419	
-5.26441581487	-1685.20846561	
-5.26613846818	-1685.21232957	
-5.26785815906	-1685.2161861	
-5.26957489768	-1685.22003523	
-5.27128869416	-1685.22387698	
-5.27299955856	-1685.22771137	
-5.27470750091	-1685.23153842	
-5.27641253116	-1685.23535816	
-5.27811465923	-1685.23917061	
-5.27981389498	-1685.24297579	
-5.28151024823	-1685.24677373	
-5.28320372874	-1685.25056444	
-5.28489434622	-1685.25434795	
-5.28658211033	-1685.25812428	
-5.28826703069	-1685.26189346	
-5.28994911688	-1685.2656555	
-5.2916283784	-1685.26941043	
-5.29330482472	-1685.27315827	
-5.29497846528	-1685.27689904	
-5.29664930945	-1685.28063276	
-5.29831736655	-1685.28435945	
-5.29998264587	-1685.28807914	
-5.30164515664	-1685.29179185	
-5.30330490806	-1685.29549759	
-5.30496190927	-1685.29919639	
-5.30661616936	-1685.30288827	
-5.3082676974	-1685.30657325	
-5.30991650239	-1685.31025134	
-5.3115625933	-1685.31392258	
-5.31320597904	-1685.31758698	
-5.3148466685	-1685.32124457	
-5.3164846705	-1685.32489535	
-5.31811999384	-1685.32853936	
-5.31975264727	-1685.33217661	
-5.32138263948	-1685.33580713	
-5.32300997914	-1685.33943092	
-5.32463467487	-1685.34304802	
-5.32625673524	-1685.34665844	
-5.32787616879	-1685.35026221	
-5.32949298402	-1685.35385933	
-5.33110718937	-1685.35744984	
-5.33271879327	-1685.36103375	
-5.33432780407	-1685.36461108	
-5.33593423012	-1685.36818184	
-5.3375380797	-1685.37174607	
-5.33913936107	-1685.37530377	
-5.34073808243	-1685.37885497	
-5.34233425196	-1685.38239969	
-5.3439278778	-1685.38593794	
-5.34551896803	-1685.38946974	
-5.34710753072	-1685.39299511	
-5.34869357387	-1685.39651408	
-5.35027710548	-1685.40002665	
-5.35185813348	-1685.40353285	
-5.35343666577	-1685.4070327	
-5.35501271022	-1685.41052621	
-5.35658627467	-1685.4140134	
-5.3581573669	-1685.41749429	
-5.35972599468	-1685.4209689	
-5.36129216571	-1685.42443725	
-5.36285588769	-1685.42789935	
-5.36441716825	-1685.43135522	
-5.36597601502	-1685.43480488	
-5.36753243557	-1685.43824835	
-5.36908643744	-1685.44168565	
-5.37063802813	-1685.44511678	
-5.37218721511	-1685.44854178	
-5.37373400583	-1685.45196065	
-5.37527840768	-1685.45537342	
-5.37682042804	-1685.4587801	
-5.37836007422	-1685.4621807	
-5.37989735354	-1685.46557525	
-5.38143227326	-1685.46896377	
-5.38296484061	-1685.47234626	
-5.38449506279	-1685.47572275	
-5.38602294697	-1685.47909325	
-5.38754850028	-1685.48245779	
-5.38907172982	-1685.48581637	
-5.39059264266	-1685.48916901	
-5.39211124583	-1685.49251573	
-5.39362754635	-1685.49585655	
-5.39514155118	-1685.49919148	
-5.39665326727	-1685.50252053	
-5.39816270152	-1685.50584374	
-5.39966986081	-1685.5091611	
-5.40117475199	-1685.51247264	
-5.40267738187	-1685.51577837	
-5.40417775725	-1685.51907831	
-5.40567588487	-1685.52237248	
-5.40717177146	-1685.52566088	
-5.40866542372	-1685.52894354	
-5.4101568483	-1685.53222048	
-5.41164605186	-1685.5354917	
-5.41313304098	-1685.53875722	
-5.41461782224	-1685.54201707	
-5.4161004022	-1685.54527124	
-5.41758078737	-1685.54851977	
-5.41905898424	-1685.55176266	
-5.42053499927	-1685.55499993	
-5.42200883889	-1685.5582316	
-5.4234805095	-1685.56145767	
-5.42495001748	-1685.56467817	
-5.42641736918	-1685.56789311	
-5.4278825709	-1685.57110251	
-5.42934562895	-1685.57430638	
-5.43080654959	-1685.57750473	
-5.43226533906	-1685.58069758	
-5.43372200355	-1685.58388494	
-5.43517654927	-1685.58706684	
-5.43662898235	-1685.59024327	
-5.43807930892	-1685.59341427	
-5.4395275351	-1685.59657984	
-5.44097366695	-1685.59973999	
-5.44241771052	-1685.60289475	
-5.44385967184	-1685.60604412	
-5.4452995569	-1685.60918812	
-5.44673737167	-1685.61232677	
-5.44817312209	-1685.61546007	
-5.44960681409	-1685.61858805	
-5.45103845357	-1685.62171071	
-5.45246804638	-1685.62482808	
-5.45389559837	-1685.62794015	
-5.45532111536	-1685.63104696	
-5.45674460314	-1685.63414851	
-5.45816606749	-1685.63724481	
-5.45958551414	-1685.64033588	
-5.46100294883	-1685.64342174	
-5.46241837723	-1685.64650239	
-5.46383180503	-1685.64957785	
-5.46524323786	-1685.65264814	
-5.46665268137	-1685.65571326	
-5.46806014114	-1685.65877323	
-5.46946562274	-1685.66182807	
-5.47086913175	-1685.66487778	
-5.47227067367	-1685.66792239	
-5.47367025403	-1685.6709619	
-5.47506787829	-1685.67399632	
-5.47646355193	-1685.67702568	
-5.47785728038	-1685.68004997	
-5.47924906905	-1685.68306923	
-5.48063892334	-1685.68608345	
-5.48202684862	-1685.68909265	
-5.48341285022	-1685.69209685	
-5.48479693349	-1685.69509606	
-5.48617910372	-1685.69809028	
-5.48755936619	-1685.70107954	
-5.48893772616	-1685.70406385	
-5.49031418887	-1685.70704321	
-5.49168875953	-1685.71001764	
-5.49306144334	-1685.71298716	
-5.49443224547	-1685.71595177	
-5.49580117108	-1685.71891149	
-5.49716822529	-1685.72186633	
-5.49853341322	-1685.72481631	
-5.49989673995	-1685.72776142	
-5.50125821054	-1685.7307017	
-5.50261783006	-1685.73363715	
-5.50397560352	-1685.73656777	
-5.50533153593	-1685.73949359	
-5.50668563228	-1685.74241462	
-5.50803789753	-1685.74533087	
-5.50938833663	-1685.74824234	
-5.5107369545	-1685.75114906	
-5.51208375605	-1685.75405103	
-5.51342874616	-1685.75694827	
-5.51477192971	-1685.75984078	
-5.51611331154	-1685.76272858	
-5.51745289646	-1685.76561169	
-5.51879068931	-1685.7684901	
-5.52012669485	-1685.77136384	
-5.52146091786	-1685.77423292	
-5.5227933631	-1685.77709735	
-5.52412403528	-1685.77995713	
-5.52545293913	-1685.78281228	
-5.52678007934	-1685.78566282	
-5.52810546058	-1685.78850875	
-5.52942908751	-1685.79135008	
-5.53075096477	-1685.79418683	
-5.53207109697	-1685.79701901	
-5.53338948873	-1685.79984663	
-5.53470614461	-1685.80266969	
-5.53602106919	-1685.80548822	
-5.53733426702	-1685.80830222	
-5.53864574262	-1685.8111117	
-5.5399555005	-1685.81391667	
-5.54126354516	-1685.81671715	
-5.54256988107	-1685.81951315	
-5.5438745127	-1685.82230467	
-5.54517744448	-1685.82509174	
-5.54647868084	-1685.82787435	
-5.54777822618	-1685.83065252	
-5.5490760849	-1685.83342626	
-5.55037226136	-1685.83619558	
-5.55166675992	-1685.83896049	
-5.55295958492	-1685.84172101	
-5.55425074069	-1685.84447714	
-5.55554023152	-1685.84722889	
-5.5568280617	-1685.84997628	
-5.55811423551	-1685.85271931	
-5.5593987572	-1685.855458	
-5.56068163102	-1685.85819235	
-5.56196286117	-1685.86092238	
-5.56324245188	-1685.8636481	
-5.56452040732	-1685.86636951	
-5.56579673168	-1685.86908663	
-5.56707142911	-1685.87179947	
-5.56834450376	-1685.87450803	
-5.56961595975	-1685.87721234	
-5.57088580119	-1685.87991239	
-5.57215403218	-1685.8826082	
-5.57342065679	-1685.88529978	
-5.5746856791	-1685.88798714	
-5.57594910315	-1685.89067028	
-5.57721093297	-1685.89334923	
-5.57847117258	-1685.89602398	
-5.57972982599	-1685.89869455	
-5.58098689718	-1685.90136095	
-5.58224239012	-1685.90402319	
-5.58349630878	-1685.90668127	
-5.5847486571	-1685.90933521	
-5.585999439	-1685.91198502	
-5.5872486584	-1685.91463071	
-5.5884963192	-1685.91727229	
-5.58974242528	-1685.91990976	
-5.59098698051	-1685.92254314	
-5.59222998875	-1685.92517243	
-5.59347145384	-1685.92779765	
-5.5947113796	-1685.93041881	
-5.59594976985	-1685.93303591	
-5.59718662839	-1685.93564896	
-5.598421959	-1685.93825798	
-5.59965576545	-1685.94086297	
-5.60088805149	-1685.94346395	
-5.60211882088	-1685.94606091	
-5.60334807733	-1685.94865388	
-5.60457582457	-1685.95124285	
-5.6058020663	-1685.95382785	
-5.60702680619	-1685.95640888	
-5.60825004793	-1685.95898594	
-5.60947179518	-1685.96155905	
-5.61069205159	-1685.96412822	
-5.61191082078	-1685.96669345	
-5.61312810639	-1685.96925476	
-5.61434391201	-1685.97181215	
-5.61555824124	-1685.97436564	
-5.61677109767	-1685.97691523	
-5.61798248485	-1685.97946092	
-5.61919240636	-1685.98200274	
-5.62040086572	-1685.98454069	
-5.62160786647	-1685.98707477	
-5.62281341212	-1685.989605	
-5.62401750619	-1685.99213139	
-5.62522015215	-1685.99465394	
-5.6264213535	-1685.99717266	
-5.62762111369	-1685.99968757	
-5.62881943618	-1686.00219866	
-5.63001632442	-1686.00470596	
-5.63121178182	-1686.00720946	
-5.63240581181	-1686.00970918	
-5.6335984178	-1686.01220512	
-5.63478960317	-1686.0146973	
-5.6359793713	-1686.01718572	
-5.63716772557	-1686.01967039	
-5.63835466933	-1686.02215132	
-5.63954020593	-1686.02462852	
-5.64072433869	-1686.02710199	
-5.64190707094	-1686.02957175	
-5.64308840598	-1686.0320378	
-5.64426834712	-1686.03450016	
-5.64544689764	-1686.03695882	
-5.64662406082	-1686.0394138	
-5.64779983991	-1686.04186511	
-5.64897423816	-1686.04431275	
-5.65014725882	-1686.04675674	
-5.65131890512	-1686.04919707	
-5.65248918027	-1686.05163377	
-5.65365808747	-1686.05406683	
-5.65482562993	-1686.05649627	
-5.65599181082	-1686.0589221	
-5.65715663332	-1686.06134431	
-5.65832010058	-1686.06376293	
-5.65948221576	-1686.06617795	
-5.660642982	-1686.06858939	
-5.66180240242	-1686.07099726	
-5.66296048014	-1686.07340156	
-5.66411721826	-1686.07580229	
-5.66527261989	-1686.07819948	
-5.66642668811	-1686.08059312	
-5.66757942599	-1686.08298322	
-5.6687308366	-1686.0853698	
-5.66988092298	-1686.08775285	
-5.67102968818	-1686.0901324	
-5.67217713524	-1686.09250844	
-5.67332326717	-1686.09488098	
-5.67446808699	-1686.09725003	
-5.67561159769	-1686.0996156	
-5.67675380227	-1686.1019777	
-5.6778947037	-1686.10433633	
-5.67903430497	-1686.1066915	
-5.68017260902	-1686.10904322	
-5.6813096188	-1686.11139149	
-5.68244533727	-1686.11373634	
-5.68357976734	-1686.11607775	
-5.68471291194	-1686.11841574	
-5.68584477397	-1686.12075032	
-5.68697535634	-1686.12308149	
-5.68810466194	-1686.12540927	
-5.68923269364	-1686.12773365	
-5.69035945432	-1686.13005465	
-5.69148494685	-1686.13237228	
-5.69260917406	-1686.13468653	
-5.6937321388	-1686.13699743	
-5.69485384391	-1686.13930497	
-5.69597429221	-1686.14160917	
-5.69709348651	-1686.14391002	
-5.69821142961	-1686.14620754	
-5.69932812431	-1686.14850174	
-5.70044357339	-1686.15079262	
-5.70155777963	-1686.15308019	
-5.7026707458	-1686.15536446	
-5.70378247466	-1686.15764543	
-5.70489296894	-1686.15992312	
-5.70600223139	-1686.16219752	
-5.70711026475	-1686.16446865	
-5.70821707172	-1686.1667365	
-5.70932265503	-1686.1690011	
-5.71042701737	-1686.17126245	
-5.71153016145	-1686.17352055	
-5.71263208993	-1686.17577541	
-5.71373280551	-1686.17802703	
-5.71483231084	-1686.18027544	
-5.71593060859	-1686.18252062	
-5.71702770141	-1686.18476259	
-5.71812359193	-1686.18700136	
-5.71921828279	-1686.18923693	
-5.72031177661	-1686.19146931	
-5.72140407601	-1686.1936985	
-5.72249518359	-1686.19592452	
-5.72358510195	-1686.19814737	
-5.72467383369	-1686.20036705	
-5.72576138137	-1686.20258358	
-5.72684774759	-1686.20479695	
-5.72793293489	-1686.20700718	
-5.72901694583	-1686.20921428	
-5.73009978297	-1686.21141825	
-5.73118144884	-1686.21361909	
-5.73226194598	-1686.21581682	
-5.7333412769	-1686.21801143	
-5.73441944412	-1686.22020294	
-5.73549645015	-1686.22239136	
-5.73657229748	-1686.22457669	
-5.73764698861	-1686.22675893	
-5.73872052602	-1686.22893809	
-5.73979291218	-1686.23111419	
-5.74086414956	-1686.23328722	
-5.74193424062	-1686.23545719	
-5.74300318781	-1686.23762411	
-5.74407099357	-1686.23978799	
-5.74513766034	-1686.24194882	
-5.74620319054	-1686.24410663	
-5.7472675866	-1686.24626141	
-5.74833085092	-1686.24841317	
-5.74939298591	-1686.25056192	
-5.75045399397	-1686.25270766	
-5.75151387748	-1686.2548504	
-5.75257263883	-1686.25699015	
-5.75363028038	-1686.25912691	
-5.75468680452	-1686.26126069	
-5.75574221359	-1686.26339149	
-5.75679650994	-1686.26551933	
-5.75784969593	-1686.2676442	
-5.75890177388	-1686.26976612	
-5.75995274612	-1686.27188509	
-5.76100261499	-1686.27400111	
-5.76205138278	-1686.27611419	
-5.76309905181	-1686.27822434	
-5.76414562438	-1686.28033157	
-5.76519110278	-1686.28243588	
-5.7662354893	-1686.28453727	
-5.76727878622	-1686.28663576	
-5.76832099579	-1686.28873134	
-5.7693621203	-1686.29082403	
-5.770402162	-1686.29291383	
-5.77144112313	-1686.29500075	
-5.77247900594	-1686.29708479	
-5.77351581267	-1686.29916596	
-5.77455154554	-1686.30124426	
-5.77558620679	-1686.30331971	
-5.77661979861	-1686.3053923	
-5.77765232322	-1686.30746204	
-5.77868378283	-1686.30952894	
-5.77971417962	-1686.31159301	
-5.78074351579	-1686.31365424	
-5.78177179352	-1686.31571265	
-5.78279901497	-1686.31776824	
-5.78382518233	-1686.31982102	
-5.78485029774	-1686.321871	
-5.78587436337	-1686.32391817	
-5.78689738137	-1686.32596254	
-5.78791935386	-1686.32800413	
-5.788940283	-1686.33004293	
-5.7899601709	-1686.33207896	
-5.79097901969	-1686.33411221	
-5.79199683148	-1686.3361427	
-5.79301360838	-1686.33817042	
-5.7940293525	-1686.34019539	
-5.79504406593	-1686.34221761	
-5.79605775077	-1686.34423709	
-5.79707040908	-1686.34625383	
-5.79808204295	-1686.34826783	
-5.79909265446	-1686.35027911	
-5.80010224566	-1686.35228766	
-5.80111081862	-1686.3542935	
-5.80211837538	-1686.35629663	
-5.80312491799	-1686.35829705	
-5.80413044849	-1686.36029478	
-5.80513496892	-1686.36228981	
-5.80613848129	-1686.36428215	
-5.80714098764	-1686.3662718	
-5.80814248998	-1686.36825878	
-5.80914299031	-1686.37024309	
