# log_p 	 lnL 	 
0.0	-1630.18701843	
-0.287682072452	-1630.23674052	
-0.510825623766	-1630.29560476	
-0.69314718056	-1630.34987039	
-0.847297860387	-1630.396215	
-0.980829253012	-1630.43463004	
-1.09861228867	-1630.46611169	
-1.20397280433	-1630.49183405	
-1.29928298413	-1630.51287042	
-1.38629436112	-1630.53012002	
-1.46633706879	-1630.54430869	
-1.54044504095	-1630.55601301	
-1.60943791243	-1630.56568859	
-1.67397643357	-1630.57369575	
-1.73460105539	-1630.58032078	
-1.79175946923	-1630.58579265	
-1.8458266905	-1630.59029596	
-1.89711998489	-1630.59398082	
-1.94591014906	-1630.59697028	
-1.99243016469	-1630.59936606	
-2.03688192726	-1630.60125288	
-2.07944154168	-1630.60270179	
-2.1202635362	-1630.60377275	
-2.15948424935	-1630.60451664	
-2.19722457734	-1630.60497684	
-2.23359222151	-1630.60519052	
-2.26868354132	-1630.60518962	
-2.30258509299	-1630.6050017	
-2.33537491582	-1630.60465064	
-2.36712361413	-1630.60415714	
-2.3978952728	-1630.60353923	
-2.42774823595	-1630.60281264	
-2.45673577282	-1630.60199115	
-2.48490664979	-1630.60108681	
-2.51230562398	-1630.60011025	
-2.53897387106	-1630.59907081	
-2.56494935746	-1630.59797674	
-2.59026716545	-1630.59683536	
-2.61495977804	-1630.59565316	
-2.63905732962	-1630.5944359	
-2.66258782703	-1630.59318873	
-2.68557734525	-1630.59191625	
-2.7080502011	-1630.59062257	
-2.73002910782	-1630.58931138	
-2.75153531304	-1630.58798602	
-2.77258872224	-1630.58664948	
-2.79320800944	-1630.58530448	
-2.81341071676	-1630.58395345	
-2.83321334406	-1630.58259863	
-2.85263142991	-1630.58124203	
-2.87167962488	-1630.57988549	
-2.8903717579	-1630.57853068	
-2.90872089656	-1630.57717913	
-2.92673940207	-1630.57583222	
-2.94443897917	-1630.57449124	
-2.96183072188	-1630.57315733	
-2.97892515524	-1630.57183155	
-2.99573227355	-1630.57051489	
-3.01226157551	-1630.56920823	
-3.02852209638	-1630.56791237	
-3.04452243772	-1630.56662806	
-3.06027079469	-1630.56535597	
-3.07577498123	-1630.56409672	
-3.09104245336	-1630.56285086	
-3.10608033072	-1630.5616189	
-3.12089541651	-1630.5604013	
-3.13549421593	-1630.55919848	
-3.14988295338	-1630.55801081	
-3.16406758837	-1630.55683863	
-3.17805383035	-1630.55568223	
-3.19184715248	-1630.55454189	
-3.20545280454	-1630.55341782	
-3.21887582487	-1630.55231025	
-3.23212105162	-1630.55121934	
-3.24519313319	-1630.55014525	
-3.25809653802	-1630.5490881	
-3.2708355638	-1630.548048	
-3.28341434601	-1630.54702503	
-3.295836866	-1630.54601926	
-3.3081069586	-1630.54503073	
-3.32022831913	-1630.54405946	
-3.33220451018	-1630.54310548	
-3.34403896782	-1630.54216877	
-3.35573500759	-1630.54124933	
-3.36729582999	-1630.54034711	
-3.37872452581	-1630.53946207	
-3.39002408106	-1630.53859416	
-3.40119738166	-1630.53774332	
-3.41224721785	-1630.53690946	
-3.42317628838	-1630.5360925	
-3.43398720449	-1630.53529236	
-3.4446824936	-1630.53450892	
-3.45526460293	-1630.53374207	
-3.4657359028	-1630.53299171	
-3.47609868984	-1630.5322577	
-3.48635519	-1630.53153993	
-3.49650756147	-1630.53083825	
-3.50655789732	-1630.53015252	
-3.51650822817	-1630.52948261	
-3.52636052462	-1630.52882837	
-3.53611669956	-1630.52818963	
-3.54577861047	-1630.52756626	
-3.55534806149	-1630.52695808	
-3.56482680544	-1630.52636495	
-3.57421654579	-1630.52578668	
-3.58351893846	-1630.52522313	
-3.59273559356	-1630.52467413	
-3.60186807712	-1630.52413949	
-3.61091791264	-1630.52361906	
-3.61988658263	-1630.52311265	
-3.62877553004	-1630.5226201	
-3.63758615973	-1630.52214124	
-3.6463198397	-1630.52167588	
-3.65497790244	-1630.52122385	
-3.66356164613	-1630.52078499	
-3.6720723358	-1630.5203591	
-3.68051120444	-1630.51994601	
-3.68887945411	-1630.51954556	
-3.69717825693	-1630.51915756	
-3.70540875607	-1630.51878184	
-3.7135720667	-1630.51841822	
-3.72166927694	-1630.51806653	
-3.72970144863	-1630.51772659	
-3.73766961828	-1630.51739824	
-3.74557479779	-1630.5170813	
-3.75341797525	-1630.51677561	
-3.76120011569	-1630.51648098	
-3.76892216179	-1630.51619725	
-3.77658503453	-1630.51592425	
-3.78418963392	-1630.51566182	
-3.79173683955	-1630.51540979	
-3.79922751128	-1630.515168	
-3.80666248977	-1630.51493627	
-3.81404259707	-1630.51471446	
-3.82136863716	-1630.51450241	
-3.82864139649	-1630.51429994	
-3.83586164446	-1630.51410691	
-3.84303013394	-1630.51392316	
-3.85014760171	-1630.51374853	
-3.85721476893	-1630.51358287	
-3.86423234159	-1630.51342604	
-3.87120101091	-1630.51327788	
-3.87812145375	-1630.51313824	
-3.88499433304	-1630.51300698	
-3.89182029811	-1630.51288395	
-3.8985999851	-1630.51276901	
-3.90533401728	-1630.51266202	
-3.91202300543	-1630.51256283	
-3.91866754815	-1630.51247132	
-3.92526823218	-1630.51238734	
-3.93182563272	-1630.51231076	
-3.93834031375	-1630.51224144	
-3.94481282825	-1630.51217926	
-3.95124371858	-1630.51212408	
-3.95763351668	-1630.51207578	
-3.96398274436	-1630.51203423	
-3.97029191355	-1630.5119993	
-3.97656152657	-1630.51197088	
-3.98279207632	-1630.51194883	
-3.98898404656	-1630.51193305	
-3.99513791214	-1630.51192341	
-4.00125413916	-1630.5119198	
-4.00733318523	-1630.51192209	
-4.01337549969	-1630.51193019	
-4.01938152375	-1630.51194397	
-4.02535169074	-1630.51196333	
-4.03128642625	-1630.51198815	
-4.03718614838	-1630.51201833	
-4.04305126783	-1630.51205377	
-4.04888218815	-1630.51209436	
-4.05467930583	-1630.51214	
-4.06044301055	-1630.51219058	
-4.06617368526	-1630.51224601	
-4.07187170637	-1630.5123062	
-4.07753744391	-1630.51237103	
-4.08317126162	-1630.51244043	
-4.08877351717	-1630.51251429	
-4.09434456222	-1630.51259252	
-4.0998847426	-1630.51267503	
-4.10539439841	-1630.51276174	
-4.11087386417	-1630.51285255	
-4.11632346894	-1630.51294738	
-4.12174353641	-1630.51304614	
-4.12713438505	-1630.51314875	
-4.13249632819	-1630.51325512	
-4.13782967416	-1630.51336518	
-4.14313472639	-1630.51347885	
-4.14841178349	-1630.51359604	
-4.15366113938	-1630.51371668	
-4.15888308336	-1630.51384069	
-4.16407790024	-1630.513968	
-4.1692458704	-1630.51409853	
-4.1743872699	-1630.51423222	
-4.17950237056	-1630.51436898	
-4.18459144007	-1630.51450875	
-4.18965474203	-1630.51465146	
-4.19469253606	-1630.51479704	
-4.19970507788	-1630.51494543	
-4.20469261939	-1630.51509656	
-4.20965540873	-1630.51525036	
-4.21459369037	-1630.51540677	
-4.21950770518	-1630.51556572	
-4.22439769047	-1630.51572717	
-4.22926388012	-1630.51589104	
-4.2341065046	-1630.51605728	
-4.23892579103	-1630.51622582	
-4.2437219633	-1630.51639662	
-4.24849524205	-1630.51656961	
-4.25324584481	-1630.51674473	
-4.257973986	-1630.51692195	
-4.26267987704	-1630.51710119	
-4.26736372635	-1630.5172824	
-4.27202573946	-1630.51746555	
-4.27666611902	-1630.51765056	
-4.28128506487	-1630.5178374	
-4.28588277412	-1630.51802602	
-4.29045944115	-1630.51821636	
-4.29501525768	-1630.51840838	
-4.29955041285	-1630.51860204	
-4.3040650932	-1630.51879727	
-4.30855948279	-1630.51899405	
-4.31303376319	-1630.51919233	
-4.31748811354	-1630.51939206	
-4.3219227106	-1630.5195932	
-4.32633772881	-1630.51979571	
-4.33073334029	-1630.51999954	
-4.33510971489	-1630.52020466	
-4.33946702026	-1630.52041103	
-4.34380542185	-1630.5206186	
-4.348125083	-1630.52082735	
-4.3524261649	-1630.52103722	
-4.35670882669	-1630.52124819	
-4.36097322548	-1630.52146022	
-4.36521951636	-1630.52167326	
-4.36944785247	-1630.5218873	
-4.373658385	-1630.52210228	
-4.37785126326	-1630.52231819	
-4.38202663467	-1630.52253498	
-4.38618464482	-1630.52275262	
-4.39032543749	-1630.52297109	
-4.39444915467	-1630.52319034	
-4.39855593663	-1630.52341035	
-4.40264592188	-1630.52363108	
-4.40671924726	-1630.52385252	
-4.41077604796	-1630.52407462	
-4.4148164575	-1630.52429737	
-4.4188406078	-1630.52452072	
-4.42284862919	-1630.52474466	
-4.42684065046	-1630.52496916	
-4.43081679884	-1630.52519419	
-4.43477720006	-1630.52541972	
-4.43872197835	-1630.52564574	
-4.44265125649	-1630.5258722	
-4.44656515581	-1630.5260991	
-4.45046379623	-1630.5263264	
-4.45434729625	-1630.52655408	
-4.45821577303	-1630.52678212	
-4.46206934235	-1630.52701049	
-4.46590811865	-1630.52723918	
-4.46973221509	-1630.52746815	
-4.47354174351	-1630.5276974	
-4.47733681448	-1630.5279269	
-4.48111753732	-1630.52815662	
-4.48488402011	-1630.52838655	
-4.48863636973	-1630.52861666	
-4.49237469184	-1630.52884695	
-4.49609909093	-1630.52907738	
-4.49980967033	-1630.52930794	
-4.50350653221	-1630.52953862	
-4.50718977763	-1630.52976938	
-4.51085950652	-1630.53000023	
-4.51451581772	-1630.53023113	
-4.518158809	-1630.53046207	
-4.52178857705	-1630.53069304	
-4.52540521752	-1630.53092401	
-4.52900882502	-1630.53115498	
-4.53259949315	-1630.53138592	
-4.5361773145	-1630.53161683	
-4.53974238067	-1630.53184768	
-4.54329478227	-1630.53207846	
-4.54683460898	-1630.53230916	
-4.55036194949	-1630.53253977	
-4.5538768916	-1630.53277026	
-4.55737952215	-1630.53300063	
-4.56086992709	-1630.53323086	
-4.56434819147	-1630.53346094	
-4.56781439944	-1630.53369085	
-4.57126863431	-1630.53392059	
-4.5747109785	-1630.53415015	
-4.5781415136	-1630.5343795	
-4.58156032035	-1630.53460864	
-4.58496747867	-1630.53483756	
-4.58836306767	-1630.53506624	
-4.59174716566	-1630.53529468	
-4.59511985013	-1630.53552287	
-4.59848119784	-1630.53575078	
-4.60183128472	-1630.53597842	
-4.60517018599	-1630.53620578	
-4.60849797608	-1630.53643283	
-4.61181472871	-1630.53665959	
-4.61512051684	-1630.53688602	
-4.61841541274	-1630.53711213	
-4.62169948794	-1630.53733791	
-4.62497281328	-1630.53756335	
-4.62823545892	-1630.53778844	
-4.63148749431	-1630.53801316	
-4.63472898823	-1630.53823752	
-4.63796000881	-1630.53846151	
-4.64118062351	-1630.53868511	
-4.64439089914	-1630.53890832	
-4.64759090187	-1630.53913114	
-4.65078069724	-1630.53935355	
-4.65396035016	-1630.53957554	
-4.65712992492	-1630.53979712	
-4.66028948521	-1630.54001827	
-4.66343909411	-1630.54023899	
-4.66657881412	-1630.54045928	
-4.66970870713	-1630.54067911	
-4.67282883446	-1630.5408985	
-4.67593925688	-1630.54111743	
-4.67904003455	-1630.54133589	
-4.68213122712	-1630.54155389	
-4.68521289366	-1630.54177141	
-4.6882850927	-1630.54198846	
-4.69134788223	-1630.54220502	
-4.69440131972	-1630.54242109	
-4.6974454621	-1630.54263667	
-4.70048036579	-1630.54285174	
-4.70350608671	-1630.54306632	
-4.70652268025	-1630.54328038	
-4.70953020131	-1630.54349393	
-4.71252870431	-1630.54370697	
-4.71551824316	-1630.54391948	
-4.7184988713	-1630.54413147	
-4.72147064168	-1630.54434293	
-4.72443360681	-1630.54455386	
-4.72738781871	-1630.54476425	
-4.73033332894	-1630.5449741	
-4.73327018862	-1630.5451834	
-4.73619844839	-1630.54539216	
-4.7391181585	-1630.54560037	
-4.74202936871	-1630.54580803	
-4.74493212836	-1630.54601513	
-4.74782648639	-1630.54622166	
-4.75071249128	-1630.54642764	
-4.75359019111	-1630.54663305	
-4.75645963353	-1630.54683789	
-4.75932086582	-1630.54704217	
-4.7621739348	-1630.54724587	
-4.76501888693	-1630.54744899	
-4.76785576827	-1630.54765154	
-4.77068462447	-1630.5478535	
-4.77350550081	-1630.54805489	
-4.77631844218	-1630.54825569	
-4.77912349311	-1630.5484559	
-4.78192069773	-1630.54865553	
-4.78471009982	-1630.54885456	
-4.78749174278	-1630.54905301	
-4.79026566966	-1630.54925086	
-4.79303192316	-1630.54944811	
-4.7957905456	-1630.54964477	
-4.79854157897	-1630.54984084	
-4.80128506491	-1630.5500363	
-4.80402104473	-1630.55023116	
-4.80674955939	-1630.55042542	
-4.8094706495	-1630.55061908	
-4.81218435537	-1630.55081213	
-4.81489071697	-1630.55100458	
-4.81758977394	-1630.55119642	
-4.82028156561	-1630.55138765	
-4.82296613098	-1630.55157828	
-4.82564350875	-1630.5517683	
-4.8283137373	-1630.5519577	
-4.83097685472	-1630.5521465	
-4.83363289878	-1630.55233469	
-4.83628190695	-1630.55252226	
-4.83892391641	-1630.55270922	
-4.84155896405	-1630.55289558	
-4.84418708646	-1630.55308131	
-4.84680831994	-1630.55326644	
-4.84942270051	-1630.55345095	
-4.85203026392	-1630.55363484	
-4.85463104562	-1630.55381812	
-4.8572250808	-1630.55400079	
-4.85981240436	-1630.55418284	
-4.86239305096	-1630.55436428	
-4.86496705495	-1630.5545451	
-4.86753445046	-1630.55472531	
-4.87009527132	-1630.55490491	
-4.87264955112	-1630.55508389	
-4.8751973232	-1630.55526225	
-4.87773862063	-1630.55544	
-4.88027347623	-1630.55561714	
-4.88280192259	-1630.55579366	
-4.88532399202	-1630.55596956	
-4.88783971662	-1630.55614486	
-4.89034912822	-1630.55631954	
-4.89285225844	-1630.55649361	
-4.89534913864	-1630.55666706	
-4.89783979995	-1630.55683991	
-4.90032427328	-1630.55701214	
-4.90280258929	-1630.55718376	
-4.90527477844	-1630.55735477	
-4.90774087093	-1630.55752517	
-4.91020089677	-1630.55769496	
-4.91265488574	-1630.55786415	
-4.91510286737	-1630.55803272	
-4.91754487103	-1630.55820069	
-4.91998092583	-1630.55836805	
-4.92241106068	-1630.55853481	
-4.92483530429	-1630.55870095	
-4.92725368516	-1630.5588665	
-4.92966623156	-1630.55903144	
-4.93207297159	-1630.55919578	
-4.93447393313	-1630.55935952	
-4.93686914386	-1630.55952265	
-4.93925863125	-1630.55968519	
-4.94164242261	-1630.55984712	
-4.94402054501	-1630.56000846	
-4.94639302537	-1630.5601692	
-4.94875989038	-1630.56032935	
-4.95112116656	-1630.5604889	
-4.95347688026	-1630.56064785	
-4.9558270576	-1630.56080621	
-4.95817172456	-1630.56096398	
-4.96051090691	-1630.56112116	
-4.96284463026	-1630.56127775	
-4.96517292002	-1630.56143375	
-4.96749580144	-1630.56158916	
-4.96981329958	-1630.56174398	
-4.97212543933	-1630.56189822	
-4.97443224543	-1630.56205188	
-4.97673374242	-1630.56220495	
-4.97902995468	-1630.56235744	
-4.98132090643	-1630.56250935	
-4.98360662171	-1630.56266068	
-4.98588712441	-1630.56281143	
-4.98816243824	-1630.5629616	
-4.99043258678	-1630.5631112	
-4.99269759341	-1630.56326023	
-4.99495748138	-1630.56340868	
-4.99721227376	-1630.56355656	
-4.9994619935	-1630.56370387	
-5.00170666335	-1630.56385062	
-5.00394630595	-1630.56399679	
-5.00618094375	-1630.5641424	
-5.00841059907	-1630.56428744	
-5.0106352941	-1630.56443192	
-5.01285505083	-1630.56457584	
-5.01506989116	-1630.5647192	
-5.01727983681	-1630.564862	
-5.01948490937	-1630.56500424	
-5.02168513028	-1630.56514592	
-5.02388052085	-1630.56528705	
-5.02607110223	-1630.56542763	
-5.02825689545	-1630.56556765	
-5.03043792139	-1630.56570713	
-5.03261420082	-1630.56584605	
-5.03478575433	-1630.56598443	
-5.03695260241	-1630.56612226	
-5.03911476542	-1630.56625955	
-5.04127226356	-1630.56639629	
-5.04342511692	-1630.56653249	
-5.04557334546	-1630.56666816	
-5.047716969	-1630.56680328	
-5.04985600725	-1630.56693787	
-5.05199047978	-1630.56707192	
-5.05412040604	-1630.56720544	
-5.05624580535	-1630.56733842	
-5.05836669692	-1630.56747088	
-5.06048309982	-1630.5676028	
-5.06259503303	-1630.5677342	
-5.06470251537	-1630.56786508	
-5.06680556556	-1630.56799542	
-5.06890420222	-1630.56812525	
-5.07099844382	-1630.56825455	
-5.07308830874	-1630.56838334	
-5.07517381523	-1630.5685116	
-5.07725498144	-1630.56863935	
-5.07933182538	-1630.56876659	
-5.08140436498	-1630.56889331	
-5.08347261805	-1630.56901952	
-5.08553660227	-1630.56914522	
-5.08759633523	-1630.56927041	
-5.08965183441	-1630.56939509	
-5.09170311719	-1630.56951927	
-5.09375020081	-1630.56964294	
-5.09579310244	-1630.56976611	
-5.09783183913	-1630.56988879	
-5.09986642782	-1630.57001096	
-5.10189688537	-1630.57013263	
-5.10392322852	-1630.57025381	
-5.1059454739	-1630.5703745	
-5.10796363806	-1630.57049469	
-5.10997773743	-1630.5706144	
-5.11198778836	-1630.57073361	
-5.11399380708	-1630.57085233	
-5.11599580975	-1630.57097057	
-5.11799381242	-1630.57108833	
-5.11998783102	-1630.5712056	
-5.12197788143	-1630.57132239	
-5.1239639794	-1630.5714387	
-5.12594614061	-1630.57155454	
-5.12792438062	-1630.57166989	
-5.12989871492	-1630.57178478	
-5.13186915891	-1630.57189918	
-5.13383572788	-1630.57201312	
-5.13579843705	-1630.57212659	
-5.13775730154	-1630.57223959	
-5.13971233637	-1630.57235212	
-5.1416635565	-1630.57246419	
-5.14361097679	-1630.5725758	
-5.145554612	-1630.57268694	
-5.14749447681	-1630.57279762	
-5.14943058584	-1630.57290785	
-5.15136295359	-1630.57301761	
-5.1532915945	-1630.57312692	
-5.15521652291	-1630.57323578	
-5.15713775309	-1630.57334419	
-5.15905529921	-1630.57345214	
-5.1609691754	-1630.57355965	
-5.16287939565	-1630.57366671	
-5.16478597392	-1630.57377332	
-5.16668892407	-1630.57387949	
-5.16858825987	-1630.57398522	
-5.17048399504	-1630.5740905	
-5.17237614319	-1630.57419535	
-5.17426471788	-1630.57429975	
-5.17614973257	-1630.57440372	
-5.17803120067	-1630.57450726	
-5.1799091355	-1630.57461036	
-5.18178355029	-1630.57471304	
-5.18365445823	-1630.57481528	
-5.1855218724	-1630.57491709	
-5.18738580584	-1630.57501848	
-5.18924627149	-1630.57511944	
-5.19110328224	-1630.57521998	
-5.19295685089	-1630.57532009	
-5.19480699018	-1630.57541979	
-5.19665371277	-1630.57551906	
-5.19849703127	-1630.57561792	
-5.20033695819	-1630.57571636	
-5.202173506	-1630.57581439	
-5.20400668708	-1630.57591201	
-5.20583651375	-1630.57600921	
-5.20766299828	-1630.576106	
-5.20948615284	-1630.57620239	
-5.21130598956	-1630.57629837	
-5.21312252048	-1630.57639394	
-5.21493575761	-1630.57648911	
-5.21674571285	-1630.57658388	
-5.21855239808	-1630.57667824	
-5.22035582508	-1630.57677221	
-5.22215600558	-1630.57686578	
-5.22395295126	-1630.57695895	
-5.22574667371	-1630.57705173	
-5.22753718449	-1630.57714411	
-5.22932449506	-1630.57723611	
-5.23110861685	-1630.57732771	
-5.23288956123	-1630.57741893	
-5.23466733947	-1630.57750975	
-5.23644196283	-1630.57760019	
-5.23821344248	-1630.57769025	
-5.23998178954	-1630.57777992	
-5.24174701506	-1630.57786922	
-5.24350913005	-1630.57795813	
-5.24526814546	-1630.57804666	
-5.24702407216	-1630.57813482	
-5.24877692099	-1630.5782226	
-5.25052670271	-1630.57831001	
-5.25227342805	-1630.57839704	
-5.25401710765	-1630.57848371	
-5.25575775213	-1630.57857	
-5.25749537203	-1630.57865592	
-5.25922997784	-1630.57874148	
-5.26096158	-1630.57882667	
-5.2626901889	-1630.5789115	
-5.26441581487	-1630.57899597	
-5.26613846818	-1630.57908007	
-5.26785815906	-1630.57916381	
-5.26957489768	-1630.5792472	
-5.27128869416	-1630.57933023	
-5.27299955856	-1630.5794129	
-5.27470750091	-1630.57949522	
-5.27641253116	-1630.57957718	
-5.27811465923	-1630.57965879	
-5.27981389498	-1630.57974006	
-5.28151024823	-1630.57982097	
-5.28320372874	-1630.57990154	
-5.28489434622	-1630.57998176	
-5.28658211033	-1630.58006163	
-5.28826703069	-1630.58014117	
-5.28994911688	-1630.58022036	
-5.2916283784	-1630.5802992	
-5.29330482472	-1630.58037771	
-5.29497846528	-1630.58045589	
-5.29664930945	-1630.58053372	
-5.29831736655	-1630.58061122	
-5.29998264587	-1630.58068838	
-5.30164515664	-1630.58076522	
-5.30330490806	-1630.58084172	
-5.30496190927	-1630.58091789	
-5.30661616936	-1630.58099373	
-5.3082676974	-1630.58106925	
-5.30991650239	-1630.58114443	
-5.3115625933	-1630.5812193	
-5.31320597904	-1630.58129384	
-5.3148466685	-1630.58136805	
-5.3164846705	-1630.58144195	
-5.31811999384	-1630.58151552	
-5.31975264727	-1630.58158878	
-5.32138263948	-1630.58166172	
-5.32300997914	-1630.58173435	
-5.32463467487	-1630.58180666	
-5.32625673524	-1630.58187865	
-5.32787616879	-1630.58195033	
-5.32949298402	-1630.58202171	
-5.33110718937	-1630.58209277	
-5.33271879327	-1630.58216352	
-5.33432780407	-1630.58223397	
-5.33593423012	-1630.58230411	
-5.3375380797	-1630.58237395	
-5.33913936107	-1630.58244348	
-5.34073808243	-1630.58251271	
-5.34233425196	-1630.58258164	
-5.3439278778	-1630.58265026	
-5.34551896803	-1630.58271859	
-5.34710753072	-1630.58278662	
-5.34869357387	-1630.58285436	
-5.35027710548	-1630.5829218	
-5.35185813348	-1630.58298895	
-5.35343666577	-1630.5830558	
-5.35501271022	-1630.58312236	
-5.35658627467	-1630.58318863	
-5.3581573669	-1630.58325461	
-5.35972599468	-1630.5833203	
-5.36129216571	-1630.58338571	
-5.36285588769	-1630.58345083	
-5.36441716825	-1630.58351566	
-5.36597601502	-1630.58358022	
-5.36753243557	-1630.58364449	
-5.36908643744	-1630.58370847	
-5.37063802813	-1630.58377218	
-5.37218721511	-1630.58383561	
-5.37373400583	-1630.58389876	
-5.37527840768	-1630.58396163	
-5.37682042804	-1630.58402423	
-5.37836007422	-1630.58408655	
-5.37989735354	-1630.5841486	
-5.38143227326	-1630.58421038	
-5.38296484061	-1630.58427189	
-5.38449506279	-1630.58433312	
-5.38602294697	-1630.58439409	
-5.38754850028	-1630.58445479	
-5.38907172982	-1630.58451522	
-5.39059264266	-1630.58457539	
-5.39211124583	-1630.58463529	
-5.39362754635	-1630.58469492	
-5.39514155118	-1630.5847543	
-5.39665326727	-1630.58481341	
-5.39816270152	-1630.58487227	
-5.39966986081	-1630.58493086	
-5.40117475199	-1630.58498919	
-5.40267738187	-1630.58504727	
-5.40417775725	-1630.58510509	
-5.40567588487	-1630.58516266	
-5.40717177146	-1630.58521997	
-5.40866542372	-1630.58527703	
-5.4101568483	-1630.58533383	
-5.41164605186	-1630.58539039	
-5.41313304098	-1630.58544669	
-5.41461782224	-1630.58550275	
-5.4161004022	-1630.58555855	
-5.41758078737	-1630.58561411	
-5.41905898424	-1630.58566943	
-5.42053499927	-1630.5857245	
-5.42200883889	-1630.58577932	
-5.4234805095	-1630.5858339	
-5.42495001748	-1630.58588824	
-5.42641736918	-1630.58594234	
-5.4278825709	-1630.5859962	
-5.42934562895	-1630.58604982	
-5.43080654959	-1630.5861032	
-5.43226533906	-1630.58615634	
-5.43372200355	-1630.58620925	
-5.43517654927	-1630.58626192	
-5.43662898235	-1630.58631435	
-5.43807930892	-1630.58636656	
-5.4395275351	-1630.58641853	
-5.44097366695	-1630.58647027	
-5.44241771052	-1630.58652178	
-5.44385967184	-1630.58657305	
-5.4452995569	-1630.5866241	
-5.44673737167	-1630.58667493	
-5.44817312209	-1630.58672552	
-5.44960681409	-1630.58677589	
-5.45103845357	-1630.58682604	
-5.45246804638	-1630.58687596	
-5.45389559837	-1630.58692565	
-5.45532111536	-1630.58697513	
-5.45674460314	-1630.58702438	
-5.45816606749	-1630.58707341	
-5.45958551414	-1630.58712223	
-5.46100294883	-1630.58717082	
-5.46241837723	-1630.5872192	
-5.46383180503	-1630.58726736	
-5.46524323786	-1630.5873153	
-5.46665268137	-1630.58736303	
-5.46806014114	-1630.58741054	
-5.46946562274	-1630.58745784	
-5.47086913175	-1630.58750493	
-5.47227067367	-1630.5875518	
-5.47367025403	-1630.58759847	
-5.47506787829	-1630.58764492	
-5.47646355193	-1630.58769117	
-5.47785728038	-1630.58773721	
-5.47924906905	-1630.58778304	
-5.48063892334	-1630.58782866	
-5.48202684862	-1630.58787408	
-5.48341285022	-1630.58791929	
-5.48479693349	-1630.5879643	
-5.48617910372	-1630.5880091	
-5.48755936619	-1630.5880537	
-5.48893772616	-1630.5880981	
-5.49031418887	-1630.5881423	
-5.49168875953	-1630.5881863	
-5.49306144334	-1630.58823011	
-5.49443224547	-1630.58827371	
-5.49580117108	-1630.58831711	
-5.49716822529	-1630.58836032	
-5.49853341322	-1630.58840333	
-5.49989673995	-1630.58844615	
-5.50125821054	-1630.58848877	
-5.50261783006	-1630.5885312	
-5.50397560352	-1630.58857344	
-5.50533153593	-1630.58861548	
-5.50668563228	-1630.58865733	
-5.50803789753	-1630.588699	
-5.50938833663	-1630.58874047	
-5.5107369545	-1630.58878175	
-5.51208375605	-1630.58882285	
-5.51342874616	-1630.58886376	
-5.51477192971	-1630.58890448	
-5.51611331154	-1630.58894501	
-5.51745289646	-1630.58898536	
-5.51879068931	-1630.58902553	
-5.52012669485	-1630.58906551	
-5.52146091786	-1630.58910531	
-5.5227933631	-1630.58914493	
-5.52412403528	-1630.58918436	
-5.52545293913	-1630.58922362	
-5.52678007934	-1630.58926269	
-5.52810546058	-1630.58930159	
-5.52942908751	-1630.58934031	
-5.53075096477	-1630.58937885	
-5.53207109697	-1630.58941721	
-5.53338948873	-1630.5894554	
-5.53470614461	-1630.58949341	
-5.53602106919	-1630.58953124	
-5.53733426702	-1630.5895689	
-5.53864574262	-1630.58960639	
-5.5399555005	-1630.58964371	
-5.54126354516	-1630.58968085	
-5.54256988107	-1630.58971782	
-5.5438745127	-1630.58975462	
-5.54517744448	-1630.58979126	
-5.54647868084	-1630.58982772	
-5.54777822618	-1630.58986401	
-5.5490760849	-1630.58990014	
-5.55037226136	-1630.58993609	
-5.55166675992	-1630.58997189	
-5.55295958492	-1630.59000751	
-5.55425074069	-1630.59004297	
-5.55554023152	-1630.59007827	
-5.5568280617	-1630.5901134	
-5.55811423551	-1630.59014837	
-5.5593987572	-1630.59018317	
-5.56068163102	-1630.59021782	
-5.56196286117	-1630.5902523	
-5.56324245188	-1630.59028662	
-5.56452040732	-1630.59032078	
-5.56579673168	-1630.59035479	
-5.56707142911	-1630.59038863	
-5.56834450376	-1630.59042232	
-5.56961595975	-1630.59045585	
-5.57088580119	-1630.59048922	
-5.57215403218	-1630.59052243	
-5.57342065679	-1630.59055549	
-5.5746856791	-1630.5905884	
-5.57594910315	-1630.59062115	
-5.57721093297	-1630.59065375	
-5.57847117258	-1630.59068619	
-5.57972982599	-1630.59071848	
-5.58098689718	-1630.59075062	
-5.58224239012	-1630.59078261	
-5.58349630878	-1630.59081445	
-5.5847486571	-1630.59084614	
-5.585999439	-1630.59087768	
-5.5872486584	-1630.59090907	
-5.5884963192	-1630.59094031	
-5.58974242528	-1630.59097141	
-5.59098698051	-1630.59100235	
-5.59222998875	-1630.59103316	
-5.59347145384	-1630.59106381	
-5.5947113796	-1630.59109432	
-5.59594976985	-1630.59112469	
-5.59718662839	-1630.59115491	
-5.598421959	-1630.59118499	
-5.59965576545	-1630.59121492	
-5.60088805149	-1630.59124472	
-5.60211882088	-1630.59127437	
-5.60334807733	-1630.59130388	
-5.60457582457	-1630.59133325	
-5.6058020663	-1630.59136248	
-5.60702680619	-1630.59139157	
-5.60825004793	-1630.59142052	
-5.60947179518	-1630.59144933	
-5.61069205159	-1630.59147801	
-5.61191082078	-1630.59150655	
-5.61312810639	-1630.59153495	
-5.61434391201	-1630.59156321	
-5.61555824124	-1630.59159134	
-5.61677109767	-1630.59161934	
-5.61798248485	-1630.5916472	
-5.61919240636	-1630.59167492	
-5.62040086572	-1630.59170252	
-5.62160786647	-1630.59172998	
-5.62281341212	-1630.5917573	
-5.62401750619	-1630.5917845	
-5.62522015215	-1630.59181156	
-5.6264213535	-1630.5918385	
-5.62762111369	-1630.5918653	
-5.62881943618	-1630.59189198	
-5.63001632442	-1630.59191852	
-5.63121178182	-1630.59194494	
-5.63240581181	-1630.59197122	
-5.6335984178	-1630.59199738	
-5.63478960317	-1630.59202342	
-5.6359793713	-1630.59204932	
-5.63716772557	-1630.5920751	
-5.63835466933	-1630.59210076	
-5.63954020593	-1630.59212629	
-5.64072433869	-1630.59215169	
-5.64190707094	-1630.59217697	
-5.64308840598	-1630.59220213	
-5.64426834712	-1630.59222716	
-5.64544689764	-1630.59225207	
-5.64662406082	-1630.59227686	
-5.64779983991	-1630.59230153	
-5.64897423816	-1630.59232608	
-5.65014725882	-1630.5923505	
-5.65131890512	-1630.59237481	
-5.65248918027	-1630.59239899	
-5.65365808747	-1630.59242306	
-5.65482562993	-1630.59244701	
-5.65599181082	-1630.59247084	
-5.65715663332	-1630.59249455	
-5.65832010058	-1630.59251814	
-5.65948221576	-1630.59254162	
-5.660642982	-1630.59256498	
-5.66180240242	-1630.59258823	
-5.66296048014	-1630.59261135	
-5.66411721826	-1630.59263437	
-5.66527261989	-1630.59265727	
-5.66642668811	-1630.59268005	
-5.66757942599	-1630.59270273	
-5.6687308366	-1630.59272528	
-5.66988092298	-1630.59274773	
-5.67102968818	-1630.59277006	
-5.67217713524	-1630.59279229	
-5.67332326717	-1630.5928144	
-5.67446808699	-1630.5928364	
-5.67561159769	-1630.59285828	
-5.67675380227	-1630.59288006	
-5.6778947037	-1630.59290173	
-5.67903430497	-1630.59292329	
-5.68017260902	-1630.59294474	
-5.6813096188	-1630.59296609	
-5.68244533727	-1630.59298732	
-5.68357976734	-1630.59300845	
-5.68471291194	-1630.59302947	
-5.68584477397	-1630.59305038	
-5.68697535634	-1630.59307119	
-5.68810466194	-1630.59309189	
-5.68923269364	-1630.59311248	
-5.69035945432	-1630.59313298	
-5.69148494685	-1630.59315336	
-5.69260917406	-1630.59317364	
-5.6937321388	-1630.59319382	
-5.69485384391	-1630.5932139	
-5.69597429221	-1630.59323387	
-5.69709348651	-1630.59325374	
-5.69821142961	-1630.59327351	
-5.69932812431	-1630.59329317	
-5.70044357339	-1630.59331274	
-5.70155777963	-1630.5933322	
-5.7026707458	-1630.59335157	
-5.70378247466	-1630.59337083	
-5.70489296894	-1630.59338999	
-5.70600223139	-1630.59340906	
-5.70711026475	-1630.59342802	
-5.70821707172	-1630.59344689	
-5.70932265503	-1630.59346566	
-5.71042701737	-1630.59348433	
-5.71153016145	-1630.5935029	
-5.71263208993	-1630.59352138	
-5.71373280551	-1630.59353976	
-5.71483231084	-1630.59355804	
-5.71593060859	-1630.59357623	
-5.71702770141	-1630.59359432	
-5.71812359193	-1630.59361232	
-5.71921828279	-1630.59363022	
-5.72031177661	-1630.59364803	
-5.72140407601	-1630.59366575	
-5.72249518359	-1630.59368337	
-5.72358510195	-1630.5937009	
-5.72467383369	-1630.59371833	
-5.72576138137	-1630.59373567	
-5.72684774759	-1630.59375292	
-5.72793293489	-1630.59377008	
-5.72901694583	-1630.59378715	
-5.73009978297	-1630.59380412	
-5.73118144884	-1630.59382101	
-5.73226194598	-1630.59383781	
-5.7333412769	-1630.59385451	
-5.73441944412	-1630.59387113	
-5.73549645015	-1630.59388765	
-5.73657229748	-1630.59390409	
-5.73764698861	-1630.59392044	
-5.73872052602	-1630.5939367	
-5.73979291218	-1630.59395287	
-5.74086414956	-1630.59396896	
-5.74193424062	-1630.59398495	
-5.74300318781	-1630.59400087	
-5.74407099357	-1630.59401669	
-5.74513766034	-1630.59403243	
-5.74620319054	-1630.59404808	
-5.7472675866	-1630.59406365	
-5.74833085092	-1630.59407913	
-5.74939298591	-1630.59409453	
-5.75045399397	-1630.59410984	
-5.75151387748	-1630.59412507	
-5.75257263883	-1630.59414022	
-5.75363028038	-1630.59415528	
-5.75468680452	-1630.59417026	
-5.75574221359	-1630.59418515	
-5.75679650994	-1630.59419996	
-5.75784969593	-1630.59421469	
-5.75890177388	-1630.59422934	
-5.75995274612	-1630.59424391	
-5.76100261499	-1630.5942584	
-5.76205138278	-1630.5942728	
-5.76309905181	-1630.59428713	
-5.76414562438	-1630.59430137	
-5.76519110278	-1630.59431554	
-5.7662354893	-1630.59432962	
-5.76727878622	-1630.59434363	
-5.76832099579	-1630.59435755	
-5.7693621203	-1630.5943714	
-5.770402162	-1630.59438517	
-5.77144112313	-1630.59439886	
-5.77247900594	-1630.59441247	
-5.77351581267	-1630.59442601	
-5.77455154554	-1630.59443947	
-5.77558620679	-1630.59445285	
-5.77661979861	-1630.59446616	
-5.77765232322	-1630.59447938	
-5.77868378283	-1630.59449254	
-5.77971417962	-1630.59450562	
-5.78074351579	-1630.59451862	
-5.78177179352	-1630.59453154	
-5.78279901497	-1630.5945444	
-5.78382518233	-1630.59455717	
-5.78485029774	-1630.59456988	
-5.78587436337	-1630.59458251	
-5.78689738137	-1630.59459506	
-5.78791935386	-1630.59460754	
-5.788940283	-1630.59461995	
-5.7899601709	-1630.59463229	
-5.79097901969	-1630.59464455	
-5.79199683148	-1630.59465674	
-5.79301360838	-1630.59466886	
-5.7940293525	-1630.59468091	
-5.79504406593	-1630.59469289	
-5.79605775077	-1630.59470479	
-5.79707040908	-1630.59471663	
-5.79808204295	-1630.59472839	
-5.79909265446	-1630.59474009	
-5.80010224566	-1630.59475171	
-5.80111081862	-1630.59476327	
-5.80211837538	-1630.59477475	
-5.80312491799	-1630.59478617	
-5.80413044849	-1630.59479751	
-5.80513496892	-1630.59480879	
-5.80613848129	-1630.59482	
-5.80714098764	-1630.59483114	
-5.80814248998	-1630.59484221	
-5.80914299031	-1630.59485322	
