#Site	lnL	
0	-3.7045267719
1	-3.96009715871
2	-7.61865428521
3	-15.7752703022
4	-3.89777686955
5	-11.0494438757
6	-3.84604152818
7	-3.89777686955
8	-5.33308309417
9	-16.1642951026
10	-4.15835286014
11	-12.6834874327
12	-3.84604152818
13	-9.62888258356
14	-8.5053574872
15	-8.88848471867
16	-8.34768444299
17	-7.61865428521
18	-3.7045267719
19	-3.80967914408
20	-5.33308309417
21	-3.84604152818
22	-4.15835286014
23	-5.07128061257
24	-3.7045267719
25	-3.80967914408
26	-5.23222793954
27	-3.84604152818
28	-3.80967914408
29	-5.07128061257
30	-8.15453345255
31	-3.96009715871
32	-8.11454647021
33	-3.84604152818
34	-15.2913493166
35	-5.62846427433
36	-3.78663149013
37	-13.8964059126
38	-5.33308309417
39	-3.78663149013
40	-7.49177778313
41	-5.33308309417
42	-14.4530497914
43	-14.088304825
44	-5.62846427433
45	-4.03752510004
46	-3.80967914408
47	-7.53309331395
48	-4.03752510004
49	-3.80967914408
50	-5.33308309417
51	-3.84604152818
52	-3.80967914408
53	-5.07128061257
54	-3.84604152818
55	-8.03693107997
56	-7.0656129783
57	-3.7045267719
58	-3.89777686955
59	-5.07128061257
60	-3.78663149013
61	-8.00938089217
62	-5.33308309417
63	-14.6762547379
64	-3.89777686955
65	-5.23222793954
66	-3.7045267719
67	-4.15835286014
68	-5.62846427433
69	-4.03752510004
70	-15.2122945931
71	-5.33308309417
72	-4.03752510004
73	-3.80967914408
74	-7.97300093043
75	-4.03752510004
76	-3.80967914408
77	-5.33308309417
78	-4.03752510004
79	-3.80967914408
80	-5.07128061257
81	-3.7045267719
82	-3.96009715871
83	-12.8356037079
84	-3.7045267719
85	-14.1072972246
86	-5.33308309417
87	-3.84604152818
88	-3.89777686955
89	-11.5193259682
90	-3.78663149013
91	-3.80967914408
92	-5.23222793954
93	-7.61620689876
94	-8.60542938891
95	-8.20952085493
96	-3.7045267719
97	-3.80967914408
98	-5.07128061257
99	-3.7045267719
100	-3.96009715871
101	-5.23222793954
102	-3.7045267719
103	-4.15835286014
104	-5.33308309417
105	-3.84604152818
106	-3.89777686955
107	-8.5053574872
108	-7.60567745673
109	-3.80967914408
110	-5.62846427433
111	-4.03752510004
112	-3.80967914408
113	-5.23222793954
114	-4.03752510004
115	-3.89777686955
116	-5.62846427433
117	-14.4079965165
118	-9.62888258356
119	-11.5505841827
120	-3.84604152818
121	-12.7981941592
122	-8.03257523351
123	-8.56866186033
124	-8.33667869697
125	-13.510381761
126	-4.03752510004
127	-3.96009715871
128	-5.33308309417
129	-3.78663149013
130	-4.15835286014
131	-5.33308309417
132	-4.03752510004
133	-3.80967914408
134	-5.33308309417
135	-8.56866186033
136	-7.99156092257
137	-5.33308309417
138	-4.03752510004
139	-3.80967914408
140	-5.23222793954
141	-10.2369061261
142	-9.9559991863
143	-5.62846427433
144	-7.84712138524
145	-3.96009715871
146	-5.33308309417
147	-3.84604152818
148	-4.15835286014
149	-7.982881402
150	-13.4597030691
151	-7.64447653148
152	-5.07128061257
153	-9.86755012284
154	-9.86922258764
155	-5.07128061257
156	-3.7045267719
157	-3.96009715871
158	-9.83181658175
159	-7.82529622877
160	-3.96009715871
161	-7.12475061016
162	-11.6774515826
163	-3.89777686955
164	-5.23222793954
165	-3.7045267719
166	-9.07749468392
167	-5.23222793954
168	-3.7045267719
169	-15.7729887464
170	-5.33308309417
171	-4.03752510004
172	-3.80967914408
173	-5.33308309417
174	-4.03752510004
175	-3.96009715871
176	-5.23222793954
177	-3.78663149013
178	-8.81504205982
179	-5.07128061257
180	-7.61620689876
181	-3.80967914408
182	-5.23222793954
183	-4.03752510004
184	-12.7257826666
185	-9.0131771307
186	-10.1365967925
187	-3.89777686955
188	-8.49039548563
189	-3.84604152818
190	-4.15835286014
191	-5.07128061257
192	-4.03752510004
193	-14.3998113255
194	-8.50007152854
195	-3.78663149013
196	-4.15835286014
197	-5.33308309417
198	-3.7045267719
199	-4.15835286014
200	-10.0677656618
201	-7.82529622877
202	-7.64447653148
203	-8.07417523601
204	-8.68422305195
205	-3.89777686955
206	-10.0677656618
207	-3.78663149013
208	-9.0629219095
209	-5.07128061257
210	-8.15453345255
211	-3.89777686955
212	-8.03257523351
213	-3.78663149013
214	-3.80967914408
215	-6.3553755601
216	-4.03752510004
217	-4.15835286014
218	-6.3553755601
219	-4.03752510004
220	-7.20552051073
221	-5.07128061257
222	-4.03752510004
223	-8.29976866974
224	-5.33308309417
225	-8.56866186033
226	-16.2922356925
227	-5.07128061257
228	-4.03752510004
229	-3.89777686955
230	-5.33308309417
231	-8.83980624083
232	-7.71022310939
233	-6.65994148273
234	-3.7045267719
235	-6.85156972477
236	-5.07128061257
237	-9.71972011801
238	-3.96009715871
239	-5.33308309417
240	-3.84604152818
241	-3.80967914408
242	-5.07128061257
243	-6.98192676667
244	-10.8723148324
245	-5.33308309417
246	-3.7045267719
247	-10.5187890083
248	-5.62846427433
249	-7.84712138524
250	-4.15835286014
251	-9.04478419789
252	-3.84604152818
253	-4.15835286014
254	-11.4396527328
255	-11.1986579848
256	-8.85969638096
257	-5.07128061257
258	-3.7045267719
259	-3.80967914408
260	-5.33308309417
261	-3.7045267719
262	-3.96009715871
263	-5.33308309417
264	-3.78663149013
265	-3.96009715871
266	-5.23222793954
267	-3.78663149013
268	-7.67040277314
269	-8.02332472966
270	-3.78663149013
271	-4.15835286014
272	-6.53264858812
273	-3.78663149013
274	-8.29976866974
275	-13.8983317183
276	-3.84604152818
277	-14.9319099989
278	-7.97300093043
279	-3.84604152818
280	-3.96009715871
281	-5.33308309417
282	-17.2497507503
283	-6.84087060067
284	-8.01830388059
285	-3.78663149013
286	-6.35017861533
287	-7.08610236723
288	-12.444758715
289	-3.80967914408
290	-5.62846427433
291	-6.56632931937
292	-6.47644176421
293	-7.01678800756
294	-3.78663149013
295	-3.89777686955
296	-5.07128061257
297	-3.84604152818
298	-4.15835286014
299	-5.33308309417
300	-3.7045267719
301	-7.64447653148
302	-5.33308309417
303	-3.84604152818
304	-3.80967914408
305	-5.23222793954
306	-4.03752510004
307	-3.80967914408
308	-7.12475061016
309	-8.96589168763
310	-11.0899308729
311	-7.01678800756
312	-4.03752510004
313	-3.89777686955
314	-5.62846427433
315	-13.1614920309
316	-3.89777686955
317	-5.07128061257
318	-3.78663149013
319	-4.15835286014
320	-9.06946627043
321	-10.358253647
322	-7.64263517572
323	-10.6033671746
324	-3.84604152818
325	-3.89777686955
326	-5.62846427433
327	-7.60567745673
328	-3.80967914408
329	-5.23222793954
330	-3.78663149013
331	-3.89777686955
332	-5.62846427433
333	-4.03752510004
334	-4.15835286014
335	-5.33308309417
336	-3.7045267719
337	-3.96009715871
338	-7.982881402
339	-12.5645940426
340	-3.96009715871
341	-8.02332472966
342	-3.7045267719
343	-3.89777686955
344	-9.01162774826
345	-8.21292366752
346	-3.96009715871
347	-7.97336114198
348	-7.26441648486
349	-3.96009715871
350	-6.53264858812
351	-12.6953171353
352	-6.47644176421
353	-5.62846427433
354	-3.7045267719
355	-3.89777686955
356	-5.62846427433
357	-7.61620689876
358	-8.33667869697
359	-7.51988910595
360	-3.78663149013
361	-3.89777686955
362	-5.62846427433
363	-4.03752510004
364	-10.2451854462
365	-5.33308309417
366	-3.84604152818
367	-8.689640989
368	-5.07128061257
369	-8.15453345255
370	-3.80967914408
371	-5.07128061257
372	-6.98192676667
373	-7.85155972039
374	-5.23222793954
375	-3.84604152818
376	-3.80967914408
377	-5.62846427433
378	-3.84604152818
379	-3.80967914408
380	-9.52310545244
381	-3.84604152818
382	-6.47644176421
383	-5.23222793954
384	-3.84604152818
385	-3.80967914408
386	-5.62846427433
387	-7.60567745673
388	-3.89777686955
389	-7.51988910595
390	-7.03621340304
391	-6.44631209414
392	-8.07417523601
393	-8.11564255898
394	-4.15835286014
395	-7.7117370215
396	-3.84604152818
397	-8.60782307747
398	-5.33308309417
399	-3.78663149013
400	-3.96009715871
401	-5.23222793954
402	-10.1365967925
403	-3.80967914408
404	-5.23222793954
405	-3.7045267719
406	-3.89777686955
407	-12.5480003482
408	-3.84604152818
409	-3.89777686955
410	-5.33308309417
411	-3.84604152818
412	-4.15835286014
413	-5.62846427433
414	-3.7045267719
415	-3.80967914408
416	-5.33308309417
417	-6.56632931937
418	-9.43066618121
419	-5.07128061257
420	-4.03752510004
421	-7.67040277314
422	-7.51988910595
423	-3.7045267719
424	-8.40647701381
425	-5.07128061257
426	-3.84604152818
427	-9.07159663421
428	-5.07128061257
429	-7.89771257709
430	-13.7661908452
431	-7.09332214151
432	-6.59047861285
433	-8.56318539758
434	-5.07128061257
435	-4.03752510004
436	-4.15835286014
437	-5.07128061257
438	-7.26441648486
439	-3.96009715871
440	-14.5564064634
441	-3.7045267719
442	-4.15835286014
443	-5.23222793954
444	-3.7045267719
445	-6.47644176421
446	-7.61865428521
447	-3.78663149013
448	-3.89777686955
449	-5.07128061257
450	-13.8503027071
451	-13.3756684042
452	-6.37452923091
453	-3.78663149013
454	-4.15835286014
455	-5.33308309417
456	-4.03752510004
457	-3.89777686955
458	-6.42850481545
459	-4.03752510004
460	-6.44631209414
461	-5.07128061257
462	-3.78663149013
463	-7.19280346681
464	-8.02332472966
465	-3.7045267719
466	-3.89777686955
467	-5.07128061257
468	-3.78663149013
469	-3.80967914408
470	-8.99686842464
