#Site	lnL	
0	-1.65846885511
1	-4.62503177766
2	-15.9931061771
3	-1.65846885511
4	-1.72570896246
5	-1.34572908577
6	-1.60194156984
7	-8.2009904909
8	-14.3431663331
9	-1.52776217993
10	-2.03774191207
11	-1.34572908577
12	-1.52776217993
13	-2.03774191207
14	-1.39589509216
15	-1.52776217993
16	-4.08260089313
17	-1.39589509216
18	-9.13077525113
19	-1.72570896246
20	-1.34572908577
21	-1.81344436052
22	-1.8714518664
23	-1.34572908577
24	-1.52776217993
25	-1.8714518664
26	-13.2168710031
27	-1.81344436052
28	-6.0839550964
29	-1.53780894109
30	-4.39485837754
31	-4.69310505384
32	-1.53780894109
33	-1.60194156984
34	-2.03774191207
35	-1.34572908577
36	-4.39485837754
37	-1.80954273153
38	-1.39589509216
39	-1.60194156984
40	-1.80954273153
41	-1.34572908577
42	-1.81344436052
43	-2.03774191207
44	-15.1058483191
45	-1.52776217993
46	-2.03774191207
47	-1.28324340633
48	-6.61225324643
49	-2.03774191207
50	-15.1058505467
51	-1.52776217993
52	-6.0839550964
53	-1.34572908577
54	-1.60194156984
55	-6.06464702481
56	-13.4212688241
57	-1.81344436052
58	-4.40973021473
59	-1.53780894109
60	-1.65846885511
61	-5.7207309022
62	-13.4714323668
63	-1.52776217993
64	-9.91728820836
65	-1.39589509216
66	-1.65846885511
67	-5.75265254239
68	-1.53780894109
69	-1.60194156984
70	-1.80954273153
71	-1.39589509216
72	-1.52776217993
73	-1.80954273153
74	-1.53780894109
75	-1.52776217993
76	-6.16557596933
77	-16.4026403707
78	-1.60194156984
79	-6.14476334434
80	-12.788187102
81	-9.69823842756
82	-2.03774191207
83	-26.2446129956
84	-4.46798579599
85	-11.5581293652
86	-16.4062709815
87	-1.52776217993
88	-1.72570896246
89	-1.39589509216
90	-1.65846885511
91	-2.03774191207
92	-1.39589509216
93	-1.65846885511
94	-1.72570896246
95	-1.39589509216
96	-4.39806674567
97	-1.80954273153
98	-1.39589509216
99	-6.89528809787
100	-1.80954273153
101	-13.1667073596
102	-1.81344436052
103	-1.72570896246
104	-1.53780894109
105	-1.65846885511
106	-5.7207309022
107	-1.34572908577
108	-1.52776217993
109	-1.80954273153
110	-13.1667062109
111	-4.85628796856
112	-6.0839550964
113	-1.28324340633
114	-1.65846885511
115	-4.40973021473
116	-1.39589509216
117	-1.65846885511
118	-1.72570896246
119	-1.34572908577
120	-1.52776217993
121	-3.99175147397
122	-13.2168727685
123	-1.65846885511
124	-5.65118198928
125	-1.28324340633
126	-1.65846885511
127	-2.03774191207
128	-13.4212669579
129	-1.52776217993
130	-1.8714518664
131	-1.28324340633
132	-1.52776217993
133	-8.88018877174
134	-1.28324340633
135	-1.52776217993
136	-2.03774191207
137	-1.34572908577
138	-6.21919239289
139	-5.70049847621
140	-13.2168710031
141	-5.12001048465
142	-4.69310505384
143	-1.28324340633
144	-1.65846885511
145	-5.75265254239
146	-15.7731787204
147	-1.81344436052
148	-1.80954273153
149	-1.39589509216
150	-1.81344436052
151	-1.8714518664
152	-1.39589509216
153	-4.81207828917
154	-4.40973021473
155	-1.28324340633
156	-1.81344436052
157	-1.72570896246
158	-1.28324340633
159	-1.52776217993
160	-1.8714518664
161	-15.0556857544
162	-6.13866037977
163	-8.2009904909
164	-1.53780894109
165	-1.65846885511
166	-1.80954273153
167	-1.34572908577
168	-8.17021777788
169	-8.11062339688
170	-13.4714323668
171	-4.86545088635
172	-1.80954273153
173	-1.34572908577
174	-1.52776217993
175	-5.75265254239
176	-1.39589509216
177	-1.60194156984
178	-1.80954273153
179	-14.4225922424
180	-1.65846885511
181	-1.80954273153
182	-14.5030539821
183	-1.60194156984
184	-1.8714518664
185	-1.28324340633
186	-1.60194156984
187	-4.40973021473
188	-13.1667062109
189	-1.52776217993
190	-6.16557596933
191	-1.39589509216
192	-1.81344436052
193	-1.8714518664
194	-1.39589509216
195	-1.60194156984
196	-1.8714518664
197	-1.53780894109
198	-1.81344436052
199	-2.03774191207
200	-1.53780894109
201	-6.19064854662
202	-1.80954273153
203	-12.7881840865
204	-1.81344436052
205	-2.03774191207
206	-1.53780894109
207	-1.60194156984
208	-1.8714518664
209	-1.39589509216
210	-1.81344436052
211	-2.03774191207
212	-1.28324340633
213	-1.52776217993
214	-1.72570896246
215	-1.28324340633
216	-1.65846885511
217	-3.98585826759
218	-1.28324340633
219	-1.81344436052
220	-1.80954273153
221	-13.2168727685
222	-1.52776217993
223	-3.98585826759
224	-12.7881840865
225	-6.89528809787
226	-6.45325228521
227	-1.39589509216
228	-1.52776217993
229	-1.8714518664
230	-1.39589509216
231	-1.52776217993
232	-1.80954273153
233	-14.8011228297
234	-1.52776217993
235	-1.80954273153
236	-1.28324340633
237	-4.39806674567
238	-2.03774191207
239	-14.9317474722
240	-1.81344436052
241	-4.05378068423
242	-18.4625183106
243	-1.60194156984
244	-2.03774191207
245	-1.53780894109
246	-4.46798579599
247	-1.72570896246
248	-1.39589509216
249	-1.81344436052
250	-4.05378068423
251	-14.8011207832
252	-6.84512330559
253	-1.80954273153
254	-1.34572908577
255	-1.81344436052
256	-1.80954273153
257	-28.216838144
258	-1.60194156984
259	-1.80954273153
260	-1.28324340633
261	-1.65846885511
262	-1.72570896246
263	-1.39589509216
264	-1.65846885511
265	-6.19624903134
266	-12.7087573352
267	-1.52776217993
268	-4.68108875638
269	-28.3987472332
270	-1.52776217993
271	-1.8714518664
272	-1.28324340633
273	-1.52776217993
274	-3.99175147397
275	-1.34572908577
276	-1.60194156984
277	-3.98585826759
278	-1.28324340633
279	-1.52776217993
280	-4.42652915808
281	-1.34572908577
282	-1.52776217993
283	-10.5182136037
284	-1.53780894109
285	-4.48367475354
286	-4.69310505384
287	-14.8011207832
288	-6.88331519134
289	-1.80954273153
290	-1.34572908577
291	-1.60194156984
292	-5.7207309022
293	-1.28324340633
294	-5.12653377664
295	-1.80954273153
296	-1.34572908577
297	-1.65846885511
298	-1.80954273153
299	-1.28324340633
300	-1.65846885511
301	-1.8714518664
302	-1.53780894109
303	-1.60194156984
304	-1.8714518664
305	-41.6546534319
306	-1.52776217993
307	-1.80954273153
308	-1.34572908577
309	-1.52776217993
310	-1.80954273153
311	-26.7650453154
312	-1.60194156984
313	-1.72570896246
314	-14.8011207832
315	-1.81344436052
316	-2.03774191207
317	-1.34572908577
318	-1.81344436052
319	-1.80954273153
320	-12.788187102
321	-1.81344436052
322	-1.8714518664
323	-1.34572908577
324	-1.81344436052
325	-2.03774191207
326	-1.53780894109
327	-1.81344436052
328	-1.8714518664
329	-1.28324340633
330	-1.65846885511
331	-5.64052508924
332	-15.7731847026
333	-1.52776217993
334	-5.65118198928
335	-16.4026403707
336	-1.60194156984
337	-5.78051442815
338	-1.34572908577
339	-1.52776217993
340	-7.76766087405
341	-1.53780894109
342	-1.52776217993
343	-7.41993478277
344	-1.39589509216
345	-4.85628796856
346	-1.80954273153
347	-1.39589509216
348	-1.65846885511
349	-1.8714518664
350	-1.34572908577
351	-1.65846885511
352	-1.8714518664
353	-1.34572908577
354	-1.65846885511
355	-1.8714518664
356	-1.28324340633
357	-1.52776217993
358	-7.74940854587
359	-14.3431663331
360	-1.81344436052
361	-1.72570896246
362	-27.7692992309
363	-1.52776217993
364	-1.80954273153
365	-1.34572908577
366	-1.65846885511
367	-3.99175147397
368	-1.53780894109
369	-1.65846885511
370	-1.8714518664
371	-14.5030539821
372	-4.85628796856
373	-5.75265254239
374	-1.34572908577
375	-1.65846885511
376	-2.03774191207
377	-14.4225922424
378	-1.81344436052
379	-1.8714518664
380	-16.5012309331
381	-4.48367475354
382	-2.03774191207
383	-1.34572908577
384	-1.81344436052
385	-1.8714518664
386	-1.28324340633
387	-1.65846885511
388	-4.08260089313
389	-15.1361443444
390	-1.60194156984
391	-3.99175147397
392	-1.34572908577
393	-4.81207828917
394	-6.39932294264
395	-16.4564369835
396	-11.0655873163
397	-1.72570896246
398	-27.8790218376
399	-4.80612317628
400	-10.1952714006
401	-13.1667073596
402	-6.12782093671
403	-1.8714518664
404	-1.53780894109
405	-6.12198578031
406	-1.80954273153
407	-14.9317474722
408	-1.81344436052
409	-1.8714518664
410	-1.34572908577
411	-4.48367475354
412	-1.72570896246
413	-1.28324340633
414	-1.65846885511
415	-3.99175147397
416	-16.4564369835
417	-7.83437469679
418	-5.70049847621
419	-1.34572908577
420	-1.60194156984
421	-2.03774191207
422	-1.53780894109
423	-13.3558833764
424	-1.72570896246
425	-13.4212669579
426	-1.60194156984
427	-1.8714518664
428	-1.28324340633
429	-1.81344436052
430	-1.8714518664
431	-1.34572908577
432	-1.52776217993
433	-1.80954273153
434	-1.34572908577
435	-1.52776217993
436	-1.8714518664
437	-13.2168727685
438	-1.52776217993
439	-1.72570896246
440	-12.7087573352
441	-1.65846885511
442	-2.03774191207
443	-1.53780894109
444	-1.60194156984
445	-2.03774191207
446	-1.34572908577
447	-4.80612317628
448	-4.64294026156
449	-1.34572908577
450	-1.52776217993
451	-1.72570896246
452	-12.7881840865
453	-1.60194156984
454	-7.70839409018
455	-1.34572908577
456	-1.60194156984
457	-7.98892584413
458	-26.2446063675
459	-1.52776217993
460	-1.8714518664
461	-13.4714336164
462	-1.52776217993
463	-5.73150604518
464	-1.39589509216
465	-1.60194156984
466	-5.65118198928
467	-14.4225976204
468	-1.52776217993
469	-2.03774191207
470	-12.7087579519
