# log_p 	 lnL 	 
0.0	-1775.35389714	
-0.287682072452	-1775.34089692	
-0.510825623766	-1775.32189119	
-0.69314718056	-1775.29886527	
-0.847297860387	-1775.27337845	
-0.980829253012	-1775.24650635	
-1.09861228867	-1775.21896788	
-1.20397280433	-1775.19124097	
-1.29928298413	-1775.16364324	
-1.38629436112	-1775.13638518	
-1.46633706879	-1775.10960492	
-1.54044504095	-1775.08339126	
-1.60943791243	-1775.05779893	
-1.67397643357	-1775.03285911	
-1.73460105539	-1775.00858648	
-1.79175946923	-1774.98498429	
-1.8458266905	-1774.96204775	
-1.89711998489	-1774.93976657	
-1.94591014906	-1774.91812671	
-1.99243016469	-1774.89711163	
-2.03688192726	-1774.87670323	
-2.07944154168	-1774.85688248	
-2.1202635362	-1774.83762992	
-2.15948424935	-1774.81892599	
-2.19722457734	-1774.80075128	
-2.23359222151	-1774.78308673	
-2.26868354132	-1774.7659137	
-2.30258509299	-1774.74921408	
-2.33537491582	-1774.73297036	
-2.36712361413	-1774.71716563	
-2.3978952728	-1774.70178363	
-2.42774823595	-1774.6868087	
-2.45673577282	-1774.67222585	
-2.48490664979	-1774.65802067	
-2.51230562398	-1774.64417939	
-2.53897387106	-1774.63068881	
-2.56494935746	-1774.61753628	
-2.59026716545	-1774.60470973	
-2.61495977804	-1774.59219758	
-2.63905732962	-1774.57998877	
-2.66258782703	-1774.56807273	
-2.68557734525	-1774.55643931	
-2.7080502011	-1774.54507884	
-2.73002910782	-1774.53398203	
-2.75153531304	-1774.52314002	
-2.77258872224	-1774.5125443	
-2.79320800944	-1774.50218673	
-2.81341071676	-1774.49205953	
-2.83321334406	-1774.4821552	
-2.85263142991	-1774.47246661	
-2.87167962488	-1774.46298687	
-2.8903717579	-1774.4537094	
-2.90872089656	-1774.44462789	
-2.92673940207	-1774.43573628	
-2.94443897917	-1774.42702874	
-2.96183072188	-1774.41849967	
-2.97892515524	-1774.41014373	
-2.99573227355	-1774.40195573	
-3.01226157551	-1774.39393072	
-3.02852209638	-1774.38606393	
-3.04452243772	-1774.37835078	
-3.06027079469	-1774.37078684	
-3.07577498123	-1774.36336787	
-3.09104245336	-1774.35608976	
-3.10608033072	-1774.34894859	
-3.12089541651	-1774.34194056	
-3.13549421593	-1774.335062	
-3.14988295338	-1774.32830938	
-3.16406758837	-1774.32167931	
-3.17805383035	-1774.31516849	
-3.19184715248	-1774.30877377	
-3.20545280454	-1774.30249209	
-3.21887582487	-1774.29632049	
-3.23212105162	-1774.29025612	
-3.24519313319	-1774.28429623	
-3.25809653802	-1774.27843816	
-3.2708355638	-1774.27267934	
-3.28341434601	-1774.26701728	
-3.295836866	-1774.26144957	
-3.3081069586	-1774.25597389	
-3.32022831913	-1774.25058799	
-3.33220451018	-1774.24528969	
-3.34403896782	-1774.24007687	
-3.35573500759	-1774.23494751	
-3.36729582999	-1774.22989961	
-3.37872452581	-1774.22493126	
-3.39002408106	-1774.22004061	
-3.40119738166	-1774.21522585	
-3.41224721785	-1774.21048524	
-3.42317628838	-1774.20581709	
-3.43398720449	-1774.20121975	
-3.4446824936	-1774.19669163	
-3.45526460293	-1774.19223119	
-3.4657359028	-1774.18783693	
-3.47609868984	-1774.18350739	
-3.48635519	-1774.17924116	
-3.49650756147	-1774.17503686	
-3.50655789732	-1774.17089316	
-3.51650822817	-1774.16680876	
-3.52636052462	-1774.1627824	
-3.53611669956	-1774.15881287	
-3.54577861047	-1774.15489896	
-3.55534806149	-1774.15103953	
-3.56482680544	-1774.14723345	
-3.57421654579	-1774.14347961	
-3.58351893846	-1774.13977696	
-3.59273559356	-1774.13612447	
-3.60186807712	-1774.13252111	
-3.61091791264	-1774.12896591	
-3.61988658263	-1774.12545792	
-3.62877553004	-1774.1219962	
-3.63758615973	-1774.11857984	
-3.6463198397	-1774.11520796	
-3.65497790244	-1774.11187971	
-3.66356164613	-1774.10859423	
-3.6720723358	-1774.10535073	
-3.68051120444	-1774.10214839	
-3.68887945411	-1774.09898644	
-3.69717825693	-1774.09586412	
-3.70540875607	-1774.0927807	
-3.7135720667	-1774.08973546	
-3.72166927694	-1774.08672769	
-3.72970144863	-1774.0837567	
-3.73766961828	-1774.08082184	
-3.74557479779	-1774.07792243	
-3.75341797525	-1774.07505786	
-3.76120011569	-1774.07222749	
-3.76892216179	-1774.06943071	
-3.77658503453	-1774.06666694	
-3.78418963392	-1774.0639356	
-3.79173683955	-1774.06123611	
-3.79922751128	-1774.05856793	
-3.80666248977	-1774.05593051	
-3.81404259707	-1774.05332333	
-3.82136863716	-1774.05074587	
-3.82864139649	-1774.04819763	
-3.83586164446	-1774.04567812	
-3.84303013394	-1774.04318684	
-3.85014760171	-1774.04072334	
-3.85721476893	-1774.03828715	
-3.86423234159	-1774.03587782	
-3.87120101091	-1774.0334949	
-3.87812145375	-1774.03113797	
-3.88499433304	-1774.02880661	
-3.89182029811	-1774.0265004	
-3.8985999851	-1774.02421894	
-3.90533401728	-1774.02196183	
-3.91202300543	-1774.01972869	
-3.91866754815	-1774.01751914	
-3.92526823218	-1774.0153328	
-3.93182563272	-1774.01316931	
-3.93834031375	-1774.01102832	
-3.94481282825	-1774.00890947	
-3.95124371858	-1774.00681244	
-3.95763351668	-1774.00473687	
-3.96398274436	-1774.00268246	
-3.97029191355	-1774.00064886	
-3.97656152657	-1773.99863577	
-3.98279207632	-1773.99664289	
-3.98898404656	-1773.99466991	
-3.99513791214	-1773.99271652	
-4.00125413916	-1773.99078245	
-4.00733318523	-1773.98886741	
-4.01337549969	-1773.98697112	
-4.01938152375	-1773.98509331	
-4.02535169074	-1773.9832337	
-4.03128642625	-1773.98139203	
-4.03718614838	-1773.97956806	
-4.04305126783	-1773.97776151	
-4.04888218815	-1773.97597215	
-4.05467930583	-1773.97419973	
-4.06044301055	-1773.97244401	
-4.06617368526	-1773.97070476	
-4.07187170637	-1773.96898175	
-4.07753744391	-1773.96727475	
-4.08317126162	-1773.96558353	
-4.08877351717	-1773.96390789	
-4.09434456222	-1773.96224761	
-4.0998847426	-1773.96060247	
-4.10539439841	-1773.95897228	
-4.11087386417	-1773.95735682	
-4.11632346894	-1773.95575591	
-4.12174353641	-1773.95416934	
-4.12713438505	-1773.95259692	
-4.13249632819	-1773.95103847	
-4.13782967416	-1773.9494938	
-4.14313472639	-1773.94796273	
-4.14841178349	-1773.94644508	
-4.15366113938	-1773.94494067	
-4.15888308336	-1773.94344934	
-4.16407790024	-1773.94197091	
-4.1692458704	-1773.94050521	
-4.1743872699	-1773.93905209	
-4.17950237056	-1773.93761138	
-4.18459144007	-1773.93618292	
-4.18965474203	-1773.93476656	
-4.19469253606	-1773.93336214	
-4.19970507788	-1773.93196952	
-4.20469261939	-1773.93058855	
-4.20965540873	-1773.92921908	
-4.21459369037	-1773.92786097	
-4.21950770518	-1773.92651407	
-4.22439769047	-1773.92517826	
-4.22926388012	-1773.92385339	
-4.2341065046	-1773.92253933	
-4.23892579103	-1773.92123595	
-4.2437219633	-1773.91994311	
-4.24849524205	-1773.9186607	
-4.25324584481	-1773.91738859	
-4.257973986	-1773.91612665	
-4.26267987704	-1773.91487476	
-4.26736372635	-1773.9136328	
-4.27202573946	-1773.91240065	
-4.27666611902	-1773.91117821	
-4.28128506487	-1773.90996535	
-4.28588277412	-1773.90876196	
-4.29045944115	-1773.90756793	
-4.29501525768	-1773.90638316	
-4.29955041285	-1773.90520753	
-4.3040650932	-1773.90404094	
-4.30855948279	-1773.90288329	
-4.31303376319	-1773.90173448	
-4.31748811354	-1773.9005944	
-4.3219227106	-1773.89946295	
-4.32633772881	-1773.89834005	
-4.33073334029	-1773.89722558	
-4.33510971489	-1773.89611946	
-4.33946702026	-1773.89502159	
-4.34380542185	-1773.89393189	
-4.348125083	-1773.89285025	
-4.3524261649	-1773.8917766	
-4.35670882669	-1773.89071084	
-4.36097322548	-1773.88965289	
-4.36521951636	-1773.88860265	
-4.36944785247	-1773.88756006	
-4.373658385	-1773.88652502	
-4.37785126326	-1773.88549745	
-4.38202663467	-1773.88447728	
-4.38618464482	-1773.88346441	
-4.39032543749	-1773.88245878	
-4.39444915467	-1773.88146031	
-4.39855593663	-1773.88046892	
-4.40264592188	-1773.87948454	
-4.40671924726	-1773.87850709	
-4.41077604796	-1773.87753649	
-4.4148164575	-1773.87657269	
-4.4188406078	-1773.8756156	
-4.42284862919	-1773.87466515	
-4.42684065046	-1773.87372129	
-4.43081679884	-1773.87278393	
-4.43477720006	-1773.87185302	
-4.43872197835	-1773.87092848	
-4.44265125649	-1773.87001026	
-4.44656515581	-1773.86909828	
-4.45046379623	-1773.86819248	
-4.45434729625	-1773.86729281	
-4.45821577303	-1773.86639919	
-4.46206934235	-1773.86551158	
-4.46590811865	-1773.8646299	
-4.46973221509	-1773.86375409	
-4.47354174351	-1773.86288411	
-4.47733681448	-1773.86201989	
-4.48111753732	-1773.86116138	
-4.48488402011	-1773.86030851	
-4.48863636973	-1773.85946124	
-4.49237469184	-1773.85861951	
-4.49609909093	-1773.85778326	
-4.49980967033	-1773.85695244	
-4.50350653221	-1773.856127	
-4.50718977763	-1773.85530689	
-4.51085950652	-1773.85449205	
-4.51451581772	-1773.85368243	
-4.518158809	-1773.85287799	
-4.52178857705	-1773.85207868	
-4.52540521752	-1773.85128444	
-4.52900882502	-1773.85049523	
-4.53259949315	-1773.849711	
-4.5361773145	-1773.8489317	
-4.53974238067	-1773.84815729	
-4.54329478227	-1773.84738772	
-4.54683460898	-1773.84662295	
-4.55036194949	-1773.84586292	
-4.5538768916	-1773.84510761	
-4.55737952215	-1773.84435696	
-4.56086992709	-1773.84361093	
-4.56434819147	-1773.84286947	
-4.56781439944	-1773.84213256	
-4.57126863431	-1773.84140013	
-4.5747109785	-1773.84067216	
-4.5781415136	-1773.83994861	
-4.58156032035	-1773.83922943	
-4.58496747867	-1773.83851458	
-4.58836306767	-1773.83780402	
-4.59174716566	-1773.83709773	
-4.59511985013	-1773.83639565	
-4.59848119784	-1773.83569775	
-4.60183128472	-1773.83500399	
-4.60517018599	-1773.83431434	
-4.60849797608	-1773.83362876	
-4.61181472871	-1773.83294721	
-4.61512051684	-1773.83226966	
-4.61841541274	-1773.83159608	
-4.62169948794	-1773.83092643	
-4.62497281328	-1773.83026066	
-4.62823545892	-1773.82959876	
-4.63148749431	-1773.82894069	
-4.63472898823	-1773.82828641	
-4.63796000881	-1773.8276359	
-4.64118062351	-1773.82698911	
-4.64439089914	-1773.82634602	
-4.64759090187	-1773.8257066	
-4.65078069724	-1773.82507081	
-4.65396035016	-1773.82443862	
-4.65712992492	-1773.82381001	
-4.66028948521	-1773.82318493	
-4.66343909411	-1773.82256338	
-4.66657881412	-1773.8219453	
-4.66970870713	-1773.82133068	
-4.67282883446	-1773.82071949	
-4.67593925688	-1773.82011169	
-4.67904003455	-1773.81950726	
-4.68213122712	-1773.81890617	
-4.68521289366	-1773.8183084	
-4.6882850927	-1773.81771391	
-4.69134788223	-1773.81712268	
-4.69440131972	-1773.81653468	
-4.6974454621	-1773.81594989	
-4.70048036579	-1773.81536827	
-4.70350608671	-1773.81478981	
-4.70652268025	-1773.81421448	
-4.70953020131	-1773.81364225	
-4.71252870431	-1773.8130731	
-4.71551824316	-1773.812507	
-4.7184988713	-1773.81194393	
-4.72147064168	-1773.81138387	
-4.72443360681	-1773.81082678	
-4.72738781871	-1773.81027266	
-4.73033332894	-1773.80972146	
-4.73327018862	-1773.80917318	
-4.73619844839	-1773.80862778	
-4.7391181585	-1773.80808524	
-4.74202936871	-1773.80754555	
-4.74493212836	-1773.80700868	
-4.74782648639	-1773.80647461	
-4.75071249128	-1773.80594331	
-4.75359019111	-1773.80541476	
-4.75645963353	-1773.80488895	
-4.75932086582	-1773.80436585	
-4.7621739348	-1773.80384544	
-4.76501888693	-1773.8033277	
-4.76785576827	-1773.80281261	
-4.77068462447	-1773.80230015	
-4.77350550081	-1773.8017903	
-4.77631844218	-1773.80128303	
-4.77912349311	-1773.80077834	
-4.78192069773	-1773.8002762	
-4.78471009982	-1773.79977659	
-4.78749174278	-1773.79927949	
-4.79026566966	-1773.79878488	
-4.79303192316	-1773.79829275	
-4.7957905456	-1773.79780307	
-4.79854157897	-1773.79731583	
-4.80128506491	-1773.79683101	
-4.80402104473	-1773.79634859	
-4.80674955939	-1773.79586855	
-4.8094706495	-1773.79539088	
-4.81218435537	-1773.79491556	
-4.81489071697	-1773.79444257	
-4.81758977394	-1773.7939719	
-4.82028156561	-1773.79350352	
-4.82296613098	-1773.79303742	
-4.82564350875	-1773.79257358	
-4.8283137373	-1773.792112	
-4.83097685472	-1773.79165264	
-4.83363289878	-1773.7911955	
-4.83628190695	-1773.79074056	
-4.83892391641	-1773.7902878	
-4.84155896405	-1773.78983721	
-4.84418708646	-1773.78938877	
-4.84680831994	-1773.78894246	
-4.84942270051	-1773.78849828	
-4.85203026392	-1773.7880562	
-4.85463104562	-1773.78761622	
-4.8572250808	-1773.78717831	
-4.85981240436	-1773.78674246	
-4.86239305096	-1773.78630867	
-4.86496705495	-1773.7858769	
-4.86753445046	-1773.78544715	
-4.87009527132	-1773.78501941	
-4.87264955112	-1773.78459366	
-4.8751973232	-1773.78416988	
-4.87773862063	-1773.78374807	
-4.88027347623	-1773.78332821	
-4.88280192259	-1773.78291028	
-4.88532399202	-1773.78249427	
-4.88783971662	-1773.78208018	
-4.89034912822	-1773.78166798	
-4.89285225844	-1773.78125766	
-4.89534913864	-1773.78084922	
-4.89783979995	-1773.78044263	
-4.90032427328	-1773.78003789	
-4.90280258929	-1773.77963498	
-4.90527477844	-1773.77923388	
-4.90774087093	-1773.7788346	
-4.91020089677	-1773.77843711	
-4.91265488574	-1773.77804141	
-4.91510286737	-1773.77764748	
-4.91754487103	-1773.7772553	
-4.91998092583	-1773.77686488	
-4.92241106068	-1773.77647619	
-4.92483530429	-1773.77608923	
-4.92725368516	-1773.77570397	
-4.92966623156	-1773.77532043	
-4.93207297159	-1773.77493857	
-4.93447393313	-1773.77455839	
-4.93686914386	-1773.77417988	
-4.93925863125	-1773.77380302	
-4.94164242261	-1773.77342782	
-4.94402054501	-1773.77305425	
-4.94639302537	-1773.7726823	
-4.94875989038	-1773.77231197	
-4.95112116656	-1773.77194324	
-4.95347688026	-1773.77157611	
-4.9558270576	-1773.77121056	
-4.95817172456	-1773.77084658	
-4.96051090691	-1773.77048417	
-4.96284463026	-1773.7701233	
-4.96517292002	-1773.76976399	
-4.96749580144	-1773.7694062	
-4.96981329958	-1773.76904994	
-4.97212543933	-1773.76869519	
-4.97443224543	-1773.76834195	
-4.97673374242	-1773.7679902	
-4.97902995468	-1773.76763993	
-4.98132090643	-1773.76729115	
-4.98360662171	-1773.76694382	
-4.98588712441	-1773.76659796	
-4.98816243824	-1773.76625354	
-4.99043258678	-1773.76591056	
-4.99269759341	-1773.76556901	
-4.99495748138	-1773.76522889	
-4.99721227376	-1773.76489017	
-4.9994619935	-1773.76455286	
-5.00170666335	-1773.76421694	
-5.00394630595	-1773.76388241	
-5.00618094375	-1773.76354926	
-5.00841059907	-1773.76321747	
-5.0106352941	-1773.76288705	
-5.01285505083	-1773.76255798	
-5.01506989116	-1773.76223025	
-5.01727983681	-1773.76190386	
-5.01948490937	-1773.76157879	
-5.02168513028	-1773.76125505	
-5.02388052085	-1773.76093261	
-5.02607110223	-1773.76061148	
-5.02825689545	-1773.76029165	
-5.03043792139	-1773.7599731	
-5.03261420082	-1773.75965583	
-5.03478575433	-1773.75933984	
-5.03695260241	-1773.75902511	
-5.03911476542	-1773.75871164	
-5.04127226356	-1773.75839942	
-5.04342511692	-1773.75808843	
-5.04557334546	-1773.75777869	
-5.047716969	-1773.75747017	
-5.04985600725	-1773.75716287	
-5.05199047978	-1773.75685679	
-5.05412040604	-1773.75655191	
-5.05624580535	-1773.75624823	
-5.05836669692	-1773.75594574	
-5.06048309982	-1773.75564443	
-5.06259503303	-1773.75534431	
-5.06470251537	-1773.75504535	
-5.06680556556	-1773.75474756	
-5.06890420222	-1773.75445092	
-5.07099844382	-1773.75415544	
-5.07308830874	-1773.7538611	
-5.07517381523	-1773.75356789	
-5.07725498144	-1773.75327582	
-5.07933182538	-1773.75298487	
-5.08140436498	-1773.75269504	
-5.08347261805	-1773.75240632	
-5.08553660227	-1773.7521187	
-5.08759633523	-1773.75183218	
-5.08965183441	-1773.75154676	
-5.09170311719	-1773.75126242	
-5.09375020081	-1773.75097916	
-5.09579310244	-1773.75069697	
-5.09783183913	-1773.75041586	
-5.09986642782	-1773.7501358	
-5.10189688537	-1773.7498568	
-5.10392322852	-1773.74957884	
-5.1059454739	-1773.74930194	
-5.10796363806	-1773.74902607	
-5.10997773743	-1773.74875123	
-5.11198778836	-1773.74847741	
-5.11399380708	-1773.74820462	
-5.11599580975	-1773.74793284	
-5.11799381242	-1773.74766208	
-5.11998783102	-1773.74739231	
-5.12197788143	-1773.74712354	
-5.1239639794	-1773.74685577	
-5.12594614061	-1773.74658898	
-5.12792438062	-1773.74632317	
-5.12989871492	-1773.74605834	
-5.13186915891	-1773.74579448	
-5.13383572788	-1773.74553159	
-5.13579843705	-1773.74526966	
-5.13775730154	-1773.74500868	
-5.13971233637	-1773.74474865	
-5.1416635565	-1773.74448956	
-5.14361097679	-1773.74423141	
-5.145554612	-1773.7439742	
-5.14749447681	-1773.74371792	
-5.14943058584	-1773.74346256	
-5.15136295359	-1773.74320812	
-5.1532915945	-1773.74295459	
-5.15521652291	-1773.74270198	
-5.15713775309	-1773.74245026	
-5.15905529921	-1773.74219945	
-5.1609691754	-1773.74194953	
-5.16287939565	-1773.74170051	
-5.16478597392	-1773.74145236	
-5.16668892407	-1773.7412051	
-5.16858825987	-1773.74095871	
-5.17048399504	-1773.7407132	
-5.17237614319	-1773.74046855	
-5.17426471788	-1773.74022476	
-5.17614973257	-1773.73998183	
-5.17803120067	-1773.73973976	
-5.1799091355	-1773.73949853	
-5.18178355029	-1773.73925815	
-5.18365445823	-1773.7390186	
-5.1855218724	-1773.73877989	
-5.18738580584	-1773.73854201	
-5.18924627149	-1773.73830496	
-5.19110328224	-1773.73806873	
-5.19295685089	-1773.73783332	
-5.19480699018	-1773.73759872	
-5.19665371277	-1773.73736493	
-5.19849703127	-1773.73713195	
-5.20033695819	-1773.73689976	
-5.202173506	-1773.73666838	
-5.20400668708	-1773.73643779	
-5.20583651375	-1773.73620798	
-5.20766299828	-1773.73597896	
-5.20948615284	-1773.73575072	
-5.21130598956	-1773.73552326	
-5.21312252048	-1773.73529657	
-5.21493575761	-1773.73507065	
-5.21674571285	-1773.7348455	
-5.21855239808	-1773.73462111	
-5.22035582508	-1773.73439747	
-5.22215600558	-1773.73417459	
-5.22395295126	-1773.73395245	
-5.22574667371	-1773.73373106	
-5.22753718449	-1773.73351042	
-5.22932449506	-1773.73329051	
-5.23110861685	-1773.73307134	
-5.23288956123	-1773.7328529	
-5.23466733947	-1773.73263518	
-5.23644196283	-1773.73241819	
-5.23821344248	-1773.73220192	
-5.23998178954	-1773.73198637	
-5.24174701506	-1773.73177153	
-5.24350913005	-1773.7315574	
-5.24526814546	-1773.73134397	
-5.24702407216	-1773.73113125	
-5.24877692099	-1773.73091923	
-5.25052670271	-1773.7307079	
-5.25227342805	-1773.73049726	
-5.25401710765	-1773.73028732	
-5.25575775213	-1773.73007805	
-5.25749537203	-1773.72986947	
-5.25922997784	-1773.72966157	
-5.26096158	-1773.72945435	
-5.2626901889	-1773.72924779	
-5.26441581487	-1773.72904191	
-5.26613846818	-1773.72883669	
-5.26785815906	-1773.72863213	
-5.26957489768	-1773.72842824	
-5.27128869416	-1773.728225	
-5.27299955856	-1773.72802241	
-5.27470750091	-1773.72782047	
-5.27641253116	-1773.72761918	
-5.27811465923	-1773.72741853	
-5.27981389498	-1773.72721852	
-5.28151024823	-1773.72701915	
-5.28320372874	-1773.72682041	
-5.28489434622	-1773.72662231	
-5.28658211033	-1773.72642483	
-5.28826703069	-1773.72622798	
-5.28994911688	-1773.72603175	
-5.2916283784	-1773.72583614	
-5.29330482472	-1773.72564114	
-5.29497846528	-1773.72544676	
-5.29664930945	-1773.72525299	
-5.29831736655	-1773.72505983	
-5.29998264587	-1773.72486728	
-5.30164515664	-1773.72467532	
-5.30330490806	-1773.72448397	
-5.30496190927	-1773.72429321	
-5.30661616936	-1773.72410304	
-5.3082676974	-1773.72391347	
-5.30991650239	-1773.72372448	
-5.3115625933	-1773.72353608	
-5.31320597904	-1773.72334826	
-5.3148466685	-1773.72316103	
-5.3164846705	-1773.72297437	
-5.31811999384	-1773.72278828	
-5.31975264727	-1773.72260277	
-5.32138263948	-1773.72241782	
-5.32300997914	-1773.72223344	
-5.32463467487	-1773.72204963	
-5.32625673524	-1773.72186638	
-5.32787616879	-1773.72168369	
-5.32949298402	-1773.72150155	
-5.33110718937	-1773.72131997	
-5.33271879327	-1773.72113894	
-5.33432780407	-1773.72095845	
-5.33593423012	-1773.72077852	
-5.3375380797	-1773.72059913	
-5.33913936107	-1773.72042028	
-5.34073808243	-1773.72024197	
-5.34233425196	-1773.72006419	
-5.3439278778	-1773.71988695	
-5.34551896803	-1773.71971024	
-5.34710753072	-1773.71953406	
-5.34869357387	-1773.71935841	
-5.35027710548	-1773.71918328	
-5.35185813348	-1773.71900868	
-5.35343666577	-1773.71883459	
-5.35501271022	-1773.71866102	
-5.35658627467	-1773.71848797	
-5.3581573669	-1773.71831543	
-5.35972599468	-1773.7181434	
-5.36129216571	-1773.71797188	
-5.36285588769	-1773.71780087	
-5.36441716825	-1773.71763036	
-5.36597601502	-1773.71746035	
-5.36753243557	-1773.71729084	
-5.36908643744	-1773.71712183	
-5.37063802813	-1773.71695332	
-5.37218721511	-1773.71678529	
-5.37373400583	-1773.71661776	
-5.37527840768	-1773.71645072	
-5.37682042804	-1773.71628416	
-5.37836007422	-1773.71611809	
-5.37989735354	-1773.7159525	
-5.38143227326	-1773.71578739	
-5.38296484061	-1773.71562276	
-5.38449506279	-1773.7154586	
-5.38602294697	-1773.71529492	
-5.38754850028	-1773.71513171	
-5.38907172982	-1773.71496898	
-5.39059264266	-1773.7148067	
-5.39211124583	-1773.7146449	
-5.39362754635	-1773.71448356	
-5.39514155118	-1773.71432268	
-5.39665326727	-1773.71416226	
-5.39816270152	-1773.7140023	
-5.39966986081	-1773.71384279	
-5.40117475199	-1773.71368374	
-5.40267738187	-1773.71352514	
-5.40417775725	-1773.71336699	
-5.40567588487	-1773.71320929	
-5.40717177146	-1773.71305203	
-5.40866542372	-1773.71289522	
-5.4101568483	-1773.71273885	
-5.41164605186	-1773.71258293	
-5.41313304098	-1773.71242744	
-5.41461782224	-1773.71227239	
-5.4161004022	-1773.71211777	
-5.41758078737	-1773.71196359	
-5.41905898424	-1773.71180984	
-5.42053499927	-1773.71165652	
-5.42200883889	-1773.71150362	
-5.4234805095	-1773.71135116	
-5.42495001748	-1773.71119911	
-5.42641736918	-1773.71104749	
-5.4278825709	-1773.71089629	
-5.42934562895	-1773.71074551	
-5.43080654959	-1773.71059515	
-5.43226533906	-1773.7104452	
-5.43372200355	-1773.71029567	
-5.43517654927	-1773.71014655	
-5.43662898235	-1773.70999784	
-5.43807930892	-1773.70984953	
-5.4395275351	-1773.70970164	
-5.44097366695	-1773.70955415	
-5.44241771052	-1773.70940706	
-5.44385967184	-1773.70926038	
-5.4452995569	-1773.7091141	
-5.44673737167	-1773.70896821	
-5.44817312209	-1773.70882272	
-5.44960681409	-1773.70867763	
-5.45103845357	-1773.70853293	
-5.45246804638	-1773.70838863	
-5.45389559837	-1773.70824471	
-5.45532111536	-1773.70810119	
-5.45674460314	-1773.70795805	
-5.45816606749	-1773.7078153	
-5.45958551414	-1773.70767293	
-5.46100294883	-1773.70753095	
-5.46241837723	-1773.70738934	
-5.46383180503	-1773.70724812	
-5.46524323786	-1773.70710728	
-5.46665268137	-1773.70696681	
-5.46806014114	-1773.70682671	
-5.46946562274	-1773.706687	
-5.47086913175	-1773.70654765	
-5.47227067367	-1773.70640867	
-5.47367025403	-1773.70627007	
-5.47506787829	-1773.70613183	
-5.47646355193	-1773.70599396	
-5.47785728038	-1773.70585645	
-5.47924906905	-1773.7057193	
-5.48063892334	-1773.70558252	
-5.48202684862	-1773.7054461	
-5.48341285022	-1773.70531004	
-5.48479693349	-1773.70517434	
-5.48617910372	-1773.70503899	
-5.48755936619	-1773.70490399	
-5.48893772616	-1773.70476936	
-5.49031418887	-1773.70463507	
-5.49168875953	-1773.70450113	
-5.49306144334	-1773.70436755	
-5.49443224547	-1773.70423431	
-5.49580117108	-1773.70410141	
-5.49716822529	-1773.70396887	
-5.49853341322	-1773.70383667	
-5.49989673995	-1773.70370481	
-5.50125821054	-1773.70357329	
-5.50261783006	-1773.70344211	
-5.50397560352	-1773.70331127	
-5.50533153593	-1773.70318077	
-5.50668563228	-1773.7030506	
-5.50803789753	-1773.70292077	
-5.50938833663	-1773.70279127	
-5.5107369545	-1773.70266211	
-5.51208375605	-1773.70253327	
-5.51342874616	-1773.70240477	
-5.51477192971	-1773.70227659	
-5.51611331154	-1773.70214874	
-5.51745289646	-1773.70202122	
-5.51879068931	-1773.70189402	
-5.52012669485	-1773.70176714	
-5.52146091786	-1773.70164059	
-5.5227933631	-1773.70151436	
-5.52412403528	-1773.70138844	
-5.52545293913	-1773.70126285	
-5.52678007934	-1773.70113757	
-5.52810546058	-1773.70101261	
-5.52942908751	-1773.70088797	
-5.53075096477	-1773.70076363	
-5.53207109697	-1773.70063962	
-5.53338948873	-1773.70051591	
-5.53470614461	-1773.70039251	
-5.53602106919	-1773.70026942	
-5.53733426702	-1773.70014664	
-5.53864574262	-1773.70002417	
-5.5399555005	-1773.699902	
-5.54126354516	-1773.69978013	
-5.54256988107	-1773.69965857	
-5.5438745127	-1773.69953732	
-5.54517744448	-1773.69941636	
-5.54647868084	-1773.6992957	
-5.54777822618	-1773.69917534	
-5.5490760849	-1773.69905528	
-5.55037226136	-1773.69893552	
-5.55166675992	-1773.69881605	
-5.55295958492	-1773.69869687	
-5.55425074069	-1773.69857799	
-5.55554023152	-1773.6984594	
-5.5568280617	-1773.69834111	
-5.55811423551	-1773.6982231	
-5.5593987572	-1773.69810538	
-5.56068163102	-1773.69798795	
-5.56196286117	-1773.69787081	
-5.56324245188	-1773.69775395	
-5.56452040732	-1773.69763738	
-5.56579673168	-1773.69752109	
-5.56707142911	-1773.69740508	
-5.56834450376	-1773.69728936	
-5.56961595975	-1773.69717391	
-5.57088580119	-1773.69705875	
-5.57215403218	-1773.69694386	
-5.57342065679	-1773.69682925	
-5.5746856791	-1773.69671492	
-5.57594910315	-1773.69660087	
-5.57721093297	-1773.69648709	
-5.57847117258	-1773.69637358	
-5.57972982599	-1773.69626034	
-5.58098689718	-1773.69614738	
-5.58224239012	-1773.69603469	
-5.58349630878	-1773.69592227	
-5.5847486571	-1773.69581011	
-5.585999439	-1773.69569823	
-5.5872486584	-1773.69558661	
-5.5884963192	-1773.69547525	
-5.58974242528	-1773.69536417	
-5.59098698051	-1773.69525334	
-5.59222998875	-1773.69514278	
-5.59347145384	-1773.69503248	
-5.5947113796	-1773.69492244	
-5.59594976985	-1773.69481267	
-5.59718662839	-1773.69470315	
-5.598421959	-1773.69459389	
-5.59965576545	-1773.69448489	
-5.60088805149	-1773.69437614	
-5.60211882088	-1773.69426765	
-5.60334807733	-1773.69415942	
-5.60457582457	-1773.69405143	
-5.6058020663	-1773.69394371	
-5.60702680619	-1773.69383623	
-5.60825004793	-1773.69372901	
-5.60947179518	-1773.69362203	
-5.61069205159	-1773.69351531	
-5.61191082078	-1773.69340883	
-5.61312810639	-1773.6933026	
-5.61434391201	-1773.69319662	
-5.61555824124	-1773.69309088	
-5.61677109767	-1773.69298539	
-5.61798248485	-1773.69288015	
-5.61919240636	-1773.69277515	
-5.62040086572	-1773.69267039	
-5.62160786647	-1773.69256587	
-5.62281341212	-1773.69246159	
-5.62401750619	-1773.69235755	
-5.62522015215	-1773.69225376	
-5.6264213535	-1773.6921502	
-5.62762111369	-1773.69204687	
-5.62881943618	-1773.69194379	
-5.63001632442	-1773.69184094	
-5.63121178182	-1773.69173833	
-5.63240581181	-1773.69163595	
-5.6335984178	-1773.6915338	
-5.63478960317	-1773.69143189	
-5.6359793713	-1773.69133021	
-5.63716772557	-1773.69122876	
-5.63835466933	-1773.69112754	
-5.63954020593	-1773.69102655	
-5.64072433869	-1773.69092579	
-5.64190707094	-1773.69082526	
-5.64308840598	-1773.69072495	
-5.64426834712	-1773.69062487	
-5.64544689764	-1773.69052502	
-5.64662406082	-1773.69042539	
-5.64779983991	-1773.69032599	
-5.64897423816	-1773.69022681	
-5.65014725882	-1773.69012785	
-5.65131890512	-1773.69002912	
-5.65248918027	-1773.6899306	
-5.65365808747	-1773.68983231	
-5.65482562993	-1773.68973423	
-5.65599181082	-1773.68963638	
-5.65715663332	-1773.68953874	
-5.65832010058	-1773.68944132	
-5.65948221576	-1773.68934412	
-5.660642982	-1773.68924713	
-5.66180240242	-1773.68915036	
-5.66296048014	-1773.68905381	
-5.66411721826	-1773.68895747	
-5.66527261989	-1773.68886134	
-5.66642668811	-1773.68876542	
-5.66757942599	-1773.68866972	
-5.6687308366	-1773.68857422	
-5.66988092298	-1773.68847894	
-5.67102968818	-1773.68838387	
-5.67217713524	-1773.688289	
-5.67332326717	-1773.68819435	
-5.67446808699	-1773.6880999	
-5.67561159769	-1773.68800566	
-5.67675380227	-1773.68791162	
-5.6778947037	-1773.68781779	
-5.67903430497	-1773.68772417	
-5.68017260902	-1773.68763075	
-5.6813096188	-1773.68753754	
-5.68244533727	-1773.68744452	
-5.68357976734	-1773.68735171	
-5.68471291194	-1773.6872591	
-5.68584477397	-1773.68716669	
-5.68697535634	-1773.68707449	
-5.68810466194	-1773.68698248	
-5.68923269364	-1773.68689067	
-5.69035945432	-1773.68679906	
-5.69148494685	-1773.68670765	
-5.69260917406	-1773.68661643	
-5.6937321388	-1773.68652541	
-5.69485384391	-1773.68643459	
-5.69597429221	-1773.68634396	
-5.69709348651	-1773.68625352	
-5.69821142961	-1773.68616329	
-5.69932812431	-1773.68607324	
-5.70044357339	-1773.68598339	
-5.70155777963	-1773.68589372	
-5.7026707458	-1773.68580425	
-5.70378247466	-1773.68571497	
-5.70489296894	-1773.68562589	
-5.70600223139	-1773.68553699	
-5.70711026475	-1773.68544828	
-5.70821707172	-1773.68535975	
-5.70932265503	-1773.68527142	
-5.71042701737	-1773.68518327	
-5.71153016145	-1773.68509531	
-5.71263208993	-1773.68500754	
-5.71373280551	-1773.68491995	
-5.71483231084	-1773.68483255	
-5.71593060859	-1773.68474533	
-5.71702770141	-1773.68465829	
-5.71812359193	-1773.68457144	
-5.71921828279	-1773.68448477	
-5.72031177661	-1773.68439828	
-5.72140407601	-1773.68431197	
-5.72249518359	-1773.68422585	
-5.72358510195	-1773.6841399	
-5.72467383369	-1773.68405414	
-5.72576138137	-1773.68396855	
-5.72684774759	-1773.68388314	
-5.72793293489	-1773.68379791	
-5.72901694583	-1773.68371286	
-5.73009978297	-1773.68362798	
-5.73118144884	-1773.68354328	
-5.73226194598	-1773.68345876	
-5.7333412769	-1773.68337441	
-5.73441944412	-1773.68329024	
-5.73549645015	-1773.68320624	
-5.73657229748	-1773.68312241	
-5.73764698861	-1773.68303876	
-5.73872052602	-1773.68295528	
-5.73979291218	-1773.68287197	
-5.74086414956	-1773.68278884	
-5.74193424062	-1773.68270587	
-5.74300318781	-1773.68262308	
-5.74407099357	-1773.68254045	
-5.74513766034	-1773.68245799	
-5.74620319054	-1773.68237571	
-5.7472675866	-1773.68229359	
-5.74833085092	-1773.68221164	
-5.74939298591	-1773.68212986	
-5.75045399397	-1773.68204824	
-5.75151387748	-1773.68196679	
-5.75257263883	-1773.6818855	
-5.75363028038	-1773.68180438	
-5.75468680452	-1773.68172343	
-5.75574221359	-1773.68164264	
-5.75679650994	-1773.68156201	
-5.75784969593	-1773.68148155	
-5.75890177388	-1773.68140125	
-5.75995274612	-1773.68132111	
-5.76100261499	-1773.68124114	
-5.76205138278	-1773.68116132	
-5.76309905181	-1773.68108167	
-5.76414562438	-1773.68100217	
-5.76519110278	-1773.68092284	
-5.7662354893	-1773.68084367	
-5.76727878622	-1773.68076465	
-5.76832099579	-1773.68068579	
-5.7693621203	-1773.6806071	
-5.770402162	-1773.68052855	
-5.77144112313	-1773.68045017	
-5.77247900594	-1773.68037194	
-5.77351581267	-1773.68029387	
-5.77455154554	-1773.68021595	
-5.77558620679	-1773.68013819	
-5.77661979861	-1773.68006058	
-5.77765232322	-1773.67998313	
-5.77868378283	-1773.67990583	
-5.77971417962	-1773.67982869	
-5.78074351579	-1773.6797517	
-5.78177179352	-1773.67967486	
-5.78279901497	-1773.67959817	
-5.78382518233	-1773.67952163	
-5.78485029774	-1773.67944525	
-5.78587436337	-1773.67936901	
-5.78689738137	-1773.67929293	
-5.78791935386	-1773.67921699	
-5.788940283	-1773.6791412	
-5.7899601709	-1773.67906557	
-5.79097901969	-1773.67899008	
-5.79199683148	-1773.67891474	
-5.79301360838	-1773.67883954	
-5.7940293525	-1773.6787645	
-5.79504406593	-1773.6786896	
-5.79605775077	-1773.67861485	
-5.79707040908	-1773.67854024	
-5.79808204295	-1773.67846578	
-5.79909265446	-1773.67839146	
-5.80010224566	-1773.67831729	
-5.80111081862	-1773.67824326	
-5.80211837538	-1773.67816937	
-5.80312491799	-1773.67809563	
-5.80413044849	-1773.67802203	
-5.80513496892	-1773.67794857	
-5.80613848129	-1773.67787526	
-5.80714098764	-1773.67780209	
-5.80814248998	-1773.67772906	
-5.80914299031	-1773.67765617	
