#Site	lnL	
0	-11.5404946963
1	-9.43297344115
2	-4.93659719985
3	-10.6102367128
4	-1.78983739212
5	-9.0256076015
6	-1.79399971574
7	-2.04951348791
8	-4.11224145835
9	-1.72892885295
10	-6.36396287865
11	-2.33037290607
12	-1.54262540673
13	-1.85662004832
14	-11.9358894095
15	-5.89609401875
16	-1.85662004832
17	-2.09345334346
18	-1.72892885295
19	-6.02851381635
20	-2.65100182709
21	-1.54262540673
22	-5.79152379655
23	-7.41219173503
24	-11.7818542754
25	-7.42252998987
26	-2.33037290607
27	-1.79399971574
28	-1.85662004832
29	-2.33037290607
30	-1.98197558834
31	-1.59856326996
32	-2.41289006808
33	-7.98976382057
34	-1.78983739212
35	-2.09345334346
36	-1.79399971574
37	-1.85662004832
38	-2.09345334346
39	-1.98197558834
40	-6.76689021505
41	-2.09345334346
42	-1.79399971574
43	-1.59856326996
44	-2.65100182709
45	-1.54262540673
46	-6.59220407005
47	-2.41289006808
48	-1.54262540673
49	-2.04951348791
50	-2.09345334346
51	-1.72892885295
52	-1.59856326996
53	-2.41289006808
54	-1.79399971574
55	-2.04951348791
56	-2.09345334346
57	-1.54262540673
58	-1.59856326996
59	-5.40208980847
60	-1.54262540673
61	-5.29060826663
62	-6.21501302268
63	-5.87032612106
64	-1.78983739212
65	-2.41289006808
66	-1.79399971574
67	-1.85662004832
68	-2.09345334346
69	-1.79399971574
70	-5.79152379655
71	-2.09345334346
72	-4.61470338555
73	-7.1579168574
74	-4.18582349508
75	-1.72892885295
76	-1.85662004832
77	-2.33037290607
78	-1.79399971574
79	-2.04951348791
80	-4.93573753287
81	-1.98197558834
82	-6.39771401538
83	-2.33037290607
84	-1.98197558834
85	-1.85662004832
86	-2.65100182709
87	-8.56674866341
88	-6.65689118397
89	-2.65100182709
90	-5.91746013554
91	-1.78983739212
92	-2.09345334346
93	-6.69650367937
94	-6.32190541893
95	-7.73800820568
96	-1.72892885295
97	-1.78983739212
98	-7.20197183769
99	-1.54262540673
100	-1.78983739212
101	-9.90288018361
102	-1.54262540673
103	-1.85662004832
104	-5.8014530915
105	-6.29179507277
106	-5.89755820859
107	-2.41289006808
108	-10.5481375142
109	-4.91840188235
110	-2.65100182709
111	-1.79399971574
112	-1.85662004832
113	-2.65100182709
114	-1.54262540673
115	-6.42098082578
116	-2.41289006808
117	-1.79399971574
118	-6.65689118397
119	-9.13722135306
120	-1.54262540673
121	-1.59856326996
122	-9.70701634039
123	-5.05663047374
124	-5.34574522259
125	-2.65100182709
126	-5.95950109178
127	-5.95312969506
128	-7.30081657452
129	-1.72892885295
130	-1.85662004832
131	-5.35279240711
132	-1.72892885295
133	-1.85662004832
134	-4.24382221252
135	-1.98197558834
136	-1.85662004832
137	-2.09345334346
138	-1.54262540673
139	-5.79152379655
140	-2.33037290607
141	-1.72892885295
142	-1.85662004832
143	-7.42237674989
144	-1.98197558834
145	-6.59220407005
146	-2.09345334346
147	-1.54262540673
148	-5.89755820859
149	-2.65100182709
150	-1.54262540673
151	-1.78983739212
152	-2.65100182709
153	-1.79399971574
154	-1.78983739212
155	-2.65100182709
156	-1.72892885295
157	-2.04951348791
158	-2.09345334346
159	-1.54262540673
160	-2.04951348791
161	-5.87853535336
162	-1.72892885295
163	-4.95037274047
164	-2.33037290607
165	-6.52523760573
166	-5.34574522259
167	-2.41289006808
168	-5.89609401875
169	-1.85662004832
170	-2.09345334346
171	-1.72892885295
172	-1.85662004832
173	-7.98022801908
174	-5.89609401875
175	-1.78983739212
176	-2.41289006808
177	-6.34916766662
178	-5.89755820859
179	-2.33037290607
180	-1.54262540673
181	-1.59856326996
182	-2.33037290607
183	-1.98197558834
184	-2.04951348791
185	-2.65100182709
186	-1.98197558834
187	-2.04951348791
188	-2.33037290607
189	-4.99452164871
190	-5.34574522259
191	-4.11224145835
192	-1.79399971574
193	-1.85662004832
194	-5.4707642328
195	-1.79399971574
196	-10.47225807
197	-2.65100182709
198	-1.79399971574
199	-1.78983739212
200	-4.18582349508
201	-1.54262540673
202	-1.59856326996
203	-5.67666169742
204	-1.98197558834
205	-7.12155444898
206	-2.09345334346
207	-1.54262540673
208	-1.85662004832
209	-2.41289006808
210	-1.54262540673
211	-4.50626609099
212	-9.27264078448
213	-1.54262540673
214	-6.02851381635
215	-7.57760426732
216	-8.30545424995
217	-1.59856326996
218	-5.75512539893
219	-1.72892885295
220	-1.59856326996
221	-2.09345334346
222	-1.79399971574
223	-9.27910569243
224	-2.41289006808
225	-6.69650367937
226	-1.59856326996
227	-7.02558848416
228	-1.54262540673
229	-5.98348521565
230	-5.59161252229
231	-6.02208491749
232	-1.85662004832
233	-2.33037290607
234	-1.72892885295
235	-4.48383306175
236	-5.35279240711
237	-1.54262540673
238	-1.85662004832
239	-2.33037290607
240	-1.54262540673
241	-1.78983739212
242	-2.65100182709
243	-4.61470338555
244	-1.59856326996
245	-2.41289006808
246	-1.54262540673
247	-1.78983739212
248	-9.378534937
249	-1.72892885295
250	-1.78983739212
251	-2.09345334346
252	-4.61470338555
253	-4.88707310012
254	-2.09345334346
255	-6.47010064977
256	-4.51470026966
257	-2.65100182709
258	-1.72892885295
259	-2.04951348791
260	-2.09345334346
261	-7.49700540059
262	-1.78983739212
263	-2.33037290607
264	-1.54262540673
265	-1.78983739212
266	-2.41289006808
267	-1.54262540673
268	-2.04951348791
269	-2.65100182709
270	-1.54262540673
271	-4.95037274047
272	-2.09345334346
273	-1.54262540673
274	-7.90292483974
275	-5.81639042843
276	-1.98197558834
277	-1.78983739212
278	-4.11224145835
279	-1.72892885295
280	-2.04951348791
281	-7.74416362374
282	-1.98197558834
283	-8.38464863162
284	-4.16640220161
285	-1.79399971574
286	-1.78983739212
287	-4.93573753287
288	-1.79399971574
289	-6.26676846297
290	-2.09345334346
291	-6.09123257138
292	-1.59856326996
293	-2.33037290607
294	-1.72892885295
295	-1.59856326996
296	-2.09345334346
297	-6.47010064977
298	-1.85662004832
299	-4.11224145835
300	-1.54262540673
301	-4.88707310012
302	-2.33037290607
303	-1.79399971574
304	-4.51470026966
305	-2.41289006808
306	-1.72892885295
307	-2.04951348791
308	-2.09345334346
309	-1.72892885295
310	-4.88707310012
311	-2.09345334346
312	-1.79399971574
313	-10.1343426816
314	-9.05008046035
315	-4.61470338555
316	-2.04951348791
317	-5.59161252229
318	-4.5885956185
319	-1.85662004832
320	-2.33037290607
321	-10.4302950909
322	-2.04951348791
323	-9.23268668846
324	-1.72892885295
325	-2.04951348791
326	-2.65100182709
327	-6.09123257138
328	-1.85662004832
329	-2.41289006808
330	-5.3665433394
331	-1.59856326996
332	-2.09345334346
333	-1.54262540673
334	-6.36584386982
335	-4.11224145835
336	-1.72892885295
337	-1.78983739212
338	-4.16640220161
339	-1.72892885295
340	-1.59856326996
341	-2.33037290607
342	-1.54262540673
343	-1.85662004832
344	-5.76914074115
345	-1.79399971574
346	-1.59856326996
347	-2.65100182709
348	-1.79399971574
349	-1.78983739212
350	-4.93573753287
351	-1.54262540673
352	-1.78983739212
353	-6.79183652163
354	-5.02932126812
355	-1.85662004832
356	-5.59161252229
357	-1.54262540673
358	-1.59856326996
359	-2.65100182709
360	-1.79399971574
361	-1.85662004832
362	-7.75447116073
363	-6.86930501246
364	-1.59856326996
365	-2.33037290607
366	-1.54262540673
367	-8.39702396975
368	-8.55486814883
369	-7.70361015833
370	-1.85662004832
371	-2.33037290607
372	-1.72892885295
373	-4.91840188235
374	-2.09345334346
375	-1.79399971574
376	-2.04951348791
377	-8.40962297853
378	-1.54262540673
379	-2.04951348791
380	-7.89470301395
381	-6.96057309864
382	-2.04951348791
383	-7.53801024702
384	-8.06029183308
385	-1.59856326996
386	-6.44025814375
387	-8.20502834756
388	-5.29060826663
389	-2.65100182709
390	-1.98197558834
391	-1.85662004832
392	-4.11224145835
393	-1.98197558834
394	-1.78983739212
395	-2.41289006808
396	-4.5885956185
397	-6.8358259437
398	-2.09345334346
399	-8.20542881231
400	-1.78983739212
401	-2.65100182709
402	-1.72892885295
403	-5.99460784774
404	-8.32102485586
405	-5.3665433394
406	-1.85662004832
407	-2.09345334346
408	-1.54262540673
409	-2.04951348791
410	-2.33037290607
411	-1.54262540673
412	-2.04951348791
413	-4.43522890974
414	-5.42865216443
415	-1.59856326996
416	-2.41289006808
417	-1.54262540673
418	-1.59856326996
419	-7.12264872996
420	-1.54262540673
421	-2.04951348791
422	-2.09345334346
423	-8.52383728268
424	-7.73229974108
425	-8.86066499776
426	-1.54262540673
427	-2.04951348791
428	-4.4904761189
429	-10.6878334836
430	-8.88907890476
431	-2.33037290607
432	-1.54262540673
433	-1.78983739212
434	-2.09345334346
435	-1.79399971574
436	-1.59856326996
437	-2.41289006808
438	-1.79399971574
439	-11.8702618938
440	-8.32592649853
441	-1.72892885295
442	-1.85662004832
443	-2.09345334346
444	-6.09123257138
445	-8.39695729923
446	-6.87557253784
447	-1.54262540673
448	-1.78983739212
449	-2.09345334346
450	-1.54262540673
451	-1.78983739212
452	-4.11224145835
453	-1.79399971574
454	-7.88485119492
455	-7.32254874663
456	-9.08776800413
457	-12.703055291
458	-2.33037290607
459	-1.79399971574
460	-1.59856326996
461	-2.09345334346
462	-1.98197558834
463	-1.59856326996
464	-8.35561601582
465	-1.98197558834
466	-1.59856326996
467	-2.41289006808
468	-1.54262540673
469	-7.56025586598
470	-2.33037290607
