#Site	lnL	
0	-1.73320892194
1	-5.28814088292
2	-1.32563572773
3	-1.91469446803
4	-5.32856424486
5	-1.32563572773
6	-1.7535350283
7	-4.4306277066
8	-13.8274878653
9	-1.54338517355
10	-5.82786881946
11	-1.32563572773
12	-1.54338517355
13	-2.05183551312
14	-1.65611698951
15	-1.7535350283
16	-6.03566452287
17	-1.51455938812
18	-1.73320892194
19	-4.4306277066
20	-14.7465462143
21	-8.31575281662
22	-5.01269604819
23	-1.4964322861
24	-1.91469446803
25	-10.9585308859
26	-1.4964322861
27	-1.73320892194
28	-2.23790354283
29	-1.32563572773
30	-1.91469446803
31	-2.05183551312
32	-1.4964322861
33	-1.91469446803
34	-2.02870377112
35	-6.90487205292
36	-1.7535350283
37	-5.03026751609
38	-12.775230719
39	-1.54338517355
40	-2.23790354283
41	-14.3706601939
42	-5.75930389222
43	-2.23790354283
44	-7.1375695621
45	-6.40506446117
46	-5.3078007005
47	-7.03640757811
48	-1.54338517355
49	-2.02870377112
50	-1.51455938812
51	-1.91469446803
52	-2.05183551312
53	-8.50291745687
54	-1.73320892194
55	-7.64047016757
56	-1.4964322861
57	-11.076580457
58	-2.05183551312
59	-8.46134212567
60	-1.54338517355
61	-6.25666107635
62	-1.65611698951
63	-1.73320892194
64	-6.89892172074
65	-7.1375695621
66	-1.54338517355
67	-2.23790354283
68	-8.10732467402
69	-1.7535350283
70	-8.26229718185
71	-1.65611698951
72	-1.73320892194
73	-2.23790354283
74	-1.65611698951
75	-1.73320892194
76	-5.29307707939
77	-1.65611698951
78	-1.7535350283
79	-1.81451601393
80	-7.17048972043
81	-1.7535350283
82	-1.81451601393
83	-1.32563572773
84	-5.49464018211
85	-2.02870377112
86	-1.4964322861
87	-6.28926890663
88	-6.68914097639
89	-7.02726316448
90	-1.54338517355
91	-1.81451601393
92	-1.32563572773
93	-1.73320892194
94	-4.4306277066
95	-1.65611698951
96	-1.91469446803
97	-2.02870377112
98	-1.32563572773
99	-4.91328318958
100	-2.05183551312
101	-7.1375695621
102	-1.54338517355
103	-2.02870377112
104	-7.84604665222
105	-1.54338517355
106	-7.47831488521
107	-1.65611698951
108	-1.54338517355
109	-2.23790354283
110	-15.0355556461
111	-1.54338517355
112	-2.05183551312
113	-1.32563572773
114	-1.73320892194
115	-5.26690005125
116	-11.791437958
117	-1.91469446803
118	-5.89290191038
119	-14.1620136428
120	-1.7535350283
121	-2.23790354283
122	-11.9281180847
123	-1.73320892194
124	-2.05183551312
125	-13.8612236941
126	-1.54338517355
127	-5.92956922279
128	-1.4964322861
129	-1.91469446803
130	-9.72730803896
131	-1.4964322861
132	-1.54338517355
133	-1.81451601393
134	-1.32563572773
135	-1.54338517355
136	-2.02870377112
137	-6.90487205292
138	-1.73320892194
139	-6.89892172074
140	-1.4964322861
141	-1.54338517355
142	-5.21615917658
143	-12.6091477148
144	-1.91469446803
145	-6.30382855657
146	-9.08963706588
147	-1.73320892194
148	-10.2598922927
149	-1.32563572773
150	-1.73320892194
151	-5.21615917658
152	-1.32563572773
153	-5.85337211184
154	-2.05183551312
155	-7.06138896692
156	-1.7535350283
157	-2.05183551312
158	-8.81529681943
159	-1.73320892194
160	-2.02870377112
161	-8.81301834466
162	-5.49512200737
163	-6.11647107005
164	-7.68716755879
165	-1.91469446803
166	-1.81451601393
167	-1.51455938812
168	-1.73320892194
169	-10.4304435565
170	-1.51455938812
171	-1.7535350283
172	-10.6954094569
173	-11.9525890794
174	-1.54338517355
175	-2.05183551312
176	-15.3047626035
177	-1.91469446803
178	-2.02870377112
179	-1.51455938812
180	-1.7535350283
181	-2.23790354283
182	-1.4964322861
183	-8.05905668762
184	-2.02870377112
185	-1.4964322861
186	-10.4346887439
187	-1.81451601393
188	-7.17048972043
189	-1.73320892194
190	-5.82786881946
191	-1.51455938812
192	-1.91469446803
193	-2.02870377112
194	-1.65611698951
195	-1.54338517355
196	-5.87042556235
197	-1.4964322861
198	-1.91469446803
199	-2.02870377112
200	-1.4964322861
201	-1.91469446803
202	-6.03566452287
203	-7.66487251477
204	-1.91469446803
205	-2.23790354283
206	-7.84604665222
207	-1.91469446803
208	-7.00262700428
209	-7.02726316448
210	-1.54338517355
211	-2.05183551312
212	-1.4964322861
213	-7.41779147746
214	-5.01269604819
215	-12.6512708694
216	-1.73320892194
217	-10.6480969745
218	-7.06138896692
219	-1.73320892194
220	-4.4306277066
221	-12.1116016977
222	-1.73320892194
223	-6.1111528473
224	-1.65611698951
225	-1.91469446803
226	-2.23790354283
227	-7.14398786111
228	-12.2814148821
229	-1.81451601393
230	-1.65611698951
231	-1.91469446803
232	-1.81451601393
233	-1.65611698951
234	-1.54338517355
235	-9.89233629077
236	-16.8998397653
237	-1.91469446803
238	-5.28814088292
239	-1.32563572773
240	-4.8655560847
241	-2.23790354283
242	-1.65611698951
243	-6.65453409688
244	-7.64378915049
245	-1.51455938812
246	-1.73320892194
247	-2.05183551312
248	-8.48989989161
249	-5.69098700324
250	-7.29236985684
251	-1.51455938812
252	-1.73320892194
253	-1.81451601393
254	-6.28615316253
255	-1.73320892194
256	-2.05183551312
257	-8.12504260704
258	-1.73320892194
259	-1.81451601393
260	-7.02726316448
261	-5.77311421883
262	-1.81451601393
263	-1.51455938812
264	-1.91469446803
265	-6.25666107635
266	-1.4964322861
267	-1.91469446803
268	-7.95326867248
269	-6.28572037792
270	-1.7535350283
271	-4.49685338841
272	-13.6681145177
273	-1.73320892194
274	-2.05183551312
275	-6.28615316253
276	-1.7535350283
277	-5.29307707939
278	-7.02726316448
279	-1.91469446803
280	-1.81451601393
281	-1.32563572773
282	-5.69098700324
283	-12.306412177
284	-1.51455938812
285	-5.69849161551
286	-5.82786881946
287	-1.65611698951
288	-4.91541926283
289	-1.81451601393
290	-6.25260625794
291	-5.77311421883
292	-1.81451601393
293	-1.32563572773
294	-1.54338517355
295	-2.23790354283
296	-7.85586727701
297	-1.7535350283
298	-5.41056281496
299	-1.51455938812
300	-1.91469446803
301	-2.02870377112
302	-7.06138896692
303	-4.91541926283
304	-1.81451601393
305	-10.2338377037
306	-1.7535350283
307	-2.02870377112
308	-7.17048972043
309	-1.73320892194
310	-2.02870377112
311	-7.99413218701
312	-1.7535350283
313	-1.81451601393
314	-1.65611698951
315	-8.05095288907
316	-5.95653758855
317	-1.4964322861
318	-4.90521371213
319	-2.05183551312
320	-1.32563572773
321	-1.73320892194
322	-12.5345651514
323	-7.03640757811
324	-1.91469446803
325	-1.81451601393
326	-1.65611698951
327	-7.33144796521
328	-2.02870377112
329	-7.66910624382
330	-1.7535350283
331	-2.02870377112
332	-1.32563572773
333	-1.73320892194
334	-2.05183551312
335	-8.0117036549
336	-1.91469446803
337	-2.02870377112
338	-1.32563572773
339	-6.28926890663
340	-5.3078007005
341	-1.51455938812
342	-1.7535350283
343	-15.0520915427
344	-1.51455938812
345	-5.51477072465
346	-1.81451601393
347	-1.51455938812
348	-1.73320892194
349	-2.05183551312
350	-7.1375695621
351	-1.54338517355
352	-1.81451601393
353	-15.9907861358
354	-1.91469446803
355	-1.81451601393
356	-1.32563572773
357	-1.7535350283
358	-2.02870377112
359	-1.65611698951
360	-1.73320892194
361	-1.81451601393
362	-1.32563572773
363	-1.73320892194
364	-2.23790354283
365	-1.4964322861
366	-1.54338517355
367	-4.50114163298
368	-1.32563572773
369	-1.7535350283
370	-1.81451601393
371	-7.79984819484
372	-1.54338517355
373	-2.05183551312
374	-1.51455938812
375	-5.49464018211
376	-1.81451601393
377	-1.4964322861
378	-1.7535350283
379	-2.02870377112
380	-1.32563572773
381	-1.7535350283
382	-1.81451601393
383	-14.2829857117
384	-1.91469446803
385	-2.05183551312
386	-6.25260625794
387	-6.3916046945
388	-2.05183551312
389	-7.68716755879
390	-1.54338517355
391	-14.1187205123
392	-1.65611698951
393	-9.65862474675
394	-7.67427206438
395	-1.65611698951
396	-11.3039380266
397	-2.02870377112
398	-14.9536873973
399	-1.7535350283
400	-6.28211746104
401	-1.4964322861
402	-4.90521371213
403	-5.01269604819
404	-6.90893367158
405	-1.54338517355
406	-4.49685338841
407	-8.7258301844
408	-6.38542942804
409	-1.81451601393
410	-1.51455938812
411	-12.4427964663
412	-2.05183551312
413	-1.32563572773
414	-1.73320892194
415	-2.05183551312
416	-15.9337251249
417	-1.73320892194
418	-1.81451601393
419	-7.06089651111
420	-1.73320892194
421	-1.81451601393
422	-8.10474256466
423	-1.54338517355
424	-6.1111528473
425	-6.28572037792
426	-5.83493446441
427	-2.05183551312
428	-6.25260625794
429	-1.54338517355
430	-5.03026751609
431	-1.65611698951
432	-1.73320892194
433	-5.04912612733
434	-7.78185912748
435	-11.4007845202
436	-1.81451601393
437	-1.65611698951
438	-5.69849161551
439	-6.28211746104
440	-8.50799842706
441	-1.54338517355
442	-2.02870377112
443	-1.65611698951
444	-1.7535350283
445	-2.23790354283
446	-7.77940713223
447	-5.47706871421
448	-5.26690005125
449	-1.4964322861
450	-1.7535350283
451	-4.51022622392
452	-1.51455938812
453	-1.7535350283
454	-5.28814088292
455	-1.4964322861
456	-1.54338517355
457	-1.81451601393
458	-1.4964322861
459	-1.54338517355
460	-2.02870377112
461	-1.51455938812
462	-1.91469446803
463	-2.05183551312
464	-1.51455938812
465	-5.72859695166
466	-15.3522945791
467	-14.2114539368
468	-1.73320892194
469	-5.32536369547
470	-1.65611698951
