#Site	lnL	
0	-1.78286633864
1	-5.32370649079
2	-1.45540414081
3	-1.59881203905
4	-1.8725378061
5	-18.3098938884
6	-1.78286633864
7	-7.87032733373
8	-15.6108827117
9	-1.59881203905
10	-5.8611692122
11	-1.28432512694
12	-5.22760349424
13	-2.02597083948
14	-1.42210591335
15	-1.7241266611
16	-7.56416272629
17	-1.42210591335
18	-6.10941898983
19	-2.01382410395
20	-1.42210591335
21	-1.59881203905
22	-7.12685787402
23	-1.45540414081
24	-1.59881203905
25	-2.01382410395
26	-15.0216821332
27	-1.78286633864
28	-2.02597083948
29	-1.39178828301
30	-1.78286633864
31	-1.8725378061
32	-1.28432512694
33	-9.69724552373
34	-1.8725378061
35	-16.2753967323
36	-1.74456572478
37	-2.02597083948
38	-1.45540414081
39	-1.74456572478
40	-5.04924256691
41	-1.42210591335
42	-1.74456572478
43	-2.01382410395
44	-27.6611322531
45	-1.59881203905
46	-2.01382410395
47	-14.8202862305
48	-1.59881203905
49	-9.92717718291
50	-1.39178828301
51	-1.78286633864
52	-2.01382410395
53	-1.28432512694
54	-1.78286633864
55	-2.01382410395
56	-1.39178828301
57	-1.78286633864
58	-2.06875251209
59	-1.45540414081
60	-1.74456572478
61	-5.04467765097
62	-1.39178828301
63	-1.59881203905
64	-4.83048543921
65	-1.28432512694
66	-1.74456572478
67	-8.23837354165
68	-1.42210591335
69	-1.7241266611
70	-5.72415969222
71	-16.8645547012
72	-1.7241266611
73	-2.02597083948
74	-14.7999922771
75	-1.74456572478
76	-2.06875251209
77	-1.39178828301
78	-5.16324972323
79	-2.02597083948
80	-15.61088243
81	-1.78286633864
82	-2.01382410395
83	-1.42210591335
84	-1.74456572478
85	-5.13042939956
86	-1.39178828301
87	-5.92828967384
88	-2.06875251209
89	-1.39178828301
90	-7.14173282505
91	-5.04924256691
92	-14.5435338435
93	-1.59881203905
94	-1.8725378061
95	-14.8202862305
96	-9.28970563291
97	-7.48118755733
98	-1.39178828301
99	-1.74456572478
100	-2.01382410395
101	-15.5034196991
102	-1.7241266611
103	-4.80658872446
104	-14.820285238
105	-1.7241266611
106	-2.06875251209
107	-1.45540414081
108	-11.4407761217
109	-1.8725378061
110	-1.42210591335
111	-11.6709305992
112	-9.16500967412
113	-1.42210591335
114	-1.78286633864
115	-2.02597083948
116	-1.42210591335
117	-6.01408873119
118	-8.66608759199
119	-17.5525784248
120	-1.7241266611
121	-2.02597083948
122	-1.39178828301
123	-7.82495550782
124	-2.02597083948
125	-31.3641646727
126	-1.78286633864
127	-2.02597083948
128	-1.42210591335
129	-6.7413077735
130	-2.01382410395
131	-28.7843883612
132	-1.59881203905
133	-2.06875251209
134	-15.5775842427
135	-5.89510653859
136	-2.06875251209
137	-1.45540414081
138	-1.74456572478
139	-4.84664078869
140	-30.8853147452
141	-1.7241266611
142	-1.8725378061
143	-1.45540414081
144	-5.83794208782
145	-4.83048543921
146	-14.5435349533
147	-5.22760349424
148	-2.06875251209
149	-1.42210591335
150	-1.74456572478
151	-4.80658872446
152	-15.2817308156
153	-1.7241266611
154	-2.02597083948
155	-15.3891931809
156	-1.74456572478
157	-2.06875251209
158	-16.6711683932
159	-1.59881203905
160	-5.51218006237
161	-30.101722602
162	-5.97738974425
163	-1.8725378061
164	-28.7626287122
165	-1.74456572478
166	-2.06875251209
167	-1.42210591335
168	-1.59881203905
169	-6.80466722015
170	-1.42210591335
171	-1.7241266611
172	-5.73803170391
173	-1.39178828301
174	-5.67473510983
175	-1.8725378061
176	-15.6108827117
177	-1.78286633864
178	-6.78837129775
179	-1.42210591335
180	-1.59881203905
181	-5.54432411119
182	-1.28432512694
183	-1.78286633864
184	-5.31537246197
185	-1.28432512694
186	-5.18050259847
187	-5.72415969222
188	-15.2817308156
189	-1.74456572478
190	-4.77435785254
191	-1.45540414081
192	-1.59881203905
193	-9.28275914551
194	-15.193370836
195	-1.74456572478
196	-1.8725378061
197	-15.0216821332
198	-1.78286633864
199	-1.8725378061
200	-15.2266695553
201	-1.74456572478
202	-9.72192782681
203	-14.8202862305
204	-1.59881203905
205	-5.40632188336
206	-1.42210591335
207	-1.7241266611
208	-1.8725378061
209	-1.28432512694
210	-1.74456572478
211	-2.01382410395
212	-14.598595367
213	-1.59881203905
214	-1.8725378061
215	-15.2266695553
216	-1.74456572478
217	-10.2974968662
218	-15.61088243
219	-5.90216314002
220	-2.01382410395
221	-14.8202862305
222	-1.78286633864
223	-5.04924256691
224	-15.2817308156
225	-5.98013911554
226	-2.02597083948
227	-1.42210591335
228	-5.90216314002
229	-5.53055393204
230	-1.45540414081
231	-1.59881203905
232	-7.03733760966
233	-1.42210591335
234	-1.78286633864
235	-4.77435785254
236	-1.28432512694
237	-1.7241266611
238	-6.57718342236
239	-1.45540414081
240	-6.93312775764
241	-5.49844316996
242	-1.42210591335
243	-1.78286633864
244	-5.53055393204
245	-1.28432512694
246	-1.59881203905
247	-5.7796141501
248	-26.9832118196
249	-1.74456572478
250	-2.06875251209
251	-15.5775842427
252	-1.7241266611
253	-5.04467765097
254	-1.42210591335
255	-6.10236073677
256	-12.8606598394
257	-1.39178828301
258	-1.59881203905
259	-10.4089992417
260	-14.820285238
261	-1.59881203905
262	-1.8725378061
263	-1.28432512694
264	-1.7241266611
265	-2.02597083948
266	-1.28432512694
267	-1.59881203905
268	-5.62873868237
269	-16.757135368
270	-1.59881203905
271	-5.32370649079
272	-1.45540414081
273	-1.7241266611
274	-5.59307501851
275	-1.28432512694
276	-1.7241266611
277	-9.97613369921
278	-1.39178828301
279	-1.78286633864
280	-1.8725378061
281	-15.3008333822
282	-1.59881203905
283	-8.59886407951
284	-1.45540414081
285	-1.59881203905
286	-2.06875251209
287	-14.5435349533
288	-5.92828967384
289	-5.32370649079
290	-1.28432512694
291	-6.01468761572
292	-1.8725378061
293	-15.2484323944
294	-7.94495067565
295	-2.01382410395
296	-1.45540414081
297	-1.7241266611
298	-1.8725378061
299	-1.42210591335
300	-9.68256470151
301	-1.8725378061
302	-1.42210591335
303	-1.7241266611
304	-5.49844316996
305	-1.42210591335
306	-5.37881895136
307	-6.97207116426
308	-1.28432512694
309	-1.59881203905
310	-1.8725378061
311	-17.2858468333
312	-5.21881750395
313	-2.01382410395
314	-28.2614323295
315	-1.7241266611
316	-5.51218006237
317	-15.3891931809
318	-1.7241266611
319	-7.14351637397
320	-1.28432512694
321	-1.59881203905
322	-5.62873868237
323	-1.42210591335
324	-1.59881203905
325	-2.06875251209
326	-1.42210591335
327	-5.42692515093
328	-2.02597083948
329	-1.28432512694
330	-1.7241266611
331	-6.57718342236
332	-1.39178828301
333	-1.74456572478
334	-5.73803170391
335	-1.45540414081
336	-1.74456572478
337	-2.02597083948
338	-15.470122217
339	-1.7241266611
340	-5.7796141501
341	-14.7449312283
342	-1.78286633864
343	-9.15374960846
344	-1.42210591335
345	-5.4293973886
346	-2.01382410395
347	-1.28432512694
348	-5.92828967384
349	-2.06875251209
350	-15.5775848008
351	-12.0848219183
352	-5.43961979424
353	-1.45540414081
354	-1.78286633864
355	-2.01382410395
356	-1.39178828301
357	-1.59881203905
358	-2.01382410395
359	-1.28432512694
360	-1.74456572478
361	-1.8725378061
362	-1.45540414081
363	-5.22760349424
364	-5.47246085821
365	-15.3891931809
366	-5.42692515093
367	-5.13042939956
368	-1.39178828301
369	-1.78286633864
370	-7.85425598679
371	-1.42210591335
372	-6.21688101548
373	-1.8725378061
374	-1.45540414081
375	-1.78286633864
376	-15.1599353763
377	-17.6551532901
378	-1.78286633864
379	-2.01382410395
380	-1.39178828301
381	-1.78286633864
382	-2.02597083948
383	-1.39178828301
384	-1.59881203905
385	-2.02597083948
386	-1.42210591335
387	-5.4293973886
388	-5.49844316996
389	-1.39178828301
390	-5.97738974425
391	-2.06875251209
392	-14.5985959422
393	-1.78286633864
394	-2.06875251209
395	-1.42210591335
396	-1.78286633864
397	-2.02597083948
398	-15.0216821332
399	-6.10941898983
400	-2.06875251209
401	-30.4974943125
402	-1.74456572478
403	-8.10627038104
404	-1.42210591335
405	-1.74456572478
406	-2.01382410395
407	-1.39178828301
408	-1.59881203905
409	-2.06875251209
410	-1.39178828301
411	-1.7241266611
412	-6.80466722015
413	-1.42210591335
414	-1.59881203905
415	-2.06875251209
416	-16.7571345916
417	-1.59881203905
418	-1.8725378061
419	-1.28432512694
420	-1.59881203905
421	-2.02597083948
422	-14.820285238
423	-1.7241266611
424	-7.59795013212
425	-1.42210591335
426	-1.7241266611
427	-2.06875251209
428	-15.3558949977
429	-5.37397595381
430	-2.02597083948
431	-15.5775848008
432	-1.59881203905
433	-14.9849618042
434	-1.45540414081
435	-5.90216314002
436	-1.8725378061
437	-1.45540414081
438	-1.7241266611
439	-9.93939855707
440	-1.39178828301
441	-1.78286633864
442	-7.52548758155
443	-15.334131581
444	-1.74456572478
445	-1.8725378061
446	-1.42210591335
447	-1.59881203905
448	-2.06875251209
449	-15.3008333822
450	-1.74456572478
451	-1.8725378061
452	-1.39178828301
453	-1.74456572478
454	-1.8725378061
455	-14.5985959422
456	-7.92525189267
457	-1.8725378061
458	-1.42210591335
459	-1.78286633864
460	-1.8725378061
461	-1.42210591335
462	-5.97738974425
463	-2.06875251209
464	-31.1057984359
465	-1.74456572478
466	-2.06875251209
467	-15.6108827117
468	-1.59881203905
469	-2.02597083948
470	-1.39178828301
