# log_p 	 lnL 	 
0.0	-1679.01979638	
-0.287682072452	-1679.07133195	
-0.510825623766	-1679.05181397	
-0.69314718056	-1679.01635474	
-0.847297860387	-1678.98154772	
-0.980829253012	-1678.95321127	
-1.09861228867	-1678.93309925	
-1.20397280433	-1678.92119645	
-1.29928298413	-1678.9167385	
-1.38629436112	-1678.91870642	
-1.46633706879	-1678.92606339	
-1.54044504095	-1678.93785953	
-1.60943791243	-1678.95326973	
-1.67397643357	-1678.97159867	
-1.73460105539	-1678.99227105	
-1.79175946923	-1679.01481613	
-1.8458266905	-1679.03885116	
-1.89711998489	-1679.06406601	
-1.94591014906	-1679.09020958	
-1.99243016469	-1679.1170784	
-2.03688192726	-1679.14450728	
-2.07944154168	-1679.17236162	
-2.1202635362	-1679.20053134	
-2.15948424935	-1679.228926	
-2.19722457734	-1679.25747091	
-2.23359222151	-1679.28610405	
-2.26868354132	-1679.31477366	
-2.30258509299	-1679.34343629	
-2.33537491582	-1679.37205529	
-2.36712361413	-1679.40059958	
-2.3978952728	-1679.42904267	
-2.42774823595	-1679.4573619	
-2.45673577282	-1679.48553781	
-2.48490664979	-1679.51355361	
-2.51230562398	-1679.54139484	
-2.53897387106	-1679.56904896	
-2.56494935746	-1679.5965051	
-2.59026716545	-1679.62375386	
-2.61495977804	-1679.6507871	
-2.63905732962	-1679.67759777	
-2.66258782703	-1679.70417982	
-2.68557734525	-1679.73052803	
-2.7080502011	-1679.75663799	
-2.73002910782	-1679.78250592	
-2.75153531304	-1679.8081287	
-2.77258872224	-1679.83350374	
-2.79320800944	-1679.85862895	
-2.81341071676	-1679.88350268	
-2.83321334406	-1679.90812371	
-2.85263142991	-1679.93249116	
-2.87167962488	-1679.9566045	
-2.8903717579	-1679.98046352	
-2.90872089656	-1680.00406827	
-2.92673940207	-1680.02741904	
-2.94443897917	-1680.05051638	
-2.96183072188	-1680.07336104	
-2.97892515524	-1680.09595394	
-2.99573227355	-1680.1182962	
-3.01226157551	-1680.14038908	
-3.02852209638	-1680.162234	
-3.04452243772	-1680.18383249	
-3.06027079469	-1680.20518622	
-3.07577498123	-1680.22629694	
-3.09104245336	-1680.24716651	
-3.10608033072	-1680.26779689	
-3.12089541651	-1680.28819008	
-3.13549421593	-1680.30834818	
-3.14988295338	-1680.32827334	
-3.16406758837	-1680.34796777	
-3.17805383035	-1680.3674337	
-3.19184715248	-1680.38667344	
-3.20545280454	-1680.40568931	
-3.21887582487	-1680.42448366	
-3.23212105162	-1680.44305888	
-3.24519313319	-1680.46141736	
-3.25809653802	-1680.47956153	
-3.2708355638	-1680.49749382	
-3.28341434601	-1680.51521666	
-3.295836866	-1680.53273251	
-3.3081069586	-1680.5500438	
-3.32022831913	-1680.56715299	
-3.33220451018	-1680.58406253	
-3.34403896782	-1680.60077485	
-3.35573500759	-1680.61729238	
-3.36729582999	-1680.63361757	
-3.37872452581	-1680.64975281	
-3.39002408106	-1680.6657005	
-3.40119738166	-1680.68146305	
-3.41224721785	-1680.69704282	
-3.42317628838	-1680.71244217	
-3.43398720449	-1680.72766343	
-3.4446824936	-1680.74270893	
-3.45526460293	-1680.75758097	
-3.4657359028	-1680.77228183	
-3.47609868984	-1680.78681376	
-3.48635519	-1680.80117901	
-3.49650756147	-1680.81537979	
-3.50655789732	-1680.8294183	
-3.51650822817	-1680.8432967	
-3.52636052462	-1680.85701714	
-3.53611669956	-1680.87058174	
-3.54577861047	-1680.8839926	
-3.55534806149	-1680.8972518	
-3.56482680544	-1680.91036137	
-3.57421654579	-1680.92332335	
-3.58351893846	-1680.93613974	
-3.59273559356	-1680.94881251	
-3.60186807712	-1680.9613436	
-3.61091791264	-1680.97373495	
-3.61988658263	-1680.98598845	
-3.62877553004	-1680.99810597	
-3.63758615973	-1681.01008938	
-3.6463198397	-1681.02194048	
-3.65497790244	-1681.03366109	
-3.66356164613	-1681.04525298	
-3.6720723358	-1681.05671789	
-3.68051120444	-1681.06805756	
-3.68887945411	-1681.0792737	
-3.69717825693	-1681.09036797	
-3.70540875607	-1681.10134204	
-3.7135720667	-1681.11219754	
-3.72166927694	-1681.12293608	
-3.72970144863	-1681.13355924	
-3.73766961828	-1681.1440686	
-3.74557479779	-1681.15446568	
-3.75341797525	-1681.16475201	
-3.76120011569	-1681.17492908	
-3.76892216179	-1681.18499838	
-3.77658503453	-1681.19496134	
-3.78418963392	-1681.20481942	
-3.79173683955	-1681.21457401	
-3.79922751128	-1681.22422651	
-3.80666248977	-1681.23377829	
-3.81404259707	-1681.24323069	
-3.82136863716	-1681.25258506	
-3.82864139649	-1681.26184269	
-3.83586164446	-1681.27100488	
-3.84303013394	-1681.2800729	
-3.85014760171	-1681.289048	
-3.85721476893	-1681.29793141	
-3.86423234159	-1681.30672436	
-3.87120101091	-1681.31542804	
-3.87812145375	-1681.32404363	
-3.88499433304	-1681.33257229	
-3.89182029811	-1681.34101516	
-3.8985999851	-1681.34937338	
-3.90533401728	-1681.35764806	
-3.91202300543	-1681.36584028	
-3.91866754815	-1681.37395112	
-3.92526823218	-1681.38198166	
-3.93182563272	-1681.38993293	
-3.93834031375	-1681.39780596	
-3.94481282825	-1681.40560177	
-3.95124371858	-1681.41332136	
-3.95763351668	-1681.42096572	
-3.96398274436	-1681.42853581	
-3.97029191355	-1681.43603258	
-3.97656152657	-1681.44345699	
-3.98279207632	-1681.45080996	
-3.98898404656	-1681.4580924	
-3.99513791214	-1681.46530521	
-4.00125413916	-1681.47244928	
-4.00733318523	-1681.47952548	
-4.01337549969	-1681.48653467	
-4.01938152375	-1681.49347771	
-4.02535169074	-1681.50035542	
-4.03128642625	-1681.50716863	
-4.03718614838	-1681.51391815	
-4.04305126783	-1681.52060478	
-4.04888218815	-1681.52722931	
-4.05467930583	-1681.53379251	
-4.06044301055	-1681.54029514	
-4.06617368526	-1681.54673797	
-4.07187170637	-1681.55312172	
-4.07753744391	-1681.55944714	
-4.08317126162	-1681.56571494	
-4.08877351717	-1681.57192584	
-4.09434456222	-1681.57808052	
-4.0998847426	-1681.58417969	
-4.10539439841	-1681.59022402	
-4.11087386417	-1681.59621418	
-4.11632346894	-1681.60215083	
-4.12174353641	-1681.60803462	
-4.12713438505	-1681.61386619	
-4.13249632819	-1681.61964617	
-4.13782967416	-1681.62537519	
-4.14313472639	-1681.63105387	
-4.14841178349	-1681.63668279	
-4.15366113938	-1681.64226257	
-4.15888308336	-1681.64779378	
-4.16407790024	-1681.65327701	
-4.1692458704	-1681.65871283	
-4.1743872699	-1681.6641018	
-4.17950237056	-1681.66944448	
-4.18459144007	-1681.6747414	
-4.18965474203	-1681.67999313	
-4.19469253606	-1681.68520017	
-4.19970507788	-1681.69036306	
-4.20469261939	-1681.69548232	
-4.20965540873	-1681.70055846	
-4.21459369037	-1681.70559196	
-4.21950770518	-1681.71058334	
-4.22439769047	-1681.71553308	
-4.22926388012	-1681.72044167	
-4.2341065046	-1681.72530956	
-4.23892579103	-1681.73013725	
-4.2437219633	-1681.73492518	
-4.24849524205	-1681.73967381	
-4.25324584481	-1681.74438359	
-4.257973986	-1681.74905497	
-4.26267987704	-1681.75368837	
-4.26736372635	-1681.75828424	
-4.27202573946	-1681.76284299	
-4.27666611902	-1681.76736505	
-4.28128506487	-1681.77185082	
-4.28588277412	-1681.77630072	
-4.29045944115	-1681.78071515	
-4.29501525768	-1681.78509451	
-4.29955041285	-1681.78943917	
-4.3040650932	-1681.79374954	
-4.30855948279	-1681.798026	
-4.31303376319	-1681.8022689	
-4.31748811354	-1681.80647864	
-4.3219227106	-1681.81065557	
-4.32633772881	-1681.81480006	
-4.33073334029	-1681.81891245	
-4.33510971489	-1681.82299311	
-4.33946702026	-1681.82704237	
-4.34380542185	-1681.83106058	
-4.348125083	-1681.83504808	
-4.3524261649	-1681.8390052	
-4.35670882669	-1681.84293226	
-4.36097322548	-1681.8468296	
-4.36521951636	-1681.85069752	
-4.36944785247	-1681.85453635	
-4.373658385	-1681.85834641	
-4.37785126326	-1681.86212798	
-4.38202663467	-1681.86588138	
-4.38618464482	-1681.86960691	
-4.39032543749	-1681.87330487	
-4.39444915467	-1681.87697554	
-4.39855593663	-1681.88061921	
-4.40264592188	-1681.88423616	
-4.40671924726	-1681.88782669	
-4.41077604796	-1681.89139105	
-4.4148164575	-1681.89492954	
-4.4188406078	-1681.8984424	
-4.42284862919	-1681.90192993	
-4.42684065046	-1681.90539236	
-4.43081679884	-1681.90882998	
-4.43477720006	-1681.91224302	
-4.43872197835	-1681.91563175	
-4.44265125649	-1681.91899641	
-4.44656515581	-1681.92233725	
-4.45046379623	-1681.92565451	
-4.45434729625	-1681.92894844	
-4.45821577303	-1681.93221927	
-4.46206934235	-1681.93546723	
-4.46590811865	-1681.93869256	
-4.46973221509	-1681.94189549	
-4.47354174351	-1681.94507624	
-4.47733681448	-1681.94823503	
-4.48111753732	-1681.95137208	
-4.48488402011	-1681.95448762	
-4.48863636973	-1681.95758185	
-4.49237469184	-1681.96065499	
-4.49609909093	-1681.96370725	
-4.49980967033	-1681.96673883	
-4.50350653221	-1681.96974994	
-4.50718977763	-1681.97274078	
-4.51085950652	-1681.97571154	
-4.51451581772	-1681.97866244	
-4.518158809	-1681.98159365	
-4.52178857705	-1681.98450538	
-4.52540521752	-1681.98739781	
-4.52900882502	-1681.99027113	
-4.53259949315	-1681.99312552	
-4.5361773145	-1681.99596118	
-4.53974238067	-1681.99877827	
-4.54329478227	-1682.00157697	
-4.54683460898	-1682.00435747	
-4.55036194949	-1682.00711994	
-4.5538768916	-1682.00986455	
-4.55737952215	-1682.01259147	
-4.56086992709	-1682.01530087	
-4.56434819147	-1682.01799291	
-4.56781439944	-1682.02066776	
-4.57126863431	-1682.02332559	
-4.5747109785	-1682.02596654	
-4.5781415136	-1682.02859078	
-4.58156032035	-1682.03119847	
-4.58496747867	-1682.03378976	
-4.58836306767	-1682.03636481	
-4.59174716566	-1682.03892376	
-4.59511985013	-1682.04146676	
-4.59848119784	-1682.04399397	
-4.60183128472	-1682.04650552	
-4.60517018599	-1682.04900157	
-4.60849797608	-1682.05148225	
-4.61181472871	-1682.05394771	
-4.61512051684	-1682.05639808	
-4.61841541274	-1682.0588335	
-4.62169948794	-1682.06125412	
-4.62497281328	-1682.06366005	
-4.62823545892	-1682.06605145	
-4.63148749431	-1682.06842843	
-4.63472898823	-1682.07079113	
-4.63796000881	-1682.07313967	
-4.64118062351	-1682.07547419	
-4.64439089914	-1682.07779481	
-4.64759090187	-1682.08010165	
-4.65078069724	-1682.08239484	
-4.65396035016	-1682.08467449	
-4.65712992492	-1682.08694074	
-4.66028948521	-1682.08919369	
-4.66343909411	-1682.09143346	
-4.66657881412	-1682.09366017	
-4.66970870713	-1682.09587394	
-4.67282883446	-1682.09807487	
-4.67593925688	-1682.10026309	
-4.67904003455	-1682.10243869	
-4.68213122712	-1682.1046018	
-4.68521289366	-1682.10675252	
-4.6882850927	-1682.10889095	
-4.69134788223	-1682.11101721	
-4.69440131972	-1682.11313139	
-4.6974454621	-1682.11523361	
-4.70048036579	-1682.11732397	
-4.70350608671	-1682.11940255	
-4.70652268025	-1682.12146948	
-4.70953020131	-1682.12352484	
-4.71252870431	-1682.12556874	
-4.71551824316	-1682.12760127	
-4.7184988713	-1682.12962253	
-4.72147064168	-1682.13163261	
-4.72443360681	-1682.13363161	
-4.72738781871	-1682.13561962	
-4.73033332894	-1682.13759674	
-4.73327018862	-1682.13956304	
-4.73619844839	-1682.14151864	
-4.7391181585	-1682.1434636	
-4.74202936871	-1682.14539803	
-4.74493212836	-1682.14732201	
-4.74782648639	-1682.14923562	
-4.75071249128	-1682.15113896	
-4.75359019111	-1682.1530321	
-4.75645963353	-1682.15491513	
-4.75932086582	-1682.15678813	
-4.7621739348	-1682.15865119	
-4.76501888693	-1682.16050439	
-4.76785576827	-1682.1623478	
-4.77068462447	-1682.1641815	
-4.77350550081	-1682.16600558	
-4.77631844218	-1682.16782012	
-4.77912349311	-1682.16962518	
-4.78192069773	-1682.17142084	
-4.78471009982	-1682.17320719	
-4.78749174278	-1682.17498429	
-4.79026566966	-1682.17675223	
-4.79303192316	-1682.17851106	
-4.7957905456	-1682.18026087	
-4.79854157897	-1682.18200172	
-4.80128506491	-1682.1837337	
-4.80402104473	-1682.18545686	
-4.80674955939	-1682.18717127	
-4.8094706495	-1682.18887702	
-4.81218435537	-1682.19057415	
-4.81489071697	-1682.19226275	
-4.81758977394	-1682.19394288	
-4.82028156561	-1682.1956146	
-4.82296613098	-1682.19727797	
-4.82564350875	-1682.19893308	
-4.8283137373	-1682.20057997	
-4.83097685472	-1682.20221871	
-4.83363289878	-1682.20384937	
-4.83628190695	-1682.205472	
-4.83892391641	-1682.20708667	
-4.84155896405	-1682.20869344	
-4.84418708646	-1682.21029237	
-4.84680831994	-1682.21188352	
-4.84942270051	-1682.21346695	
-4.85203026392	-1682.21504271	
-4.85463104562	-1682.21661087	
-4.8572250808	-1682.21817148	
-4.85981240436	-1682.2197246	
-4.86239305096	-1682.22127028	
-4.86496705495	-1682.22280859	
-4.86753445046	-1682.22433958	
-4.87009527132	-1682.22586329	
-4.87264955112	-1682.22737979	
-4.8751973232	-1682.22888913	
-4.87773862063	-1682.23039136	
-4.88027347623	-1682.23188653	
-4.88280192259	-1682.23337471	
-4.88532399202	-1682.23485593	
-4.88783971662	-1682.23633025	
-4.89034912822	-1682.23779772	
-4.89285225844	-1682.23925839	
-4.89534913864	-1682.24071231	
-4.89783979995	-1682.24215953	
-4.90032427328	-1682.2436001	
-4.90280258929	-1682.24503407	
-4.90527477844	-1682.24646147	
-4.90774087093	-1682.24788237	
-4.91020089677	-1682.24929681	
-4.91265488574	-1682.25070483	
-4.91510286737	-1682.25210649	
-4.91754487103	-1682.25350182	
-4.91998092583	-1682.25489087	
-4.92241106068	-1682.25627369	
-4.92483530429	-1682.25765032	
-4.92725368516	-1682.2590208	
-4.92966623156	-1682.26038518	
-4.93207297159	-1682.26174351	
-4.93447393313	-1682.26309581	
-4.93686914386	-1682.26444215	
-4.93925863125	-1682.26578255	
-4.94164242261	-1682.26711706	
-4.94402054501	-1682.26844572	
-4.94639302537	-1682.26976858	
-4.94875989038	-1682.27108567	
-4.95112116656	-1682.27239702	
-4.95347688026	-1682.2737027	
-4.9558270576	-1682.27500272	
-4.95817172456	-1682.27629713	
-4.96051090691	-1682.27758597	
-4.96284463026	-1682.27886928	
-4.96517292002	-1682.2801471	
-4.96749580144	-1682.28141945	
-4.96981329958	-1682.28268639	
-4.97212543933	-1682.28394794	
-4.97443224543	-1682.28520415	
-4.97673374242	-1682.28645505	
-4.97902995468	-1682.28770067	
-4.98132090643	-1682.28894106	
-4.98360662171	-1682.29017624	
-4.98588712441	-1682.29140625	
-4.98816243824	-1682.29263113	
-4.99043258678	-1682.29385091	
-4.99269759341	-1682.29506562	
-4.99495748138	-1682.2962753	
-4.99721227376	-1682.29747999	
-4.9994619935	-1682.29867971	
-5.00170666335	-1682.29987449	
-5.00394630595	-1682.30106438	
-5.00618094375	-1682.3022494	
-5.00841059907	-1682.30342959	
-5.0106352941	-1682.30460497	
-5.01285505083	-1682.30577558	
-5.01506989116	-1682.30694145	
-5.01727983681	-1682.30810262	
-5.01948490937	-1682.3092591	
-5.02168513028	-1682.31041093	
-5.02388052085	-1682.31155815	
-5.02607110223	-1682.31270077	
-5.02825689545	-1682.31383884	
-5.03043792139	-1682.31497238	
-5.03261420082	-1682.31610142	
-5.03478575433	-1682.31722598	
-5.03695260241	-1682.31834611	
-5.03911476542	-1682.31946181	
-5.04127226356	-1682.32057314	
-5.04342511692	-1682.3216801	
-5.04557334546	-1682.32278274	
-5.047716969	-1682.32388107	
-5.04985600725	-1682.32497512	
-5.05199047978	-1682.32606492	
-5.05412040604	-1682.32715051	
-5.05624580535	-1682.32823189	
-5.05836669692	-1682.32930911	
-5.06048309982	-1682.33038219	
-5.06259503303	-1682.33145114	
-5.06470251537	-1682.33251601	
-5.06680556556	-1682.3335768	
-5.06890420222	-1682.33463356	
-5.07099844382	-1682.3356863	
-5.07308830874	-1682.33673505	
-5.07517381523	-1682.33777983	
-5.07725498144	-1682.33882067	
-5.07933182538	-1682.3398576	
-5.08140436498	-1682.34089063	
-5.08347261805	-1682.34191978	
-5.08553660227	-1682.3429451	
-5.08759633523	-1682.34396658	
-5.08965183441	-1682.34498427	
-5.09170311719	-1682.34599818	
-5.09375020081	-1682.34700834	
-5.09579310244	-1682.34801477	
-5.09783183913	-1682.34901749	
-5.09986642782	-1682.35001652	
-5.10189688537	-1682.35101188	
-5.10392322852	-1682.35200361	
-5.1059454739	-1682.35299171	
-5.10796363806	-1682.35397622	
-5.10997773743	-1682.35495714	
-5.11198778836	-1682.35593451	
-5.11399380708	-1682.35690835	
-5.11599580975	-1682.35787867	
-5.11799381242	-1682.3588455	
-5.11998783102	-1682.35980885	
-5.12197788143	-1682.36076875	
-5.1239639794	-1682.36172522	
-5.12594614061	-1682.36267828	
-5.12792438062	-1682.36362795	
-5.12989871492	-1682.36457424	
-5.13186915891	-1682.36551718	
-5.13383572788	-1682.36645679	
-5.13579843705	-1682.36739309	
-5.13775730154	-1682.36832608	
-5.13971233637	-1682.36925581	
-5.1416635565	-1682.37018227	
-5.14361097679	-1682.3711055	
-5.145554612	-1682.37202551	
-5.14749447681	-1682.37294232	
-5.14943058584	-1682.37385595	
-5.15136295359	-1682.37476641	
-5.1532915945	-1682.37567372	
-5.15521652291	-1682.37657791	
-5.15713775309	-1682.37747899	
-5.15905529921	-1682.37837697	
-5.1609691754	-1682.37927188	
-5.16287939565	-1682.38016373	
-5.16478597392	-1682.38105253	
-5.16668892407	-1682.38193832	
-5.16858825987	-1682.38282109	
-5.17048399504	-1682.38370088	
-5.17237614319	-1682.38457769	
-5.17426471788	-1682.38545155	
-5.17614973257	-1682.38632247	
-5.17803120067	-1682.38719046	
-5.1799091355	-1682.38805554	
-5.18178355029	-1682.38891773	
-5.18365445823	-1682.38977705	
-5.1855218724	-1682.39063351	
-5.18738580584	-1682.39148712	
-5.18924627149	-1682.3923379	
-5.19110328224	-1682.39318587	
-5.19295685089	-1682.39403104	
-5.19480699018	-1682.39487343	
-5.19665371277	-1682.39571305	
-5.19849703127	-1682.39654992	
-5.20033695819	-1682.39738406	
-5.202173506	-1682.39821547	
-5.20400668708	-1682.39904417	
-5.20583651375	-1682.39987018	
-5.20766299828	-1682.40069351	
-5.20948615284	-1682.40151417	
-5.21130598956	-1682.40233219	
-5.21312252048	-1682.40314757	
-5.21493575761	-1682.40396033	
-5.21674571285	-1682.40477048	
-5.21855239808	-1682.40557803	
-5.22035582508	-1682.40638301	
-5.22215600558	-1682.40718542	
-5.22395295126	-1682.40798527	
-5.22574667371	-1682.40878259	
-5.22753718449	-1682.40957738	
-5.22932449506	-1682.41036966	
-5.23110861685	-1682.41115944	
-5.23288956123	-1682.41194673	
-5.23466733947	-1682.41273155	
-5.23644196283	-1682.41351391	
-5.23821344248	-1682.41429382	
-5.23998178954	-1682.4150713	
-5.24174701506	-1682.41584635	
-5.24350913005	-1682.41661899	
-5.24526814546	-1682.41738924	
-5.24702407216	-1682.4181571	
-5.24877692099	-1682.41892259	
-5.25052670271	-1682.41968571	
-5.25227342805	-1682.42044649	
-5.25401710765	-1682.42120494	
-5.25575775213	-1682.42196105	
-5.25749537203	-1682.42271486	
-5.25922997784	-1682.42346637	
-5.26096158	-1682.42421558	
-5.2626901889	-1682.42496252	
-5.26441581487	-1682.42570719	
-5.26613846818	-1682.42644961	
-5.26785815906	-1682.42718979	
-5.26957489768	-1682.42792773	
-5.27128869416	-1682.42866345	
-5.27299955856	-1682.42939696	
-5.27470750091	-1682.43012828	
-5.27641253116	-1682.43085741	
-5.27811465923	-1682.43158436	
-5.27981389498	-1682.43230914	
-5.28151024823	-1682.43303177	
-5.28320372874	-1682.43375226	
-5.28489434622	-1682.43447061	
-5.28658211033	-1682.43518684	
-5.28826703069	-1682.43590096	
-5.28994911688	-1682.43661297	
-5.2916283784	-1682.4373229	
-5.29330482472	-1682.43803074	
-5.29497846528	-1682.43873651	
-5.29664930945	-1682.43944022	
-5.29831736655	-1682.44014188	
-5.29998264587	-1682.44084149	
-5.30164515664	-1682.44153908	
-5.30330490806	-1682.44223464	
-5.30496190927	-1682.4429282	
-5.30661616936	-1682.44361975	
-5.3082676974	-1682.44430931	
-5.30991650239	-1682.44499688	
-5.3115625933	-1682.44568249	
-5.31320597904	-1682.44636613	
-5.3148466685	-1682.44704781	
-5.3164846705	-1682.44772755	
-5.31811999384	-1682.44840536	
-5.31975264727	-1682.44908123	
-5.32138263948	-1682.4497552	
-5.32300997914	-1682.45042725	
-5.32463467487	-1682.4510974	
-5.32625673524	-1682.45176567	
-5.32787616879	-1682.45243205	
-5.32949298402	-1682.45309656	
-5.33110718937	-1682.45375921	
-5.33271879327	-1682.45442	
-5.33432780407	-1682.45507895	
-5.33593423012	-1682.45573606	
-5.3375380797	-1682.45639134	
-5.33913936107	-1682.4570448	
-5.34073808243	-1682.45769645	
-5.34233425196	-1682.4583463	
-5.3439278778	-1682.45899435	
-5.34551896803	-1682.45964061	
-5.34710753072	-1682.4602851	
-5.34869357387	-1682.46092781	
-5.35027710548	-1682.46156877	
-5.35185813348	-1682.46220797	
-5.35343666577	-1682.46284542	
-5.35501271022	-1682.46348114	
-5.35658627467	-1682.46411512	
-5.3581573669	-1682.46474739	
-5.35972599468	-1682.46537794	
-5.36129216571	-1682.46600678	
-5.36285588769	-1682.46663393	
-5.36441716825	-1682.46725938	
-5.36597601502	-1682.46788315	
-5.36753243557	-1682.46850525	
-5.36908643744	-1682.46912568	
-5.37063802813	-1682.46974444	
-5.37218721511	-1682.47036156	
-5.37373400583	-1682.47097702	
-5.37527840768	-1682.47159085	
-5.37682042804	-1682.47220305	
-5.37836007422	-1682.47281363	
-5.37989735354	-1682.47342258	
-5.38143227326	-1682.47402993	
-5.38296484061	-1682.47463568	
-5.38449506279	-1682.47523983	
-5.38602294697	-1682.4758424	
-5.38754850028	-1682.47644338	
-5.38907172982	-1682.47704279	
-5.39059264266	-1682.47764063	
-5.39211124583	-1682.47823691	
-5.39362754635	-1682.47883164	
-5.39514155118	-1682.47942482	
-5.39665326727	-1682.48001646	
-5.39816270152	-1682.48060657	
-5.39966986081	-1682.48119515	
-5.40117475199	-1682.48178221	
-5.40267738187	-1682.48236776	
-5.40417775725	-1682.48295181	
-5.40567588487	-1682.48353435	
-5.40717177146	-1682.4841154	
-5.40866542372	-1682.48469496	
-5.4101568483	-1682.48527304	
-5.41164605186	-1682.48584965	
-5.41313304098	-1682.48642479	
-5.41461782224	-1682.48699846	
-5.4161004022	-1682.48757068	
-5.41758078737	-1682.48814146	
-5.41905898424	-1682.48871079	
-5.42053499927	-1682.48927868	
-5.42200883889	-1682.48984514	
-5.4234805095	-1682.49041017	
-5.42495001748	-1682.49097379	
-5.42641736918	-1682.491536	
-5.4278825709	-1682.49209679	
-5.42934562895	-1682.49265619	
-5.43080654959	-1682.49321419	
-5.43226533906	-1682.4937708	
-5.43372200355	-1682.49432603	
-5.43517654927	-1682.49487989	
-5.43662898235	-1682.49543236	
-5.43807930892	-1682.49598348	
-5.4395275351	-1682.49653323	
-5.44097366695	-1682.49708163	
-5.44241771052	-1682.49762868	
-5.44385967184	-1682.49817439	
-5.4452995569	-1682.49871875	
-5.44673737167	-1682.49926179	
-5.44817312209	-1682.4998035	
-5.44960681409	-1682.50034388	
-5.45103845357	-1682.50088295	
-5.45246804638	-1682.50142071	
-5.45389559837	-1682.50195717	
-5.45532111536	-1682.50249232	
-5.45674460314	-1682.50302618	
-5.45816606749	-1682.50355875	
-5.45958551414	-1682.50409004	
-5.46100294883	-1682.50462005	
-5.46241837723	-1682.50514878	
-5.46383180503	-1682.50567625	
-5.46524323786	-1682.50620245	
-5.46665268137	-1682.50672739	
-5.46806014114	-1682.50725108	
-5.46946562274	-1682.50777352	
-5.47086913175	-1682.50829472	
-5.47227067367	-1682.50881468	
-5.47367025403	-1682.50933341	
-5.47506787829	-1682.5098509	
-5.47646355193	-1682.51036718	
-5.47785728038	-1682.51088224	
-5.47924906905	-1682.51139608	
-5.48063892334	-1682.51190871	
-5.48202684862	-1682.51242014	
-5.48341285022	-1682.51293037	
-5.48479693349	-1682.5134394	
-5.48617910372	-1682.51394725	
-5.48755936619	-1682.51445391	
-5.48893772616	-1682.51495939	
-5.49031418887	-1682.51546369	
-5.49168875953	-1682.51596682	
-5.49306144334	-1682.51646879	
-5.49443224547	-1682.51696959	
-5.49580117108	-1682.51746924	
-5.49716822529	-1682.51796773	
-5.49853341322	-1682.51846507	
-5.49989673995	-1682.51896127	
-5.50125821054	-1682.51945633	
-5.50261783006	-1682.51995025	
-5.50397560352	-1682.52044305	
-5.50533153593	-1682.52093471	
-5.50668563228	-1682.52142525	
-5.50803789753	-1682.52191468	
-5.50938833663	-1682.52240299	
-5.5107369545	-1682.52289019	
-5.51208375605	-1682.52337629	
-5.51342874616	-1682.52386129	
-5.51477192971	-1682.52434519	
-5.51611331154	-1682.52482799	
-5.51745289646	-1682.52530971	
-5.51879068931	-1682.52579035	
-5.52012669485	-1682.5262699	
-5.52146091786	-1682.52674838	
-5.5227933631	-1682.52722578	
-5.52412403528	-1682.52770212	
-5.52545293913	-1682.5281774	
-5.52678007934	-1682.52865161	
-5.52810546058	-1682.52912477	
-5.52942908751	-1682.52959687	
-5.53075096477	-1682.53006793	
-5.53207109697	-1682.53053795	
-5.53338948873	-1682.53100692	
-5.53470614461	-1682.53147486	
-5.53602106919	-1682.53194176	
-5.53733426702	-1682.53240764	
-5.53864574262	-1682.53287249	
-5.5399555005	-1682.53333632	
-5.54126354516	-1682.53379913	
-5.54256988107	-1682.53426093	
-5.5438745127	-1682.53472172	
-5.54517744448	-1682.5351815	
-5.54647868084	-1682.53564028	
-5.54777822618	-1682.53609806	
-5.5490760849	-1682.53655485	
-5.55037226136	-1682.53701064	
-5.55166675992	-1682.53746545	
-5.55295958492	-1682.53791927	
-5.55425074069	-1682.53837212	
-5.55554023152	-1682.53882398	
-5.5568280617	-1682.53927488	
-5.55811423551	-1682.5397248	
-5.5593987572	-1682.54017375	
-5.56068163102	-1682.54062175	
-5.56196286117	-1682.54106878	
-5.56324245188	-1682.54151486	
-5.56452040732	-1682.54195998	
-5.56579673168	-1682.54240416	
-5.56707142911	-1682.54284739	
-5.56834450376	-1682.54328967	
-5.56961595975	-1682.54373102	
-5.57088580119	-1682.54417144	
-5.57215403218	-1682.54461092	
-5.57342065679	-1682.54504947	
-5.5746856791	-1682.54548709	
-5.57594910315	-1682.5459238	
-5.57721093297	-1682.54635958	
-5.57847117258	-1682.54679445	
-5.57972982599	-1682.54722841	
-5.58098689718	-1682.54766145	
-5.58224239012	-1682.54809359	
-5.58349630878	-1682.54852483	
-5.5847486571	-1682.54895517	
-5.585999439	-1682.54938461	
-5.5872486584	-1682.54981316	
-5.5884963192	-1682.55024082	
-5.58974242528	-1682.55066759	
-5.59098698051	-1682.55109347	
-5.59222998875	-1682.55151848	
-5.59347145384	-1682.5519426	
-5.5947113796	-1682.55236585	
-5.59594976985	-1682.55278823	
-5.59718662839	-1682.55320974	
-5.598421959	-1682.55363039	
-5.59965576545	-1682.55405017	
-5.60088805149	-1682.55446909	
-5.60211882088	-1682.55488716	
-5.60334807733	-1682.55530437	
-5.60457582457	-1682.55572073	
-5.6058020663	-1682.55613624	
-5.60702680619	-1682.5565509	
-5.60825004793	-1682.55696473	
-5.60947179518	-1682.55737771	
-5.61069205159	-1682.55778986	
-5.61191082078	-1682.55820117	
-5.61312810639	-1682.55861166	
-5.61434391201	-1682.55902131	
-5.61555824124	-1682.55943014	
-5.61677109767	-1682.55983815	
-5.61798248485	-1682.56024533	
-5.61919240636	-1682.5606517	
-5.62040086572	-1682.56105726	
-5.62160786647	-1682.561462	
-5.62281341212	-1682.56186594	
-5.62401750619	-1682.56226907	
-5.62522015215	-1682.56267139	
-5.6264213535	-1682.56307292	
-5.62762111369	-1682.56347365	
-5.62881943618	-1682.56387358	
-5.63001632442	-1682.56427272	
-5.63121178182	-1682.56467107	
-5.63240581181	-1682.56506863	
-5.6335984178	-1682.5654654	
-5.63478960317	-1682.5658614	
-5.6359793713	-1682.56625661	
-5.63716772557	-1682.56665105	
-5.63835466933	-1682.56704471	
-5.63954020593	-1682.56743761	
-5.64072433869	-1682.56782973	
-5.64190707094	-1682.56822108	
-5.64308840598	-1682.56861167	
-5.64426834712	-1682.5690015	
-5.64544689764	-1682.56939057	
-5.64662406082	-1682.56977889	
-5.64779983991	-1682.57016644	
-5.64897423816	-1682.57055325	
-5.65014725882	-1682.57093931	
-5.65131890512	-1682.57132462	
-5.65248918027	-1682.57170918	
-5.65365808747	-1682.57209301	
-5.65482562993	-1682.57247609	
-5.65599181082	-1682.57285843	
-5.65715663332	-1682.57324005	
-5.65832010058	-1682.57362092	
-5.65948221576	-1682.57400107	
-5.660642982	-1682.57438049	
-5.66180240242	-1682.57475918	
-5.66296048014	-1682.57513716	
-5.66411721826	-1682.57551441	
-5.66527261989	-1682.57589094	
-5.66642668811	-1682.57626675	
-5.66757942599	-1682.57664185	
-5.6687308366	-1682.57701624	
-5.66988092298	-1682.57738992	
-5.67102968818	-1682.57776289	
-5.67217713524	-1682.57813516	
-5.67332326717	-1682.57850672	
-5.67446808699	-1682.57887759	
-5.67561159769	-1682.57924775	
-5.67675380227	-1682.57961722	
-5.6778947037	-1682.579986	
-5.67903430497	-1682.58035408	
-5.68017260902	-1682.58072147	
-5.6813096188	-1682.58108818	
-5.68244533727	-1682.5814542	
-5.68357976734	-1682.58181954	
-5.68471291194	-1682.58218419	
-5.68584477397	-1682.58254817	
-5.68697535634	-1682.58291147	
-5.68810466194	-1682.5832741	
-5.68923269364	-1682.58363605	
-5.69035945432	-1682.58399733	
-5.69148494685	-1682.58435795	
-5.69260917406	-1682.58471789	
-5.6937321388	-1682.58507718	
-5.69485384391	-1682.5854358	
-5.69597429221	-1682.58579376	
-5.69709348651	-1682.58615106	
-5.69821142961	-1682.58650771	
-5.69932812431	-1682.5868637	
-5.70044357339	-1682.58721904	
-5.70155777963	-1682.58757373	
-5.7026707458	-1682.58792778	
-5.70378247466	-1682.58828117	
-5.70489296894	-1682.58863393	
-5.70600223139	-1682.58898603	
-5.70711026475	-1682.5893375	
-5.70821707172	-1682.58968834	
-5.70932265503	-1682.59003853	
-5.71042701737	-1682.59038809	
-5.71153016145	-1682.59073702	
-5.71263208993	-1682.59108531	
-5.71373280551	-1682.59143298	
-5.71483231084	-1682.59178002	
-5.71593060859	-1682.59212644	
-5.71702770141	-1682.59247223	
-5.71812359193	-1682.59281741	
-5.71921828279	-1682.59316196	
-5.72031177661	-1682.5935059	
-5.72140407601	-1682.59384922	
-5.72249518359	-1682.59419192	
-5.72358510195	-1682.59453402	
-5.72467383369	-1682.5948755	
-5.72576138137	-1682.59521638	
-5.72684774759	-1682.59555664	
-5.72793293489	-1682.59589631	
-5.72901694583	-1682.59623537	
-5.73009978297	-1682.59657383	
-5.73118144884	-1682.59691169	
-5.73226194598	-1682.59724896	
-5.7333412769	-1682.59758562	
-5.73441944412	-1682.5979217	
-5.73549645015	-1682.59825718	
-5.73657229748	-1682.59859207	
-5.73764698861	-1682.59892637	
-5.73872052602	-1682.59926009	
-5.73979291218	-1682.59959322	
-5.74086414956	-1682.59992576	
-5.74193424062	-1682.60025773	
-5.74300318781	-1682.60058911	
-5.74407099357	-1682.60091992	
-5.74513766034	-1682.60125014	
-5.74620319054	-1682.6015798	
-5.7472675866	-1682.60190888	
-5.74833085092	-1682.60223738	
-5.74939298591	-1682.60256532	
-5.75045399397	-1682.60289269	
-5.75151387748	-1682.60321949	
-5.75257263883	-1682.60354573	
-5.75363028038	-1682.6038714	
-5.75468680452	-1682.60419651	
-5.75574221359	-1682.60452106	
-5.75679650994	-1682.60484505	
-5.75784969593	-1682.60516849	
-5.75890177388	-1682.60549137	
-5.75995274612	-1682.60581369	
-5.76100261499	-1682.60613546	
-5.76205138278	-1682.60645669	
-5.76309905181	-1682.60677736	
-5.76414562438	-1682.60709748	
-5.76519110278	-1682.60741706	
-5.7662354893	-1682.60773609	
-5.76727878622	-1682.60805459	
-5.76832099579	-1682.60837253	
-5.7693621203	-1682.60868994	
-5.770402162	-1682.60900681	
-5.77144112313	-1682.60932315	
-5.77247900594	-1682.60963895	
-5.77351581267	-1682.60995421	
-5.77455154554	-1682.61026894	
-5.77558620679	-1682.61058314	
-5.77661979861	-1682.61089681	
-5.77765232322	-1682.61120996	
-5.77868378283	-1682.61152257	
-5.77971417962	-1682.61183467	
-5.78074351579	-1682.61214623	
-5.78177179352	-1682.61245728	
-5.78279901497	-1682.61276781	
-5.78382518233	-1682.61307781	
-5.78485029774	-1682.6133873	
-5.78587436337	-1682.61369627	
-5.78689738137	-1682.61400473	
-5.78791935386	-1682.61431267	
-5.788940283	-1682.61462011	
-5.7899601709	-1682.61492703	
-5.79097901969	-1682.61523344	
-5.79199683148	-1682.61553934	
-5.79301360838	-1682.61584474	
-5.7940293525	-1682.61614963	
-5.79504406593	-1682.61645402	
-5.79605775077	-1682.61675791	
-5.79707040908	-1682.6170613	
-5.79808204295	-1682.61736418	
-5.79909265446	-1682.61766657	
-5.80010224566	-1682.61796846	
-5.80111081862	-1682.61826986	
-5.80211837538	-1682.61857076	
-5.80312491799	-1682.61887117	
-5.80413044849	-1682.61917109	
-5.80513496892	-1682.61947051	
-5.80613848129	-1682.61976945	
-5.80714098764	-1682.6200679	
-5.80814248998	-1682.62036587	
-5.80914299031	-1682.62066335	
