#Site	lnL	
0	-6.98411309887
1	-2.52307197621
2	-5.59019498888
3	-8.47398188629
4	-14.2499503346
5	-8.92243887842
6	-2.28761595481
7	-7.72142715471
8	-2.62248585655
9	-5.2775581407
10	-2.33765858115
11	-5.19931667029
12	-6.73931504093
13	-2.3795326863
14	-3.13150556344
15	-7.75497729057
16	-2.3795326863
17	-5.93756297616
18	-6.19451023895
19	-5.83266830697
20	-5.39312452955
21	-6.42400123703
22	-2.52307197621
23	-4.95344346987
24	-2.28761595481
25	-10.4112009667
26	-2.62248585655
27	-6.7252551727
28	-2.33765858115
29	-2.62248585655
30	-2.69825017386
31	-7.00784733998
32	-2.83206767777
33	-2.69825017386
34	-2.3795326863
35	-2.65545578453
36	-2.2426043699
37	-2.33765858115
38	-2.62248585655
39	-2.42012508266
40	-2.33765858115
41	-10.164530352
42	-2.28761595481
43	-2.33765858115
44	-5.39312452955
45	-6.58050748968
46	-2.3795326863
47	-3.13150556344
48	-2.2426043699
49	-2.33765858115
50	-2.83206767777
51	-2.28761595481
52	-2.33765858115
53	-12.0646735766
54	-5.97512642434
55	-5.8059554191
56	-12.7303159122
57	-2.2426043699
58	-2.3795326863
59	-6.17938950416
60	-10.0249865744
61	-2.80625182218
62	-2.62248585655
63	-6.19451023895
64	-5.41968283207
65	-6.37528466838
66	-2.42012508266
67	-6.22383506905
68	-9.86975936301
69	-2.69825017386
70	-8.37571277907
71	-2.65545578453
72	-2.69825017386
73	-2.52307197621
74	-7.29372129226
75	-6.34463377695
76	-2.33765858115
77	-5.52226724799
78	-2.2426043699
79	-6.04846610481
80	-6.03119991351
81	-2.2426043699
82	-5.83266830697
83	-2.65545578453
84	-2.2426043699
85	-2.33765858115
86	-3.13150556344
87	-2.42012508266
88	-2.80625182218
89	-3.13150556344
90	-2.69825017386
91	-9.41071724025
92	-4.90104448743
93	-2.69825017386
94	-2.3795326863
95	-9.30282017868
96	-2.2426043699
97	-10.8003329624
98	-5.79347757818
99	-2.2426043699
100	-5.11457348614
101	-6.49634470109
102	-2.28761595481
103	-7.86882860846
104	-5.2870674717
105	-6.73931504093
106	-6.69139014086
107	-3.13150556344
108	-2.42012508266
109	-2.3795326863
110	-7.66310994853
111	-2.2426043699
112	-2.3795326863
113	-5.52226724799
114	-6.36772394606
115	-8.58915681615
116	-5.80407431134
117	-2.28761595481
118	-5.11457348614
119	-4.95344346987
120	-2.69825017386
121	-6.30511061815
122	-3.13150556344
123	-5.61235331607
124	-2.80625182218
125	-10.9496635983
126	-2.69825017386
127	-5.88107280185
128	-2.83206767777
129	-6.3640953448
130	-5.51708568917
131	-2.65545578453
132	-2.42012508266
133	-2.33765858115
134	-2.62248585655
135	-2.28761595481
136	-10.8931472558
137	-2.83206767777
138	-2.2426043699
139	-2.33765858115
140	-2.65545578453
141	-2.2426043699
142	-10.4449020576
143	-10.1791084769
144	-5.25130427928
145	-2.33765858115
146	-2.62248585655
147	-8.68193598877
148	-2.3795326863
149	-2.62248585655
150	-7.36024463158
151	-14.6968984138
152	-2.62248585655
153	-5.55881788606
154	-5.96689496603
155	-2.62248585655
156	-2.28761595481
157	-2.3795326863
158	-2.83206767777
159	-2.2426043699
160	-5.14734864887
161	-2.62248585655
162	-6.34463377695
163	-2.52307197621
164	-5.80407431134
165	-8.00356207354
166	-11.1639655199
167	-2.83206767777
168	-2.2426043699
169	-2.80625182218
170	-5.80407431134
171	-5.67830028938
172	-2.3795326863
173	-2.65545578453
174	-6.06248355265
175	-2.80625182218
176	-5.37584157893
177	-2.42012508266
178	-2.80625182218
179	-2.65545578453
180	-2.28761595481
181	-5.48657476571
182	-3.13150556344
183	-2.2426043699
184	-9.10473915177
185	-2.83206767777
186	-2.2426043699
187	-2.52307197621
188	-6.55684738489
189	-17.4806453089
190	-2.52307197621
191	-2.62248585655
192	-2.42012508266
193	-2.80625182218
194	-4.90104448743
195	-2.28761595481
196	-2.3795326863
197	-2.83206767777
198	-2.42012508266
199	-6.15332340639
200	-2.65545578453
201	-6.16081904633
202	-2.80625182218
203	-2.65545578453
204	-2.42012508266
205	-6.17454074756
206	-2.62248585655
207	-2.42012508266
208	-2.33765858115
209	-2.62248585655
210	-6.82150902402
211	-2.52307197621
212	-9.35001714654
213	-2.69825017386
214	-2.33765858115
215	-3.13150556344
216	-10.7209689865
217	-2.3795326863
218	-2.62248585655
219	-2.2426043699
220	-15.6589393669
221	-2.65545578453
222	-2.2426043699
223	-5.8059554191
224	-2.83206767777
225	-2.69825017386
226	-2.33765858115
227	-2.62248585655
228	-6.8511316666
229	-2.3795326863
230	-2.83206767777
231	-2.42012508266
232	-6.4435072435
233	-2.83206767777
234	-2.2426043699
235	-2.80625182218
236	-7.1512811068
237	-5.2775581407
238	-7.9121880743
239	-3.13150556344
240	-2.42012508266
241	-2.52307197621
242	-6.37528466838
243	-2.2426043699
244	-2.3795326863
245	-3.13150556344
246	-2.2426043699
247	-15.2212347965
248	-2.65545578453
249	-6.19451023895
250	-6.23450188198
251	-7.23528426486
252	-2.28761595481
253	-2.80625182218
254	-10.1052156702
255	-2.2426043699
256	-5.93219698463
257	-3.13150556344
258	-2.2426043699
259	-2.80625182218
260	-6.59874156699
261	-2.2426043699
262	-2.33765858115
263	-4.95344346987
264	-2.42012508266
265	-6.99325763546
266	-10.6500925125
267	-2.42012508266
268	-5.48657476571
269	-2.65545578453
270	-2.42012508266
271	-6.19982251345
272	-8.43147730717
273	-5.61235331607
274	-8.64873809947
275	-2.83206767777
276	-16.0475320066
277	-2.33765858115
278	-3.13150556344
279	-2.28761595481
280	-2.33765858115
281	-6.25137357971
282	-2.28761595481
283	-2.3795326863
284	-3.13150556344
285	-2.2426043699
286	-5.14734864887
287	-2.62248585655
288	-2.2426043699
289	-2.3795326863
290	-2.83206767777
291	-6.42400123703
292	-2.33765858115
293	-3.13150556344
294	-6.19451023895
295	-2.52307197621
296	-6.49634470109
297	-2.28761595481
298	-2.33765858115
299	-4.90104448743
300	-2.42012508266
301	-2.80625182218
302	-2.65545578453
303	-2.2426043699
304	-2.33765858115
305	-2.83206767777
306	-10.3874246692
307	-2.80625182218
308	-2.62248585655
309	-11.2331369392
310	-6.22383506905
311	-13.8197111653
312	-2.42012508266
313	-2.3795326863
314	-11.4203461974
315	-2.28761595481
316	-8.76548876938
317	-5.79347757818
318	-2.28761595481
319	-2.33765858115
320	-6.24234326583
321	-2.28761595481
322	-6.23450188198
323	-2.83206767777
324	-2.69825017386
325	-2.3795326863
326	-6.4539778088
327	-2.28761595481
328	-2.3795326863
329	-6.14582297044
330	-2.28761595481
331	-6.41311641021
332	-3.13150556344
333	-10.8145061733
334	-10.8239686075
335	-3.13150556344
336	-2.28761595481
337	-2.52307197621
338	-2.83206767777
339	-2.28761595481
340	-2.52307197621
341	-2.83206767777
342	-2.2426043699
343	-2.52307197621
344	-2.65545578453
345	-2.69825017386
346	-5.51708568917
347	-5.80407431134
348	-2.2426043699
349	-2.3795326863
350	-3.13150556344
351	-2.28761595481
352	-5.88107280185
353	-2.65545578453
354	-2.2426043699
355	-2.3795326863
356	-5.73720651098
357	-6.9397851033
358	-2.52307197621
359	-2.83206767777
360	-2.2426043699
361	-2.33765858115
362	-2.65545578453
363	-2.42012508266
364	-2.3795326863
365	-5.39312452955
366	-2.42012508266
367	-2.3795326863
368	-2.62248585655
369	-2.2426043699
370	-5.41968283207
371	-4.95344346987
372	-2.28761595481
373	-2.33765858115
374	-2.62248585655
375	-2.2426043699
376	-2.52307197621
377	-10.3390798713
378	-2.69825017386
379	-5.61671276567
380	-7.02878568138
381	-2.28761595481
382	-14.3833513296
383	-5.2870674717
384	-2.28761595481
385	-2.33765858115
386	-2.65545578453
387	-2.2426043699
388	-2.3795326863
389	-8.94335253486
390	-2.2426043699
391	-2.3795326863
392	-10.6898681204
393	-2.42012508266
394	-2.52307197621
395	-3.13150556344
396	-6.73931504093
397	-2.33765858115
398	-4.95344346987
399	-2.28761595481
400	-2.80625182218
401	-6.83711330086
402	-5.67830028938
403	-2.33765858115
404	-2.65545578453
405	-2.28761595481
406	-2.80625182218
407	-2.62248585655
408	-2.28761595481
409	-2.80625182218
410	-2.65545578453
411	-2.28761595481
412	-8.26939467575
413	-2.62248585655
414	-6.11899869416
415	-2.3795326863
416	-5.93756297616
417	-2.42012508266
418	-2.3795326863
419	-2.83206767777
420	-2.42012508266
421	-9.0395812075
422	-6.37528466838
423	-5.61235331607
424	-5.8059554191
425	-2.65545578453
426	-6.30724471539
427	-2.33765858115
428	-2.65545578453
429	-2.2426043699
430	-5.76313843473
431	-2.65545578453
432	-2.2426043699
433	-6.99325763546
434	-3.13150556344
435	-6.76648375056
436	-2.80625182218
437	-2.83206767777
438	-2.42012508266
439	-5.96689496603
440	-2.65545578453
441	-7.186606956
442	-2.80625182218
443	-2.83206767777
444	-7.13053876794
445	-2.33765858115
446	-2.65545578453
447	-2.2426043699
448	-13.7247099652
449	-2.65545578453
450	-2.69825017386
451	-2.52307197621
452	-2.62248585655
453	-7.70761261886
454	-2.33765858115
455	-3.13150556344
456	-2.42012508266
457	-2.80625182218
458	-6.49634470109
459	-2.2426043699
460	-2.80625182218
461	-3.13150556344
462	-8.00356207354
463	-2.52307197621
464	-3.13150556344
465	-2.42012508266
466	-2.3795326863
467	-4.95344346987
468	-2.2426043699
469	-7.78198830634
470	-5.67808190537
