#Site	lnL	
0	-15.79014128
1	-3.05460960415
2	-3.03364497592
3	-2.53814644734
4	-2.64438817472
5	-7.37636725089
6	-2.53814644734
7	-5.72842695205
8	-3.03364497592
9	-2.53173491247
10	-2.64438817472
11	-6.30813700434
12	-11.5162931387
13	-5.8637162621
14	-8.09094332161
15	-5.28716863478
16	-7.06232213191
17	-3.06431254533
18	-2.53173491247
19	-2.61896393972
20	-6.17718066337
21	-2.53814644734
22	-5.33423391521
23	-3.50574390166
24	-2.53173491247
25	-2.64438817472
26	-3.06431254533
27	-2.53814644734
28	-2.64438817472
29	-9.16903726878
30	-13.1613314278
31	-10.0656634582
32	-6.57798541782
33	-2.53173491247
34	-7.24890975118
35	-3.06431254533
36	-8.92944176262
37	-7.4029451575
38	-3.03364497592
39	-2.56257347103
40	-5.33775802865
41	-2.97511520601
42	-2.56257347103
43	-2.64438817472
44	-10.0381120657
45	-2.53814644734
46	-2.61896393972
47	-6.40162827889
48	-2.53814644734
49	-2.64438817472
50	-2.97511520601
51	-2.53814644734
52	-2.60382695305
53	-3.06431254533
54	-6.82789558965
55	-2.61896393972
56	-2.97511520601
57	-2.53173491247
58	-9.90894049206
59	-3.03364497592
60	-9.00527182594
61	-12.5446922987
62	-12.0950712412
63	-2.56257347103
64	-3.05460960415
65	-2.97511520601
66	-2.53173491247
67	-2.61896393972
68	-2.97511520601
69	-2.56257347103
70	-5.8637162621
71	-2.97511520601
72	-2.53173491247
73	-2.60382695305
74	-6.55234060482
75	-5.94523390206
76	-6.82726357004
77	-3.06431254533
78	-2.53173491247
79	-2.64438817472
80	-3.50574390166
81	-9.55456221169
82	-11.327096457
83	-3.50574390166
84	-7.94550402944
85	-2.60382695305
86	-3.50574390166
87	-2.53173491247
88	-2.61896393972
89	-5.69651340068
90	-2.56257347103
91	-7.99510671236
92	-7.74120092474
93	-2.53814644734
94	-2.60382695305
95	-5.00050617491
96	-2.53814644734
97	-2.61896393972
98	-8.7224566865
99	-2.56257347103
100	-2.60382695305
101	-6.38286335412
102	-2.56257347103
103	-2.61896393972
104	-3.06431254533
105	-2.53814644734
106	-2.61896393972
107	-2.97511520601
108	-2.56257347103
109	-2.60382695305
110	-5.00050617491
111	-2.56257347103
112	-5.19309710997
113	-9.1628695411
114	-2.53814644734
115	-2.64438817472
116	-5.11668003482
117	-6.31433908893
118	-2.60382695305
119	-3.03364497592
120	-2.53814644734
121	-6.16586130934
122	-3.06431254533
123	-2.56257347103
124	-2.61896393972
125	-3.06431254533
126	-8.95590072248
127	-2.60382695305
128	-3.06431254533
129	-6.82789558965
130	-3.05460960415
131	-3.03364497592
132	-6.41916358649
133	-6.73785029282
134	-6.06024030226
135	-5.94007324296
136	-5.33423391521
137	-7.1002018898
138	-2.53814644734
139	-2.61896393972
140	-6.4449174674
141	-2.53814644734
142	-5.65792197966
143	-3.03364497592
144	-2.53173491247
145	-5.56539212704
146	-8.3357243553
147	-2.96736009948
148	-8.32737753012
149	-11.0314514076
150	-2.96736009948
151	-9.77679152168
152	-2.97511520601
153	-5.74040700131
154	-6.22387407361
155	-6.33686328197
156	-19.4793384697
157	-3.05460960415
158	-5.8996837215
159	-13.4623337034
160	-9.08728557317
161	-8.69292614301
162	-6.24781943723
163	-3.05460960415
164	-3.06431254533
165	-2.56257347103
166	-3.05460960415
167	-16.5328674393
168	-2.53173491247
169	-2.61896393972
170	-3.03364497592
171	-2.53814644734
172	-2.61896393972
173	-6.17718066337
174	-2.53173491247
175	-2.60382695305
176	-3.06431254533
177	-5.87075143171
178	-2.60382695305
179	-7.46393866928
180	-8.87359934713
181	-2.60382695305
182	-3.06431254533
183	-2.53173491247
184	-3.05460960415
185	-7.21681232067
186	-2.56257347103
187	-2.61896393972
188	-3.03364497592
189	-2.53173491247
190	-8.46417364457
191	-6.5967503426
192	-13.8476474124
193	-5.56539212704
194	-3.50574390166
195	-2.53814644734
196	-2.64438817472
197	-3.50574390166
198	-2.53173491247
199	-2.60382695305
200	-3.03364497592
201	-2.56257347103
202	-9.2863972602
203	-7.88561873376
204	-2.53173491247
205	-6.86238283314
206	-3.06431254533
207	-2.53814644734
208	-5.56539212704
209	-8.18616053075
210	-13.0932491317
211	-5.8637162621
212	-4.98998541946
213	-2.56257347103
214	-11.480555432
215	-9.47607539666
216	-8.81019200059
217	-2.60382695305
218	-3.06431254533
219	-2.53814644734
220	-2.60382695305
221	-3.50574390166
222	-2.96736009948
223	-5.65792197966
224	-6.0121171914
225	-2.53173491247
226	-2.61896393972
227	-3.50574390166
228	-11.2192482515
229	-2.64438817472
230	-3.06431254533
231	-6.90258335563
232	-6.22387407361
233	-11.968500444
234	-2.56257347103
235	-2.64438817472
236	-5.00050617491
237	-2.53814644734
238	-6.60162128389
239	-5.12256188764
240	-2.53173491247
241	-5.33775802865
242	-3.03364497592
243	-2.53814644734
244	-2.64438817472
245	-7.77100828102
246	-2.96736009948
247	-5.56539212704
248	-6.33686328197
249	-2.53814644734
250	-2.64438817472
251	-5.11668003482
252	-9.43972408455
253	-7.53118171398
254	-2.97511520601
255	-2.53173491247
256	-3.05460960415
257	-2.97511520601
258	-2.53814644734
259	-2.61896393972
260	-3.03364497592
261	-2.56257347103
262	-2.60382695305
263	-10.3238464591
264	-2.56257347103
265	-2.64438817472
266	-8.07872605738
267	-5.94523390206
268	-8.38909779506
269	-2.97511520601
270	-2.53814644734
271	-2.60382695305
272	-2.97511520601
273	-7.13766910389
274	-2.64438817472
275	-2.97511520601
276	-5.82398092226
277	-9.85304743371
278	-3.03364497592
279	-5.28199251669
280	-2.60382695305
281	-3.03364497592
282	-2.53173491247
283	-5.85764535703
284	-3.03364497592
285	-2.53814644734
286	-2.60382695305
287	-6.75584982801
288	-2.96736009948
289	-5.19915165372
290	-2.97511520601
291	-6.67027071528
292	-10.9356154282
293	-3.03364497592
294	-2.53814644734
295	-6.34020752676
296	-3.03364497592
297	-2.56257347103
298	-6.21775914281
299	-8.26308685696
300	-2.53814644734
301	-2.64438817472
302	-6.4449174674
303	-9.31838177604
304	-2.64438817472
305	-8.84761801306
306	-2.53814644734
307	-2.60382695305
308	-7.44339839636
309	-15.6880867123
310	-2.60382695305
311	-15.0070972106
312	-11.6976295
313	-9.76362111134
314	-9.70395461568
315	-6.82789558965
316	-13.247068514
317	-3.06431254533
318	-5.28199251669
319	-5.33423391521
320	-3.03364497592
321	-2.56257347103
322	-5.85764535703
323	-3.06431254533
324	-8.10443159161
325	-2.60382695305
326	-3.06431254533
327	-2.53173491247
328	-2.61896393972
329	-5.69651340068
330	-2.53173491247
331	-2.61896393972
332	-2.97511520601
333	-2.96736009948
334	-2.64438817472
335	-6.43344484516
336	-2.56257347103
337	-10.638620493
338	-3.50574390166
339	-2.53173491247
340	-2.64438817472
341	-3.03364497592
342	-5.66139505017
343	-2.60382695305
344	-8.96423163787
345	-2.53814644734
346	-2.61896393972
347	-6.9299279511
348	-2.96736009948
349	-2.60382695305
350	-3.50574390166
351	-5.94523390206
352	-2.60382695305
353	-6.66980724615
354	-5.42599221253
355	-2.61896393972
356	-3.03364497592
357	-2.96736009948
358	-2.60382695305
359	-3.03364497592
360	-2.56257347103
361	-6.3628672612
362	-5.12256188764
363	-2.53173491247
364	-7.24890975118
365	-5.12256188764
366	-2.53173491247
367	-5.19309710997
368	-3.03364497592
369	-2.53173491247
370	-2.60382695305
371	-3.50574390166
372	-2.53814644734
373	-6.34020752676
374	-7.1002018898
375	-2.53814644734
376	-7.58151292391
377	-3.06431254533
378	-9.36566782571
379	-2.61896393972
380	-2.97511520601
381	-2.53173491247
382	-2.64438817472
383	-6.48073904776
384	-5.94523390206
385	-2.61896393972
386	-6.17718066337
387	-8.10443159161
388	-3.05460960415
389	-3.03364497592
390	-10.0957766065
391	-2.64438817472
392	-6.5967503426
393	-2.53814644734
394	-2.64438817472
395	-3.06431254533
396	-7.34814808275
397	-6.7119940541
398	-5.00050617491
399	-2.56257347103
400	-2.61896393972
401	-3.06431254533
402	-2.53814644734
403	-2.64438817472
404	-7.47348529763
405	-2.96736009948
406	-8.50297114893
407	-3.03364497592
408	-6.4391997844
409	-9.1839120981
410	-2.97511520601
411	-2.53173491247
412	-5.19915165372
413	-3.50574390166
414	-2.53173491247
415	-2.61896393972
416	-2.97511520601
417	-5.66139505017
418	-3.05460960415
419	-3.06431254533
420	-2.56257347103
421	-10.7046691287
422	-2.97511520601
423	-7.32938315797
424	-2.64438817472
425	-5.12256188764
426	-2.53814644734
427	-2.60382695305
428	-6.0121171914
429	-2.53814644734
430	-3.05460960415
431	-9.86484189232
432	-5.28199251669
433	-12.4583531879
434	-3.06431254533
435	-2.53814644734
436	-5.72842695205
437	-3.03364497592
438	-2.96736009948
439	-2.60382695305
440	-3.06431254533
441	-6.31119153424
442	-2.60382695305
443	-7.01949139014
444	-10.5315242296
445	-2.61896393972
446	-3.03364497592
447	-2.96736009948
448	-9.01393002208
449	-3.50574390166
450	-2.53814644734
451	-2.64438817472
452	-3.03364497592
453	-2.53173491247
454	-2.64438817472
455	-3.06431254533
456	-2.53173491247
457	-2.64438817472
458	-5.32727159978
459	-2.96736009948
460	-2.60382695305
461	-3.06431254533
462	-2.53814644734
463	-5.56539212704
464	-7.76911963413
465	-2.53173491247
466	-6.60162128389
467	-2.97511520601
468	-2.53814644734
469	-2.64438817472
470	-3.06431254533
