# log_p 	 lnL 	 
0.0	-1594.18688346	
-0.287682072452	-1594.18882978	
-0.510825623766	-1594.18521373	
-0.69314718056	-1594.17716075	
-0.847297860387	-1594.16654732	
-0.980829253012	-1594.15490802	
-1.09861228867	-1594.14333038	
-1.20397280433	-1594.13250727	
-1.29928298413	-1594.12282471	
-1.38629436112	-1594.1144511	
-1.46633706879	-1594.10741247	
-1.54044504095	-1594.10164917	
-1.60943791243	-1594.09705547	
-1.67397643357	-1594.09350548	
-1.73460105539	-1594.09086922	
-1.79175946923	-1594.08902193	
-1.8458266905	-1594.08784897	
-1.89711998489	-1594.08724788	
-1.94591014906	-1594.08712877	
-1.99243016469	-1594.08741387	
-2.03688192726	-1594.08803646	
-2.07944154168	-1594.08893967	
-2.1202635362	-1594.09007526	
-2.15948424935	-1594.09140239	
-2.19722457734	-1594.09288658	
-2.23359222151	-1594.09449873	
-2.26868354132	-1594.09621427	
-2.30258509299	-1594.09801248	
-2.33537491582	-1594.09987586	
-2.36712361413	-1594.10178961	
-2.3978952728	-1594.10374121	
-2.42774823595	-1594.10572006	
-2.45673577282	-1594.10771718	
-2.48490664979	-1594.10972495	
-2.51230562398	-1594.11173689	
-2.53897387106	-1594.11374751	
-2.56494935746	-1594.11575213	
-2.59026716545	-1594.11774679	
-2.61495977804	-1594.11972814	
-2.63905732962	-1594.12169331	
-2.66258782703	-1594.12363991	
-2.68557734525	-1594.12556591	
-2.7080502011	-1594.1274696	
-2.73002910782	-1594.12934956	
-2.75153531304	-1594.13120462	
-2.77258872224	-1594.13303381	
-2.79320800944	-1594.13483636	
-2.81341071676	-1594.13661164	
-2.83321334406	-1594.13835918	
-2.85263142991	-1594.14007862	
-2.87167962488	-1594.14176971	
-2.8903717579	-1594.14343228	
-2.90872089656	-1594.14506627	
-2.92673940207	-1594.14667166	
-2.94443897917	-1594.14824852	
-2.96183072188	-1594.14979694	
-2.97892515524	-1594.15131709	
-2.99573227355	-1594.15280918	
-3.01226157551	-1594.15427342	
-3.02852209638	-1594.15571009	
-3.04452243772	-1594.15711948	
-3.06027079469	-1594.1585019	
-3.07577498123	-1594.15985769	
-3.09104245336	-1594.16118721	
-3.10608033072	-1594.1624908	
-3.12089541651	-1594.16376886	
-3.13549421593	-1594.16502177	
-3.14988295338	-1594.16624992	
-3.16406758837	-1594.16745371	
-3.17805383035	-1594.16863354	
-3.19184715248	-1594.16978983	
-3.20545280454	-1594.17092298	
-3.21887582487	-1594.1720334	
-3.23212105162	-1594.1731215	
-3.24519313319	-1594.1741877	
-3.25809653802	-1594.17523239	
-3.2708355638	-1594.17625599	
-3.28341434601	-1594.17725889	
-3.295836866	-1594.1782415	
-3.3081069586	-1594.17920421	
-3.32022831913	-1594.18014741	
-3.33220451018	-1594.18107149	
-3.34403896782	-1594.18197683	
-3.35573500759	-1594.1828638	
-3.36729582999	-1594.18373278	
-3.37872452581	-1594.18458413	
-3.39002408106	-1594.18541821	
-3.40119738166	-1594.18623538	
-3.41224721785	-1594.18703599	
-3.42317628838	-1594.18782037	
-3.43398720449	-1594.18858887	
-3.4446824936	-1594.18934181	
-3.45526460293	-1594.19007953	
-3.4657359028	-1594.19080233	
-3.47609868984	-1594.19151053	
-3.48635519	-1594.19220444	
-3.49650756147	-1594.19288436	
-3.50655789732	-1594.19355059	
-3.51650822817	-1594.1942034	
-3.52636052462	-1594.19484309	
-3.53611669956	-1594.19546993	
-3.54577861047	-1594.1960842	
-3.55534806149	-1594.19668615	
-3.56482680544	-1594.19727606	
-3.57421654579	-1594.19785416	
-3.58351893846	-1594.19842073	
-3.59273559356	-1594.19897599	
-3.60186807712	-1594.19952019	
-3.61091791264	-1594.20005355	
-3.61988658263	-1594.20057632	
-3.62877553004	-1594.20108871	
-3.63758615973	-1594.20159094	
-3.6463198397	-1594.20208323	
-3.65497790244	-1594.20256578	
-3.66356164613	-1594.2030388	
-3.6720723358	-1594.20350249	
-3.68051120444	-1594.20395705	
-3.68887945411	-1594.20440266	
-3.69717825693	-1594.20483952	
-3.70540875607	-1594.2052678	
-3.7135720667	-1594.20568769	
-3.72166927694	-1594.20609936	
-3.72970144863	-1594.20650298	
-3.73766961828	-1594.20689872	
-3.74557479779	-1594.20728674	
-3.75341797525	-1594.20766721	
-3.76120011569	-1594.20804027	
-3.76892216179	-1594.20840608	
-3.77658503453	-1594.20876479	
-3.78418963392	-1594.20911655	
-3.79173683955	-1594.2094615	
-3.79922751128	-1594.20979977	
-3.80666248977	-1594.21013151	
-3.81404259707	-1594.21045685	
-3.82136863716	-1594.21077591	
-3.82864139649	-1594.21108883	
-3.83586164446	-1594.21139573	
-3.84303013394	-1594.21169674	
-3.85014760171	-1594.21199196	
-3.85721476893	-1594.21228152	
-3.86423234159	-1594.21256553	
-3.87120101091	-1594.21284411	
-3.87812145375	-1594.21311735	
-3.88499433304	-1594.21338538	
-3.89182029811	-1594.21364828	
-3.8985999851	-1594.21390617	
-3.90533401728	-1594.21415915	
-3.91202300543	-1594.2144073	
-3.91866754815	-1594.21465073	
-3.92526823218	-1594.21488954	
-3.93182563272	-1594.2151238	
-3.93834031375	-1594.21535361	
-3.94481282825	-1594.21557905	
-3.95124371858	-1594.21580022	
-3.95763351668	-1594.2160172	
-3.96398274436	-1594.21623006	
-3.97029191355	-1594.21643889	
-3.97656152657	-1594.21664376	
-3.98279207632	-1594.21684476	
-3.98898404656	-1594.21704195	
-3.99513791214	-1594.21723542	
-4.00125413916	-1594.21742522	
-4.00733318523	-1594.21761143	
-4.01337549969	-1594.21779413	
-4.01938152375	-1594.21797337	
-4.02535169074	-1594.21814923	
-4.03128642625	-1594.21832176	
-4.03718614838	-1594.21849103	
-4.04305126783	-1594.21865711	
-4.04888218815	-1594.21882004	
-4.05467930583	-1594.2189799	
-4.06044301055	-1594.21913674	
-4.06617368526	-1594.21929061	
-4.07187170637	-1594.21944157	
-4.07753744391	-1594.21958968	
-4.08317126162	-1594.21973499	
-4.08877351717	-1594.21987755	
-4.09434456222	-1594.2200174	
-4.0998847426	-1594.22015461	
-4.10539439841	-1594.22028922	
-4.11087386417	-1594.22042128	
-4.11632346894	-1594.22055084	
-4.12174353641	-1594.22067793	
-4.12713438505	-1594.22080261	
-4.13249632819	-1594.22092492	
-4.13782967416	-1594.22104491	
-4.14313472639	-1594.22116261	
-4.14841178349	-1594.22127806	
-4.15366113938	-1594.22139131	
-4.15888308336	-1594.22150241	
-4.16407790024	-1594.22161137	
-4.1692458704	-1594.22171825	
-4.1743872699	-1594.22182309	
-4.17950237056	-1594.22192591	
-4.18459144007	-1594.22202676	
-4.18965474203	-1594.22212567	
-4.19469253606	-1594.22222267	
-4.19970507788	-1594.2223178	
-4.20469261939	-1594.22241109	
-4.20965540873	-1594.22250257	
-4.21459369037	-1594.22259228	
-4.21950770518	-1594.22268025	
-4.22439769047	-1594.22276651	
-4.22926388012	-1594.22285108	
-4.2341065046	-1594.22293401	
-4.23892579103	-1594.2230153	
-4.2437219633	-1594.22309501	
-4.24849524205	-1594.22317314	
-4.25324584481	-1594.22324974	
-4.257973986	-1594.22332482	
-4.26267987704	-1594.22339842	
-4.26736372635	-1594.22347055	
-4.27202573946	-1594.22354125	
-4.27666611902	-1594.22361053	
-4.28128506487	-1594.22367843	
-4.28588277412	-1594.22374497	
-4.29045944115	-1594.22381016	
-4.29501525768	-1594.22387404	
-4.29955041285	-1594.22393663	
-4.3040650932	-1594.22399794	
-4.30855948279	-1594.224058	
-4.31303376319	-1594.22411683	
-4.31748811354	-1594.22417445	
-4.3219227106	-1594.22423089	
-4.32633772881	-1594.22428616	
-4.33073334029	-1594.22434027	
-4.33510971489	-1594.22439326	
-4.33946702026	-1594.22444514	
-4.34380542185	-1594.22449593	
-4.348125083	-1594.22454565	
-4.3524261649	-1594.22459431	
-4.35670882669	-1594.22464193	
-4.36097322548	-1594.22468853	
-4.36521951636	-1594.22473413	
-4.36944785247	-1594.22477874	
-4.373658385	-1594.22482239	
-4.37785126326	-1594.22486508	
-4.38202663467	-1594.22490683	
-4.38618464482	-1594.22494766	
-4.39032543749	-1594.22498758	
-4.39444915467	-1594.22502661	
-4.39855593663	-1594.22506476	
-4.40264592188	-1594.22510205	
-4.40671924726	-1594.22513849	
-4.41077604796	-1594.22517409	
-4.4148164575	-1594.22520887	
-4.4188406078	-1594.22524285	
-4.42284862919	-1594.22527603	
-4.42684065046	-1594.22530843	
-4.43081679884	-1594.22534006	
-4.43477720006	-1594.22537093	
-4.43872197835	-1594.22540106	
-4.44265125649	-1594.22543045	
-4.44656515581	-1594.22545913	
-4.45046379623	-1594.2254871	
-4.45434729625	-1594.22551437	
-4.45821577303	-1594.22554095	
-4.46206934235	-1594.22556686	
-4.46590811865	-1594.22559211	
-4.46973221509	-1594.2256167	
-4.47354174351	-1594.22564065	
-4.47733681448	-1594.22566397	
-4.48111753732	-1594.22568666	
-4.48488402011	-1594.22570875	
-4.48863636973	-1594.22573023	
-4.49237469184	-1594.22575112	
-4.49609909093	-1594.22577142	
-4.49980967033	-1594.22579115	
-4.50350653221	-1594.22581032	
-4.50718977763	-1594.22582893	
-4.51085950652	-1594.22584699	
-4.51451581772	-1594.22586451	
-4.518158809	-1594.22588151	
-4.52178857705	-1594.22589798	
-4.52540521752	-1594.22591394	
-4.52900882502	-1594.2259294	
-4.53259949315	-1594.22594436	
-4.5361773145	-1594.22595883	
-4.53974238067	-1594.22597281	
-4.54329478227	-1594.22598633	
-4.54683460898	-1594.22599938	
-4.55036194949	-1594.22601197	
-4.5538768916	-1594.2260241	
-4.55737952215	-1594.2260358	
-4.56086992709	-1594.22604705	
-4.56434819147	-1594.22605788	
-4.56781439944	-1594.22606828	
-4.57126863431	-1594.22607826	
-4.5747109785	-1594.22608784	
-4.5781415136	-1594.22609701	
-4.58156032035	-1594.22610578	
-4.58496747867	-1594.22611416	
-4.58836306767	-1594.22612215	
-4.59174716566	-1594.22612977	
-4.59511985013	-1594.22613701	
-4.59848119784	-1594.22614388	
-4.60183128472	-1594.22615039	
-4.60517018599	-1594.22615655	
-4.60849797608	-1594.22616236	
-4.61181472871	-1594.22616782	
-4.61512051684	-1594.22617294	
-4.61841541274	-1594.22617772	
-4.62169948794	-1594.22618218	
-4.62497281328	-1594.22618631	
-4.62823545892	-1594.22619012	
-4.63148749431	-1594.22619362	
-4.63472898823	-1594.22619681	
-4.63796000881	-1594.2261997	
-4.64118062351	-1594.22620228	
-4.64439089914	-1594.22620458	
-4.64759090187	-1594.22620658	
-4.65078069724	-1594.22620829	
-4.65396035016	-1594.22620972	
-4.65712992492	-1594.22621088	
-4.66028948521	-1594.22621177	
-4.66343909411	-1594.22621238	
-4.66657881412	-1594.22621273	
-4.66970870713	-1594.22621282	
-4.67282883446	-1594.22621266	
-4.67593925688	-1594.22621224	
-4.67904003455	-1594.22621158	
-4.68213122712	-1594.22621067	
-4.68521289366	-1594.22620952	
-4.6882850927	-1594.22620814	
-4.69134788223	-1594.22620652	
-4.69440131972	-1594.22620467	
-4.6974454621	-1594.22620259	
-4.70048036579	-1594.2262003	
-4.70350608671	-1594.22619778	
-4.70652268025	-1594.22619505	
-4.70953020131	-1594.22619211	
-4.71252870431	-1594.22618896	
-4.71551824316	-1594.22618561	
-4.7184988713	-1594.22618205	
-4.72147064168	-1594.22617829	
-4.72443360681	-1594.22617434	
-4.72738781871	-1594.22617019	
-4.73033332894	-1594.22616586	
-4.73327018862	-1594.22616133	
-4.73619844839	-1594.22615663	
-4.7391181585	-1594.22615174	
-4.74202936871	-1594.22614668	
-4.74493212836	-1594.22614144	
-4.74782648639	-1594.22613602	
-4.75071249128	-1594.22613044	
-4.75359019111	-1594.22612469	
-4.75645963353	-1594.22611878	
-4.75932086582	-1594.2261127	
-4.7621739348	-1594.22610647	
-4.76501888693	-1594.22610008	
-4.76785576827	-1594.22609353	
-4.77068462447	-1594.22608683	
-4.77350550081	-1594.22607999	
-4.77631844218	-1594.22607299	
-4.77912349311	-1594.22606585	
-4.78192069773	-1594.22605857	
-4.78471009982	-1594.22605115	
-4.78749174278	-1594.22604359	
-4.79026566966	-1594.2260359	
-4.79303192316	-1594.22602807	
-4.7957905456	-1594.22602011	
-4.79854157897	-1594.22601202	
-4.80128506491	-1594.22600381	
-4.80402104473	-1594.22599547	
-4.80674955939	-1594.22598701	
-4.8094706495	-1594.22597842	
-4.81218435537	-1594.22596972	
-4.81489071697	-1594.2259609	
-4.81758977394	-1594.22595196	
-4.82028156561	-1594.22594291	
-4.82296613098	-1594.22593375	
-4.82564350875	-1594.22592448	
-4.8283137373	-1594.22591511	
-4.83097685472	-1594.22590562	
-4.83363289878	-1594.22589604	
-4.83628190695	-1594.22588635	
-4.83892391641	-1594.22587656	
-4.84155896405	-1594.22586667	
-4.84418708646	-1594.22585668	
-4.84680831994	-1594.22584659	
-4.84942270051	-1594.22583642	
-4.85203026392	-1594.22582615	
-4.85463104562	-1594.22581578	
-4.8572250808	-1594.22580533	
-4.85981240436	-1594.22579479	
-4.86239305096	-1594.22578417	
-4.86496705495	-1594.22577346	
-4.86753445046	-1594.22576266	
-4.87009527132	-1594.22575179	
-4.87264955112	-1594.22574083	
-4.8751973232	-1594.22572979	
-4.87773862063	-1594.22571868	
-4.88027347623	-1594.22570749	
-4.88280192259	-1594.22569622	
-4.88532399202	-1594.22568488	
-4.88783971662	-1594.22567347	
-4.89034912822	-1594.22566198	
-4.89285225844	-1594.22565043	
-4.89534913864	-1594.2256388	
-4.89783979995	-1594.22562711	
-4.90032427328	-1594.22561535	
-4.90280258929	-1594.22560353	
-4.90527477844	-1594.22559164	
-4.90774087093	-1594.22557969	
-4.91020089677	-1594.22556768	
-4.91265488574	-1594.2255556	
-4.91510286737	-1594.22554347	
-4.91754487103	-1594.22553128	
-4.91998092583	-1594.22551903	
-4.92241106068	-1594.22550672	
-4.92483530429	-1594.22549436	
-4.92725368516	-1594.22548195	
-4.92966623156	-1594.22546948	
-4.93207297159	-1594.22545696	
-4.93447393313	-1594.22544438	
-4.93686914386	-1594.22543176	
-4.93925863125	-1594.22541909	
-4.94164242261	-1594.22540637	
-4.94402054501	-1594.2253936	
-4.94639302537	-1594.22538079	
-4.94875989038	-1594.22536793	
-4.95112116656	-1594.22535502	
-4.95347688026	-1594.22534208	
-4.9558270576	-1594.22532908	
-4.95817172456	-1594.22531605	
-4.96051090691	-1594.22530298	
-4.96284463026	-1594.22528986	
-4.96517292002	-1594.22527671	
-4.96749580144	-1594.22526351	
-4.96981329958	-1594.22525028	
-4.97212543933	-1594.22523701	
-4.97443224543	-1594.22522371	
-4.97673374242	-1594.22521037	
-4.97902995468	-1594.22519699	
-4.98132090643	-1594.22518358	
-4.98360662171	-1594.22517014	
-4.98588712441	-1594.22515666	
-4.98816243824	-1594.22514315	
-4.99043258678	-1594.22512962	
-4.99269759341	-1594.22511605	
-4.99495748138	-1594.22510245	
-4.99721227376	-1594.22508882	
-4.9994619935	-1594.22507516	
-5.00170666335	-1594.22506148	
-5.00394630595	-1594.22504777	
-5.00618094375	-1594.22503403	
-5.00841059907	-1594.22502026	
-5.0106352941	-1594.22500647	
-5.01285505083	-1594.22499266	
-5.01506989116	-1594.22497882	
-5.01727983681	-1594.22496496	
-5.01948490937	-1594.22495107	
-5.02168513028	-1594.22493717	
-5.02388052085	-1594.22492324	
-5.02607110223	-1594.22490929	
-5.02825689545	-1594.22489532	
-5.03043792139	-1594.22488133	
-5.03261420082	-1594.22486732	
-5.03478575433	-1594.22485329	
-5.03695260241	-1594.22483925	
-5.03911476542	-1594.22482518	
-5.04127226356	-1594.2248111	
-5.04342511692	-1594.224797	
-5.04557334546	-1594.22478288	
-5.047716969	-1594.22476875	
-5.04985600725	-1594.22475461	
-5.05199047978	-1594.22474045	
-5.05412040604	-1594.22472627	
-5.05624580535	-1594.22471208	
-5.05836669692	-1594.22469788	
-5.06048309982	-1594.22468366	
-5.06259503303	-1594.22466943	
-5.06470251537	-1594.22465519	
-5.06680556556	-1594.22464094	
-5.06890420222	-1594.22462668	
-5.07099844382	-1594.2246124	
-5.07308830874	-1594.22459812	
-5.07517381523	-1594.22458382	
-5.07725498144	-1594.22456952	
-5.07933182538	-1594.22455521	
-5.08140436498	-1594.22454088	
-5.08347261805	-1594.22452655	
-5.08553660227	-1594.22451221	
-5.08759633523	-1594.22449787	
-5.08965183441	-1594.22448351	
-5.09170311719	-1594.22446915	
-5.09375020081	-1594.22445479	
-5.09579310244	-1594.22444041	
-5.09783183913	-1594.22442604	
-5.09986642782	-1594.22441165	
-5.10189688537	-1594.22439726	
-5.10392322852	-1594.22438287	
-5.1059454739	-1594.22436847	
-5.10796363806	-1594.22435407	
-5.10997773743	-1594.22433966	
-5.11198778836	-1594.22432525	
-5.11399380708	-1594.22431084	
-5.11599580975	-1594.22429642	
-5.11799381242	-1594.224282	
-5.11998783102	-1594.22426758	
-5.12197788143	-1594.22425316	
-5.1239639794	-1594.22423874	
-5.12594614061	-1594.22422431	
-5.12792438062	-1594.22420989	
-5.12989871492	-1594.22419546	
-5.13186915891	-1594.22418103	
-5.13383572788	-1594.2241666	
-5.13579843705	-1594.22415218	
-5.13775730154	-1594.22413775	
-5.13971233637	-1594.22412332	
-5.1416635565	-1594.2241089	
-5.14361097679	-1594.22409447	
-5.145554612	-1594.22408005	
-5.14749447681	-1594.22406563	
-5.14943058584	-1594.22405121	
-5.15136295359	-1594.22403679	
-5.1532915945	-1594.22402238	
-5.15521652291	-1594.22400796	
-5.15713775309	-1594.22399355	
-5.15905529921	-1594.22397915	
-5.1609691754	-1594.22396474	
-5.16287939565	-1594.22395035	
-5.16478597392	-1594.22393595	
-5.16668892407	-1594.22392156	
-5.16858825987	-1594.22390717	
-5.17048399504	-1594.22389279	
-5.17237614319	-1594.22387841	
-5.17426471788	-1594.22386403	
-5.17614973257	-1594.22384966	
-5.17803120067	-1594.2238353	
-5.1799091355	-1594.22382094	
-5.18178355029	-1594.22380659	
-5.18365445823	-1594.22379224	
-5.1855218724	-1594.2237779	
-5.18738580584	-1594.22376357	
-5.18924627149	-1594.22374924	
-5.19110328224	-1594.22373492	
-5.19295685089	-1594.2237206	
-5.19480699018	-1594.22370629	
-5.19665371277	-1594.22369199	
-5.19849703127	-1594.2236777	
-5.20033695819	-1594.22366341	
-5.202173506	-1594.22364913	
-5.20400668708	-1594.22363486	
-5.20583651375	-1594.2236206	
-5.20766299828	-1594.22360634	
-5.20948615284	-1594.22359209	
-5.21130598956	-1594.22357785	
-5.21312252048	-1594.22356362	
-5.21493575761	-1594.2235494	
-5.21674571285	-1594.22353519	
-5.21855239808	-1594.22352098	
-5.22035582508	-1594.22350679	
-5.22215600558	-1594.2234926	
-5.22395295126	-1594.22347843	
-5.22574667371	-1594.22346426	
-5.22753718449	-1594.2234501	
-5.22932449506	-1594.22343595	
-5.23110861685	-1594.22342181	
-5.23288956123	-1594.22340769	
-5.23466733947	-1594.22339357	
-5.23644196283	-1594.22337946	
-5.23821344248	-1594.22336536	
-5.23998178954	-1594.22335128	
-5.24174701506	-1594.2233372	
-5.24350913005	-1594.22332313	
-5.24526814546	-1594.22330908	
-5.24702407216	-1594.22329503	
-5.24877692099	-1594.223281	
-5.25052670271	-1594.22326698	
-5.25227342805	-1594.22325297	
-5.25401710765	-1594.22323897	
-5.25575775213	-1594.22322498	
-5.25749537203	-1594.22321101	
-5.25922997784	-1594.22319704	
-5.26096158	-1594.22318309	
-5.2626901889	-1594.22316915	
-5.26441581487	-1594.22315522	
-5.26613846818	-1594.2231413	
-5.26785815906	-1594.2231274	
-5.26957489768	-1594.22311351	
-5.27128869416	-1594.22309963	
-5.27299955856	-1594.22308576	
-5.27470750091	-1594.2230719	
-5.27641253116	-1594.22305806	
-5.27811465923	-1594.22304423	
-5.27981389498	-1594.22303042	
-5.28151024823	-1594.22301661	
-5.28320372874	-1594.22300282	
-5.28489434622	-1594.22298904	
-5.28658211033	-1594.22297528	
-5.28826703069	-1594.22296152	
-5.28994911688	-1594.22294779	
-5.2916283784	-1594.22293406	
-5.29330482472	-1594.22292035	
-5.29497846528	-1594.22290665	
-5.29664930945	-1594.22289296	
-5.29831736655	-1594.22287929	
-5.29998264587	-1594.22286564	
-5.30164515664	-1594.22285199	
-5.30330490806	-1594.22283836	
-5.30496190927	-1594.22282474	
-5.30661616936	-1594.22281114	
-5.3082676974	-1594.22279755	
-5.30991650239	-1594.22278398	
-5.3115625933	-1594.22277042	
-5.31320597904	-1594.22275687	
-5.3148466685	-1594.22274334	
-5.3164846705	-1594.22272982	
-5.31811999384	-1594.22271632	
-5.31975264727	-1594.22270283	
-5.32138263948	-1594.22268935	
-5.32300997914	-1594.22267589	
-5.32463467487	-1594.22266245	
-5.32625673524	-1594.22264901	
-5.32787616879	-1594.2226356	
-5.32949298402	-1594.2226222	
-5.33110718937	-1594.22260881	
-5.33271879327	-1594.22259544	
-5.33432780407	-1594.22258208	
-5.33593423012	-1594.22256874	
-5.3375380797	-1594.22255541	
-5.33913936107	-1594.22254209	
-5.34073808243	-1594.2225288	
-5.34233425196	-1594.22251551	
-5.3439278778	-1594.22250224	
-5.34551896803	-1594.22248899	
-5.34710753072	-1594.22247575	
-5.34869357387	-1594.22246253	
-5.35027710548	-1594.22244932	
-5.35185813348	-1594.22243613	
-5.35343666577	-1594.22242295	
-5.35501271022	-1594.22240979	
-5.35658627467	-1594.22239665	
-5.3581573669	-1594.22238351	
-5.35972599468	-1594.2223704	
-5.36129216571	-1594.2223573	
-5.36285588769	-1594.22234421	
-5.36441716825	-1594.22233114	
-5.36597601502	-1594.22231809	
-5.36753243557	-1594.22230505	
-5.36908643744	-1594.22229203	
-5.37063802813	-1594.22227902	
-5.37218721511	-1594.22226603	
-5.37373400583	-1594.22225306	
-5.37527840768	-1594.2222401	
-5.37682042804	-1594.22222715	
-5.37836007422	-1594.22221422	
-5.37989735354	-1594.22220131	
-5.38143227326	-1594.22218841	
-5.38296484061	-1594.22217553	
-5.38449506279	-1594.22216267	
-5.38602294697	-1594.22214982	
-5.38754850028	-1594.22213698	
-5.38907172982	-1594.22212416	
-5.39059264266	-1594.22211136	
-5.39211124583	-1594.22209858	
-5.39362754635	-1594.22208581	
-5.39514155118	-1594.22207305	
-5.39665326727	-1594.22206031	
-5.39816270152	-1594.22204759	
-5.39966986081	-1594.22203488	
-5.40117475199	-1594.22202219	
-5.40267738187	-1594.22200952	
-5.40417775725	-1594.22199686	
-5.40567588487	-1594.22198422	
-5.40717177146	-1594.22197159	
-5.40866542372	-1594.22195898	
-5.4101568483	-1594.22194639	
-5.41164605186	-1594.22193381	
-5.41313304098	-1594.22192125	
-5.41461782224	-1594.2219087	
-5.4161004022	-1594.22189617	
-5.41758078737	-1594.22188366	
-5.41905898424	-1594.22187116	
-5.42053499927	-1594.22185868	
-5.42200883889	-1594.22184621	
-5.4234805095	-1594.22183377	
-5.42495001748	-1594.22182133	
-5.42641736918	-1594.22180892	
-5.4278825709	-1594.22179652	
-5.42934562895	-1594.22178413	
-5.43080654959	-1594.22177176	
-5.43226533906	-1594.22175941	
-5.43372200355	-1594.22174707	
-5.43517654927	-1594.22173476	
-5.43662898235	-1594.22172245	
-5.43807930892	-1594.22171016	
-5.4395275351	-1594.22169789	
-5.44097366695	-1594.22168564	
-5.44241771052	-1594.2216734	
-5.44385967184	-1594.22166118	
-5.4452995569	-1594.22164897	
-5.44673737167	-1594.22163678	
-5.44817312209	-1594.22162461	
-5.44960681409	-1594.22161245	
-5.45103845357	-1594.22160031	
-5.45246804638	-1594.22158818	
-5.45389559837	-1594.22157608	
-5.45532111536	-1594.22156398	
-5.45674460314	-1594.22155191	
-5.45816606749	-1594.22153985	
-5.45958551414	-1594.2215278	
-5.46100294883	-1594.22151578	
-5.46241837723	-1594.22150376	
-5.46383180503	-1594.22149177	
-5.46524323786	-1594.22147979	
-5.46665268137	-1594.22146783	
-5.46806014114	-1594.22145588	
-5.46946562274	-1594.22144395	
-5.47086913175	-1594.22143203	
-5.47227067367	-1594.22142014	
-5.47367025403	-1594.22140825	
-5.47506787829	-1594.22139639	
-5.47646355193	-1594.22138454	
-5.47785728038	-1594.22137271	
-5.47924906905	-1594.22136089	
-5.48063892334	-1594.22134909	
-5.48202684862	-1594.2213373	
-5.48341285022	-1594.22132553	
-5.48479693349	-1594.22131378	
-5.48617910372	-1594.22130204	
-5.48755936619	-1594.22129032	
-5.48893772616	-1594.22127862	
-5.49031418887	-1594.22126693	
-5.49168875953	-1594.22125526	
-5.49306144334	-1594.2212436	
-5.49443224547	-1594.22123196	
-5.49580117108	-1594.22122034	
-5.49716822529	-1594.22120873	
-5.49853341322	-1594.22119713	
-5.49989673995	-1594.22118556	
-5.50125821054	-1594.221174	
-5.50261783006	-1594.22116245	
-5.50397560352	-1594.22115093	
-5.50533153593	-1594.22113941	
-5.50668563228	-1594.22112792	
-5.50803789753	-1594.22111644	
-5.50938833663	-1594.22110497	
-5.5107369545	-1594.22109353	
-5.51208375605	-1594.22108209	
-5.51342874616	-1594.22107068	
-5.51477192971	-1594.22105928	
-5.51611331154	-1594.22104789	
-5.51745289646	-1594.22103652	
-5.51879068931	-1594.22102517	
-5.52012669485	-1594.22101383	
-5.52146091786	-1594.22100251	
-5.5227933631	-1594.22099121	
-5.52412403528	-1594.22097992	
-5.52545293913	-1594.22096864	
-5.52678007934	-1594.22095738	
-5.52810546058	-1594.22094614	
-5.52942908751	-1594.22093492	
-5.53075096477	-1594.22092371	
-5.53207109697	-1594.22091251	
-5.53338948873	-1594.22090133	
-5.53470614461	-1594.22089017	
-5.53602106919	-1594.22087902	
-5.53733426702	-1594.22086789	
-5.53864574262	-1594.22085677	
-5.5399555005	-1594.22084567	
-5.54126354516	-1594.22083459	
-5.54256988107	-1594.22082352	
-5.5438745127	-1594.22081246	
-5.54517744448	-1594.22080142	
-5.54647868084	-1594.2207904	
-5.54777822618	-1594.22077939	
-5.5490760849	-1594.2207684	
-5.55037226136	-1594.22075743	
-5.55166675992	-1594.22074646	
-5.55295958492	-1594.22073552	
-5.55425074069	-1594.22072459	
-5.55554023152	-1594.22071368	
-5.5568280617	-1594.22070278	
-5.55811423551	-1594.22069189	
-5.5593987572	-1594.22068103	
-5.56068163102	-1594.22067017	
-5.56196286117	-1594.22065934	
-5.56324245188	-1594.22064851	
-5.56452040732	-1594.22063771	
-5.56579673168	-1594.22062692	
-5.56707142911	-1594.22061614	
-5.56834450376	-1594.22060538	
-5.56961595975	-1594.22059463	
-5.57088580119	-1594.2205839	
-5.57215403218	-1594.22057319	
-5.57342065679	-1594.22056249	
-5.5746856791	-1594.22055181	
-5.57594910315	-1594.22054114	
-5.57721093297	-1594.22053048	
-5.57847117258	-1594.22051984	
-5.57972982599	-1594.22050922	
-5.58098689718	-1594.22049861	
-5.58224239012	-1594.22048802	
-5.58349630878	-1594.22047744	
-5.5847486571	-1594.22046688	
-5.585999439	-1594.22045633	
-5.5872486584	-1594.22044579	
-5.5884963192	-1594.22043528	
-5.58974242528	-1594.22042477	
-5.59098698051	-1594.22041428	
-5.59222998875	-1594.22040381	
-5.59347145384	-1594.22039335	
-5.5947113796	-1594.22038291	
-5.59594976985	-1594.22037248	
-5.59718662839	-1594.22036207	
-5.598421959	-1594.22035167	
-5.59965576545	-1594.22034128	
-5.60088805149	-1594.22033091	
-5.60211882088	-1594.22032056	
-5.60334807733	-1594.22031022	
-5.60457582457	-1594.22029989	
-5.6058020663	-1594.22028958	
-5.60702680619	-1594.22027929	
-5.60825004793	-1594.22026901	
-5.60947179518	-1594.22025874	
-5.61069205159	-1594.22024849	
-5.61191082078	-1594.22023825	
-5.61312810639	-1594.22022803	
-5.61434391201	-1594.22021782	
-5.61555824124	-1594.22020763	
-5.61677109767	-1594.22019745	
-5.61798248485	-1594.22018729	
-5.61919240636	-1594.22017714	
-5.62040086572	-1594.220167	
-5.62160786647	-1594.22015688	
-5.62281341212	-1594.22014677	
-5.62401750619	-1594.22013668	
-5.62522015215	-1594.2201266	
-5.6264213535	-1594.22011654	
-5.62762111369	-1594.22010649	
-5.62881943618	-1594.22009646	
-5.63001632442	-1594.22008644	
-5.63121178182	-1594.22007643	
-5.63240581181	-1594.22006644	
-5.6335984178	-1594.22005647	
-5.63478960317	-1594.2200465	
-5.6359793713	-1594.22003655	
-5.63716772557	-1594.22002662	
-5.63835466933	-1594.2200167	
-5.63954020593	-1594.22000679	
-5.64072433869	-1594.2199969	
-5.64190707094	-1594.21998702	
-5.64308840598	-1594.21997716	
-5.64426834712	-1594.21996731	
-5.64544689764	-1594.21995748	
-5.64662406082	-1594.21994765	
-5.64779983991	-1594.21993785	
-5.64897423816	-1594.21992805	
-5.65014725882	-1594.21991827	
-5.65131890512	-1594.21990851	
-5.65248918027	-1594.21989876	
-5.65365808747	-1594.21988902	
-5.65482562993	-1594.2198793	
-5.65599181082	-1594.21986959	
-5.65715663332	-1594.21985989	
-5.65832010058	-1594.21985021	
-5.65948221576	-1594.21984054	
-5.660642982	-1594.21983088	
-5.66180240242	-1594.21982124	
-5.66296048014	-1594.21981162	
-5.66411721826	-1594.219802	
-5.66527261989	-1594.2197924	
-5.66642668811	-1594.21978282	
-5.66757942599	-1594.21977324	
-5.6687308366	-1594.21976369	
-5.66988092298	-1594.21975414	
-5.67102968818	-1594.21974461	
-5.67217713524	-1594.21973509	
-5.67332326717	-1594.21972559	
-5.67446808699	-1594.2197161	
-5.67561159769	-1594.21970662	
-5.67675380227	-1594.21969716	
-5.6778947037	-1594.21968771	
-5.67903430497	-1594.21967827	
-5.68017260902	-1594.21966885	
-5.6813096188	-1594.21965944	
-5.68244533727	-1594.21965004	
-5.68357976734	-1594.21964066	
-5.68471291194	-1594.21963129	
-5.68584477397	-1594.21962193	
-5.68697535634	-1594.21961259	
-5.68810466194	-1594.21960326	
-5.68923269364	-1594.21959394	
-5.69035945432	-1594.21958464	
-5.69148494685	-1594.21957535	
-5.69260917406	-1594.21956607	
-5.6937321388	-1594.2195568	
-5.69485384391	-1594.21954755	
-5.69597429221	-1594.21953832	
-5.69709348651	-1594.21952909	
-5.69821142961	-1594.21951988	
-5.69932812431	-1594.21951068	
-5.70044357339	-1594.2195015	
-5.70155777963	-1594.21949232	
-5.7026707458	-1594.21948316	
-5.70378247466	-1594.21947402	
-5.70489296894	-1594.21946489	
-5.70600223139	-1594.21945576	
-5.70711026475	-1594.21944666	
-5.70821707172	-1594.21943756	
-5.70932265503	-1594.21942848	
-5.71042701737	-1594.21941941	
-5.71153016145	-1594.21941036	
-5.71263208993	-1594.21940131	
-5.71373280551	-1594.21939228	
-5.71483231084	-1594.21938327	
-5.71593060859	-1594.21937426	
-5.71702770141	-1594.21936527	
-5.71812359193	-1594.21935629	
-5.71921828279	-1594.21934732	
-5.72031177661	-1594.21933837	
-5.72140407601	-1594.21932943	
-5.72249518359	-1594.2193205	
-5.72358510195	-1594.21931158	
-5.72467383369	-1594.21930268	
-5.72576138137	-1594.21929379	
-5.72684774759	-1594.21928491	
-5.72793293489	-1594.21927604	
-5.72901694583	-1594.21926719	
-5.73009978297	-1594.21925835	
-5.73118144884	-1594.21924952	
-5.73226194598	-1594.2192407	
-5.7333412769	-1594.2192319	
-5.73441944412	-1594.21922311	
-5.73549645015	-1594.21921433	
-5.73657229748	-1594.21920556	
-5.73764698861	-1594.21919681	
-5.73872052602	-1594.21918807	
-5.73979291218	-1594.21917934	
-5.74086414956	-1594.21917062	
-5.74193424062	-1594.21916191	
-5.74300318781	-1594.21915322	
-5.74407099357	-1594.21914454	
-5.74513766034	-1594.21913587	
-5.74620319054	-1594.21912722	
-5.7472675866	-1594.21911857	
-5.74833085092	-1594.21910994	
-5.74939298591	-1594.21910132	
-5.75045399397	-1594.21909271	
-5.75151387748	-1594.21908412	
-5.75257263883	-1594.21907553	
-5.75363028038	-1594.21906696	
-5.75468680452	-1594.2190584	
-5.75574221359	-1594.21904985	
-5.75679650994	-1594.21904132	
-5.75784969593	-1594.21903279	
-5.75890177388	-1594.21902428	
-5.75995274612	-1594.21901578	
-5.76100261499	-1594.21900729	
-5.76205138278	-1594.21899882	
-5.76309905181	-1594.21899035	
-5.76414562438	-1594.2189819	
-5.76519110278	-1594.21897346	
-5.7662354893	-1594.21896503	
-5.76727878622	-1594.21895661	
-5.76832099579	-1594.21894821	
-5.7693621203	-1594.21893981	
-5.770402162	-1594.21893143	
-5.77144112313	-1594.21892306	
-5.77247900594	-1594.2189147	
-5.77351581267	-1594.21890635	
-5.77455154554	-1594.21889802	
-5.77558620679	-1594.21888969	
-5.77661979861	-1594.21888138	
-5.77765232322	-1594.21887308	
-5.77868378283	-1594.21886479	
-5.77971417962	-1594.21885651	
-5.78074351579	-1594.21884825	
-5.78177179352	-1594.21883999	
-5.78279901497	-1594.21883175	
-5.78382518233	-1594.21882352	
-5.78485029774	-1594.2188153	
-5.78587436337	-1594.21880709	
-5.78689738137	-1594.21879889	
-5.78791935386	-1594.2187907	
-5.788940283	-1594.21878253	
-5.7899601709	-1594.21877436	
-5.79097901969	-1594.21876621	
-5.79199683148	-1594.21875807	
-5.79301360838	-1594.21874994	
-5.7940293525	-1594.21874182	
-5.79504406593	-1594.21873371	
-5.79605775077	-1594.21872562	
-5.79707040908	-1594.21871753	
-5.79808204295	-1594.21870946	
-5.79909265446	-1594.2187014	
-5.80010224566	-1594.21869334	
-5.80111081862	-1594.2186853	
-5.80211837538	-1594.21867727	
-5.80312491799	-1594.21866926	
-5.80413044849	-1594.21866125	
-5.80513496892	-1594.21865325	
-5.80613848129	-1594.21864527	
-5.80714098764	-1594.21863729	
-5.80814248998	-1594.21862933	
-5.80914299031	-1594.21862138	
