# log_p 	 lnL 	 
0.0	-1706.26385632	
-0.287682072452	-1706.22874047	
-0.510825623766	-1706.07015153	
-0.69314718056	-1705.8383808	
-0.847297860387	-1705.57103021	
-0.980829253012	-1705.29060865	
-1.09861228867	-1705.00942623	
-1.20397280433	-1704.73384455	
-1.29928298413	-1704.46697872	
-1.38629436112	-1704.21022979	
-1.46633706879	-1703.96410047	
-1.54044504095	-1703.72861412	
-1.60943791243	-1703.50352851	
-1.67397643357	-1703.28844834	
-1.73460105539	-1703.08288908	
-1.79175946923	-1702.88631691	
-1.8458266905	-1702.6981763	
-1.89711998489	-1702.51790976	
-1.94591014906	-1702.34497241	
-1.99243016469	-1702.17884219	
-2.03688192726	-1702.01902673	
-2.07944154168	-1701.86506746	
-2.1202635362	-1701.71654149	
-2.15948424935	-1701.57306195	
-2.19722457734	-1701.43427699	
-2.23359222151	-1701.2998681	
-2.26868354132	-1701.16954784	
-2.30258509299	-1701.04305727	
-2.33537491582	-1700.92016338	
-2.36712361413	-1700.80065638	
-2.3978952728	-1700.68434729	
-2.42774823595	-1700.57106552	
-2.45673577282	-1700.46065674	
-2.48490664979	-1700.35298091	
-2.51230562398	-1700.2479106	
-2.53897387106	-1700.14532936	
-2.56494935746	-1700.04513044	
-2.59026716545	-1699.94721558	
-2.61495977804	-1699.85149398	
-2.63905732962	-1699.75788142	
-2.66258782703	-1699.66629954	
-2.68557734525	-1699.57667511	
-2.7080502011	-1699.48893952	
-2.73002910782	-1699.4030283	
-2.75153531304	-1699.31888068	
-2.77258872224	-1699.23643926	
-2.79320800944	-1699.15564966	
-2.81341071676	-1699.07646033	
-2.83321334406	-1698.99882223	
-2.85263142991	-1698.92268872	
-2.87167962488	-1698.84801532	
-2.8903717579	-1698.77475958	
-2.90872089656	-1698.70288093	
-2.92673940207	-1698.6323406	
-2.94443897917	-1698.56310146	
-2.96183072188	-1698.49512795	
-2.97892515524	-1698.42838597	
-2.99573227355	-1698.36284282	
-3.01226157551	-1698.29846714	
-3.02852209638	-1698.23522878	
-3.04452243772	-1698.17309878	
-3.06027079469	-1698.11204933	
-3.07577498123	-1698.05205366	
-3.09104245336	-1697.993086	
-3.10608033072	-1697.93512159	
-3.12089541651	-1697.87813655	
-3.13549421593	-1697.82210787	
-3.14988295338	-1697.76701339	
-3.16406758837	-1697.71283174	
-3.17805383035	-1697.65954228	
-3.19184715248	-1697.6071251	
-3.20545280454	-1697.55556099	
-3.21887582487	-1697.50483136	
-3.23212105162	-1697.45491825	
-3.24519313319	-1697.40580432	
-3.25809653802	-1697.35747275	
-3.2708355638	-1697.30990729	
-3.28341434601	-1697.26309218	
-3.295836866	-1697.21701216	
-3.3081069586	-1697.17165244	
-3.32022831913	-1697.12699867	
-3.33220451018	-1697.08303693	
-3.34403896782	-1697.03975371	
-3.35573500759	-1696.99713588	
-3.36729582999	-1696.95517068	
-3.37872452581	-1696.91384571	
-3.39002408106	-1696.87314893	
-3.40119738166	-1696.83306859	
-3.41224721785	-1696.79359328	
-3.42317628838	-1696.75471188	
-3.43398720449	-1696.71641356	
-3.4446824936	-1696.67868775	
-3.45526460293	-1696.64152418	
-3.4657359028	-1696.6049128	
-3.47609868984	-1696.56884382	
-3.48635519	-1696.53330768	
-3.49650756147	-1696.49829506	
-3.50655789732	-1696.46379684	
-3.51650822817	-1696.42980412	
-3.52636052462	-1696.39630821	
-3.53611669956	-1696.3633006	
-3.54577861047	-1696.33077298	
-3.55534806149	-1696.29871722	
-3.56482680544	-1696.26712537	
-3.57421654579	-1696.23598964	
-3.58351893846	-1696.20530242	
-3.59273559356	-1696.17505625	
-3.60186807712	-1696.14524384	
-3.61091791264	-1696.11585803	
-3.61988658263	-1696.08689182	
-3.62877553004	-1696.05833834	
-3.63758615973	-1696.03019088	
-3.6463198397	-1696.00244285	
-3.65497790244	-1695.97508778	
-3.66356164613	-1695.94811934	
-3.6720723358	-1695.92153133	
-3.68051120444	-1695.89531765	
-3.68887945411	-1695.86947233	
-3.69717825693	-1695.84398952	
-3.70540875607	-1695.81886347	
-3.7135720667	-1695.79408854	
-3.72166927694	-1695.76965919	
-3.72970144863	-1695.74557	
-3.73766961828	-1695.72181564	
-3.74557479779	-1695.69839088	
-3.75341797525	-1695.67529058	
-3.76120011569	-1695.65250969	
-3.76892216179	-1695.63004328	
-3.77658503453	-1695.60788649	
-3.78418963392	-1695.58603453	
-3.79173683955	-1695.56448272	
-3.79922751128	-1695.54322647	
-3.80666248977	-1695.52226125	
-3.81404259707	-1695.50158261	
-3.82136863716	-1695.4811862	
-3.82864139649	-1695.46106774	
-3.83586164446	-1695.44122301	
-3.84303013394	-1695.42164787	
-3.85014760171	-1695.40233827	
-3.85721476893	-1695.38329021	
-3.86423234159	-1695.36449977	
-3.87120101091	-1695.34596308	
-3.87812145375	-1695.32767637	
-3.88499433304	-1695.30963591	
-3.89182029811	-1695.29183803	
-3.8985999851	-1695.27427915	
-3.90533401728	-1695.25695572	
-3.91202300543	-1695.23986427	
-3.91866754815	-1695.22300138	
-3.92526823218	-1695.2063637	
-3.93182563272	-1695.18994792	
-3.93834031375	-1695.1737508	
-3.94481282825	-1695.15776914	
-3.95124371858	-1695.14199981	
-3.95763351668	-1695.12643973	
-3.96398274436	-1695.11108585	
-3.97029191355	-1695.0959352	
-3.97656152657	-1695.08098485	
-3.98279207632	-1695.0662319	
-3.98898404656	-1695.05167353	
-3.99513791214	-1695.03730694	
-4.00125413916	-1695.02312939	
-4.00733318523	-1695.00913819	
-4.01337549969	-1694.99533067	
-4.01938152375	-1694.98170423	
-4.02535169074	-1694.9682563	
-4.03128642625	-1694.95498436	
-4.03718614838	-1694.94188592	
-4.04305126783	-1694.92895854	
-4.04888218815	-1694.91619981	
-4.05467930583	-1694.90360737	
-4.06044301055	-1694.89117889	
-4.06617368526	-1694.87891209	
-4.07187170637	-1694.86680471	
-4.07753744391	-1694.85485453	
-4.08317126162	-1694.84305938	
-4.08877351717	-1694.83141711	
-4.09434456222	-1694.8199256	
-4.0998847426	-1694.80858279	
-4.10539439841	-1694.79738663	
-4.11087386417	-1694.7863351	
-4.11632346894	-1694.77542623	
-4.12174353641	-1694.76465806	
-4.12713438505	-1694.75402869	
-4.13249632819	-1694.74353622	
-4.13782967416	-1694.73317879	
-4.14313472639	-1694.72295458	
-4.14841178349	-1694.71286179	
-4.15366113938	-1694.70289865	
-4.15888308336	-1694.6930634	
-4.16407790024	-1694.68335434	
-4.1692458704	-1694.67376978	
-4.1743872699	-1694.66430804	
-4.17950237056	-1694.6549675	
-4.18459144007	-1694.64574654	
-4.18965474203	-1694.63664358	
-4.19469253606	-1694.62765704	
-4.19970507788	-1694.61878539	
-4.20469261939	-1694.61002712	
-4.20965540873	-1694.60138072	
-4.21459369037	-1694.59284474	
-4.21950770518	-1694.58441772	
-4.22439769047	-1694.57609825	
-4.22926388012	-1694.56788491	
-4.2341065046	-1694.55977632	
-4.23892579103	-1694.55177112	
-4.2437219633	-1694.54386797	
-4.24849524205	-1694.53606555	
-4.25324584481	-1694.52836256	
-4.257973986	-1694.52075772	
-4.26267987704	-1694.51324976	
-4.26736372635	-1694.50583744	
-4.27202573946	-1694.49851953	
-4.27666611902	-1694.49129484	
-4.28128506487	-1694.48416216	
-4.28588277412	-1694.47712034	
-4.29045944115	-1694.4701682	
-4.29501525768	-1694.46330463	
-4.29955041285	-1694.45652849	
-4.3040650932	-1694.44983868	
-4.30855948279	-1694.44323412	
-4.31303376319	-1694.43671373	
-4.31748811354	-1694.43027646	
-4.3219227106	-1694.42392127	
-4.32633772881	-1694.41764712	
-4.33073334029	-1694.41145302	
-4.33510971489	-1694.40533795	
-4.33946702026	-1694.39930095	
-4.34380542185	-1694.39334104	
-4.348125083	-1694.38745727	
-4.3524261649	-1694.3816487	
-4.35670882669	-1694.3759144	
-4.36097322548	-1694.37025346	
-4.36521951636	-1694.36466497	
-4.36944785247	-1694.35914806	
-4.373658385	-1694.35370183	
-4.37785126326	-1694.34832544	
-4.38202663467	-1694.34301804	
-4.38618464482	-1694.33777877	
-4.39032543749	-1694.33260682	
-4.39444915467	-1694.32750137	
-4.39855593663	-1694.32246161	
-4.40264592188	-1694.31748676	
-4.40671924726	-1694.31257602	
-4.41077604796	-1694.30772864	
-4.4148164575	-1694.30294385	
-4.4188406078	-1694.2982209	
-4.42284862919	-1694.29355905	
-4.42684065046	-1694.28895758	
-4.43081679884	-1694.28441575	
-4.43477720006	-1694.27993288	
-4.43872197835	-1694.27550824	
-4.44265125649	-1694.27114116	
-4.44656515581	-1694.26683096	
-4.45046379623	-1694.26257696	
-4.45434729625	-1694.2583785	
-4.45821577303	-1694.25423493	
-4.46206934235	-1694.2501456	
-4.46590811865	-1694.24610988	
-4.46973221509	-1694.24212714	
-4.47354174351	-1694.23819676	
-4.47733681448	-1694.23431814	
-4.48111753732	-1694.23049066	
-4.48488402011	-1694.22671374	
-4.48863636973	-1694.22298679	
-4.49237469184	-1694.21930923	
-4.49609909093	-1694.21568049	
-4.49980967033	-1694.21210001	
-4.50350653221	-1694.20856723	
-4.50718977763	-1694.2050816	
-4.51085950652	-1694.20164258	
-4.51451581772	-1694.19824964	
-4.518158809	-1694.19490226	
-4.52178857705	-1694.1915999	
-4.52540521752	-1694.18834205	
-4.52900882502	-1694.18512822	
-4.53259949315	-1694.1819579	
-4.5361773145	-1694.17883059	
-4.53974238067	-1694.17574581	
-4.54329478227	-1694.17270308	
-4.54683460898	-1694.16970193	
-4.55036194949	-1694.16674187	
-4.5538768916	-1694.16382246	
-4.55737952215	-1694.16094324	
-4.56086992709	-1694.15810374	
-4.56434819147	-1694.15530354	
-4.56781439944	-1694.15254218	
-4.57126863431	-1694.14981924	
-4.5747109785	-1694.14713429	
-4.5781415136	-1694.1444869	
-4.58156032035	-1694.14187666	
-4.58496747867	-1694.13930315	
-4.58836306767	-1694.13676596	
-4.59174716566	-1694.1342647	
-4.59511985013	-1694.13179897	
-4.59848119784	-1694.12936837	
-4.60183128472	-1694.12697253	
-4.60517018599	-1694.12461104	
-4.60849797608	-1694.12228355	
-4.61181472871	-1694.11998967	
-4.61512051684	-1694.11772903	
-4.61841541274	-1694.11550128	
-4.62169948794	-1694.11330606	
-4.62497281328	-1694.111143	
-4.62823545892	-1694.10901176	
-4.63148749431	-1694.10691199	
-4.63472898823	-1694.10484335	
-4.63796000881	-1694.1028055	
-4.64118062351	-1694.10079812	
-4.64439089914	-1694.09882086	
-4.64759090187	-1694.0968734	
-4.65078069724	-1694.09495543	
-4.65396035016	-1694.09306662	
-4.65712992492	-1694.09120666	
-4.66028948521	-1694.08937523	
-4.66343909411	-1694.08757205	
-4.66657881412	-1694.08579679	
-4.66970870713	-1694.08404916	
-4.67282883446	-1694.08232887	
-4.67593925688	-1694.08063562	
-4.67904003455	-1694.07896913	
-4.68213122712	-1694.0773291	
-4.68521289366	-1694.07571527	
-4.6882850927	-1694.07412734	
-4.69134788223	-1694.07256505	
-4.69440131972	-1694.07102812	
-4.6974454621	-1694.06951629	
-4.70048036579	-1694.06802928	
-4.70350608671	-1694.06656684	
-4.70652268025	-1694.06512871	
-4.70953020131	-1694.06371462	
-4.71252870431	-1694.06232434	
-4.71551824316	-1694.0609576	
-4.7184988713	-1694.05961415	
-4.72147064168	-1694.05829377	
-4.72443360681	-1694.0569962	
-4.72738781871	-1694.0557212	
-4.73033332894	-1694.05446853	
-4.73327018862	-1694.05323798	
-4.73619844839	-1694.05202929	
-4.7391181585	-1694.05084226	
-4.74202936871	-1694.04967664	
-4.74493212836	-1694.04853222	
-4.74782648639	-1694.04740877	
-4.75071249128	-1694.04630609	
-4.75359019111	-1694.04522394	
-4.75645963353	-1694.04416213	
-4.75932086582	-1694.04312044	
-4.7621739348	-1694.04209866	
-4.76501888693	-1694.04109659	
-4.76785576827	-1694.04011401	
-4.77068462447	-1694.03915074	
-4.77350550081	-1694.03820658	
-4.77631844218	-1694.03728131	
-4.77912349311	-1694.03637476	
-4.78192069773	-1694.03548673	
-4.78471009982	-1694.03461703	
-4.78749174278	-1694.03376546	
-4.79026566966	-1694.03293186	
-4.79303192316	-1694.03211602	
-4.7957905456	-1694.03131777	
-4.79854157897	-1694.03053693	
-4.80128506491	-1694.02977333	
-4.80402104473	-1694.02902678	
-4.80674955939	-1694.02829711	
-4.8094706495	-1694.02758415	
-4.81218435537	-1694.02688773	
-4.81489071697	-1694.02620768	
-4.81758977394	-1694.02554383	
-4.82028156561	-1694.02489603	
-4.82296613098	-1694.02426411	
-4.82564350875	-1694.0236479	
-4.8283137373	-1694.02304724	
-4.83097685472	-1694.02246199	
-4.83363289878	-1694.02189198	
-4.83628190695	-1694.02133707	
-4.83892391641	-1694.02079708	
-4.84155896405	-1694.02027189	
-4.84418708646	-1694.01976133	
-4.84680831994	-1694.01926526	
-4.84942270051	-1694.01878354	
-4.85203026392	-1694.01831601	
-4.85463104562	-1694.01786254	
-4.8572250808	-1694.01742299	
-4.85981240436	-1694.01699721	
-4.86239305096	-1694.01658507	
-4.86496705495	-1694.01618643	
-4.86753445046	-1694.01580115	
-4.87009527132	-1694.0154291	
-4.87264955112	-1694.01507015	
-4.8751973232	-1694.01472417	
-4.87773862063	-1694.01439102	
-4.88027347623	-1694.01407058	
-4.88280192259	-1694.01376273	
-4.88532399202	-1694.01346732	
-4.88783971662	-1694.01318425	
-4.89034912822	-1694.01291339	
-4.89285225844	-1694.01265462	
-4.89534913864	-1694.0124078	
-4.89783979995	-1694.01217284	
-4.90032427328	-1694.01194961	
-4.90280258929	-1694.01173798	
-4.90527477844	-1694.01153785	
-4.90774087093	-1694.01134911	
-4.91020089677	-1694.01117163	
-4.91265488574	-1694.01100531	
-4.91510286737	-1694.01085003	
-4.91754487103	-1694.01070569	
-4.91998092583	-1694.01057217	
-4.92241106068	-1694.01044938	
-4.92483530429	-1694.0103372	
-4.92725368516	-1694.01023552	
-4.92966623156	-1694.01014425	
-4.93207297159	-1694.01006328	
-4.93447393313	-1694.00999251	
-4.93686914386	-1694.00993184	
-4.93925863125	-1694.00988116	
-4.94164242261	-1694.00984038	
-4.94402054501	-1694.00980941	
-4.94639302537	-1694.00978813	
-4.94875989038	-1694.00977646	
-4.95112116656	-1694.00977431	
-4.95347688026	-1694.00978157	
-4.9558270576	-1694.00979816	
-4.95817172456	-1694.00982398	
-4.96051090691	-1694.00985895	
-4.96284463026	-1694.00990296	
-4.96517292002	-1694.00995594	
-4.96749580144	-1694.01001778	
-4.96981329958	-1694.01008842	
-4.97212543933	-1694.01016775	
-4.97443224543	-1694.0102557	
-4.97673374242	-1694.01035217	
-4.97902995468	-1694.01045709	
-4.98132090643	-1694.01057037	
-4.98360662171	-1694.01069193	
-4.98588712441	-1694.01082168	
-4.98816243824	-1694.01095955	
-4.99043258678	-1694.01110545	
-4.99269759341	-1694.01125931	
-4.99495748138	-1694.01142104	
-4.99721227376	-1694.01159058	
-4.9994619935	-1694.01176783	
-5.00170666335	-1694.01195274	
-5.00394630595	-1694.01214521	
-5.00618094375	-1694.01234518	
-5.00841059907	-1694.01255257	
-5.0106352941	-1694.01276731	
-5.01285505083	-1694.01298933	
-5.01506989116	-1694.01321855	
-5.01727983681	-1694.01345491	
-5.01948490937	-1694.01369833	
-5.02168513028	-1694.01394874	
-5.02388052085	-1694.01420607	
-5.02607110223	-1694.01447026	
-5.02825689545	-1694.01474124	
-5.03043792139	-1694.01501894	
-5.03261420082	-1694.01530329	
-5.03478575433	-1694.01559423	
-5.03695260241	-1694.01589169	
-5.03911476542	-1694.01619561	
-5.04127226356	-1694.01650593	
-5.04342511692	-1694.01682258	
-5.04557334546	-1694.0171455	
-5.047716969	-1694.01747462	
-5.04985600725	-1694.01780989	
-5.05199047978	-1694.01815124	
-5.05412040604	-1694.01849862	
-5.05624580535	-1694.01885196	
-5.05836669692	-1694.01921121	
-5.06048309982	-1694.0195763	
-5.06259503303	-1694.01994718	
-5.06470251537	-1694.02032379	
-5.06680556556	-1694.02070608	
-5.06890420222	-1694.02109398	
-5.07099844382	-1694.02148745	
-5.07308830874	-1694.02188642	
-5.07517381523	-1694.02229084	
-5.07725498144	-1694.02270066	
-5.07933182538	-1694.02311582	
-5.08140436498	-1694.02353628	
-5.08347261805	-1694.02396197	
-5.08553660227	-1694.02439284	
-5.08759633523	-1694.02482885	
-5.08965183441	-1694.02526994	
-5.09170311719	-1694.02571606	
-5.09375020081	-1694.02616717	
-5.09579310244	-1694.0266232	
-5.09783183913	-1694.02708412	
-5.09986642782	-1694.02754987	
-5.10189688537	-1694.0280204	
-5.10392322852	-1694.02849567	
-5.1059454739	-1694.02897562	
-5.10796363806	-1694.02946022	
-5.10997773743	-1694.02994942	
-5.11198778836	-1694.03044316	
-5.11399380708	-1694.0309414	
-5.11599580975	-1694.0314441	
-5.11799381242	-1694.03195122	
-5.11998783102	-1694.0324627	
-5.12197788143	-1694.0329785	
-5.1239639794	-1694.03349859	
-5.12594614061	-1694.03402291	
-5.12792438062	-1694.03455143	
-5.12989871492	-1694.03508409	
-5.13186915891	-1694.03562087	
-5.13383572788	-1694.03616171	
-5.13579843705	-1694.03670658	
-5.13775730154	-1694.03725543	
-5.13971233637	-1694.03780823	
-5.1416635565	-1694.03836493	
-5.14361097679	-1694.0389255	
-5.145554612	-1694.03948989	
-5.14749447681	-1694.04005806	
-5.14943058584	-1694.04062998	
-5.15136295359	-1694.04120561	
-5.1532915945	-1694.04178491	
-5.15521652291	-1694.04236785	
-5.15713775309	-1694.04295437	
-5.15905529921	-1694.04354446	
-5.1609691754	-1694.04413807	
-5.16287939565	-1694.04473516	
-5.16478597392	-1694.0453357	
-5.16668892407	-1694.04593965	
-5.16858825987	-1694.04654698	
-5.17048399504	-1694.04715766	
-5.17237614319	-1694.04777164	
-5.17426471788	-1694.0483889	
-5.17614973257	-1694.04900939	
-5.17803120067	-1694.04963309	
-5.1799091355	-1694.05025996	
-5.18178355029	-1694.05088997	
-5.18365445823	-1694.05152309	
-5.1855218724	-1694.05215928	
-5.18738580584	-1694.05279851	
-5.18924627149	-1694.05344075	
-5.19110328224	-1694.05408597	
-5.19295685089	-1694.05473414	
-5.19480699018	-1694.05538521	
-5.19665371277	-1694.05603918	
-5.19849703127	-1694.05669599	
-5.20033695819	-1694.05735563	
-5.202173506	-1694.05801806	
-5.20400668708	-1694.05868325	
-5.20583651375	-1694.05935118	
-5.20766299828	-1694.06002181	
-5.20948615284	-1694.06069512	
-5.21130598956	-1694.06137107	
-5.21312252048	-1694.06204964	
-5.21493575761	-1694.0627308	
-5.21674571285	-1694.06341452	
-5.21855239808	-1694.06410078	
-5.22035582508	-1694.06478954	
-5.22215600558	-1694.06548078	
-5.22395295126	-1694.06617448	
-5.22574667371	-1694.06687059	
-5.22753718449	-1694.06756911	
-5.22932449506	-1694.06827	
-5.23110861685	-1694.06897324	
-5.23288956123	-1694.0696788	
-5.23466733947	-1694.07038665	
-5.23644196283	-1694.07109678	
-5.23821344248	-1694.07180914	
-5.23998178954	-1694.07252373	
-5.24174701506	-1694.07324051	
-5.24350913005	-1694.07395947	
-5.24526814546	-1694.07468057	
-5.24702407216	-1694.07540379	
-5.24877692099	-1694.07612911	
-5.25052670271	-1694.0768565	
-5.25227342805	-1694.07758595	
-5.25401710765	-1694.07831743	
-5.25575775213	-1694.07905091	
-5.25749537203	-1694.07978637	
-5.25922997784	-1694.08052379	
-5.26096158	-1694.08126315	
-5.2626901889	-1694.08200443	
-5.26441581487	-1694.08274759	
-5.26613846818	-1694.08349263	
-5.26785815906	-1694.08423952	
-5.26957489768	-1694.08498824	
-5.27128869416	-1694.08573876	
-5.27299955856	-1694.08649108	
-5.27470750091	-1694.08724515	
-5.27641253116	-1694.08800097	
-5.27811465923	-1694.08875851	
-5.27981389498	-1694.08951776	
-5.28151024823	-1694.09027869	
-5.28320372874	-1694.09104129	
-5.28489434622	-1694.09180552	
-5.28658211033	-1694.09257138	
-5.28826703069	-1694.09333885	
-5.28994911688	-1694.0941079	
-5.2916283784	-1694.09487852	
-5.29330482472	-1694.09565068	
-5.29497846528	-1694.09642438	
-5.29664930945	-1694.09719958	
-5.29831736655	-1694.09797627	
-5.29998264587	-1694.09875444	
-5.30164515664	-1694.09953406	
-5.30330490806	-1694.10031512	
-5.30496190927	-1694.10109759	
-5.30661616936	-1694.10188147	
-5.3082676974	-1694.10266673	
-5.30991650239	-1694.10345336	
-5.3115625933	-1694.10424134	
-5.31320597904	-1694.10503065	
-5.3148466685	-1694.10582127	
-5.3164846705	-1694.10661319	
-5.31811999384	-1694.1074064	
-5.31975264727	-1694.10820087	
-5.32138263948	-1694.10899658	
-5.32300997914	-1694.10979353	
-5.32463467487	-1694.1105917	
-5.32625673524	-1694.11139107	
-5.32787616879	-1694.11219162	
-5.32949298402	-1694.11299335	
-5.33110718937	-1694.11379622	
-5.33271879327	-1694.11460024	
-5.33432780407	-1694.11540537	
-5.33593423012	-1694.11621162	
-5.3375380797	-1694.11701896	
-5.33913936107	-1694.11782737	
-5.34073808243	-1694.11863685	
-5.34233425196	-1694.11944738	
-5.3439278778	-1694.12025894	
-5.34551896803	-1694.12107153	
-5.34710753072	-1694.12188512	
-5.34869357387	-1694.1226997	
-5.35027710548	-1694.12351525	
-5.35185813348	-1694.12433178	
-5.35343666577	-1694.12514925	
-5.35501271022	-1694.12596766	
-5.35658627467	-1694.12678699	
-5.3581573669	-1694.12760723	
-5.35972599468	-1694.12842837	
-5.36129216571	-1694.12925039	
-5.36285588769	-1694.13007328	
-5.36441716825	-1694.13089702	
-5.36597601502	-1694.13172162	
-5.36753243557	-1694.13254704	
-5.36908643744	-1694.13337328	
-5.37063802813	-1694.13420033	
-5.37218721511	-1694.13502817	
-5.37373400583	-1694.1358568	
-5.37527840768	-1694.13668619	
-5.37682042804	-1694.13751634	
-5.37836007422	-1694.13834724	
-5.37989735354	-1694.13917887	
-5.38143227326	-1694.14001123	
-5.38296484061	-1694.14084429	
-5.38449506279	-1694.14167805	
-5.38602294697	-1694.1425125	
-5.38754850028	-1694.14334763	
-5.38907172982	-1694.14418342	
-5.39059264266	-1694.14501986	
-5.39211124583	-1694.14585695	
-5.39362754635	-1694.14669467	
-5.39514155118	-1694.14753301	
-5.39665326727	-1694.14837196	
-5.39816270152	-1694.1492115	
-5.39966986081	-1694.15005164	
-5.40117475199	-1694.15089235	
-5.40267738187	-1694.15173364	
-5.40417775725	-1694.15257548	
-5.40567588487	-1694.15341786	
-5.40717177146	-1694.15426079	
-5.40866542372	-1694.15510424	
-5.4101568483	-1694.1559482	
-5.41164605186	-1694.15679268	
-5.41313304098	-1694.15763765	
-5.41461782224	-1694.15848311	
-5.4161004022	-1694.15932904	
-5.41758078737	-1694.16017545	
-5.41905898424	-1694.16102231	
-5.42053499927	-1694.16186962	
-5.42200883889	-1694.16271737	
-5.4234805095	-1694.16356556	
-5.42495001748	-1694.16441416	
-5.42641736918	-1694.16526318	
-5.4278825709	-1694.1661126	
-5.42934562895	-1694.16696242	
-5.43080654959	-1694.16781262	
-5.43226533906	-1694.1686632	
-5.43372200355	-1694.16951415	
-5.43517654927	-1694.17036545	
-5.43662898235	-1694.17121711	
-5.43807930892	-1694.17206911	
-5.4395275351	-1694.17292145	
-5.44097366695	-1694.17377411	
-5.44241771052	-1694.17462709	
-5.44385967184	-1694.17548038	
-5.4452995569	-1694.17633397	
-5.44673737167	-1694.17718785	
-5.44817312209	-1694.17804202	
-5.44960681409	-1694.17889647	
-5.45103845357	-1694.17975119	
-5.45246804638	-1694.18060617	
-5.45389559837	-1694.1814614	
-5.45532111536	-1694.18231688	
-5.45674460314	-1694.1831726	
-5.45816606749	-1694.18402855	
-5.45958551414	-1694.18488473	
-5.46100294883	-1694.18574112	
-5.46241837723	-1694.18659772	
-5.46383180503	-1694.18745452	
-5.46524323786	-1694.18831152	
-5.46665268137	-1694.18916871	
-5.46806014114	-1694.19002608	
-5.46946562274	-1694.19088362	
-5.47086913175	-1694.19174133	
-5.47227067367	-1694.1925992	
-5.47367025403	-1694.19345722	
-5.47506787829	-1694.19431539	
-5.47646355193	-1694.1951737	
-5.47785728038	-1694.19603214	
-5.47924906905	-1694.19689071	
-5.48063892334	-1694.1977494	
-5.48202684862	-1694.1986082	
-5.48341285022	-1694.19946711	
-5.48479693349	-1694.20032613	
-5.48617910372	-1694.20118523	
-5.48755936619	-1694.20204443	
-5.48893772616	-1694.2029037	
-5.49031418887	-1694.20376306	
-5.49168875953	-1694.20462248	
-5.49306144334	-1694.20548197	
-5.49443224547	-1694.20634151	
-5.49580117108	-1694.20720111	
-5.49716822529	-1694.20806075	
-5.49853341322	-1694.20892044	
-5.49989673995	-1694.20978015	
-5.50125821054	-1694.2106399	
-5.50261783006	-1694.21149967	
-5.50397560352	-1694.21235946	
-5.50533153593	-1694.21321926	
-5.50668563228	-1694.21407907	
-5.50803789753	-1694.21493888	
-5.50938833663	-1694.21579868	
-5.5107369545	-1694.21665848	
-5.51208375605	-1694.21751826	
-5.51342874616	-1694.21837802	
-5.51477192971	-1694.21923775	
-5.51611331154	-1694.22009745	
-5.51745289646	-1694.22095712	
-5.51879068931	-1694.22181675	
-5.52012669485	-1694.22267633	
-5.52146091786	-1694.22353586	
-5.5227933631	-1694.22439533	
-5.52412403528	-1694.22525475	
-5.52545293913	-1694.22611409	
-5.52678007934	-1694.22697337	
-5.52810546058	-1694.22783257	
-5.52942908751	-1694.2286917	
-5.53075096477	-1694.22955073	
-5.53207109697	-1694.23040968	
-5.53338948873	-1694.23126853	
-5.53470614461	-1694.23212729	
-5.53602106919	-1694.23298594	
-5.53733426702	-1694.23384449	
-5.53864574262	-1694.23470292	
-5.5399555005	-1694.23556123	
-5.54126354516	-1694.23641943	
-5.54256988107	-1694.2372775	
-5.5438745127	-1694.23813544	
-5.54517744448	-1694.23899325	
-5.54647868084	-1694.23985092	
-5.54777822618	-1694.24070844	
-5.5490760849	-1694.24156582	
-5.55037226136	-1694.24242306	
-5.55166675992	-1694.24328013	
-5.55295958492	-1694.24413705	
-5.55425074069	-1694.2449938	
-5.55554023152	-1694.24585039	
-5.5568280617	-1694.24670681	
-5.55811423551	-1694.24756306	
-5.5593987572	-1694.24841912	
-5.56068163102	-1694.24927501	
-5.56196286117	-1694.25013071	
-5.56324245188	-1694.25098622	
-5.56452040732	-1694.25184153	
-5.56579673168	-1694.25269665	
-5.56707142911	-1694.25355157	
-5.56834450376	-1694.25440629	
-5.56961595975	-1694.25526079	
-5.57088580119	-1694.25611509	
-5.57215403218	-1694.25696917	
-5.57342065679	-1694.25782304	
-5.5746856791	-1694.25867668	
-5.57594910315	-1694.2595301	
-5.57721093297	-1694.26038328	
-5.57847117258	-1694.26123624	
-5.57972982599	-1694.26208896	
-5.58098689718	-1694.26294145	
-5.58224239012	-1694.26379369	
-5.58349630878	-1694.26464569	
-5.5847486571	-1694.26549744	
-5.585999439	-1694.26634894	
-5.5872486584	-1694.26720018	
-5.5884963192	-1694.26805117	
-5.58974242528	-1694.26890189	
-5.59098698051	-1694.26975236	
-5.59222998875	-1694.27060255	
-5.59347145384	-1694.27145248	
-5.5947113796	-1694.27230213	
-5.59594976985	-1694.27315151	
-5.59718662839	-1694.27400061	
-5.598421959	-1694.27484943	
-5.59965576545	-1694.27569797	
-5.60088805149	-1694.27654622	
-5.60211882088	-1694.27739417	
-5.60334807733	-1694.27824184	
-5.60457582457	-1694.27908921	
-5.6058020663	-1694.27993628	
-5.60702680619	-1694.28078306	
-5.60825004793	-1694.28162952	
-5.60947179518	-1694.28247569	
-5.61069205159	-1694.28332154	
-5.61191082078	-1694.28416708	
-5.61312810639	-1694.28501231	
-5.61434391201	-1694.28585723	
-5.61555824124	-1694.28670182	
-5.61677109767	-1694.28754609	
-5.61798248485	-1694.28839004	
-5.61919240636	-1694.28923367	
-5.62040086572	-1694.29007696	
-5.62160786647	-1694.29091992	
-5.62281341212	-1694.29176255	
-5.62401750619	-1694.29260485	
-5.62522015215	-1694.2934468	
-5.6264213535	-1694.29428842	
-5.62762111369	-1694.29512969	
-5.62881943618	-1694.29597062	
-5.63001632442	-1694.2968112	
-5.63121178182	-1694.29765143	
-5.63240581181	-1694.29849131	
-5.6335984178	-1694.29933084	
-5.63478960317	-1694.30017001	
-5.6359793713	-1694.30100882	
-5.63716772557	-1694.30184728	
-5.63835466933	-1694.30268537	
-5.63954020593	-1694.30352309	
-5.64072433869	-1694.30436045	
-5.64190707094	-1694.30519745	
-5.64308840598	-1694.30603407	
-5.64426834712	-1694.30687032	
-5.64544689764	-1694.30770619	
-5.64662406082	-1694.30854169	
-5.64779983991	-1694.30937681	
-5.64897423816	-1694.31021155	
-5.65014725882	-1694.31104591	
-5.65131890512	-1694.31187989	
-5.65248918027	-1694.31271347	
-5.65365808747	-1694.31354668	
-5.65482562993	-1694.31437949	
-5.65599181082	-1694.31521191	
-5.65715663332	-1694.31604394	
-5.65832010058	-1694.31687558	
-5.65948221576	-1694.31770681	
-5.660642982	-1694.31853766	
-5.66180240242	-1694.3193681	
-5.66296048014	-1694.32019814	
-5.66411721826	-1694.32102777	
-5.66527261989	-1694.32185701	
-5.66642668811	-1694.32268583	
-5.66757942599	-1694.32351425	
-5.6687308366	-1694.32434226	
-5.66988092298	-1694.32516986	
-5.67102968818	-1694.32599704	
-5.67217713524	-1694.32682381	
-5.67332326717	-1694.32765017	
-5.67446808699	-1694.32847611	
-5.67561159769	-1694.32930163	
-5.67675380227	-1694.33012673	
-5.6778947037	-1694.33095141	
-5.67903430497	-1694.33177566	
-5.68017260902	-1694.3325995	
-5.6813096188	-1694.3334229	
-5.68244533727	-1694.33424588	
-5.68357976734	-1694.33506843	
-5.68471291194	-1694.33589055	
-5.68584477397	-1694.33671224	
-5.68697535634	-1694.3375335	
-5.68810466194	-1694.33835432	
-5.68923269364	-1694.33917471	
-5.69035945432	-1694.33999466	
-5.69148494685	-1694.34081417	
-5.69260917406	-1694.34163325	
-5.6937321388	-1694.34245188	
-5.69485384391	-1694.34327008	
-5.69597429221	-1694.34408783	
-5.69709348651	-1694.34490513	
-5.69821142961	-1694.345722	
-5.69932812431	-1694.34653841	
-5.70044357339	-1694.34735438	
-5.70155777963	-1694.3481699	
-5.7026707458	-1694.34898497	
-5.70378247466	-1694.34979959	
-5.70489296894	-1694.35061376	
-5.70600223139	-1694.35142748	
-5.70711026475	-1694.35224074	
-5.70821707172	-1694.35305354	
-5.70932265503	-1694.3538659	
-5.71042701737	-1694.35467779	
-5.71153016145	-1694.35548922	
-5.71263208993	-1694.3563002	
-5.71373280551	-1694.35711072	
-5.71483231084	-1694.35792077	
-5.71593060859	-1694.35873037	
-5.71702770141	-1694.3595395	
-5.71812359193	-1694.36034816	
-5.71921828279	-1694.36115637	
-5.72031177661	-1694.3619641	
-5.72140407601	-1694.36277137	
-5.72249518359	-1694.36357817	
-5.72358510195	-1694.36438451	
-5.72467383369	-1694.36519037	
-5.72576138137	-1694.36599576	
-5.72684774759	-1694.36680069	
-5.72793293489	-1694.36760514	
-5.72901694583	-1694.36840911	
-5.73009978297	-1694.36921262	
-5.73118144884	-1694.37001565	
-5.73226194598	-1694.3708182	
-5.7333412769	-1694.37162028	
-5.73441944412	-1694.37242189	
-5.73549645015	-1694.37322301	
-5.73657229748	-1694.37402366	
-5.73764698861	-1694.37482383	
-5.73872052602	-1694.37562351	
-5.73979291218	-1694.37642272	
-5.74086414956	-1694.37722145	
-5.74193424062	-1694.37801969	
-5.74300318781	-1694.37881746	
-5.74407099357	-1694.37961474	
-5.74513766034	-1694.38041153	
-5.74620319054	-1694.38120784	
-5.7472675866	-1694.38200367	
-5.74833085092	-1694.38279901	
-5.74939298591	-1694.38359386	
-5.75045399397	-1694.38438823	
-5.75151387748	-1694.38518211	
-5.75257263883	-1694.3859755	
-5.75363028038	-1694.3867684	
-5.75468680452	-1694.38756081	
-5.75574221359	-1694.38835273	
-5.75679650994	-1694.38914417	
-5.75784969593	-1694.38993511	
-5.75890177388	-1694.39072556	
-5.75995274612	-1694.39151551	
-5.76100261499	-1694.39230498	
-5.76205138278	-1694.39309395	
-5.76309905181	-1694.39388242	
-5.76414562438	-1694.39467041	
-5.76519110278	-1694.3954579	
-5.7662354893	-1694.39624489	
-5.76727878622	-1694.39703139	
-5.76832099579	-1694.39781739	
-5.7693621203	-1694.39860289	
-5.770402162	-1694.3993879	
-5.77144112313	-1694.40017241	
-5.77247900594	-1694.40095642	
-5.77351581267	-1694.40173993	
-5.77455154554	-1694.40252295	
-5.77558620679	-1694.40330546	
-5.77661979861	-1694.40408748	
-5.77765232322	-1694.40486899	
-5.77868378283	-1694.40565001	
-5.77971417962	-1694.40643052	
-5.78074351579	-1694.40721054	
-5.78177179352	-1694.40799005	
-5.78279901497	-1694.40876906	
-5.78382518233	-1694.40954757	
-5.78485029774	-1694.41032557	
-5.78587436337	-1694.41110307	
-5.78689738137	-1694.41188007	
-5.78791935386	-1694.41265657	
-5.788940283	-1694.41343256	
-5.7899601709	-1694.41420805	
-5.79097901969	-1694.41498303	
-5.79199683148	-1694.41575751	
-5.79301360838	-1694.41653148	
-5.7940293525	-1694.41730495	
-5.79504406593	-1694.41807791	
-5.79605775077	-1694.41885037	
-5.79707040908	-1694.41962232	
-5.79808204295	-1694.42039376	
-5.79909265446	-1694.4211647	
-5.80010224566	-1694.42193513	
-5.80111081862	-1694.42270505	
-5.80211837538	-1694.42347447	
-5.80312491799	-1694.42424338	
-5.80413044849	-1694.42501178	
-5.80513496892	-1694.42577967	
-5.80613848129	-1694.42654705	
-5.80714098764	-1694.42731393	
-5.80814248998	-1694.4280803	
-5.80914299031	-1694.42884616	
