#Site	lnL	
0	-1.58969297881
1	-6.32820573713
2	-8.55371089654
3	-2.0019234705
4	-5.99699515408
5	-7.7505443881
6	-1.58969297881
7	-4.92337465853
8	-14.324984539
9	-1.58969297881
10	-9.85997980333
11	-7.63797029925
12	-5.57644190399
13	-5.05620553799
14	-1.63795309878
15	-1.58969297881
16	-1.92188391315
17	-14.530457215
18	-2.0019234705
19	-5.77335486647
20	-1.63795309878
21	-1.58969297881
22	-1.92188391315
23	-8.43450167044
24	-13.0622664519
25	-4.92337465853
26	-8.32824917391
27	-1.71882239999
28	-4.92337465853
29	-1.63795309878
30	-5.07057843693
31	-5.05620553799
32	-1.42799530717
33	-1.58969297881
34	-10.2554584669
35	-1.29055294528
36	-5.85931625249
37	-1.92188391315
38	-8.51427346672
39	-1.76530048013
40	-2.22674951122
41	-8.28992557198
42	-5.89401276661
43	-1.92188391315
44	-9.10442608821
45	-1.76530048013
46	-1.92188391315
47	-16.0141457614
48	-9.34823351335
49	-1.77384011267
50	-1.63795309878
51	-2.0019234705
52	-5.77335486647
53	-10.3456274023
54	-1.71882239999
55	-1.92188391315
56	-1.63795309878
57	-5.57644190399
58	-4.92337465853
59	-1.63795309878
60	-2.0019234705
61	-5.4724423322
62	-1.63795309878
63	-2.0019234705
64	-6.14647181413
65	-7.7505443881
66	-1.58969297881
67	-4.92337465853
68	-1.63795309878
69	-1.71882239999
70	-1.97314476849
71	-7.52454090446
72	-1.58969297881
73	-1.92188391315
74	-8.32060825791
75	-1.71882239999
76	-5.31815788902
77	-8.89857935733
78	-1.71882239999
79	-8.08103687761
80	-1.38914121254
81	-6.42548360297
82	-11.9743481923
83	-1.42799530717
84	-4.99604365866
85	-1.92188391315
86	-9.559243669
87	-6.82182037369
88	-2.22674951122
89	-1.42799530717
90	-1.58969297881
91	-1.97314476849
92	-8.67341732561
93	-1.76530048013
94	-7.14863870139
95	-1.29055294528
96	-10.059596418
97	-2.22674951122
98	-17.6073797375
99	-1.58969297881
100	-12.516290379
101	-1.29055294528
102	-1.71882239999
103	-1.77384011267
104	-7.97808043619
105	-1.58969297881
106	-1.77384011267
107	-1.38914121254
108	-1.58969297881
109	-1.77384011267
110	-1.29055294528
111	-1.76530048013
112	-2.22674951122
113	-9.10442608821
114	-6.66321970934
115	-5.4724423322
116	-1.42799530717
117	-1.58969297881
118	-1.92188391315
119	-9.55475046659
120	-1.58969297881
121	-1.97314476849
122	-8.89784225468
123	-1.76530048013
124	-2.22674951122
125	-8.55274310483
126	-6.80962815257
127	-2.22674951122
128	-1.42799530717
129	-1.71882239999
130	-2.22674951122
131	-9.19588093127
132	-1.76530048013
133	-5.00676337636
134	-1.38914121254
135	-1.71882239999
136	-1.77384011267
137	-1.63795309878
138	-1.71882239999
139	-2.22674951122
140	-10.6915410526
141	-1.76530048013
142	-1.97314476849
143	-1.63795309878
144	-1.76530048013
145	-11.6465453735
146	-9.10862444432
147	-2.0019234705
148	-1.97314476849
149	-1.38914121254
150	-1.71882239999
151	-6.50551762707
152	-1.63795309878
153	-1.58969297881
154	-1.97314476849
155	-9.58130015519
156	-1.71882239999
157	-5.65652442885
158	-1.42799530717
159	-6.84795175451
160	-1.77384011267
161	-1.29055294528
162	-1.71882239999
163	-1.92188391315
164	-1.29055294528
165	-1.58969297881
166	-1.97314476849
167	-1.38914121254
168	-6.75268170127
169	-4.78113015314
170	-7.5287588175
171	-6.89585539732
172	-1.92188391315
173	-1.29055294528
174	-1.76530048013
175	-1.92188391315
176	-1.38914121254
177	-1.58969297881
178	-5.00676337636
179	-1.63795309878
180	-1.76530048013
181	-5.65652442885
182	-8.08775897459
183	-1.58969297881
184	-10.2890237439
185	-1.29055294528
186	-8.83902969045
187	-1.92188391315
188	-8.09196253766
189	-1.76530048013
190	-1.77384011267
191	-1.63795309878
192	-1.71882239999
193	-1.97314476849
194	-1.63795309878
195	-1.58969297881
196	-5.95867155215
197	-1.42799530717
198	-2.0019234705
199	-1.92188391315
200	-8.85324538063
201	-1.58969297881
202	-1.97314476849
203	-1.38914121254
204	-1.76530048013
205	-1.92188391315
206	-1.42799530717
207	-1.71882239999
208	-2.22674951122
209	-8.99522213781
210	-1.76530048013
211	-1.97314476849
212	-1.38914121254
213	-5.56882843907
214	-1.92188391315
215	-1.63795309878
216	-1.58969297881
217	-6.55905105163
218	-1.38914121254
219	-5.56882843907
220	-5.05620553799
221	-1.63795309878
222	-1.58969297881
223	-1.97314476849
224	-8.8551880182
225	-5.91624570236
226	-5.3696351667
227	-1.29055294528
228	-1.71882239999
229	-1.77384011267
230	-1.29055294528
231	-6.42548360297
232	-1.97314476849
233	-16.0995776762
234	-1.71882239999
235	-1.97314476849
236	-9.42526579929
237	-1.76530048013
238	-1.77384011267
239	-1.63795309878
240	-5.9239351916
241	-1.77384011267
242	-1.29055294528
243	-1.71882239999
244	-1.77384011267
245	-8.43026056674
246	-1.71882239999
247	-6.7335246143
248	-1.42799530717
249	-1.76530048013
250	-11.4070910698
251	-15.7928186088
252	-5.57644190399
253	-1.97314476849
254	-1.38914121254
255	-1.71882239999
256	-4.92337465853
257	-1.29055294528
258	-1.71882239999
259	-1.77384011267
260	-15.7893388624
261	-6.89585539732
262	-4.78113015314
263	-17.3970294502
264	-1.58969297881
265	-8.47219294825
266	-1.29055294528
267	-1.58969297881
268	-1.92188391315
269	-8.55371089654
270	-1.71882239999
271	-11.4362440376
272	-9.19588093127
273	-1.71882239999
274	-1.92188391315
275	-1.42799530717
276	-1.71882239999
277	-5.30606761973
278	-1.42799530717
279	-1.58969297881
280	-4.91758011365
281	-1.29055294528
282	-1.76530048013
283	-1.97314476849
284	-1.42799530717
285	-1.76530048013
286	-1.97314476849
287	-1.29055294528
288	-1.71882239999
289	-5.77335486647
290	-8.63671039322
291	-1.76530048013
292	-1.92188391315
293	-1.38914121254
294	-2.0019234705
295	-1.77384011267
296	-7.63797029925
297	-5.20196663932
298	-5.3696351667
299	-8.43450167044
300	-5.85931625249
301	-6.46912556002
302	-1.38914121254
303	-6.22369792964
304	-6.7335246143
305	-1.29055294528
306	-1.58969297881
307	-1.97314476849
308	-8.8551880182
309	-1.58969297881
310	-1.92188391315
311	-8.86010971828
312	-1.71882239999
313	-1.97314476849
314	-8.89156898257
315	-6.82904292643
316	-10.7966712407
317	-1.29055294528
318	-2.0019234705
319	-4.92337465853
320	-8.28992557198
321	-1.58969297881
322	-1.97314476849
323	-1.38914121254
324	-2.0019234705
325	-10.7578767843
326	-1.29055294528
327	-1.71882239999
328	-4.92337465853
329	-1.29055294528
330	-2.0019234705
331	-1.77384011267
332	-1.42799530717
333	-5.82099265056
334	-1.97314476849
335	-8.89156898257
336	-1.71882239999
337	-1.77384011267
338	-16.0132531077
339	-1.71882239999
340	-1.97314476849
341	-7.97808043619
342	-1.58969297881
343	-5.31815788902
344	-1.38914121254
345	-1.58969297881
346	-1.77384011267
347	-9.2342045332
348	-1.71882239999
349	-1.77384011267
350	-9.8707627612
351	-1.71882239999
352	-7.59603446346
353	-1.63795309878
354	-1.71882239999
355	-1.77384011267
356	-1.42799530717
357	-1.71882239999
358	-4.92337465853
359	-14.530241498
360	-5.07057843693
361	-9.14985224441
362	-9.2342045332
363	-1.58969297881
364	-1.97314476849
365	-8.99522213781
366	-4.99604365866
367	-4.88207973557
368	-1.42799530717
369	-6.48068554061
370	-2.22674951122
371	-1.63795309878
372	-1.71882239999
373	-1.77384011267
374	-9.54076524946
375	-1.76530048013
376	-2.22674951122
377	-1.29055294528
378	-2.0019234705
379	-4.91758011365
380	-7.74838350805
381	-7.04059840051
382	-1.92188391315
383	-1.42799530717
384	-4.99604365866
385	-1.77384011267
386	-1.63795309878
387	-5.85931625249
388	-6.48362095984
389	-1.29055294528
390	-1.71882239999
391	-1.97314476849
392	-9.23856678642
393	-1.76530048013
394	-1.77384011267
395	-8.99472833782
396	-5.29522839741
397	-9.49025541231
398	-16.320849988
399	-5.29522839741
400	-10.1603825827
401	-1.29055294528
402	-12.2398053143
403	-1.77384011267
404	-8.63463560649
405	-1.76530048013
406	-5.31815788902
407	-8.85917210389
408	-2.0019234705
409	-1.92188391315
410	-1.63795309878
411	-1.76530048013
412	-1.77384011267
413	-10.2179125535
414	-2.0019234705
415	-1.92188391315
416	-1.29055294528
417	-5.19821890052
418	-1.77384011267
419	-1.42799530717
420	-7.19858662409
421	-2.22674951122
422	-8.29174590538
423	-5.99701859443
424	-4.71587513972
425	-9.10442608821
426	-1.58969297881
427	-1.77384011267
428	-1.29055294528
429	-7.46926510808
430	-2.22674951122
431	-9.23669382616
432	-1.71882239999
433	-1.77384011267
434	-1.38914121254
435	-2.0019234705
436	-5.66874591425
437	-1.38914121254
438	-2.0019234705
439	-1.77384011267
440	-1.29055294528
441	-1.71882239999
442	-2.22674951122
443	-8.09196253766
444	-11.37583551
445	-1.92188391315
446	-7.63797029925
447	-1.71882239999
448	-6.50551762707
449	-1.29055294528
450	-5.82099265056
451	-8.0016304609
452	-25.8486553726
453	-5.20196663932
454	-1.97314476849
455	-7.41482928911
456	-7.18892924092
457	-8.26915597592
458	-8.08775897459
459	-1.58969297881
460	-4.92337465853
461	-1.42799530717
462	-1.76530048013
463	-5.00676337636
464	-8.09196253766
465	-5.89401276661
466	-1.92188391315
467	-1.29055294528
468	-2.0019234705
469	-5.00676337636
470	-1.63795309878
