# log_p 	 lnL 	 
0.0	-1606.16882297	
-0.287682072452	-1606.0448468	
-0.510825623766	-1605.98739393	
-0.69314718056	-1605.94929964	
-0.847297860387	-1605.91977869	
-0.980829253012	-1605.89585779	
-1.09861228867	-1605.87641239	
-1.20397280433	-1605.86089063	
-1.29928298413	-1605.84894027	
-1.38629436112	-1605.84025744	
-1.46633706879	-1605.83452572	
-1.54044504095	-1605.83140182	
-1.60943791243	-1605.83052329	
-1.67397643357	-1605.83152382	
-1.73460105539	-1605.83404832	
-1.79175946923	-1605.83776483	
-1.8458266905	-1605.8423723	
-1.89711998489	-1605.84760475	
-1.94591014906	-1605.85323252	
-1.99243016469	-1605.85906146	
-2.03688192726	-1605.86493083	
-2.07944154168	-1605.87071033	
-2.1202635362	-1605.87629684	
-2.15948424935	-1605.88161102	
-2.19722457734	-1605.88659401	
-2.23359222151	-1605.89120434	
-2.26868354132	-1605.89541516	
-2.30258509299	-1605.89921164	
-2.33537491582	-1605.9025888	
-2.36712361413	-1605.90554957	
-2.3978952728	-1605.9081031	
-2.42774823595	-1605.91026336	
-2.45673577282	-1605.91204794	
-2.48490664979	-1605.91347704	
-2.51230562398	-1605.91457264	
-2.53897387106	-1605.91535785	
-2.56494935746	-1605.91585628	
-2.59026716545	-1605.91609167	
-2.61495977804	-1605.91608752	
-2.63905732962	-1605.91586679	
-2.66258782703	-1605.91545171	
-2.68557734525	-1605.91486364	
-2.7080502011	-1605.91412293	
-2.73002910782	-1605.91324888	
-2.75153531304	-1605.91225967	
-2.77258872224	-1605.91117238	
-2.79320800944	-1605.91000294	
-2.81341071676	-1605.90876618	
-2.83321334406	-1605.90747586	
-2.85263142991	-1605.90614468	
-2.87167962488	-1605.90478435	
-2.8903717579	-1605.9034056	
-2.90872089656	-1605.90201829	
-2.92673940207	-1605.90063138	
-2.94443897917	-1605.89925304	
-2.96183072188	-1605.89789068	
-2.97892515524	-1605.896551	
-2.99573227355	-1605.89524005	
-3.01226157551	-1605.89396324	
-3.02852209638	-1605.89272543	
-3.04452243772	-1605.89153094	
-3.06027079469	-1605.89038361	
-3.07577498123	-1605.88928683	
-3.09104245336	-1605.88824355	
-3.10608033072	-1605.88725638	
-3.12089541651	-1605.88632754	
-3.13549421593	-1605.88545896	
-3.14988295338	-1605.88465224	
-3.16406758837	-1605.88390874	
-3.17805383035	-1605.88322957	
-3.19184715248	-1605.8826156	
-3.20545280454	-1605.88206752	
-3.21887582487	-1605.8815858	
-3.23212105162	-1605.88117078	
-3.24519313319	-1605.88082262	
-3.25809653802	-1605.88054136	
-3.2708355638	-1605.88032689	
-3.28341434601	-1605.88017903	
-3.295836866	-1605.88009745	
-3.3081069586	-1605.88008177	
-3.32022831913	-1605.8801315	
-3.33220451018	-1605.8802461	
-3.34403896782	-1605.88042495	
-3.35573500759	-1605.88066738	
-3.36729582999	-1605.88097267	
-3.37872452581	-1605.88134006	
-3.39002408106	-1605.88176875	
-3.40119738166	-1605.88225789	
-3.41224721785	-1605.88280663	
-3.42317628838	-1605.88341408	
-3.43398720449	-1605.88407933	
-3.4446824936	-1605.88480145	
-3.45526460293	-1605.88557951	
-3.4657359028	-1605.88641256	
-3.47609868984	-1605.88729964	
-3.48635519	-1605.8882398	
-3.49650756147	-1605.88923205	
-3.50655789732	-1605.89027545	
-3.51650822817	-1605.89136902	
-3.52636052462	-1605.8925118	
-3.53611669956	-1605.89370283	
-3.54577861047	-1605.89494116	
-3.55534806149	-1605.89622582	
-3.56482680544	-1605.8975559	
-3.57421654579	-1605.89893044	
-3.58351893846	-1605.90034852	
-3.59273559356	-1605.90180922	
-3.60186807712	-1605.90331165	
-3.61091791264	-1605.9048549	
-3.61988658263	-1605.90643809	
-3.62877553004	-1605.90806034	
-3.63758615973	-1605.9097208	
-3.6463198397	-1605.91141862	
-3.65497790244	-1605.91315295	
-3.66356164613	-1605.91492298	
-3.6720723358	-1605.91672789	
-3.68051120444	-1605.91856688	
-3.68887945411	-1605.92043917	
-3.69717825693	-1605.92234398	
-3.70540875607	-1605.92428056	
-3.7135720667	-1605.92624816	
-3.72166927694	-1605.92824604	
-3.72970144863	-1605.93027349	
-3.73766961828	-1605.93232979	
-3.74557479779	-1605.93441425	
-3.75341797525	-1605.93652618	
-3.76120011569	-1605.93866493	
-3.76892216179	-1605.94082982	
-3.77658503453	-1605.94302022	
-3.78418963392	-1605.9452355	
-3.79173683955	-1605.94747502	
-3.79922751128	-1605.94973818	
-3.80666248977	-1605.9520244	
-3.81404259707	-1605.95433307	
-3.82136863716	-1605.95666363	
-3.82864139649	-1605.95901551	
-3.83586164446	-1605.96138816	
-3.84303013394	-1605.96378105	
-3.85014760171	-1605.96619364	
-3.85721476893	-1605.96862541	
-3.86423234159	-1605.97107586	
-3.87120101091	-1605.97354448	
-3.87812145375	-1605.9760308	
-3.88499433304	-1605.97853432	
-3.89182029811	-1605.98105458	
-3.8985999851	-1605.98359112	
-3.90533401728	-1605.9861435	
-3.91202300543	-1605.98871126	
-3.91866754815	-1605.99129399	
-3.92526823218	-1605.99389125	
-3.93182563272	-1605.99650264	
-3.93834031375	-1605.99912775	
-3.94481282825	-1606.00176617	
-3.95124371858	-1606.00441753	
-3.95763351668	-1606.00708144	
-3.96398274436	-1606.00975752	
-3.97029191355	-1606.01244542	
-3.97656152657	-1606.01514478	
-3.98279207632	-1606.01785523	
-3.98898404656	-1606.02057645	
-3.99513791214	-1606.0233081	
-4.00125413916	-1606.02604984	
-4.00733318523	-1606.02880135	
-4.01337549969	-1606.03156233	
-4.01938152375	-1606.03433245	
-4.02535169074	-1606.03711142	
-4.03128642625	-1606.03989895	
-4.03718614838	-1606.04269473	
-4.04305126783	-1606.04549849	
-4.04888218815	-1606.04830996	
-4.05467930583	-1606.05112884	
-4.06044301055	-1606.05395489	
-4.06617368526	-1606.05678784	
-4.07187170637	-1606.05962743	
-4.07753744391	-1606.06247341	
-4.08317126162	-1606.06532554	
-4.08877351717	-1606.06818358	
-4.09434456222	-1606.07104729	
-4.0998847426	-1606.07391644	
-4.10539439841	-1606.07679081	
-4.11087386417	-1606.07967018	
-4.11632346894	-1606.08255433	
-4.12174353641	-1606.08544304	
-4.12713438505	-1606.08833611	
-4.13249632819	-1606.09123335	
-4.13782967416	-1606.09413454	
-4.14313472639	-1606.09703949	
-4.14841178349	-1606.09994802	
-4.15366113938	-1606.10285994	
-4.15888308336	-1606.10577506	
-4.16407790024	-1606.10869321	
-4.1692458704	-1606.1116142	
-4.1743872699	-1606.11453788	
-4.17950237056	-1606.11746406	
-4.18459144007	-1606.12039259	
-4.18965474203	-1606.1233233	
-4.19469253606	-1606.12625605	
-4.19970507788	-1606.12919066	
-4.20469261939	-1606.13212699	
-4.20965540873	-1606.1350649	
-4.21459369037	-1606.13800423	
-4.21950770518	-1606.14094485	
-4.22439769047	-1606.14388661	
-4.22926388012	-1606.14682939	
-4.2341065046	-1606.14977303	
-4.23892579103	-1606.15271743	
-4.2437219633	-1606.15566244	
-4.24849524205	-1606.15860794	
-4.25324584481	-1606.16155382	
-4.257973986	-1606.16449994	
-4.26267987704	-1606.16744619	
-4.26736372635	-1606.17039246	
-4.27202573946	-1606.17333863	
-4.27666611902	-1606.1762846	
-4.28128506487	-1606.17923025	
-4.28588277412	-1606.18217548	
-4.29045944115	-1606.18512018	
-4.29501525768	-1606.18806425	
-4.29955041285	-1606.1910076	
-4.3040650932	-1606.19395013	
-4.30855948279	-1606.19689174	
-4.31303376319	-1606.19983233	
-4.31748811354	-1606.20277183	
-4.3219227106	-1606.20571012	
-4.32633772881	-1606.20864714	
-4.33073334029	-1606.21158279	
-4.33510971489	-1606.21451699	
-4.33946702026	-1606.21744966	
-4.34380542185	-1606.22038072	
-4.348125083	-1606.22331008	
-4.3524261649	-1606.22623768	
-4.35670882669	-1606.22916343	
-4.36097322548	-1606.23208726	
-4.36521951636	-1606.23500911	
-4.36944785247	-1606.23792889	
-4.373658385	-1606.24084654	
-4.37785126326	-1606.24376199	
-4.38202663467	-1606.24667518	
-4.38618464482	-1606.24958604	
-4.39032543749	-1606.25249451	
-4.39444915467	-1606.25540052	
-4.39855593663	-1606.25830402	
-4.40264592188	-1606.26120494	
-4.40671924726	-1606.26410323	
-4.41077604796	-1606.26699883	
-4.4148164575	-1606.26989168	
-4.4188406078	-1606.27278173	
-4.42284862919	-1606.27566893	
-4.42684065046	-1606.27855322	
-4.43081679884	-1606.28143455	
-4.43477720006	-1606.28431288	
-4.43872197835	-1606.28718815	
-4.44265125649	-1606.29006032	
-4.44656515581	-1606.29292934	
-4.45046379623	-1606.29579517	
-4.45434729625	-1606.29865775	
-4.45821577303	-1606.30151705	
-4.46206934235	-1606.30437302	
-4.46590811865	-1606.30722563	
-4.46973221509	-1606.31007483	
-4.47354174351	-1606.31292058	
-4.47733681448	-1606.31576284	
-4.48111753732	-1606.31860158	
-4.48488402011	-1606.32143675	
-4.48863636973	-1606.32426833	
-4.49237469184	-1606.32709627	
-4.49609909093	-1606.32992055	
-4.49980967033	-1606.33274112	
-4.50350653221	-1606.33555796	
-4.50718977763	-1606.33837102	
-4.51085950652	-1606.3411803	
-4.51451581772	-1606.34398574	
-4.518158809	-1606.34678732	
-4.52178857705	-1606.34958501	
-4.52540521752	-1606.35237879	
-4.52900882502	-1606.35516862	
-4.53259949315	-1606.35795448	
-4.5361773145	-1606.36073634	
-4.53974238067	-1606.36351417	
-4.54329478227	-1606.36628796	
-4.54683460898	-1606.36905767	
-4.55036194949	-1606.37182329	
-4.5538768916	-1606.37458478	
-4.55737952215	-1606.37734213	
-4.56086992709	-1606.38009531	
-4.56434819147	-1606.38284431	
-4.56781439944	-1606.38558909	
-4.57126863431	-1606.38832965	
-4.5747109785	-1606.39106596	
-4.5781415136	-1606.393798	
-4.58156032035	-1606.39652575	
-4.58496747867	-1606.3992492	
-4.58836306767	-1606.40196832	
-4.59174716566	-1606.40468311	
-4.59511985013	-1606.40739353	
-4.59848119784	-1606.41009958	
-4.60183128472	-1606.41280125	
-4.60517018599	-1606.4154985	
-4.60849797608	-1606.41819134	
-4.61181472871	-1606.42087974	
-4.61512051684	-1606.4235637	
-4.61841541274	-1606.42624319	
-4.62169948794	-1606.42891821	
-4.62497281328	-1606.43158873	
-4.62823545892	-1606.43425476	
-4.63148749431	-1606.43691628	
-4.63472898823	-1606.43957327	
-4.63796000881	-1606.44222572	
-4.64118062351	-1606.44487363	
-4.64439089914	-1606.44751698	
-4.64759090187	-1606.45015577	
-4.65078069724	-1606.45278997	
-4.65396035016	-1606.45541959	
-4.65712992492	-1606.45804462	
-4.66028948521	-1606.46066504	
-4.66343909411	-1606.46328085	
-4.66657881412	-1606.46589204	
-4.66970870713	-1606.4684986	
-4.67282883446	-1606.47110052	
-4.67593925688	-1606.4736978	
-4.67904003455	-1606.47629043	
-4.68213122712	-1606.47887841	
-4.68521289366	-1606.48146172	
-4.6882850927	-1606.48404036	
-4.69134788223	-1606.48661433	
-4.69440131972	-1606.48918362	
-4.6974454621	-1606.49174822	
-4.70048036579	-1606.49430814	
-4.70350608671	-1606.49686336	
-4.70652268025	-1606.49941388	
-4.70953020131	-1606.50195969	
-4.71252870431	-1606.5045008	
-4.71551824316	-1606.5070372	
-4.7184988713	-1606.50956889	
-4.72147064168	-1606.51209586	
-4.72443360681	-1606.51461811	
-4.72738781871	-1606.51713563	
-4.73033332894	-1606.51964843	
-4.73327018862	-1606.5221565	
-4.73619844839	-1606.52465985	
-4.7391181585	-1606.52715846	
-4.74202936871	-1606.52965234	
-4.74493212836	-1606.53214148	
-4.74782648639	-1606.53462589	
-4.75071249128	-1606.53710556	
-4.75359019111	-1606.53958049	
-4.75645963353	-1606.54205069	
-4.75932086582	-1606.54451615	
-4.7621739348	-1606.54697686	
-4.76501888693	-1606.54943284	
-4.76785576827	-1606.55188408	
-4.77068462447	-1606.55433058	
-4.77350550081	-1606.55677234	
-4.77631844218	-1606.55920936	
-4.77912349311	-1606.56164165	
-4.78192069773	-1606.56406919	
-4.78471009982	-1606.56649201	
-4.78749174278	-1606.56891008	
-4.79026566966	-1606.57132343	
-4.79303192316	-1606.57373204	
-4.7957905456	-1606.57613592	
-4.79854157897	-1606.57853508	
-4.80128506491	-1606.58092951	
-4.80402104473	-1606.58331921	
-4.80674955939	-1606.58570419	
-4.8094706495	-1606.58808445	
-4.81218435537	-1606.59046	
-4.81489071697	-1606.59283083	
-4.81758977394	-1606.59519694	
-4.82028156561	-1606.59755835	
-4.82296613098	-1606.59991505	
-4.82564350875	-1606.60226704	
-4.8283137373	-1606.60461434	
-4.83097685472	-1606.60695694	
-4.83363289878	-1606.60929484	
-4.83628190695	-1606.61162806	
-4.83892391641	-1606.61395658	
-4.84155896405	-1606.61628043	
-4.84418708646	-1606.61859959	
-4.84680831994	-1606.62091408	
-4.84942270051	-1606.6232239	
-4.85203026392	-1606.62552905	
-4.85463104562	-1606.62782953	
-4.8572250808	-1606.63012536	
-4.85981240436	-1606.63241653	
-4.86239305096	-1606.63470306	
-4.86496705495	-1606.63698493	
-4.86753445046	-1606.63926217	
-4.87009527132	-1606.64153477	
-4.87264955112	-1606.64380274	
-4.8751973232	-1606.64606608	
-4.87773862063	-1606.6483248	
-4.88027347623	-1606.6505789	
-4.88280192259	-1606.65282839	
-4.88532399202	-1606.65507327	
-4.88783971662	-1606.65731355	
-4.89034912822	-1606.65954924	
-4.89285225844	-1606.66178034	
-4.89534913864	-1606.66400685	
-4.89783979995	-1606.66622878	
-4.90032427328	-1606.66844614	
-4.90280258929	-1606.67065893	
-4.90527477844	-1606.67286715	
-4.90774087093	-1606.67507082	
-4.91020089677	-1606.67726994	
-4.91265488574	-1606.67946451	
-4.91510286737	-1606.68165455	
-4.91754487103	-1606.68384005	
-4.91998092583	-1606.68602102	
-4.92241106068	-1606.68819747	
-4.92483530429	-1606.69036941	
-4.92725368516	-1606.69253684	
-4.92966623156	-1606.69469977	
-4.93207297159	-1606.6968582	
-4.93447393313	-1606.69901214	
-4.93686914386	-1606.7011616	
-4.93925863125	-1606.70330658	
-4.94164242261	-1606.70544709	
-4.94402054501	-1606.70758314	
-4.94639302537	-1606.70971473	
-4.94875989038	-1606.71184187	
-4.95112116656	-1606.71396457	
-4.95347688026	-1606.71608283	
-4.9558270576	-1606.71819666	
-4.95817172456	-1606.72030607	
-4.96051090691	-1606.72241106	
-4.96284463026	-1606.72451164	
-4.96517292002	-1606.72660781	
-4.96749580144	-1606.7286996	
-4.96981329958	-1606.73078699	
-4.97212543933	-1606.73287	
-4.97443224543	-1606.73494864	
-4.97673374242	-1606.73702291	
-4.97902995468	-1606.73909282	
-4.98132090643	-1606.74115837	
-4.98360662171	-1606.74321958	
-4.98588712441	-1606.74527645	
-4.98816243824	-1606.74732899	
-4.99043258678	-1606.74937721	
-4.99269759341	-1606.7514211	
-4.99495748138	-1606.75346069	
-4.99721227376	-1606.75549598	
-4.9994619935	-1606.75752697	
-5.00170666335	-1606.75955367	
-5.00394630595	-1606.76157609	
-5.00618094375	-1606.76359424	
-5.00841059907	-1606.76560813	
-5.0106352941	-1606.76761775	
-5.01285505083	-1606.76962313	
-5.01506989116	-1606.77162426	
-5.01727983681	-1606.77362116	
-5.01948490937	-1606.77561383	
-5.02168513028	-1606.77760228	
-5.02388052085	-1606.77958652	
-5.02607110223	-1606.78156655	
-5.02825689545	-1606.78354239	
-5.03043792139	-1606.78551404	
-5.03261420082	-1606.7874815	
-5.03478575433	-1606.78944479	
-5.03695260241	-1606.79140391	
-5.03911476542	-1606.79335888	
-5.04127226356	-1606.79530969	
-5.04342511692	-1606.79725636	
-5.04557334546	-1606.79919889	
-5.047716969	-1606.8011373	
-5.04985600725	-1606.80307158	
-5.05199047978	-1606.80500176	
-5.05412040604	-1606.80692783	
-5.05624580535	-1606.8088498	
-5.05836669692	-1606.81076768	
-5.06048309982	-1606.81268148	
-5.06259503303	-1606.81459121	
-5.06470251537	-1606.81649687	
-5.06680556556	-1606.81839848	
-5.06890420222	-1606.82029604	
-5.07099844382	-1606.82218955	
-5.07308830874	-1606.82407903	
-5.07517381523	-1606.82596448	
-5.07725498144	-1606.82784592	
-5.07933182538	-1606.82972334	
-5.08140436498	-1606.83159677	
-5.08347261805	-1606.83346619	
-5.08553660227	-1606.83533163	
-5.08759633523	-1606.8371931	
-5.08965183441	-1606.83905059	
-5.09170311719	-1606.84090412	
-5.09375020081	-1606.84275369	
-5.09579310244	-1606.84459932	
-5.09783183913	-1606.846441	
-5.09986642782	-1606.84827876	
-5.10189688537	-1606.85011259	
-5.10392322852	-1606.85194251	
-5.1059454739	-1606.85376852	
-5.10796363806	-1606.85559063	
-5.10997773743	-1606.85740885	
-5.11198778836	-1606.85922318	
-5.11399380708	-1606.86103364	
-5.11599580975	-1606.86284023	
-5.11799381242	-1606.86464296	
-5.11998783102	-1606.86644184	
-5.12197788143	-1606.86823688	
-5.1239639794	-1606.87002808	
-5.12594614061	-1606.87181545	
-5.12792438062	-1606.873599	
-5.12989871492	-1606.87537874	
-5.13186915891	-1606.87715467	
-5.13383572788	-1606.87892681	
-5.13579843705	-1606.88069516	
-5.13775730154	-1606.88245973	
-5.13971233637	-1606.88422052	
-5.1416635565	-1606.88597756	
-5.14361097679	-1606.88773083	
-5.145554612	-1606.88948036	
-5.14749447681	-1606.89122614	
-5.14943058584	-1606.89296819	
-5.15136295359	-1606.89470652	
-5.1532915945	-1606.89644113	
-5.15521652291	-1606.89817203	
-5.15713775309	-1606.89989922	
-5.15905529921	-1606.90162273	
-5.1609691754	-1606.90334255	
-5.16287939565	-1606.90505869	
-5.16478597392	-1606.90677116	
-5.16668892407	-1606.90847996	
-5.16858825987	-1606.91018512	
-5.17048399504	-1606.91188662	
-5.17237614319	-1606.91358449	
-5.17426471788	-1606.91527873	
-5.17614973257	-1606.91696934	
-5.17803120067	-1606.91865634	
-5.1799091355	-1606.92033973	
-5.18178355029	-1606.92201952	
-5.18365445823	-1606.92369572	
-5.1855218724	-1606.92536834	
-5.18738580584	-1606.92703737	
-5.18924627149	-1606.92870284	
-5.19110328224	-1606.93036475	
-5.19295685089	-1606.93202311	
-5.19480699018	-1606.93367792	
-5.19665371277	-1606.93532919	
-5.19849703127	-1606.93697694	
-5.20033695819	-1606.93862116	
-5.202173506	-1606.94026187	
-5.20400668708	-1606.94189907	
-5.20583651375	-1606.94353277	
-5.20766299828	-1606.94516298	
-5.20948615284	-1606.94678971	
-5.21130598956	-1606.94841296	
-5.21312252048	-1606.95003274	
-5.21493575761	-1606.95164906	
-5.21674571285	-1606.95326193	
-5.21855239808	-1606.95487135	
-5.22035582508	-1606.95647734	
-5.22215600558	-1606.95807989	
-5.22395295126	-1606.95967903	
-5.22574667371	-1606.96127474	
-5.22753718449	-1606.96286705	
-5.22932449506	-1606.96445596	
-5.23110861685	-1606.96604148	
-5.23288956123	-1606.96762362	
-5.23466733947	-1606.96920237	
-5.23644196283	-1606.97077776	
-5.23821344248	-1606.97234978	
-5.23998178954	-1606.97391845	
-5.24174701506	-1606.97548378	
-5.24350913005	-1606.97704576	
-5.24526814546	-1606.97860441	
-5.24702407216	-1606.98015974	
-5.24877692099	-1606.98171175	
-5.25052670271	-1606.98326045	
-5.25227342805	-1606.98480585	
-5.25401710765	-1606.98634795	
-5.25575775213	-1606.98788676	
-5.25749537203	-1606.9894223	
-5.25922997784	-1606.99095456	
-5.26096158	-1606.99248356	
-5.2626901889	-1606.9940093	
-5.26441581487	-1606.99553179	
-5.26613846818	-1606.99705103	
-5.26785815906	-1606.99856704	
-5.26957489768	-1607.00007982	
-5.27128869416	-1607.00158938	
-5.27299955856	-1607.00309573	
-5.27470750091	-1607.00459886	
-5.27641253116	-1607.0060988	
-5.27811465923	-1607.00759555	
-5.27981389498	-1607.00908911	
-5.28151024823	-1607.01057949	
-5.28320372874	-1607.01206671	
-5.28489434622	-1607.01355076	
-5.28658211033	-1607.01503165	
-5.28826703069	-1607.0165094	
-5.28994911688	-1607.017984	
-5.2916283784	-1607.01945547	
-5.29330482472	-1607.02092381	
-5.29497846528	-1607.02238903	
-5.29664930945	-1607.02385114	
-5.29831736655	-1607.02531014	
-5.29998264587	-1607.02676604	
-5.30164515664	-1607.02821885	
-5.30330490806	-1607.02966858	
-5.30496190927	-1607.03111522	
-5.30661616936	-1607.0325588	
-5.3082676974	-1607.03399931	
-5.30991650239	-1607.03543677	
-5.3115625933	-1607.03687118	
-5.31320597904	-1607.03830254	
-5.3148466685	-1607.03973087	
-5.3164846705	-1607.04115617	
-5.31811999384	-1607.04257844	
-5.31975264727	-1607.04399771	
-5.32138263948	-1607.04541396	
-5.32300997914	-1607.04682722	
-5.32463467487	-1607.04823747	
-5.32625673524	-1607.04964475	
-5.32787616879	-1607.05104904	
-5.32949298402	-1607.05245036	
-5.33110718937	-1607.05384871	
-5.33271879327	-1607.0552441	
-5.33432780407	-1607.05663654	
-5.33593423012	-1607.05802603	
-5.3375380797	-1607.05941258	
-5.33913936107	-1607.0607962	
-5.34073808243	-1607.0621769	
-5.34233425196	-1607.06355467	
-5.3439278778	-1607.06492953	
-5.34551896803	-1607.06630149	
-5.34710753072	-1607.06767055	
-5.34869357387	-1607.06903671	
-5.35027710548	-1607.07039999	
-5.35185813348	-1607.07176039	
-5.35343666577	-1607.07311792	
-5.35501271022	-1607.07447259	
-5.35658627467	-1607.07582439	
-5.3581573669	-1607.07717334	
-5.35972599468	-1607.07851945	
-5.36129216571	-1607.07986272	
-5.36285588769	-1607.08120315	
-5.36441716825	-1607.08254076	
-5.36597601502	-1607.08387555	
-5.36753243557	-1607.08520752	
-5.36908643744	-1607.08653669	
-5.37063802813	-1607.08786306	
-5.37218721511	-1607.08918664	
-5.37373400583	-1607.09050743	
-5.37527840768	-1607.09182544	
-5.37682042804	-1607.09314067	
-5.37836007422	-1607.09445314	
-5.37989735354	-1607.09576285	
-5.38143227326	-1607.0970698	
-5.38296484061	-1607.098374	
-5.38449506279	-1607.09967546	
-5.38602294697	-1607.10097419	
-5.38754850028	-1607.10227019	
-5.38907172982	-1607.10356346	
-5.39059264266	-1607.10485402	
-5.39211124583	-1607.10614187	
-5.39362754635	-1607.10742701	
-5.39514155118	-1607.10870946	
-5.39665326727	-1607.10998921	
-5.39816270152	-1607.11126628	
-5.39966986081	-1607.11254067	
-5.40117475199	-1607.11381239	
-5.40267738187	-1607.11508144	
-5.40417775725	-1607.11634784	
-5.40567588487	-1607.11761158	
-5.40717177146	-1607.11887267	
-5.40866542372	-1607.12013112	
-5.4101568483	-1607.12138693	
-5.41164605186	-1607.12264011	
-5.41313304098	-1607.12389068	
-5.41461782224	-1607.12513862	
-5.4161004022	-1607.12638395	
-5.41758078737	-1607.12762668	
-5.41905898424	-1607.12886681	
-5.42053499927	-1607.13010435	
-5.42200883889	-1607.1313393	
-5.4234805095	-1607.13257167	
-5.42495001748	-1607.13380147	
-5.42641736918	-1607.1350287	
-5.4278825709	-1607.13625336	
-5.42934562895	-1607.13747547	
-5.43080654959	-1607.13869503	
-5.43226533906	-1607.13991205	
-5.43372200355	-1607.14112652	
-5.43517654927	-1607.14233846	
-5.43662898235	-1607.14354788	
-5.43807930892	-1607.14475477	
-5.4395275351	-1607.14595915	
-5.44097366695	-1607.14716103	
-5.44241771052	-1607.14836039	
-5.44385967184	-1607.14955726	
-5.4452995569	-1607.15075164	
-5.44673737167	-1607.15194354	
-5.44817312209	-1607.15313295	
-5.44960681409	-1607.15431989	
-5.45103845357	-1607.15550436	
-5.45246804638	-1607.15668637	
-5.45389559837	-1607.15786592	
-5.45532111536	-1607.15904302	
-5.45674460314	-1607.16021767	
-5.45816606749	-1607.16138989	
-5.45958551414	-1607.16255967	
-5.46100294883	-1607.16372702	
-5.46241837723	-1607.16489195	
-5.46383180503	-1607.16605447	
-5.46524323786	-1607.16721457	
-5.46665268137	-1607.16837227	
-5.46806014114	-1607.16952757	
-5.46946562274	-1607.17068047	
-5.47086913175	-1607.17183098	
-5.47227067367	-1607.17297912	
-5.47367025403	-1607.17412487	
-5.47506787829	-1607.17526825	
-5.47646355193	-1607.17640927	
-5.47785728038	-1607.17754792	
-5.47924906905	-1607.17868422	
-5.48063892334	-1607.17981817	
-5.48202684862	-1607.18094977	
-5.48341285022	-1607.18207904	
-5.48479693349	-1607.18320597	
-5.48617910372	-1607.18433058	
-5.48755936619	-1607.18545286	
-5.48893772616	-1607.18657283	
-5.49031418887	-1607.18769048	
-5.49168875953	-1607.18880583	
-5.49306144334	-1607.18991888	
-5.49443224547	-1607.19102963	
-5.49580117108	-1607.19213809	
-5.49716822529	-1607.19324426	
-5.49853341322	-1607.19434816	
-5.49989673995	-1607.19544978	
-5.50125821054	-1607.19654914	
-5.50261783006	-1607.19764623	
-5.50397560352	-1607.19874106	
-5.50533153593	-1607.19983364	
-5.50668563228	-1607.20092398	
-5.50803789753	-1607.20201207	
-5.50938833663	-1607.20309792	
-5.5107369545	-1607.20418154	
-5.51208375605	-1607.20526294	
-5.51342874616	-1607.20634211	
-5.51477192971	-1607.20741907	
-5.51611331154	-1607.20849382	
-5.51745289646	-1607.20956636	
-5.51879068931	-1607.2106367	
-5.52012669485	-1607.21170484	
-5.52146091786	-1607.2127708	
-5.5227933631	-1607.21383457	
-5.52412403528	-1607.21489615	
-5.52545293913	-1607.21595557	
-5.52678007934	-1607.21701281	
-5.52810546058	-1607.21806789	
-5.52942908751	-1607.21912081	
-5.53075096477	-1607.22017158	
-5.53207109697	-1607.22122019	
-5.53338948873	-1607.22226666	
-5.53470614461	-1607.22331099	
-5.53602106919	-1607.22435319	
-5.53733426702	-1607.22539325	
-5.53864574262	-1607.2264312	
-5.5399555005	-1607.22746702	
-5.54126354516	-1607.22850072	
-5.54256988107	-1607.22953232	
-5.5438745127	-1607.23056181	
-5.54517744448	-1607.23158921	
-5.54647868084	-1607.2326145	
-5.54777822618	-1607.23363771	
-5.5490760849	-1607.23465883	
-5.55037226136	-1607.23567787	
-5.55166675992	-1607.23669484	
-5.55295958492	-1607.23770973	
-5.55425074069	-1607.23872256	
-5.55554023152	-1607.23973333	
-5.5568280617	-1607.24074204	
-5.55811423551	-1607.2417487	
-5.5593987572	-1607.24275331	
-5.56068163102	-1607.24375589	
-5.56196286117	-1607.24475642	
-5.56324245188	-1607.24575492	
-5.56452040732	-1607.2467514	
-5.56579673168	-1607.24774585	
-5.56707142911	-1607.24873828	
-5.56834450376	-1607.2497287	
-5.56961595975	-1607.25071711	
-5.57088580119	-1607.25170352	
-5.57215403218	-1607.25268793	
-5.57342065679	-1607.25367034	
-5.5746856791	-1607.25465076	
-5.57594910315	-1607.2556292	
-5.57721093297	-1607.25660566	
-5.57847117258	-1607.25758014	
-5.57972982599	-1607.25855265	
-5.58098689718	-1607.25952319	
-5.58224239012	-1607.26049177	
-5.58349630878	-1607.26145839	
-5.5847486571	-1607.26242305	
-5.585999439	-1607.26338577	
-5.5872486584	-1607.26434655	
-5.5884963192	-1607.26530538	
-5.58974242528	-1607.26626228	
-5.59098698051	-1607.26721725	
-5.59222998875	-1607.2681703	
-5.59347145384	-1607.26912142	
-5.5947113796	-1607.27007062	
-5.59594976985	-1607.27101792	
-5.59718662839	-1607.2719633	
-5.598421959	-1607.27290678	
-5.59965576545	-1607.27384836	
-5.60088805149	-1607.27478804	
-5.60211882088	-1607.27572584	
-5.60334807733	-1607.27666175	
-5.60457582457	-1607.27759577	
-5.6058020663	-1607.27852792	
-5.60702680619	-1607.2794582	
-5.60825004793	-1607.2803866	
-5.60947179518	-1607.28131315	
-5.61069205159	-1607.28223783	
-5.61191082078	-1607.28316066	
-5.61312810639	-1607.28408163	
-5.61434391201	-1607.28500076	
-5.61555824124	-1607.28591805	
-5.61677109767	-1607.28683349	
-5.61798248485	-1607.28774711	
-5.61919240636	-1607.28865889	
-5.62040086572	-1607.28956885	
-5.62160786647	-1607.29047698	
-5.62281341212	-1607.2913833	
-5.62401750619	-1607.29228781	
-5.62522015215	-1607.2931905	
-5.6264213535	-1607.29409139	
-5.62762111369	-1607.29499048	
-5.62881943618	-1607.29588778	
-5.63001632442	-1607.29678328	
-5.63121178182	-1607.297677	
-5.63240581181	-1607.29856893	
-5.6335984178	-1607.29945908	
-5.63478960317	-1607.30034745	
-5.6359793713	-1607.30123406	
-5.63716772557	-1607.30211889	
-5.63835466933	-1607.30300197	
-5.63954020593	-1607.30388328	
-5.64072433869	-1607.30476284	
-5.64190707094	-1607.30564065	
-5.64308840598	-1607.30651671	
-5.64426834712	-1607.30739102	
-5.64544689764	-1607.3082636	
-5.64662406082	-1607.30913445	
-5.64779983991	-1607.31000356	
-5.64897423816	-1607.31087094	
-5.65014725882	-1607.31173661	
-5.65131890512	-1607.31260055	
-5.65248918027	-1607.31346278	
-5.65365808747	-1607.3143233	
-5.65482562993	-1607.31518211	
-5.65599181082	-1607.31603922	
-5.65715663332	-1607.31689462	
-5.65832010058	-1607.31774834	
-5.65948221576	-1607.31860036	
-5.660642982	-1607.31945069	
-5.66180240242	-1607.32029934	
-5.66296048014	-1607.32114632	
-5.66411721826	-1607.32199161	
-5.66527261989	-1607.32283524	
-5.66642668811	-1607.32367719	
-5.66757942599	-1607.32451748	
-5.6687308366	-1607.32535611	
-5.66988092298	-1607.32619309	
-5.67102968818	-1607.32702841	
-5.67217713524	-1607.32786208	
-5.67332326717	-1607.32869411	
-5.67446808699	-1607.3295245	
-5.67561159769	-1607.33035324	
-5.67675380227	-1607.33118036	
-5.6778947037	-1607.33200584	
-5.67903430497	-1607.3328297	
-5.68017260902	-1607.33365194	
-5.6813096188	-1607.33447256	
-5.68244533727	-1607.33529156	
-5.68357976734	-1607.33610895	
-5.68471291194	-1607.33692473	
-5.68584477397	-1607.33773891	
-5.68697535634	-1607.33855149	
-5.68810466194	-1607.33936247	
-5.68923269364	-1607.34017186	
-5.69035945432	-1607.34097966	
-5.69148494685	-1607.34178588	
-5.69260917406	-1607.34259051	
-5.6937321388	-1607.34339356	
-5.69485384391	-1607.34419504	
-5.69597429221	-1607.34499495	
-5.69709348651	-1607.34579329	
-5.69821142961	-1607.34659007	
-5.69932812431	-1607.34738529	
-5.70044357339	-1607.34817895	
-5.70155777963	-1607.34897105	
-5.7026707458	-1607.34976161	
-5.70378247466	-1607.35055062	
-5.70489296894	-1607.35133809	
-5.70600223139	-1607.35212402	
-5.70711026475	-1607.35290842	
-5.70821707172	-1607.35369128	
-5.70932265503	-1607.35447261	
-5.71042701737	-1607.35525242	
-5.71153016145	-1607.35603071	
-5.71263208993	-1607.35680748	
-5.71373280551	-1607.35758273	
-5.71483231084	-1607.35835648	
-5.71593060859	-1607.35912871	
-5.71702770141	-1607.35989945	
-5.71812359193	-1607.36066868	
-5.71921828279	-1607.36143641	
-5.72031177661	-1607.36220265	
-5.72140407601	-1607.3629674	
-5.72249518359	-1607.36373067	
-5.72358510195	-1607.36449245	
-5.72467383369	-1607.36525275	
-5.72576138137	-1607.36601157	
-5.72684774759	-1607.36676892	
-5.72793293489	-1607.3675248	
-5.72901694583	-1607.36827921	
-5.73009978297	-1607.36903216	
-5.73118144884	-1607.36978365	
-5.73226194598	-1607.37053368	
-5.7333412769	-1607.37128226	
-5.73441944412	-1607.37202939	
-5.73549645015	-1607.37277507	
-5.73657229748	-1607.37351931	
-5.73764698861	-1607.37426211	
-5.73872052602	-1607.37500347	
-5.73979291218	-1607.3757434	
-5.74086414956	-1607.37648189	
-5.74193424062	-1607.37721896	
-5.74300318781	-1607.37795461	
-5.74407099357	-1607.37868884	
-5.74513766034	-1607.37942164	
-5.74620319054	-1607.38015304	
-5.7472675866	-1607.38088302	
-5.74833085092	-1607.3816116	
-5.74939298591	-1607.38233877	
-5.75045399397	-1607.38306454	
-5.75151387748	-1607.38378891	
-5.75257263883	-1607.38451188	
-5.75363028038	-1607.38523347	
-5.75468680452	-1607.38595366	
-5.75574221359	-1607.38667247	
-5.75679650994	-1607.3873899	
-5.75784969593	-1607.38810595	
-5.75890177388	-1607.38882062	
-5.75995274612	-1607.38953392	
-5.76100261499	-1607.39024584	
-5.76205138278	-1607.39095641	
-5.76309905181	-1607.3916656	
-5.76414562438	-1607.39237344	
-5.76519110278	-1607.39307992	
-5.7662354893	-1607.39378505	
-5.76727878622	-1607.39448882	
-5.76832099579	-1607.39519125	
-5.7693621203	-1607.39589233	
-5.770402162	-1607.39659207	
-5.77144112313	-1607.39729046	
-5.77247900594	-1607.39798753	
-5.77351581267	-1607.39868326	
-5.77455154554	-1607.39937766	
-5.77558620679	-1607.40007073	
-5.77661979861	-1607.40076248	
-5.77765232322	-1607.4014529	
-5.77868378283	-1607.40214201	
-5.77971417962	-1607.4028298	
-5.78074351579	-1607.40351629	
-5.78177179352	-1607.40420146	
-5.78279901497	-1607.40488532	
-5.78382518233	-1607.40556788	
-5.78485029774	-1607.40624915	
-5.78587436337	-1607.40692911	
-5.78689738137	-1607.40760778	
-5.78791935386	-1607.40828516	
-5.788940283	-1607.40896125	
-5.7899601709	-1607.40963605	
-5.79097901969	-1607.41030957	
-5.79199683148	-1607.41098181	
-5.79301360838	-1607.41165277	
-5.7940293525	-1607.41232246	
-5.79504406593	-1607.41299088	
-5.79605775077	-1607.41365802	
-5.79707040908	-1607.41432391	
-5.79808204295	-1607.41498853	
-5.79909265446	-1607.41565189	
-5.80010224566	-1607.41631399	
-5.80111081862	-1607.41697484	
-5.80211837538	-1607.41763443	
-5.80312491799	-1607.41829278	
-5.80413044849	-1607.41894988	
-5.80513496892	-1607.41960574	
-5.80613848129	-1607.42026036	
-5.80714098764	-1607.42091374	
-5.80814248998	-1607.42156588	
-5.80914299031	-1607.42221679	
