# log_p 	 lnL 	 
0.0	-1775.50624021	
-0.287682072452	-1774.83236785	
-0.510825623766	-1774.34689914	
-0.69314718056	-1773.97189471	
-0.847297860387	-1773.6593699	
-0.980829253012	-1773.38229175	
-1.09861228867	-1773.12614644	
-1.20397280433	-1772.88337978	
-1.29928298413	-1772.65014641	
-1.38629436112	-1772.42452027	
-1.46633706879	-1772.20554153	
-1.54044504095	-1771.99272024	
-1.60943791243	-1771.78578316	
-1.67397643357	-1771.58454836	
-1.73460105539	-1771.38886589	
-1.79175946923	-1771.19859211	
-1.8458266905	-1771.01358039	
-1.89711998489	-1770.83367961	
-1.94591014906	-1770.6587357	
-1.99243016469	-1770.48859419	
-2.03688192726	-1770.3231026	
-2.07944154168	-1770.16211235	
-2.1202635362	-1770.00548012	
-2.15948424935	-1769.85306856	
-2.19722457734	-1769.70474665	
-2.23359222151	-1769.56038961	
-2.26868354132	-1769.41987871	
-2.30258509299	-1769.2831008	
-2.33537491582	-1769.14994785	
-2.36712361413	-1769.02031646	
-2.3978952728	-1768.89410734	
-2.42774823595	-1768.77122488	
-2.45673577282	-1768.65157672	
-2.48490664979	-1768.5350734	
-2.51230562398	-1768.42162808	
-2.53897387106	-1768.31115628	
-2.56494935746	-1768.20357568	
-2.59026716545	-1768.09880599	
-2.61495977804	-1767.99676879	
-2.63905732962	-1767.89738748	
-2.66258782703	-1767.80058721	
-2.68557734525	-1767.7062948	
-2.7080502011	-1767.61443878	
-2.73002910782	-1767.52494928	
-2.75153531304	-1767.4377581	
-2.77258872224	-1767.35279866	
-2.79320800944	-1767.27000599	
-2.81341071676	-1767.18931675	
-2.83321334406	-1767.11066922	
-2.85263142991	-1767.03400329	
-2.87167962488	-1766.95926043	
-2.8903717579	-1766.88638372	
-2.90872089656	-1766.81531784	
-2.92673940207	-1766.746009	
-2.94443897917	-1766.67840499	
-2.96183072188	-1766.61245511	
-2.97892515524	-1766.54811017	
-2.99573227355	-1766.48532249	
-3.01226157551	-1766.42404581	
-3.02852209638	-1766.36423531	
-3.04452243772	-1766.3058476	
-3.06027079469	-1766.24884062	
-3.07577498123	-1766.19317366	
-3.09104245336	-1766.13880733	
-3.10608033072	-1766.08570349	
-3.12089541651	-1766.03382526	
-3.13549421593	-1765.98313694	
-3.14988295338	-1765.93360403	
-3.16406758837	-1765.88519313	
-3.17805383035	-1765.83787198	
-3.19184715248	-1765.79160936	
-3.20545280454	-1765.74637509	
-3.21887582487	-1765.70214	
-3.23212105162	-1765.6588759	
-3.24519313319	-1765.61655551	
-3.25809653802	-1765.57515249	
-3.2708355638	-1765.53464134	
-3.28341434601	-1765.49499744	
-3.295836866	-1765.45619698	
-3.3081069586	-1765.41821691	
-3.32022831913	-1765.38103499	
-3.33220451018	-1765.34462969	
-3.34403896782	-1765.30898018	
-3.35573500759	-1765.27406633	
-3.36729582999	-1765.23986867	
-3.37872452581	-1765.20636835	
-3.39002408106	-1765.17354717	
-3.40119738166	-1765.14138747	
-3.41224721785	-1765.1098722	
-3.42317628838	-1765.07898485	
-3.43398720449	-1765.04870944	
-3.4446824936	-1765.01903048	
-3.45526460293	-1764.989933	
-3.4657359028	-1764.96140249	
-3.47609868984	-1764.93342491	
-3.48635519	-1764.90598664	
-3.49650756147	-1764.8790745	
-3.50655789732	-1764.85267572	
-3.51650822817	-1764.82677791	
-3.52636052462	-1764.80136907	
-3.53611669956	-1764.77643757	
-3.54577861047	-1764.75197213	
-3.55534806149	-1764.7279618	
-3.56482680544	-1764.70439599	
-3.57421654579	-1764.68126439	
-3.58351893846	-1764.65855701	
-3.59273559356	-1764.63626417	
-3.60186807712	-1764.61437645	
-3.61091791264	-1764.59288471	
-3.61988658263	-1764.5717801	
-3.62877553004	-1764.55105398	
-3.63758615973	-1764.530698	
-3.6463198397	-1764.51070403	
-3.65497790244	-1764.49106415	
-3.66356164613	-1764.47177071	
-3.6720723358	-1764.45281623	
-3.68051120444	-1764.43419346	
-3.68887945411	-1764.41589533	
-3.69717825693	-1764.397915	
-3.70540875607	-1764.38024577	
-3.7135720667	-1764.36288116	
-3.72166927694	-1764.34581484	
-3.72970144863	-1764.32904066	
-3.73766961828	-1764.31255263	
-3.74557479779	-1764.29634491	
-3.75341797525	-1764.28041184	
-3.76120011569	-1764.26474788	
-3.76892216179	-1764.24934764	
-3.77658503453	-1764.23420586	
-3.78418963392	-1764.21931744	
-3.79173683955	-1764.20467738	
-3.79922751128	-1764.19028083	
-3.80666248977	-1764.17612304	
-3.81404259707	-1764.1621994	
-3.82136863716	-1764.1485054	
-3.82864139649	-1764.13503663	
-3.83586164446	-1764.12178881	
-3.84303013394	-1764.10875776	
-3.85014760171	-1764.09593938	
-3.85721476893	-1764.0833297	
-3.86423234159	-1764.07092481	
-3.87120101091	-1764.05872092	
-3.87812145375	-1764.04671432	
-3.88499433304	-1764.03490138	
-3.89182029811	-1764.02327856	
-3.8985999851	-1764.0118424	
-3.90533401728	-1764.00058953	
-3.91202300543	-1763.98951663	
-3.91866754815	-1763.97862048	
-3.92526823218	-1763.96789793	
-3.93182563272	-1763.95734588	
-3.93834031375	-1763.94696133	
-3.94481282825	-1763.93674132	
-3.95124371858	-1763.92668297	
-3.95763351668	-1763.91678346	
-3.96398274436	-1763.90704002	
-3.97029191355	-1763.89744996	
-3.97656152657	-1763.88801063	
-3.98279207632	-1763.87871944	
-3.98898404656	-1763.86957386	
-3.99513791214	-1763.86057141	
-4.00125413916	-1763.85170968	
-4.00733318523	-1763.84298627	
-4.01337549969	-1763.83439887	
-4.01938152375	-1763.8259452	
-4.02535169074	-1763.81762302	
-4.03128642625	-1763.80943015	
-4.03718614838	-1763.80136444	
-4.04305126783	-1763.79342381	
-4.04888218815	-1763.78560618	
-4.05467930583	-1763.77790956	
-4.06044301055	-1763.77033195	
-4.06617368526	-1763.76287144	
-4.07187170637	-1763.75552611	
-4.07753744391	-1763.74829411	
-4.08317126162	-1763.74117361	
-4.08877351717	-1763.73416283	
-4.09434456222	-1763.72726001	
-4.0998847426	-1763.72046343	
-4.10539439841	-1763.71377141	
-4.11087386417	-1763.70718228	
-4.11632346894	-1763.70069442	
-4.12174353641	-1763.69430625	
-4.12713438505	-1763.68801619	
-4.13249632819	-1763.68182271	
-4.13782967416	-1763.67572431	
-4.14313472639	-1763.66971951	
-4.14841178349	-1763.66380685	
-4.15366113938	-1763.65798492	
-4.15888308336	-1763.65225231	
-4.16407790024	-1763.64660766	
-4.1692458704	-1763.64104961	
-4.1743872699	-1763.63557685	
-4.17950237056	-1763.63018807	
-4.18459144007	-1763.62488199	
-4.18965474203	-1763.61965737	
-4.19469253606	-1763.61451296	
-4.19970507788	-1763.60944757	
-4.20469261939	-1763.60446001	
-4.20965540873	-1763.5995491	
-4.21459369037	-1763.59471369	
-4.21950770518	-1763.58995267	
-4.22439769047	-1763.58526493	
-4.22926388012	-1763.58064937	
-4.2341065046	-1763.57610493	
-4.23892579103	-1763.57163055	
-4.2437219633	-1763.5672252	
-4.24849524205	-1763.56288787	
-4.25324584481	-1763.55861756	
-4.257973986	-1763.55441328	
-4.26267987704	-1763.55027407	
-4.26736372635	-1763.54619898	
-4.27202573946	-1763.54218708	
-4.27666611902	-1763.53823745	
-4.28128506487	-1763.53434919	
-4.28588277412	-1763.5305214	
-4.29045944115	-1763.52675323	
-4.29501525768	-1763.5230438	
-4.29955041285	-1763.51939228	
-4.3040650932	-1763.51579782	
-4.30855948279	-1763.51225963	
-4.31303376319	-1763.50877688	
-4.31748811354	-1763.5053488	
-4.3219227106	-1763.5019746	
-4.32633772881	-1763.49865351	
-4.33073334029	-1763.49538479	
-4.33510971489	-1763.49216768	
-4.33946702026	-1763.48900147	
-4.34380542185	-1763.48588544	
-4.348125083	-1763.48281886	
-4.3524261649	-1763.47980106	
-4.35670882669	-1763.47683135	
-4.36097322548	-1763.47390904	
-4.36521951636	-1763.47103349	
-4.36944785247	-1763.46820403	
-4.373658385	-1763.46542002	
-4.37785126326	-1763.46268083	
-4.38202663467	-1763.45998584	
-4.38618464482	-1763.45733442	
-4.39032543749	-1763.45472599	
-4.39444915467	-1763.45215994	
-4.39855593663	-1763.44963568	
-4.40264592188	-1763.44715264	
-4.40671924726	-1763.44471026	
-4.41077604796	-1763.44230796	
-4.4148164575	-1763.43994521	
-4.4188406078	-1763.43762145	
-4.42284862919	-1763.43533616	
-4.42684065046	-1763.4330888	
-4.43081679884	-1763.43087886	
-4.43477720006	-1763.42870583	
-4.43872197835	-1763.42656919	
-4.44265125649	-1763.42446847	
-4.44656515581	-1763.42240316	
-4.45046379623	-1763.42037279	
-4.45434729625	-1763.41837688	
-4.45821577303	-1763.41641497	
-4.46206934235	-1763.41448659	
-4.46590811865	-1763.41259129	
-4.46973221509	-1763.41072862	
-4.47354174351	-1763.40889815	
-4.47733681448	-1763.40709943	
-4.48111753732	-1763.40533205	
-4.48488402011	-1763.40359557	
-4.48863636973	-1763.40188959	
-4.49237469184	-1763.40021369	
-4.49609909093	-1763.39856748	
-4.49980967033	-1763.39695054	
-4.50350653221	-1763.39536249	
-4.50718977763	-1763.39380295	
-4.51085950652	-1763.39227153	
-4.51451581772	-1763.39076785	
-4.518158809	-1763.38929156	
-4.52178857705	-1763.38784227	
-4.52540521752	-1763.38641963	
-4.52900882502	-1763.38502329	
-4.53259949315	-1763.38365289	
-4.5361773145	-1763.3823081	
-4.53974238067	-1763.38098857	
-4.54329478227	-1763.37969396	
-4.54683460898	-1763.37842395	
-4.55036194949	-1763.3771782	
-4.5538768916	-1763.37595641	
-4.55737952215	-1763.37475824	
-4.56086992709	-1763.3735834	
-4.56434819147	-1763.37243156	
-4.56781439944	-1763.37130243	
-4.57126863431	-1763.3701957	
-4.5747109785	-1763.36911109	
-4.5781415136	-1763.36804829	
-4.58156032035	-1763.36700702	
-4.58496747867	-1763.365987	
-4.58836306767	-1763.36498795	
-4.59174716566	-1763.36400959	
-4.59511985013	-1763.36305165	
-4.59848119784	-1763.36211386	
-4.60183128472	-1763.36119596	
-4.60517018599	-1763.36029768	
-4.60849797608	-1763.35941876	
-4.61181472871	-1763.35855896	
-4.61512051684	-1763.35771803	
-4.61841541274	-1763.3568957	
-4.62169948794	-1763.35609175	
-4.62497281328	-1763.35530593	
-4.62823545892	-1763.354538	
-4.63148749431	-1763.35378772	
-4.63472898823	-1763.35305488	
-4.63796000881	-1763.35233923	
-4.64118062351	-1763.35164055	
-4.64439089914	-1763.35095863	
-4.64759090187	-1763.35029324	
-4.65078069724	-1763.34964416	
-4.65396035016	-1763.34901119	
-4.65712992492	-1763.34839411	
-4.66028948521	-1763.34779271	
-4.66343909411	-1763.3472068	
-4.66657881412	-1763.34663616	
-4.66970870713	-1763.34608059	
-4.67282883446	-1763.34553991	
-4.67593925688	-1763.34501392	
-4.67904003455	-1763.34450242	
-4.68213122712	-1763.34400522	
-4.68521289366	-1763.34352214	
-4.6882850927	-1763.343053	
-4.69134788223	-1763.34259761	
-4.69440131972	-1763.34215579	
-4.6974454621	-1763.34172736	
-4.70048036579	-1763.34131216	
-4.70350608671	-1763.34091	
-4.70652268025	-1763.34052072	
-4.70953020131	-1763.34014415	
-4.71252870431	-1763.33978012	
-4.71551824316	-1763.33942847	
-4.7184988713	-1763.33908904	
-4.72147064168	-1763.33876167	
-4.72443360681	-1763.33844619	
-4.72738781871	-1763.33814246	
-4.73033332894	-1763.33785032	
-4.73327018862	-1763.33756962	
-4.73619844839	-1763.33730021	
-4.7391181585	-1763.33704194	
-4.74202936871	-1763.33679467	
-4.74493212836	-1763.33655825	
-4.74782648639	-1763.33633254	
-4.75071249128	-1763.3361174	
-4.75359019111	-1763.33591269	
-4.75645963353	-1763.33571828	
-4.75932086582	-1763.33553402	
-4.7621739348	-1763.33535979	
-4.76501888693	-1763.33519546	
-4.76785576827	-1763.33504089	
-4.77068462447	-1763.33489595	
-4.77350550081	-1763.33476053	
-4.77631844218	-1763.33463449	
-4.77912349311	-1763.33451772	
-4.78192069773	-1763.33441008	
-4.78471009982	-1763.33431146	
-4.78749174278	-1763.33422175	
-4.79026566966	-1763.33414081	
-4.79303192316	-1763.33406855	
-4.7957905456	-1763.33400484	
-4.79854157897	-1763.33394956	
-4.80128506491	-1763.33390262	
-4.80402104473	-1763.3338639	
-4.80674955939	-1763.33383328	
-4.8094706495	-1763.33381067	
-4.81218435537	-1763.33379596	
-4.81489071697	-1763.33378903	
-4.81758977394	-1763.3337898	
-4.82028156561	-1763.33379815	
-4.82296613098	-1763.33381399	
-4.82564350875	-1763.33383722	
-4.8283137373	-1763.33386773	
-4.83097685472	-1763.33390544	
-4.83363289878	-1763.33395024	
-4.83628190695	-1763.33400204	
-4.83892391641	-1763.33406075	
-4.84155896405	-1763.33412628	
-4.84418708646	-1763.33419853	
-4.84680831994	-1763.33427741	
-4.84942270051	-1763.33436284	
-4.85203026392	-1763.33445472	
-4.85463104562	-1763.33455298	
-4.8572250808	-1763.33465752	
-4.85981240436	-1763.33476827	
-4.86239305096	-1763.33488513	
-4.86496705495	-1763.33500802	
-4.86753445046	-1763.33513687	
-4.87009527132	-1763.33527159	
-4.87264955112	-1763.33541211	
-4.8751973232	-1763.33555834	
-4.87773862063	-1763.33571021	
-4.88027347623	-1763.33586764	
-4.88280192259	-1763.33603056	
-4.88532399202	-1763.33619888	
-4.88783971662	-1763.33637255	
-4.89034912822	-1763.33655148	
-4.89285225844	-1763.3367356	
-4.89534913864	-1763.33692485	
-4.89783979995	-1763.33711914	
-4.90032427328	-1763.33731842	
-4.90280258929	-1763.33752262	
-4.90527477844	-1763.33773166	
-4.90774087093	-1763.33794548	
-4.91020089677	-1763.33816401	
-4.91265488574	-1763.3383872	
-4.91510286737	-1763.33861496	
-4.91754487103	-1763.33884725	
-4.91998092583	-1763.339084	
-4.92241106068	-1763.33932515	
-4.92483530429	-1763.33957063	
-4.92725368516	-1763.33982038	
-4.92966623156	-1763.34007435	
-4.93207297159	-1763.34033248	
-4.93447393313	-1763.34059471	
-4.93686914386	-1763.34086097	
-4.93925863125	-1763.34113122	
-4.94164242261	-1763.3414054	
-4.94402054501	-1763.34168345	
-4.94639302537	-1763.34196532	
-4.94875989038	-1763.34225095	
-4.95112116656	-1763.3425403	
-4.95347688026	-1763.3428333	
-4.9558270576	-1763.3431299	
-4.95817172456	-1763.34343006	
-4.96051090691	-1763.34373372	
-4.96284463026	-1763.34404084	
-4.96517292002	-1763.34435136	
-4.96749580144	-1763.34466524	
-4.96981329958	-1763.34498242	
-4.97212543933	-1763.34530286	
-4.97443224543	-1763.34562651	
-4.97673374242	-1763.34595332	
-4.97902995468	-1763.34628326	
-4.98132090643	-1763.34661626	
-4.98360662171	-1763.3469523	
-4.98588712441	-1763.34729132	
-4.98816243824	-1763.34763328	
-4.99043258678	-1763.34797813	
-4.99269759341	-1763.34832585	
-4.99495748138	-1763.34867637	
-4.99721227376	-1763.34902966	
-4.9994619935	-1763.34938568	
-5.00170666335	-1763.34974439	
-5.00394630595	-1763.35010575	
-5.00618094375	-1763.35046972	
-5.00841059907	-1763.35083625	
-5.0106352941	-1763.35120532	
-5.01285505083	-1763.35157688	
-5.01506989116	-1763.35195089	
-5.01727983681	-1763.35232732	
-5.01948490937	-1763.35270613	
-5.02168513028	-1763.35308728	
-5.02388052085	-1763.35347075	
-5.02607110223	-1763.35385648	
-5.02825689545	-1763.35424445	
-5.03043792139	-1763.35463463	
-5.03261420082	-1763.35502697	
-5.03478575433	-1763.35542145	
-5.03695260241	-1763.35581803	
-5.03911476542	-1763.35621668	
-5.04127226356	-1763.35661736	
-5.04342511692	-1763.35702005	
-5.04557334546	-1763.35742471	
-5.047716969	-1763.3578313	
-5.04985600725	-1763.35823981	
-5.05199047978	-1763.3586502	
-5.05412040604	-1763.35906244	
-5.05624580535	-1763.35947649	
-5.05836669692	-1763.35989234	
-5.06048309982	-1763.36030994	
-5.06259503303	-1763.36072928	
-5.06470251537	-1763.36115032	
-5.06680556556	-1763.36157303	
-5.06890420222	-1763.36199739	
-5.07099844382	-1763.36242337	
-5.07308830874	-1763.36285095	
-5.07517381523	-1763.36328009	
-5.07725498144	-1763.36371077	
-5.07933182538	-1763.36414296	
-5.08140436498	-1763.36457664	
-5.08347261805	-1763.36501178	
-5.08553660227	-1763.36544837	
-5.08759633523	-1763.36588636	
-5.08965183441	-1763.36632574	
-5.09170311719	-1763.36676649	
-5.09375020081	-1763.36720857	
-5.09579310244	-1763.36765198	
-5.09783183913	-1763.36809668	
-5.09986642782	-1763.36854264	
-5.10189688537	-1763.36898986	
-5.10392322852	-1763.3694383	
-5.1059454739	-1763.36988794	
-5.10796363806	-1763.37033877	
-5.10997773743	-1763.37079075	
-5.11198778836	-1763.37124387	
-5.11399380708	-1763.37169811	
-5.11599580975	-1763.37215345	
-5.11799381242	-1763.37260986	
-5.11998783102	-1763.37306733	
-5.12197788143	-1763.37352584	
-5.1239639794	-1763.37398536	
-5.12594614061	-1763.37444588	
-5.12792438062	-1763.37490737	
-5.12989871492	-1763.37536982	
-5.13186915891	-1763.37583321	
-5.13383572788	-1763.37629753	
-5.13579843705	-1763.37676274	
-5.13775730154	-1763.37722884	
-5.13971233637	-1763.37769581	
-5.1416635565	-1763.37816362	
-5.14361097679	-1763.37863227	
-5.145554612	-1763.37910173	
-5.14749447681	-1763.37957199	
-5.14943058584	-1763.38004303	
-5.15136295359	-1763.38051484	
-5.1532915945	-1763.38098739	
-5.15521652291	-1763.38146067	
-5.15713775309	-1763.38193467	
-5.15905529921	-1763.38240937	
-5.1609691754	-1763.38288475	
-5.16287939565	-1763.3833608	
-5.16478597392	-1763.38383751	
-5.16668892407	-1763.38431485	
-5.16858825987	-1763.38479282	
-5.17048399504	-1763.3852714	
-5.17237614319	-1763.38575058	
-5.17426471788	-1763.38623034	
-5.17614973257	-1763.38671066	
-5.17803120067	-1763.38719154	
-5.1799091355	-1763.38767295	
-5.18178355029	-1763.3881549	
-5.18365445823	-1763.38863735	
-5.1855218724	-1763.38912031	
-5.18738580584	-1763.38960375	
-5.18924627149	-1763.39008767	
-5.19110328224	-1763.39057205	
-5.19295685089	-1763.39105688	
-5.19480699018	-1763.39154214	
-5.19665371277	-1763.39202783	
-5.19849703127	-1763.39251393	
-5.20033695819	-1763.39300043	
-5.202173506	-1763.39348733	
-5.20400668708	-1763.3939746	
-5.20583651375	-1763.39446223	
-5.20766299828	-1763.39495022	
-5.20948615284	-1763.39543856	
-5.21130598956	-1763.39592723	
-5.21312252048	-1763.39641622	
-5.21493575761	-1763.39690552	
-5.21674571285	-1763.39739512	
-5.21855239808	-1763.39788502	
-5.22035582508	-1763.39837519	
-5.22215600558	-1763.39886564	
-5.22395295126	-1763.39935634	
-5.22574667371	-1763.3998473	
-5.22753718449	-1763.4003385	
-5.22932449506	-1763.40082993	
-5.23110861685	-1763.40132158	
-5.23288956123	-1763.40181344	
-5.23466733947	-1763.40230551	
-5.23644196283	-1763.40279777	
-5.23821344248	-1763.40329022	
-5.23998178954	-1763.40378285	
-5.24174701506	-1763.40427564	
-5.24350913005	-1763.40476859	
-5.24526814546	-1763.4052617	
-5.24702407216	-1763.40575494	
-5.24877692099	-1763.40624832	
-5.25052670271	-1763.40674183	
-5.25227342805	-1763.40723546	
-5.25401710765	-1763.40772919	
-5.25575775213	-1763.40822303	
-5.25749537203	-1763.40871697	
-5.25922997784	-1763.40921099	
-5.26096158	-1763.40970509	
-5.2626901889	-1763.41019926	
-5.26441581487	-1763.4106935	
-5.26613846818	-1763.4111878	
-5.26785815906	-1763.41168215	
-5.26957489768	-1763.41217654	
-5.27128869416	-1763.41267097	
-5.27299955856	-1763.41316543	
-5.27470750091	-1763.41365991	
-5.27641253116	-1763.41415441	
-5.27811465923	-1763.41464892	
-5.27981389498	-1763.41514343	
-5.28151024823	-1763.41563795	
-5.28320372874	-1763.41613245	
-5.28489434622	-1763.41662694	
-5.28658211033	-1763.41712141	
-5.28826703069	-1763.41761585	
-5.28994911688	-1763.41811026	
-5.2916283784	-1763.41860464	
-5.29330482472	-1763.41909897	
-5.29497846528	-1763.41959324	
-5.29664930945	-1763.42008747	
-5.29831736655	-1763.42058163	
-5.29998264587	-1763.42107573	
-5.30164515664	-1763.42156975	
-5.30330490806	-1763.4220637	
-5.30496190927	-1763.42255757	
-5.30661616936	-1763.42305135	
-5.3082676974	-1763.42354504	
-5.30991650239	-1763.42403863	
-5.3115625933	-1763.42453212	
-5.31320597904	-1763.42502551	
-5.3148466685	-1763.42551878	
-5.3164846705	-1763.42601194	
-5.31811999384	-1763.42650497	
-5.31975264727	-1763.42699789	
-5.32138263948	-1763.42749067	
-5.32300997914	-1763.42798332	
-5.32463467487	-1763.42847583	
-5.32625673524	-1763.4289682	
-5.32787616879	-1763.42946042	
-5.32949298402	-1763.42995249	
-5.33110718937	-1763.43044441	
-5.33271879327	-1763.43093617	
-5.33432780407	-1763.43142776	
-5.33593423012	-1763.43191919	
-5.3375380797	-1763.43241045	
-5.33913936107	-1763.43290154	
-5.34073808243	-1763.43339245	
-5.34233425196	-1763.43388317	
-5.3439278778	-1763.43437372	
-5.34551896803	-1763.43486407	
-5.34710753072	-1763.43535423	
-5.34869357387	-1763.4358442	
-5.35027710548	-1763.43633397	
-5.35185813348	-1763.43682353	
-5.35343666577	-1763.43731289	
-5.35501271022	-1763.43780205	
-5.35658627467	-1763.43829099	
-5.3581573669	-1763.43877971	
-5.35972599468	-1763.43926822	
-5.36129216571	-1763.43975651	
-5.36285588769	-1763.44024458	
-5.36441716825	-1763.44073241	
-5.36597601502	-1763.44122002	
-5.36753243557	-1763.4417074	
-5.36908643744	-1763.44219454	
-5.37063802813	-1763.44268145	
-5.37218721511	-1763.44316811	
-5.37373400583	-1763.44365453	
-5.37527840768	-1763.44414071	
-5.37682042804	-1763.44462664	
-5.37836007422	-1763.44511231	
-5.37989735354	-1763.44559774	
-5.38143227326	-1763.44608291	
-5.38296484061	-1763.44656782	
-5.38449506279	-1763.44705247	
-5.38602294697	-1763.44753686	
-5.38754850028	-1763.44802099	
-5.38907172982	-1763.44850485	
-5.39059264266	-1763.44898844	
-5.39211124583	-1763.44947176	
-5.39362754635	-1763.44995481	
-5.39514155118	-1763.45043758	
-5.39665326727	-1763.45092007	
-5.39816270152	-1763.45140229	
-5.39966986081	-1763.45188423	
-5.40117475199	-1763.45236588	
-5.40267738187	-1763.45284725	
-5.40417775725	-1763.45332833	
-5.40567588487	-1763.45380912	
-5.40717177146	-1763.45428963	
-5.40866542372	-1763.45476984	
-5.4101568483	-1763.45524976	
-5.41164605186	-1763.45572938	
-5.41313304098	-1763.45620871	
-5.41461782224	-1763.45668774	
-5.4161004022	-1763.45716647	
-5.41758078737	-1763.4576449	
-5.41905898424	-1763.45812303	
-5.42053499927	-1763.45860085	
-5.42200883889	-1763.45907837	
-5.4234805095	-1763.45955558	
-5.42495001748	-1763.46003248	
-5.42641736918	-1763.46050907	
-5.4278825709	-1763.46098535	
-5.42934562895	-1763.46146132	
-5.43080654959	-1763.46193698	
-5.43226533906	-1763.46241232	
-5.43372200355	-1763.46288734	
-5.43517654927	-1763.46336205	
-5.43662898235	-1763.46383644	
-5.43807930892	-1763.46431051	
-5.4395275351	-1763.46478426	
-5.44097366695	-1763.46525769	
-5.44241771052	-1763.4657308	
-5.44385967184	-1763.46620358	
-5.4452995569	-1763.46667604	
-5.44673737167	-1763.46714818	
-5.44817312209	-1763.46761998	
-5.44960681409	-1763.46809146	
-5.45103845357	-1763.46856262	
-5.45246804638	-1763.46903344	
-5.45389559837	-1763.46950393	
-5.45532111536	-1763.4699741	
-5.45674460314	-1763.47044393	
-5.45816606749	-1763.47091343	
-5.45958551414	-1763.47138259	
-5.46100294883	-1763.47185143	
-5.46241837723	-1763.47231993	
-5.46383180503	-1763.47278809	
-5.46524323786	-1763.47325592	
-5.46665268137	-1763.47372341	
-5.46806014114	-1763.47419056	
-5.46946562274	-1763.47465738	
-5.47086913175	-1763.47512386	
-5.47227067367	-1763.47559	
-5.47367025403	-1763.4760558	
-5.47506787829	-1763.47652126	
-5.47646355193	-1763.47698638	
-5.47785728038	-1763.47745116	
-5.47924906905	-1763.4779156	
-5.48063892334	-1763.47837969	
-5.48202684862	-1763.47884345	
-5.48341285022	-1763.47930686	
-5.48479693349	-1763.47976993	
-5.48617910372	-1763.48023265	
-5.48755936619	-1763.48069503	
-5.48893772616	-1763.48115707	
-5.49031418887	-1763.48161876	
-5.49168875953	-1763.48208011	
-5.49306144334	-1763.48254111	
-5.49443224547	-1763.48300177	
-5.49580117108	-1763.48346208	
-5.49716822529	-1763.48392204	
-5.49853341322	-1763.48438166	
-5.49989673995	-1763.48484094	
-5.50125821054	-1763.48529986	
-5.50261783006	-1763.48575844	
-5.50397560352	-1763.48621667	
-5.50533153593	-1763.48667456	
-5.50668563228	-1763.48713209	
-5.50803789753	-1763.48758928	
-5.50938833663	-1763.48804612	
-5.5107369545	-1763.48850262	
-5.51208375605	-1763.48895876	
-5.51342874616	-1763.48941456	
-5.51477192971	-1763.48987001	
-5.51611331154	-1763.49032511	
-5.51745289646	-1763.49077987	
-5.51879068931	-1763.49123427	
-5.52012669485	-1763.49168833	
-5.52146091786	-1763.49214203	
-5.5227933631	-1763.49259539	
-5.52412403528	-1763.49304841	
-5.52545293913	-1763.49350107	
-5.52678007934	-1763.49395338	
-5.52810546058	-1763.49440535	
-5.52942908751	-1763.49485697	
-5.53075096477	-1763.49530824	
-5.53207109697	-1763.49575916	
-5.53338948873	-1763.49620973	
-5.53470614461	-1763.49665996	
-5.53602106919	-1763.49710984	
-5.53733426702	-1763.49755937	
-5.53864574262	-1763.49800855	
-5.5399555005	-1763.49845738	
-5.54126354516	-1763.49890587	
-5.54256988107	-1763.49935401	
-5.5438745127	-1763.4998018	
-5.54517744448	-1763.50024925	
-5.54647868084	-1763.50069635	
-5.54777822618	-1763.5011431	
-5.5490760849	-1763.50158951	
-5.55037226136	-1763.50203556	
-5.55166675992	-1763.50248128	
-5.55295958492	-1763.50292665	
-5.55425074069	-1763.50337167	
-5.55554023152	-1763.50381634	
-5.5568280617	-1763.50426068	
-5.55811423551	-1763.50470466	
-5.5593987572	-1763.5051483	
-5.56068163102	-1763.5055916	
-5.56196286117	-1763.50603455	
-5.56324245188	-1763.50647716	
-5.56452040732	-1763.50691943	
-5.56579673168	-1763.50736135	
-5.56707142911	-1763.50780293	
-5.56834450376	-1763.50824417	
-5.56961595975	-1763.50868506	
-5.57088580119	-1763.50912561	
-5.57215403218	-1763.50956582	
-5.57342065679	-1763.51000569	
-5.5746856791	-1763.51044522	
-5.57594910315	-1763.51088441	
-5.57721093297	-1763.51132325	
-5.57847117258	-1763.51176176	
-5.57972982599	-1763.51219993	
-5.58098689718	-1763.51263776	
-5.58224239012	-1763.51307524	
-5.58349630878	-1763.51351239	
-5.5847486571	-1763.5139492	
-5.585999439	-1763.51438568	
-5.5872486584	-1763.51482181	
-5.5884963192	-1763.51525761	
-5.58974242528	-1763.51569307	
-5.59098698051	-1763.5161282	
-5.59222998875	-1763.51656299	
-5.59347145384	-1763.51699745	
-5.5947113796	-1763.51743156	
-5.59594976985	-1763.51786535	
-5.59718662839	-1763.5182988	
-5.598421959	-1763.51873192	
-5.59965576545	-1763.5191647	
-5.60088805149	-1763.51959715	
-5.60211882088	-1763.52002927	
-5.60334807733	-1763.52046106	
-5.60457582457	-1763.52089251	
-5.6058020663	-1763.52132363	
-5.60702680619	-1763.52175443	
-5.60825004793	-1763.52218489	
-5.60947179518	-1763.52261502	
-5.61069205159	-1763.52304483	
-5.61191082078	-1763.5234743	
-5.61312810639	-1763.52390345	
-5.61434391201	-1763.52433227	
-5.61555824124	-1763.52476076	
-5.61677109767	-1763.52518892	
-5.61798248485	-1763.52561676	
-5.61919240636	-1763.52604428	
-5.62040086572	-1763.52647146	
-5.62160786647	-1763.52689833	
-5.62281341212	-1763.52732486	
-5.62401750619	-1763.52775108	
-5.62522015215	-1763.52817697	
-5.6264213535	-1763.52860254	
-5.62762111369	-1763.52902778	
-5.62881943618	-1763.52945271	
-5.63001632442	-1763.52987731	
-5.63121178182	-1763.53030159	
-5.63240581181	-1763.53072556	
-5.6335984178	-1763.5311492	
-5.63478960317	-1763.53157252	
-5.6359793713	-1763.53199553	
-5.63716772557	-1763.53241821	
-5.63835466933	-1763.53284058	
-5.63954020593	-1763.53326264	
-5.64072433869	-1763.53368437	
-5.64190707094	-1763.53410579	
-5.64308840598	-1763.5345269	
-5.64426834712	-1763.53494769	
-5.64544689764	-1763.53536816	
-5.64662406082	-1763.53578833	
-5.64779983991	-1763.53620817	
-5.64897423816	-1763.53662771	
-5.65014725882	-1763.53704693	
-5.65131890512	-1763.53746585	
-5.65248918027	-1763.53788445	
-5.65365808747	-1763.53830274	
-5.65482562993	-1763.53872072	
-5.65599181082	-1763.5391384	
-5.65715663332	-1763.53955576	
-5.65832010058	-1763.53997282	
-5.65948221576	-1763.54038957	
-5.660642982	-1763.54080601	
-5.66180240242	-1763.54122214	
-5.66296048014	-1763.54163797	
-5.66411721826	-1763.5420535	
-5.66527261989	-1763.54246872	
-5.66642668811	-1763.54288363	
-5.66757942599	-1763.54329825	
-5.6687308366	-1763.54371256	
-5.66988092298	-1763.54412656	
-5.67102968818	-1763.54454027	
-5.67217713524	-1763.54495367	
-5.67332326717	-1763.54536678	
-5.67446808699	-1763.54577958	
-5.67561159769	-1763.54619209	
-5.67675380227	-1763.54660429	
-5.6778947037	-1763.5470162	
-5.67903430497	-1763.54742781	
-5.68017260902	-1763.54783912	
-5.6813096188	-1763.54825014	
-5.68244533727	-1763.54866086	
-5.68357976734	-1763.54907128	
-5.68471291194	-1763.54948142	
-5.68584477397	-1763.54989125	
-5.68697535634	-1763.5503008	
-5.68810466194	-1763.55071005	
-5.68923269364	-1763.551119	
-5.69035945432	-1763.55152767	
-5.69148494685	-1763.55193605	
-5.69260917406	-1763.55234413	
-5.6937321388	-1763.55275192	
-5.69485384391	-1763.55315943	
-5.69597429221	-1763.55356665	
-5.69709348651	-1763.55397358	
-5.69821142961	-1763.55438022	
-5.69932812431	-1763.55478657	
-5.70044357339	-1763.55519264	
-5.70155777963	-1763.55559842	
-5.7026707458	-1763.55600392	
-5.70378247466	-1763.55640913	
-5.70489296894	-1763.55681406	
-5.70600223139	-1763.5572187	
-5.70711026475	-1763.55762307	
-5.70821707172	-1763.55802715	
-5.70932265503	-1763.55843094	
-5.71042701737	-1763.55883446	
-5.71153016145	-1763.5592377	
-5.71263208993	-1763.55964066	
-5.71373280551	-1763.56004333	
-5.71483231084	-1763.56044573	
-5.71593060859	-1763.56084785	
-5.71702770141	-1763.5612497	
-5.71812359193	-1763.56165127	
-5.71921828279	-1763.56205256	
-5.72031177661	-1763.56245357	
-5.72140407601	-1763.56285431	
-5.72249518359	-1763.56325478	
-5.72358510195	-1763.56365497	
-5.72467383369	-1763.56405489	
-5.72576138137	-1763.56445453	
-5.72684774759	-1763.56485391	
-5.72793293489	-1763.56525301	
-5.72901694583	-1763.56565184	
-5.73009978297	-1763.5660504	
-5.73118144884	-1763.56644869	
-5.73226194598	-1763.56684672	
-5.7333412769	-1763.56724447	
-5.73441944412	-1763.56764196	
-5.73549645015	-1763.56803917	
-5.73657229748	-1763.56843613	
-5.73764698861	-1763.56883281	
-5.73872052602	-1763.56922923	
-5.73979291218	-1763.56962539	
-5.74086414956	-1763.57002128	
-5.74193424062	-1763.5704169	
-5.74300318781	-1763.57081227	
-5.74407099357	-1763.57120737	
-5.74513766034	-1763.5716022	
-5.74620319054	-1763.57199678	
-5.7472675866	-1763.5723911	
-5.74833085092	-1763.57278515	
-5.74939298591	-1763.57317895	
-5.75045399397	-1763.57357249	
-5.75151387748	-1763.57396576	
-5.75257263883	-1763.57435878	
-5.75363028038	-1763.57475155	
-5.75468680452	-1763.57514405	
-5.75574221359	-1763.5755363	
-5.75679650994	-1763.57592829	
-5.75784969593	-1763.57632003	
-5.75890177388	-1763.57671152	
-5.75995274612	-1763.57710275	
-5.76100261499	-1763.57749372	
-5.76205138278	-1763.57788445	
-5.76309905181	-1763.57827492	
-5.76414562438	-1763.57866514	
-5.76519110278	-1763.5790551	
-5.7662354893	-1763.57944482	
-5.76727878622	-1763.57983429	
-5.76832099579	-1763.58022351	
-5.7693621203	-1763.58061248	
-5.770402162	-1763.5810012	
-5.77144112313	-1763.58138967	
-5.77247900594	-1763.58177789	
-5.77351581267	-1763.58216587	
-5.77455154554	-1763.58255361	
-5.77558620679	-1763.58294109	
-5.77661979861	-1763.58332834	
-5.77765232322	-1763.58371533	
-5.77868378283	-1763.58410209	
-5.77971417962	-1763.5844886	
-5.78074351579	-1763.58487487	
-5.78177179352	-1763.58526089	
-5.78279901497	-1763.58564668	
-5.78382518233	-1763.58603222	
-5.78485029774	-1763.58641752	
-5.78587436337	-1763.58680258	
-5.78689738137	-1763.58718741	
-5.78791935386	-1763.58757199	
-5.788940283	-1763.58795633	
-5.7899601709	-1763.58834044	
-5.79097901969	-1763.58872431	
-5.79199683148	-1763.58910795	
-5.79301360838	-1763.58949134	
-5.7940293525	-1763.5898745	
-5.79504406593	-1763.59025743	
-5.79605775077	-1763.59064012	
-5.79707040908	-1763.59102258	
-5.79808204295	-1763.5914048	
-5.79909265446	-1763.5917868	
-5.80010224566	-1763.59216855	
-5.80111081862	-1763.59255008	
-5.80211837538	-1763.59293138	
-5.80312491799	-1763.59331244	
-5.80413044849	-1763.59369327	
-5.80513496892	-1763.59407388	
-5.80613848129	-1763.59445425	
-5.80714098764	-1763.5948344	
-5.80814248998	-1763.59521432	
-5.80914299031	-1763.59559401	
