#Site	lnL	
0	-1.77051145468
1	-5.47073952065
2	-2.41219714411
3	-1.8256891493
4	-1.86784750555
5	-2.50398670677
6	-1.75012439801
7	-1.86784750555
8	-2.40102492046
9	-1.74550346226
10	-11.540569599
11	-2.41219714411
12	-1.8256891493
13	-5.16572809344
14	-5.74833027725
15	-1.74550346226
16	-1.84102554398
17	-2.41219714411
18	-6.22329760061
19	-1.92442448671
20	-2.41219714411
21	-1.77051145468
22	-5.21317733378
23	-5.74833027725
24	-6.34344777522
25	-1.8466268981
26	-2.41219714411
27	-5.36053152365
28	-5.15909713013
29	-2.41219714411
30	-1.77051145468
31	-1.86784750555
32	-2.43848964031
33	-1.75012439801
34	-1.8466268981
35	-7.54991614519
36	-1.74550346226
37	-1.92442448671
38	-2.41219714411
39	-1.77051145468
40	-1.86784750555
41	-7.93552318097
42	-1.8256891493
43	-1.84102554398
44	-2.50398670677
45	-1.75012439801
46	-1.8466268981
47	-7.62432062207
48	-1.77051145468
49	-1.92442448671
50	-2.40102492046
51	-1.74550346226
52	-1.8466268981
53	-2.50398670677
54	-1.8256891493
55	-1.86784750555
56	-5.88954267008
57	-5.65951096845
58	-6.21795725517
59	-5.35054808359
60	-1.8256891493
61	-1.84102554398
62	-2.43848964031
63	-1.77051145468
64	-1.8466268981
65	-2.40102492046
66	-6.89125523199
67	-10.1940713181
68	-5.99973042766
69	-1.77051145468
70	-4.61164532273
71	-5.3918867836
72	-1.77051145468
73	-4.61490071646
74	-5.3918867836
75	-1.77051145468
76	-1.84102554398
77	-5.99630010108
78	-1.77051145468
79	-1.8466268981
80	-2.40102492046
81	-1.8256891493
82	-1.84102554398
83	-2.43848964031
84	-1.77051145468
85	-4.66965381219
86	-5.88593892601
87	-1.75012439801
88	-1.84102554398
89	-5.3918867836
90	-1.77051145468
91	-1.8466268981
92	-2.40102492046
93	-1.74550346226
94	-8.18602391015
95	-7.39765540494
96	-5.6055938571
97	-1.8466268981
98	-2.50398670677
99	-4.79802830141
100	-1.86784750555
101	-2.41219714411
102	-1.8256891493
103	-1.8466268981
104	-2.50398670677
105	-1.8256891493
106	-8.10978888974
107	-2.40102492046
108	-1.75012439801
109	-6.04059593341
110	-2.43848964031
111	-6.17561836984
112	-1.86784750555
113	-2.50398670677
114	-4.79802830141
115	-6.11428407524
116	-2.50398670677
117	-6.33620335417
118	-5.68754453685
119	-2.41219714411
120	-10.0703042785
121	-1.8466268981
122	-2.50398670677
123	-1.75012439801
124	-5.23344367144
125	-5.27077226131
126	-1.8256891493
127	-1.84102554398
128	-8.55798555803
129	-6.42082285812
130	-5.63986335565
131	-2.50398670677
132	-1.74550346226
133	-1.8466268981
134	-2.43848964031
135	-1.8256891493
136	-10.1862373726
137	-8.43161636951
138	-6.41566203692
139	-1.84102554398
140	-4.83858234543
141	-6.22329760061
142	-1.92442448671
143	-2.40102492046
144	-1.74550346226
145	-1.84102554398
146	-8.35014254091
147	-1.75012439801
148	-1.84102554398
149	-2.40102492046
150	-1.74550346226
151	-6.08753119686
152	-9.97876179319
153	-1.74550346226
154	-1.92442448671
155	-8.40382152733
156	-6.39055068843
157	-1.84102554398
158	-2.40102492046
159	-5.38016633607
160	-1.92442448671
161	-4.32591694009
162	-1.74550346226
163	-5.23344367144
164	-2.50398670677
165	-1.74550346226
166	-1.8466268981
167	-5.41190622105
168	-1.74550346226
169	-5.14194597557
170	-5.90525164344
171	-9.00298707855
172	-6.01543066492
173	-5.96586043158
174	-1.74550346226
175	-5.47438536746
176	-2.43848964031
177	-6.37856938008
178	-6.11428407524
179	-8.22160270307
180	-8.56923389622
181	-4.66965381219
182	-2.41219714411
183	-1.8256891493
184	-12.1439920386
185	-2.50398670677
186	-1.77051145468
187	-5.47073952065
188	-2.41219714411
189	-8.29675045045
190	-1.8466268981
191	-4.33301851461
192	-1.75012439801
193	-5.23344367144
194	-2.41219714411
195	-1.74550346226
196	-1.86784750555
197	-2.43848964031
198	-1.75012439801
199	-1.92442448671
200	-2.50398670677
201	-1.8256891493
202	-5.23882039562
203	-4.32591694009
204	-1.74550346226
205	-1.8466268981
206	-6.53461374198
207	-1.75012439801
208	-1.84102554398
209	-2.40102492046
210	-1.74550346226
211	-1.86784750555
212	-6.78573336492
213	-15.3267255111
214	-1.8466268981
215	-2.43848964031
216	-5.36727590094
217	-7.96371193942
218	-2.40102492046
219	-1.8256891493
220	-1.8466268981
221	-6.7158786709
222	-6.33309417415
223	-1.84102554398
224	-2.43848964031
225	-10.3611677527
226	-7.21841932742
227	-5.23928010534
228	-1.74550346226
229	-7.23238281969
230	-4.39457828141
231	-1.8256891493
232	-1.84102554398
233	-2.40102492046
234	-1.77051145468
235	-5.15909713013
236	-5.96586043158
237	-1.8256891493
238	-1.8466268981
239	-2.50398670677
240	-1.8256891493
241	-6.08753119686
242	-9.34744030426
243	-5.28998785193
244	-1.84102554398
245	-2.40102492046
246	-1.75012439801
247	-1.92442448671
248	-5.3453772062
249	-6.15558202262
250	-7.77347614381
251	-2.50398670677
252	-6.39055068843
253	-1.86784750555
254	-2.40102492046
255	-1.75012439801
256	-1.92442448671
257	-2.43848964031
258	-1.77051145468
259	-1.86784750555
260	-2.43848964031
261	-1.74550346226
262	-1.92442448671
263	-2.50398670677
264	-1.75012439801
265	-1.86784750555
266	-5.35054808359
267	-1.74550346226
268	-1.8466268981
269	-5.41190622105
270	-5.64834156586
271	-1.92442448671
272	-5.95704093323
273	-1.77051145468
274	-1.92442448671
275	-2.43848964031
276	-6.24804903971
277	-1.8466268981
278	-2.50398670677
279	-1.8256891493
280	-1.84102554398
281	-5.75762286735
282	-1.77051145468
283	-1.84102554398
284	-2.40102492046
285	-6.43874057564
286	-1.84102554398
287	-5.78293626925
288	-1.75012439801
289	-1.84102554398
290	-5.27077226131
291	-1.74550346226
292	-1.84102554398
293	-2.50398670677
294	-6.34499263089
295	-1.8466268981
296	-2.40102492046
297	-6.98295120824
298	-1.92442448671
299	-2.43848964031
300	-4.75442430295
301	-1.92442448671
302	-7.97213107521
303	-1.75012439801
304	-5.51549253037
305	-5.74833027725
306	-1.8256891493
307	-1.86784750555
308	-2.50398670677
309	-1.8256891493
310	-8.10560082615
311	-11.351894271
312	-1.8256891493
313	-5.5295434246
314	-2.41219714411
315	-1.74550346226
316	-1.92442448671
317	-6.61738591195
318	-1.74550346226
319	-1.8466268981
320	-2.41219714411
321	-1.8256891493
322	-6.09713292068
323	-2.43848964031
324	-6.23089788515
325	-1.86784750555
326	-2.43848964031
327	-1.74550346226
328	-9.51514075042
329	-4.8243399791
330	-7.44872032968
331	-1.84102554398
332	-2.41219714411
333	-5.36053152365
334	-7.77347614381
335	-2.41219714411
336	-1.74550346226
337	-1.84102554398
338	-2.50398670677
339	-1.77051145468
340	-5.15909713013
341	-2.41219714411
342	-1.77051145468
343	-1.86784750555
344	-2.50398670677
345	-1.75012439801
346	-1.8466268981
347	-2.41219714411
348	-1.75012439801
349	-1.8466268981
350	-2.50398670677
351	-1.8256891493
352	-1.8466268981
353	-2.41219714411
354	-1.74550346226
355	-5.15909713013
356	-4.33301851461
357	-1.75012439801
358	-11.8767029259
359	-2.43848964031
360	-1.77051145468
361	-5.47073952065
362	-2.41219714411
363	-1.75012439801
364	-6.29779667113
365	-2.43848964031
366	-5.65951096845
367	-10.8337344662
368	-8.34120719615
369	-8.95914186477
370	-5.21317733378
371	-2.40102492046
372	-1.77051145468
373	-6.03258181948
374	-4.33301851461
375	-1.8256891493
376	-1.84102554398
377	-9.32440257726
378	-1.8256891493
379	-1.92442448671
380	-2.40102492046
381	-11.393134363
382	-1.8466268981
383	-2.50398670677
384	-5.82920190621
385	-9.68951347925
386	-2.40102492046
387	-7.95651739473
388	-1.84102554398
389	-2.43848964031
390	-1.74550346226
391	-7.62285505277
392	-2.50398670677
393	-5.60269548963
394	-5.64234304839
395	-5.88954267008
396	-1.8256891493
397	-1.86784750555
398	-5.27077226131
399	-1.77051145468
400	-1.84102554398
401	-4.83858234543
402	-1.77051145468
403	-5.68754453685
404	-2.40102492046
405	-1.8256891493
406	-1.92442448671
407	-2.40102492046
408	-5.36053152365
409	-1.8466268981
410	-2.50398670677
411	-1.77051145468
412	-6.26030337523
413	-6.97055025371
414	-11.8776790733
415	-1.86784750555
416	-4.32591694009
417	-10.2777480331
418	-7.88421823961
419	-4.36717916977
420	-8.11217509764
421	-7.28585419894
422	-2.40102492046
423	-1.8256891493
424	-1.86784750555
425	-2.41219714411
426	-1.75012439801
427	-11.2395767629
428	-2.50398670677
429	-1.74550346226
430	-7.23345587307
431	-2.50398670677
432	-1.77051145468
433	-1.8466268981
434	-2.40102492046
435	-1.77051145468
436	-1.86784750555
437	-2.43848964031
438	-4.75442430295
439	-7.21461116155
440	-2.41219714411
441	-1.8256891493
442	-1.92442448671
443	-2.41219714411
444	-1.74550346226
445	-1.92442448671
446	-2.41219714411
447	-9.22481278291
448	-4.61490071646
449	-2.41219714411
450	-1.77051145468
451	-1.92442448671
452	-8.91205959417
453	-1.75012439801
454	-6.10831151141
455	-10.3083118741
456	-1.75012439801
457	-1.84102554398
458	-11.4623110602
459	-1.77051145468
460	-1.86784750555
461	-9.23600058149
462	-1.77051145468
463	-1.92442448671
464	-2.41219714411
465	-5.60269548963
466	-7.61878391192
467	-2.40102492046
468	-1.75012439801
469	-1.86784750555
470	-2.40102492046
