# log_p 	 lnL 	 
0.0	-1837.55605449	
-0.287682072452	-1836.59769052	
-0.510825623766	-1836.1526845	
-0.69314718056	-1835.93343218	
-0.847297860387	-1835.82592692	
-0.980829253012	-1835.7777683	
-1.09861228867	-1835.76256426	
-1.20397280433	-1835.76626135	
-1.29928298413	-1835.78109454	
-1.38629436112	-1835.80264881	
-1.46633706879	-1835.82834686	
-1.54044504095	-1835.85664175	
-1.60943791243	-1835.88657517	
-1.67397643357	-1835.91753128	
-1.73460105539	-1835.94909752	
-1.79175946923	-1835.98098495	
-1.8458266905	-1836.01298217	
-1.89711998489	-1836.04492824	
-1.94591014906	-1836.07669666	
-1.99243016469	-1836.10818567	
-2.03688192726	-1836.13931219	
-2.07944154168	-1836.17000799	
-2.1202635362	-1836.20021706	
-2.15948424935	-1836.22989373	
-2.19722457734	-1836.25900128	
-2.23359222151	-1836.28751081	
-2.26868354132	-1836.31540024	
-2.30258509299	-1836.34265351	
-2.33537491582	-1836.36925983	
-2.36712361413	-1836.39521299	
-2.3978952728	-1836.42051081	
-2.42774823595	-1836.44515453	
-2.45673577282	-1836.46914836	
-2.48490664979	-1836.49249901	
-2.51230562398	-1836.51521533	
-2.53897387106	-1836.5373079	
-2.56494935746	-1836.55878877	
-2.59026716545	-1836.57967114	
-2.61495977804	-1836.59996914	
-2.63905732962	-1836.6196976	
-2.66258782703	-1836.63887188	
-2.68557734525	-1836.6575077	
-2.7080502011	-1836.67562101	
-2.73002910782	-1836.69322784	
-2.75153531304	-1836.71034423	
-2.77258872224	-1836.72698616	
-2.79320800944	-1836.74316941	
-2.81341071676	-1836.75890958	
-2.83321334406	-1836.77422199	
-2.85263142991	-1836.78912165	
-2.87167962488	-1836.80362324	
-2.8903717579	-1836.81774109	
-2.90872089656	-1836.83148913	
-2.92673940207	-1836.8448809	
-2.94443897917	-1836.85792955	
-2.96183072188	-1836.87064781	
-2.97892515524	-1836.88304799	
-2.99573227355	-1836.89514201	
-3.01226157551	-1836.90694138	
-3.02852209638	-1836.91845718	
-3.04452243772	-1836.92970014	
-3.06027079469	-1836.94068055	
-3.07577498123	-1836.95140835	
-3.09104245336	-1836.9618931	
-3.10608033072	-1836.97214401	
-3.12089541651	-1836.9821699	
-3.13549421593	-1836.9919793	
-3.14988295338	-1837.00158037	
-3.16406758837	-1837.01098096	
-3.17805383035	-1837.02018862	
-3.19184715248	-1837.0292106	
-3.20545280454	-1837.03805384	
-3.21887582487	-1837.04672504	
-3.23212105162	-1837.0552306	
-3.24519313319	-1837.06357668	
-3.25809653802	-1837.0717692	
-3.2708355638	-1837.07981382	
-3.28341434601	-1837.08771599	
-3.295836866	-1837.09548094	
-3.3081069586	-1837.10311368	
-3.32022831913	-1837.11061902	
-3.33220451018	-1837.1180016	
-3.34403896782	-1837.12526584	
-3.35573500759	-1837.13241601	
-3.36729582999	-1837.1394562	
-3.37872452581	-1837.14639032	
-3.39002408106	-1837.15322216	
-3.40119738166	-1837.15995532	
-3.41224721785	-1837.16659329	
-3.42317628838	-1837.17313941	
-3.43398720449	-1837.17959687	
-3.4446824936	-1837.18596876	
-3.45526460293	-1837.19225804	
-3.4657359028	-1837.19846755	
-3.47609868984	-1837.20460002	
-3.48635519	-1837.21065808	
-3.49650756147	-1837.21664425	
-3.50655789732	-1837.22256095	
-3.51650822817	-1837.22841052	
-3.52636052462	-1837.2341952	
-3.53611669956	-1837.23991714	
-3.54577861047	-1837.24557842	
-3.55534806149	-1837.25118102	
-3.56482680544	-1837.25672688	
-3.57421654579	-1837.26221782	
-3.58351893846	-1837.26765563	
-3.59273559356	-1837.27304201	
-3.60186807712	-1837.27837861	
-3.61091791264	-1837.28366701	
-3.61988658263	-1837.28890873	
-3.62877553004	-1837.29410523	
-3.63758615973	-1837.29925793	
-3.6463198397	-1837.3043682	
-3.65497790244	-1837.30943732	
-3.66356164613	-1837.31446658	
-3.6720723358	-1837.31945717	
-3.68051120444	-1837.32441028	
-3.68887945411	-1837.32932702	
-3.69717825693	-1837.33420849	
-3.70540875607	-1837.33905573	
-3.7135720667	-1837.34386975	
-3.72166927694	-1837.34865152	
-3.72970144863	-1837.35340199	
-3.73766961828	-1837.35812204	
-3.74557479779	-1837.36281257	
-3.75341797525	-1837.36747439	
-3.76120011569	-1837.37210834	
-3.76892216179	-1837.37671518	
-3.77658503453	-1837.38129568	
-3.78418963392	-1837.38585056	
-3.79173683955	-1837.39038052	
-3.79922751128	-1837.39488625	
-3.80666248977	-1837.39936838	
-3.81404259707	-1837.40382757	
-3.82136863716	-1837.40826441	
-3.82864139649	-1837.41267949	
-3.83586164446	-1837.41707339	
-3.84303013394	-1837.42144664	
-3.85014760171	-1837.42579978	
-3.85721476893	-1837.43013332	
-3.86423234159	-1837.43444776	
-3.87120101091	-1837.43874357	
-3.87812145375	-1837.4430212	
-3.88499433304	-1837.44728112	
-3.89182029811	-1837.45152374	
-3.8985999851	-1837.45574948	
-3.90533401728	-1837.45995875	
-3.91202300543	-1837.46415192	
-3.91866754815	-1837.46832939	
-3.92526823218	-1837.4724915	
-3.93182563272	-1837.47663861	
-3.93834031375	-1837.48077106	
-3.94481282825	-1837.48488917	
-3.95124371858	-1837.48899327	
-3.95763351668	-1837.49308366	
-3.96398274436	-1837.49716063	
-3.97029191355	-1837.50122447	
-3.97656152657	-1837.50527546	
-3.98279207632	-1837.50931386	
-3.98898404656	-1837.51333994	
-3.99513791214	-1837.51735395	
-4.00125413916	-1837.52135612	
-4.00733318523	-1837.5253467	
-4.01337549969	-1837.52932591	
-4.01938152375	-1837.53329397	
-4.02535169074	-1837.53725109	
-4.03128642625	-1837.54119748	
-4.03718614838	-1837.54513334	
-4.04305126783	-1837.54905886	
-4.04888218815	-1837.55297423	
-4.05467930583	-1837.55687963	
-4.06044301055	-1837.56077524	
-4.06617368526	-1837.56466121	
-4.07187170637	-1837.56853773	
-4.07753744391	-1837.57240494	
-4.08317126162	-1837.57626301	
-4.08877351717	-1837.58011208	
-4.09434456222	-1837.58395229	
-4.0998847426	-1837.58778379	
-4.10539439841	-1837.59160671	
-4.11087386417	-1837.59542118	
-4.11632346894	-1837.59922734	
-4.12174353641	-1837.6030253	
-4.12713438505	-1837.60681518	
-4.13249632819	-1837.6105971	
-4.13782967416	-1837.61437118	
-4.14313472639	-1837.61813751	
-4.14841178349	-1837.62189621	
-4.15366113938	-1837.62564739	
-4.15888308336	-1837.62939113	
-4.16407790024	-1837.63312754	
-4.1692458704	-1837.63685671	
-4.1743872699	-1837.64057872	
-4.17950237056	-1837.64429368	
-4.18459144007	-1837.64800165	
-4.18965474203	-1837.65170274	
-4.19469253606	-1837.65539701	
-4.19970507788	-1837.65908454	
-4.20469261939	-1837.66276542	
-4.20965540873	-1837.6664397	
-4.21459369037	-1837.67010747	
-4.21950770518	-1837.6737688	
-4.22439769047	-1837.67742374	
-4.22926388012	-1837.68107238	
-4.2341065046	-1837.68471476	
-4.23892579103	-1837.68835095	
-4.2437219633	-1837.69198101	
-4.24849524205	-1837.695605	
-4.25324584481	-1837.69922298	
-4.257973986	-1837.70283499	
-4.26267987704	-1837.7064411	
-4.26736372635	-1837.71004135	
-4.27202573946	-1837.7136358	
-4.27666611902	-1837.71722449	
-4.28128506487	-1837.72080747	
-4.28588277412	-1837.72438478	
-4.29045944115	-1837.72795648	
-4.29501525768	-1837.73152261	
-4.29955041285	-1837.7350832	
-4.3040650932	-1837.7386383	
-4.30855948279	-1837.74218795	
-4.31303376319	-1837.74573219	
-4.31748811354	-1837.74927105	
-4.3219227106	-1837.75280458	
-4.32633772881	-1837.7563328	
-4.33073334029	-1837.75985576	
-4.33510971489	-1837.76337349	
-4.33946702026	-1837.76688602	
-4.34380542185	-1837.77039338	
-4.348125083	-1837.77389561	
-4.3524261649	-1837.77739273	
-4.35670882669	-1837.78088478	
-4.36097322548	-1837.78437178	
-4.36521951636	-1837.78785377	
-4.36944785247	-1837.79133077	
-4.373658385	-1837.7948028	
-4.37785126326	-1837.7982699	
-4.38202663467	-1837.80173209	
-4.38618464482	-1837.80518939	
-4.39032543749	-1837.80864183	
-4.39444915467	-1837.81208944	
-4.39855593663	-1837.81553223	
-4.40264592188	-1837.81897023	
-4.40671924726	-1837.82240346	
-4.41077604796	-1837.82583194	
-4.4148164575	-1837.8292557	
-4.4188406078	-1837.83267475	
-4.42284862919	-1837.83608912	
-4.42684065046	-1837.83949882	
-4.43081679884	-1837.84290387	
-4.43477720006	-1837.8463043	
-4.43872197835	-1837.84970011	
-4.44265125649	-1837.85309134	
-4.44656515581	-1837.85647799	
-4.45046379623	-1837.85986009	
-4.45434729625	-1837.86323764	
-4.45821577303	-1837.86661068	
-4.46206934235	-1837.8699792	
-4.46590811865	-1837.87334324	
-4.46973221509	-1837.8767028	
-4.47354174351	-1837.8800579	
-4.47733681448	-1837.88340855	
-4.48111753732	-1837.88675478	
-4.48488402011	-1837.89009658	
-4.48863636973	-1837.89343399	
-4.49237469184	-1837.89676701	
-4.49609909093	-1837.90009565	
-4.49980967033	-1837.90341993	
-4.50350653221	-1837.90673986	
-4.50718977763	-1837.91005546	
-4.51085950652	-1837.91336674	
-4.51451581772	-1837.9166737	
-4.518158809	-1837.91997637	
-4.52178857705	-1837.92327475	
-4.52540521752	-1837.92656885	
-4.52900882502	-1837.92985869	
-4.53259949315	-1837.93314428	
-4.5361773145	-1837.93642563	
-4.53974238067	-1837.93970275	
-4.54329478227	-1837.94297565	
-4.54683460898	-1837.94624435	
-4.55036194949	-1837.94950884	
-4.5538768916	-1837.95276915	
-4.55737952215	-1837.95602529	
-4.56086992709	-1837.95927725	
-4.56434819147	-1837.96252506	
-4.56781439944	-1837.96576873	
-4.57126863431	-1837.96900825	
-4.5747109785	-1837.97224365	
-4.5781415136	-1837.97547493	
-4.58156032035	-1837.97870211	
-4.58496747867	-1837.98192518	
-4.58836306767	-1837.98514416	
-4.59174716566	-1837.98835906	
-4.59511985013	-1837.99156989	
-4.59848119784	-1837.99477666	
-4.60183128472	-1837.99797937	
-4.60517018599	-1838.00117803	
-4.60849797608	-1838.00437266	
-4.61181472871	-1838.00756325	
-4.61512051684	-1838.01074983	
-4.61841541274	-1838.01393239	
-4.62169948794	-1838.01711095	
-4.62497281328	-1838.02028551	
-4.62823545892	-1838.02345609	
-4.63148749431	-1838.02662268	
-4.63472898823	-1838.0297853	
-4.63796000881	-1838.03294395	
-4.64118062351	-1838.03609865	
-4.64439089914	-1838.0392494	
-4.64759090187	-1838.04239621	
-4.65078069724	-1838.04553908	
-4.65396035016	-1838.04867803	
-4.65712992492	-1838.05181306	
-4.66028948521	-1838.05494417	
-4.66343909411	-1838.05807138	
-4.66657881412	-1838.0611947	
-4.66970870713	-1838.06431412	
-4.67282883446	-1838.06742966	
-4.67593925688	-1838.07054133	
-4.67904003455	-1838.07364913	
-4.68213122712	-1838.07675306	
-4.68521289366	-1838.07985314	
-4.6882850927	-1838.08294938	
-4.69134788223	-1838.08604177	
-4.69440131972	-1838.08913033	
-4.6974454621	-1838.09221507	
-4.70048036579	-1838.09529598	
-4.70350608671	-1838.09837308	
-4.70652268025	-1838.10144638	
-4.70953020131	-1838.10451587	
-4.71252870431	-1838.10758158	
-4.71551824316	-1838.1106435	
-4.7184988713	-1838.11370163	
-4.72147064168	-1838.116756	
-4.72443360681	-1838.1198066	
-4.72738781871	-1838.12285344	
-4.73033332894	-1838.12589652	
-4.73327018862	-1838.12893586	
-4.73619844839	-1838.13197146	
-4.7391181585	-1838.13500333	
-4.74202936871	-1838.13803147	
-4.74493212836	-1838.14105589	
-4.74782648639	-1838.1440766	
-4.75071249128	-1838.14709359	
-4.75359019111	-1838.15010689	
-4.75645963353	-1838.15311649	
-4.75932086582	-1838.1561224	
-4.7621739348	-1838.15912463	
-4.76501888693	-1838.16212319	
-4.76785576827	-1838.16511807	
-4.77068462447	-1838.16810929	
-4.77350550081	-1838.17109685	
-4.77631844218	-1838.17408077	
-4.77912349311	-1838.17706103	
-4.78192069773	-1838.18003766	
-4.78471009982	-1838.18301066	
-4.78749174278	-1838.18598003	
-4.79026566966	-1838.18894578	
-4.79303192316	-1838.19190792	
-4.7957905456	-1838.19486645	
-4.79854157897	-1838.19782137	
-4.80128506491	-1838.20077271	
-4.80402104473	-1838.20372045	
-4.80674955939	-1838.20666461	
-4.8094706495	-1838.20960519	
-4.81218435537	-1838.2125422	
-4.81489071697	-1838.21547565	
-4.81758977394	-1838.21840554	
-4.82028156561	-1838.22133187	
-4.82296613098	-1838.22425466	
-4.82564350875	-1838.2271739	
-4.8283137373	-1838.23008962	
-4.83097685472	-1838.2330018	
-4.83363289878	-1838.23591046	
-4.83628190695	-1838.2388156	
-4.83892391641	-1838.24171724	
-4.84155896405	-1838.24461536	
-4.84418708646	-1838.24750999	
-4.84680831994	-1838.25040113	
-4.84942270051	-1838.25328878	
-4.85203026392	-1838.25617295	
-4.85463104562	-1838.25905364	
-4.8572250808	-1838.26193086	
-4.85981240436	-1838.26480462	
-4.86239305096	-1838.26767493	
-4.86496705495	-1838.27054178	
-4.86753445046	-1838.27340518	
-4.87009527132	-1838.27626515	
-4.87264955112	-1838.27912168	
-4.8751973232	-1838.28197479	
-4.87773862063	-1838.28482447	
-4.88027347623	-1838.28767074	
-4.88280192259	-1838.2905136	
-4.88532399202	-1838.29335305	
-4.88783971662	-1838.2961891	
-4.89034912822	-1838.29902177	
-4.89285225844	-1838.30185104	
-4.89534913864	-1838.30467693	
-4.89783979995	-1838.30749945	
-4.90032427328	-1838.3103186	
-4.90280258929	-1838.31313439	
-4.90527477844	-1838.31594682	
-4.90774087093	-1838.31875589	
-4.91020089677	-1838.32156162	
-4.91265488574	-1838.32436401	
-4.91510286737	-1838.32716307	
-4.91754487103	-1838.32995879	
-4.91998092583	-1838.3327512	
-4.92241106068	-1838.33554028	
-4.92483530429	-1838.33832606	
-4.92725368516	-1838.34110852	
-4.92966623156	-1838.34388769	
-4.93207297159	-1838.34666357	
-4.93447393313	-1838.34943615	
-4.93686914386	-1838.35220546	
-4.93925863125	-1838.35497148	
-4.94164242261	-1838.35773424	
-4.94402054501	-1838.36049373	
-4.94639302537	-1838.36324995	
-4.94875989038	-1838.36600293	
-4.95112116656	-1838.36875266	
-4.95347688026	-1838.37149914	
-4.9558270576	-1838.37424239	
-4.95817172456	-1838.3769824	
-4.96051090691	-1838.37971919	
-4.96284463026	-1838.38245276	
-4.96517292002	-1838.38518311	
-4.96749580144	-1838.38791026	
-4.96981329958	-1838.3906342	
-4.97212543933	-1838.39335495	
-4.97443224543	-1838.3960725	
-4.97673374242	-1838.39878687	
-4.97902995468	-1838.40149805	
-4.98132090643	-1838.40420606	
-4.98360662171	-1838.40691091	
-4.98588712441	-1838.40961258	
-4.98816243824	-1838.4123111	
-4.99043258678	-1838.41500647	
-4.99269759341	-1838.41769869	
-4.99495748138	-1838.42038777	
-4.99721227376	-1838.42307371	
-4.9994619935	-1838.42575653	
-5.00170666335	-1838.42843622	
-5.00394630595	-1838.43111278	
-5.00618094375	-1838.43378624	
-5.00841059907	-1838.43645659	
-5.0106352941	-1838.43912383	
-5.01285505083	-1838.44178798	
-5.01506989116	-1838.44444904	
-5.01727983681	-1838.44710701	
-5.01948490937	-1838.4497619	
-5.02168513028	-1838.45241371	
-5.02388052085	-1838.45506246	
-5.02607110223	-1838.45770814	
-5.02825689545	-1838.46035076	
-5.03043792139	-1838.46299033	
-5.03261420082	-1838.46562685	
-5.03478575433	-1838.46826033	
-5.03695260241	-1838.47089078	
-5.03911476542	-1838.47351819	
-5.04127226356	-1838.47614258	
-5.04342511692	-1838.47876395	
-5.04557334546	-1838.4813823	
-5.047716969	-1838.48399764	
-5.04985600725	-1838.48660998	
-5.05199047978	-1838.48921932	
-5.05412040604	-1838.49182567	
-5.05624580535	-1838.49442902	
-5.05836669692	-1838.4970294	
-5.06048309982	-1838.4996268	
-5.06259503303	-1838.50222123	
-5.06470251537	-1838.50481269	
-5.06680556556	-1838.50740119	
-5.06890420222	-1838.50998674	
-5.07099844382	-1838.51256933	
-5.07308830874	-1838.51514898	
-5.07517381523	-1838.51772569	
-5.07725498144	-1838.52029947	
-5.07933182538	-1838.52287032	
-5.08140436498	-1838.52543824	
-5.08347261805	-1838.52800325	
-5.08553660227	-1838.53056534	
-5.08759633523	-1838.53312452	
-5.08965183441	-1838.5356808	
-5.09170311719	-1838.53823419	
-5.09375020081	-1838.54078468	
-5.09579310244	-1838.54333229	
-5.09783183913	-1838.54587701	
-5.09986642782	-1838.54841886	
-5.10189688537	-1838.55095784	
-5.10392322852	-1838.55349395	
-5.1059454739	-1838.5560272	
-5.10796363806	-1838.5585576	
-5.10997773743	-1838.56108515	
-5.11198778836	-1838.56360985	
-5.11399380708	-1838.56613171	
-5.11599580975	-1838.56865073	
-5.11799381242	-1838.57116693	
-5.11998783102	-1838.5736803	
-5.12197788143	-1838.57619086	
-5.1239639794	-1838.5786986	
-5.12594614061	-1838.58120353	
-5.12792438062	-1838.58370566	
-5.12989871492	-1838.58620498	
-5.13186915891	-1838.58870152	
-5.13383572788	-1838.59119527	
-5.13579843705	-1838.59368623	
-5.13775730154	-1838.59617441	
-5.13971233637	-1838.59865983	
-5.1416635565	-1838.60114247	
-5.14361097679	-1838.60362235	
-5.145554612	-1838.60609947	
-5.14749447681	-1838.60857384	
-5.14943058584	-1838.61104547	
-5.15136295359	-1838.61351435	
-5.1532915945	-1838.61598049	
-5.15521652291	-1838.6184439	
-5.15713775309	-1838.62090458	
-5.15905529921	-1838.62336254	
-5.1609691754	-1838.62581778	
-5.16287939565	-1838.6282703	
-5.16478597392	-1838.63072012	
-5.16668892407	-1838.63316724	
-5.16858825987	-1838.63561166	
-5.17048399504	-1838.63805338	
-5.17237614319	-1838.64049242	
-5.17426471788	-1838.64292877	
-5.17614973257	-1838.64536245	
-5.17803120067	-1838.64779345	
-5.1799091355	-1838.65022179	
-5.18178355029	-1838.65264746	
-5.18365445823	-1838.65507047	
-5.1855218724	-1838.65749083	
-5.18738580584	-1838.65990853	
-5.18924627149	-1838.6623236	
-5.19110328224	-1838.66473602	
-5.19295685089	-1838.66714582	
-5.19480699018	-1838.66955298	
-5.19665371277	-1838.67195751	
-5.19849703127	-1838.67435943	
-5.20033695819	-1838.67675873	
-5.202173506	-1838.67915542	
-5.20400668708	-1838.68154951	
-5.20583651375	-1838.68394099	
-5.20766299828	-1838.68632988	
-5.20948615284	-1838.68871618	
-5.21130598956	-1838.69109989	
-5.21312252048	-1838.69348102	
-5.21493575761	-1838.69585957	
-5.21674571285	-1838.69823555	
-5.21855239808	-1838.70060896	
-5.22035582508	-1838.70297981	
-5.22215600558	-1838.7053481	
-5.22395295126	-1838.70771384	
-5.22574667371	-1838.71007703	
-5.22753718449	-1838.71243768	
-5.22932449506	-1838.71479578	
-5.23110861685	-1838.71715135	
-5.23288956123	-1838.71950439	
-5.23466733947	-1838.72185491	
-5.23644196283	-1838.7242029	
-5.23821344248	-1838.72654838	
-5.23998178954	-1838.72889134	
-5.24174701506	-1838.7312318	
-5.24350913005	-1838.73356976	
-5.24526814546	-1838.73590521	
-5.24702407216	-1838.73823818	
-5.24877692099	-1838.74056865	
-5.25052670271	-1838.74289664	
-5.25227342805	-1838.74522216	
-5.25401710765	-1838.74754519	
-5.25575775213	-1838.74986576	
-5.25749537203	-1838.75218386	
-5.25922997784	-1838.7544995	
-5.26096158	-1838.75681268	
-5.2626901889	-1838.75912341	
-5.26441581487	-1838.76143169	
-5.26613846818	-1838.76373752	
-5.26785815906	-1838.76604092	
-5.26957489768	-1838.76834188	
-5.27128869416	-1838.77064042	
-5.27299955856	-1838.77293652	
-5.27470750091	-1838.77523021	
-5.27641253116	-1838.77752148	
-5.27811465923	-1838.77981033	
-5.27981389498	-1838.78209678	
-5.28151024823	-1838.78438082	
-5.28320372874	-1838.78666247	
-5.28489434622	-1838.78894172	
-5.28658211033	-1838.79121858	
-5.28826703069	-1838.79349305	
-5.28994911688	-1838.79576514	
-5.2916283784	-1838.79803485	
-5.29330482472	-1838.80030219	
-5.29497846528	-1838.80256716	
-5.29664930945	-1838.80482977	
-5.29831736655	-1838.80709001	
-5.29998264587	-1838.8093479	
-5.30164515664	-1838.81160344	
-5.30330490806	-1838.81385663	
-5.30496190927	-1838.81610748	
-5.30661616936	-1838.81835599	
-5.3082676974	-1838.82060216	
-5.30991650239	-1838.82284601	
-5.3115625933	-1838.82508752	
-5.31320597904	-1838.82732672	
-5.3148466685	-1838.8295636	
-5.3164846705	-1838.83179816	
-5.31811999384	-1838.83403042	
-5.31975264727	-1838.83626037	
-5.32138263948	-1838.83848801	
-5.32300997914	-1838.84071337	
-5.32463467487	-1838.84293643	
-5.32625673524	-1838.8451572	
-5.32787616879	-1838.84737568	
-5.32949298402	-1838.84959189	
-5.33110718937	-1838.85180582	
-5.33271879327	-1838.85401748	
-5.33432780407	-1838.85622687	
-5.33593423012	-1838.858434	
-5.3375380797	-1838.86063886	
-5.33913936107	-1838.86284148	
-5.34073808243	-1838.86504184	
-5.34233425196	-1838.86723995	
-5.3439278778	-1838.86943582	
-5.34551896803	-1838.87162945	
-5.34710753072	-1838.87382085	
-5.34869357387	-1838.87601001	
-5.35027710548	-1838.87819695	
-5.35185813348	-1838.88038166	
-5.35343666577	-1838.88256416	
-5.35501271022	-1838.88474444	
-5.35658627467	-1838.88692251	
-5.3581573669	-1838.88909837	
-5.35972599468	-1838.89127203	
-5.36129216571	-1838.89344349	
-5.36285588769	-1838.89561275	
-5.36441716825	-1838.89777983	
-5.36597601502	-1838.89994471	
-5.36753243557	-1838.90210741	
-5.36908643744	-1838.90426794	
-5.37063802813	-1838.90642628	
-5.37218721511	-1838.90858246	
-5.37373400583	-1838.91073647	
-5.37527840768	-1838.91288831	
-5.37682042804	-1838.915038	
-5.37836007422	-1838.91718553	
-5.37989735354	-1838.9193309	
-5.38143227326	-1838.92147413	
-5.38296484061	-1838.92361521	
-5.38449506279	-1838.92575415	
-5.38602294697	-1838.92789096	
-5.38754850028	-1838.93002563	
-5.38907172982	-1838.93215818	
-5.39059264266	-1838.93428859	
-5.39211124583	-1838.93641689	
-5.39362754635	-1838.93854307	
-5.39514155118	-1838.94066713	
-5.39665326727	-1838.94278909	
-5.39816270152	-1838.94490893	
-5.39966986081	-1838.94702668	
-5.40117475199	-1838.94914233	
-5.40267738187	-1838.95125588	
-5.40417775725	-1838.95336733	
-5.40567588487	-1838.95547671	
-5.40717177146	-1838.95758399	
-5.40866542372	-1838.9596892	
-5.4101568483	-1838.96179233	
-5.41164605186	-1838.96389339	
-5.41313304098	-1838.96599238	
-5.41461782224	-1838.9680893	
-5.4161004022	-1838.97018416	
-5.41758078737	-1838.97227696	
-5.41905898424	-1838.97436771	
-5.42053499927	-1838.97645641	
-5.42200883889	-1838.97854306	
-5.4234805095	-1838.98062766	
-5.42495001748	-1838.98271023	
-5.42641736918	-1838.98479076	
-5.4278825709	-1838.98686925	
-5.42934562895	-1838.98894572	
-5.43080654959	-1838.99102016	
-5.43226533906	-1838.99309258	
-5.43372200355	-1838.99516298	
-5.43517654927	-1838.99723136	
-5.43662898235	-1838.99929774	
-5.43807930892	-1839.0013621	
-5.4395275351	-1839.00342447	
-5.44097366695	-1839.00548483	
-5.44241771052	-1839.00754319	
-5.44385967184	-1839.00959956	
-5.4452995569	-1839.01165394	
-5.44673737167	-1839.01370633	
-5.44817312209	-1839.01575674	
-5.44960681409	-1839.01780517	
-5.45103845357	-1839.01985162	
-5.45246804638	-1839.0218961	
-5.45389559837	-1839.02393862	
-5.45532111536	-1839.02597916	
-5.45674460314	-1839.02801774	
-5.45816606749	-1839.03005437	
-5.45958551414	-1839.03208904	
-5.46100294883	-1839.03412175	
-5.46241837723	-1839.03615252	
-5.46383180503	-1839.03818134	
-5.46524323786	-1839.04020822	
-5.46665268137	-1839.04223316	
-5.46806014114	-1839.04425617	
-5.46946562274	-1839.04627724	
-5.47086913175	-1839.04829639	
-5.47227067367	-1839.05031361	
-5.47367025403	-1839.05232891	
-5.47506787829	-1839.05434229	
-5.47646355193	-1839.05635375	
-5.47785728038	-1839.05836331	
-5.47924906905	-1839.06037095	
-5.48063892334	-1839.06237669	
-5.48202684862	-1839.06438053	
-5.48341285022	-1839.06638247	
-5.48479693349	-1839.06838252	
-5.48617910372	-1839.07038067	
-5.48755936619	-1839.07237694	
-5.48893772616	-1839.07437132	
-5.49031418887	-1839.07636381	
-5.49168875953	-1839.07835443	
-5.49306144334	-1839.08034317	
-5.49443224547	-1839.08233005	
-5.49580117108	-1839.08431505	
-5.49716822529	-1839.08629818	
-5.49853341322	-1839.08827946	
-5.49989673995	-1839.09025887	
-5.50125821054	-1839.09223643	
-5.50261783006	-1839.09421213	
-5.50397560352	-1839.09618599	
-5.50533153593	-1839.098158	
-5.50668563228	-1839.10012816	
-5.50803789753	-1839.10209649	
-5.50938833663	-1839.10406297	
-5.5107369545	-1839.10602763	
-5.51208375605	-1839.10799045	
-5.51342874616	-1839.10995145	
-5.51477192971	-1839.11191062	
-5.51611331154	-1839.11386797	
-5.51745289646	-1839.1158235	
-5.51879068931	-1839.11777722	
-5.52012669485	-1839.11972912	
-5.52146091786	-1839.12167922	
-5.5227933631	-1839.12362751	
-5.52412403528	-1839.12557399	
-5.52545293913	-1839.12751868	
-5.52678007934	-1839.12946157	
-5.52810546058	-1839.13140267	
-5.52942908751	-1839.13334197	
-5.53075096477	-1839.13527949	
-5.53207109697	-1839.13721523	
-5.53338948873	-1839.13914918	
-5.53470614461	-1839.14108136	
-5.53602106919	-1839.14301176	
-5.53733426702	-1839.14494039	
-5.53864574262	-1839.14686724	
-5.5399555005	-1839.14879234	
-5.54126354516	-1839.15071567	
-5.54256988107	-1839.15263724	
-5.5438745127	-1839.15455705	
-5.54517744448	-1839.15647511	
-5.54647868084	-1839.15839141	
-5.54777822618	-1839.16030597	
-5.5490760849	-1839.16221878	
-5.55037226136	-1839.16412985	
-5.55166675992	-1839.16603918	
-5.55295958492	-1839.16794678	
-5.55425074069	-1839.16985264	
-5.55554023152	-1839.17175677	
-5.5568280617	-1839.17365917	
-5.55811423551	-1839.17555985	
-5.5593987572	-1839.17745881	
-5.56068163102	-1839.17935604	
-5.56196286117	-1839.18125156	
-5.56324245188	-1839.18314537	
-5.56452040732	-1839.18503747	
-5.56579673168	-1839.18692786	
-5.56707142911	-1839.18881654	
-5.56834450376	-1839.19070352	
-5.56961595975	-1839.19258881	
-5.57088580119	-1839.1944724	
-5.57215403218	-1839.19635429	
-5.57342065679	-1839.1982345	
-5.5746856791	-1839.20011301	
-5.57594910315	-1839.20198984	
-5.57721093297	-1839.203865	
-5.57847117258	-1839.20573847	
-5.57972982599	-1839.20761026	
-5.58098689718	-1839.20948038	
-5.58224239012	-1839.21134883	
-5.58349630878	-1839.21321562	
-5.5847486571	-1839.21508073	
-5.585999439	-1839.21694419	
-5.5872486584	-1839.21880598	
-5.5884963192	-1839.22066612	
-5.58974242528	-1839.22252461	
-5.59098698051	-1839.22438144	
-5.59222998875	-1839.22623663	
-5.59347145384	-1839.22809016	
-5.5947113796	-1839.22994206	
-5.59594976985	-1839.23179231	
-5.59718662839	-1839.23364093	
-5.598421959	-1839.23548791	
-5.59965576545	-1839.23733326	
-5.60088805149	-1839.23917699	
-5.60211882088	-1839.24101908	
-5.60334807733	-1839.24285955	
-5.60457582457	-1839.2446984	
-5.6058020663	-1839.24653563	
-5.60702680619	-1839.24837124	
-5.60825004793	-1839.25020524	
-5.60947179518	-1839.25203763	
-5.61069205159	-1839.25386841	
-5.61191082078	-1839.25569758	
-5.61312810639	-1839.25752515	
-5.61434391201	-1839.25935112	
-5.61555824124	-1839.2611755	
-5.61677109767	-1839.26299828	
-5.61798248485	-1839.26481946	
-5.61919240636	-1839.26663906	
-5.62040086572	-1839.26845707	
-5.62160786647	-1839.27027349	
-5.62281341212	-1839.27208833	
-5.62401750619	-1839.2739016	
-5.62522015215	-1839.27571328	
-5.6264213535	-1839.2775234	
-5.62762111369	-1839.27933194	
-5.62881943618	-1839.28113891	
-5.63001632442	-1839.28294431	
-5.63121178182	-1839.28474815	
-5.63240581181	-1839.28655043	
-5.6335984178	-1839.28835115	
-5.63478960317	-1839.29015031	
-5.6359793713	-1839.29194792	
-5.63716772557	-1839.29374398	
-5.63835466933	-1839.29553849	
-5.63954020593	-1839.29733145	
-5.64072433869	-1839.29912287	
-5.64190707094	-1839.30091275	
-5.64308840598	-1839.30270109	
-5.64426834712	-1839.30448789	
-5.64544689764	-1839.30627316	
-5.64662406082	-1839.3080569	
-5.64779983991	-1839.3098391	
-5.64897423816	-1839.31161979	
-5.65014725882	-1839.31339894	
-5.65131890512	-1839.31517658	
-5.65248918027	-1839.3169527	
-5.65365808747	-1839.3187273	
-5.65482562993	-1839.32050038	
-5.65599181082	-1839.32227196	
-5.65715663332	-1839.32404202	
-5.65832010058	-1839.32581058	
-5.65948221576	-1839.32757764	
-5.660642982	-1839.32934319	
-5.66180240242	-1839.33110724	
-5.66296048014	-1839.3328698	
-5.66411721826	-1839.33463086	
-5.66527261989	-1839.33639042	
-5.66642668811	-1839.3381485	
-5.66757942599	-1839.33990509	
-5.6687308366	-1839.3416602	
-5.66988092298	-1839.34341382	
-5.67102968818	-1839.34516596	
-5.67217713524	-1839.34691662	
-5.67332326717	-1839.34866581	
-5.67446808699	-1839.35041352	
-5.67561159769	-1839.35215976	
-5.67675380227	-1839.35390454	
-5.6778947037	-1839.35564784	
-5.67903430497	-1839.35738969	
-5.68017260902	-1839.35913007	
-5.6813096188	-1839.36086899	
-5.68244533727	-1839.36260645	
-5.68357976734	-1839.36434246	
-5.68471291194	-1839.36607702	
-5.68584477397	-1839.36781013	
-5.68697535634	-1839.36954179	
-5.68810466194	-1839.371272	
-5.68923269364	-1839.37300077	
-5.69035945432	-1839.3747281	
-5.69148494685	-1839.37645399	
-5.69260917406	-1839.37817844	
-5.6937321388	-1839.37990146	
-5.69485384391	-1839.38162305	
-5.69597429221	-1839.3833432	
-5.69709348651	-1839.38506193	
-5.69821142961	-1839.38677924	
-5.69932812431	-1839.38849512	
-5.70044357339	-1839.39020958	
-5.70155777963	-1839.39192262	
-5.7026707458	-1839.39363424	
-5.70378247466	-1839.39534446	
-5.70489296894	-1839.39705325	
-5.70600223139	-1839.39876064	
-5.70711026475	-1839.40046663	
-5.70821707172	-1839.4021712	
-5.70932265503	-1839.40387438	
-5.71042701737	-1839.40557615	
-5.71153016145	-1839.40727652	
-5.71263208993	-1839.4089755	
-5.71373280551	-1839.41067308	
-5.71483231084	-1839.41236927	
-5.71593060859	-1839.41406408	
-5.71702770141	-1839.41575749	
-5.71812359193	-1839.41744952	
-5.71921828279	-1839.41914016	
-5.72031177661	-1839.42082942	
-5.72140407601	-1839.4225173	
-5.72249518359	-1839.42420381	
-5.72358510195	-1839.42588894	
-5.72467383369	-1839.4275727	
-5.72576138137	-1839.42925509	
-5.72684774759	-1839.43093611	
-5.72793293489	-1839.43261576	
-5.72901694583	-1839.43429405	
-5.73009978297	-1839.43597097	
-5.73118144884	-1839.43764654	
-5.73226194598	-1839.43932074	
-5.7333412769	-1839.4409936	
-5.73441944412	-1839.44266509	
-5.73549645015	-1839.44433524	
-5.73657229748	-1839.44600403	
-5.73764698861	-1839.44767148	
-5.73872052602	-1839.44933759	
-5.73979291218	-1839.45100235	
-5.74086414956	-1839.45266576	
-5.74193424062	-1839.45432784	
-5.74300318781	-1839.45598858	
-5.74407099357	-1839.45764799	
-5.74513766034	-1839.45930606	
-5.74620319054	-1839.4609628	
-5.7472675866	-1839.46261822	
-5.74833085092	-1839.4642723	
-5.74939298591	-1839.46592506	
-5.75045399397	-1839.4675765	
-5.75151387748	-1839.46922661	
-5.75257263883	-1839.47087541	
-5.75363028038	-1839.47252289	
-5.75468680452	-1839.47416906	
-5.75574221359	-1839.47581391	
-5.75679650994	-1839.47745745	
-5.75784969593	-1839.47909968	
-5.75890177388	-1839.48074061	
-5.75995274612	-1839.48238023	
-5.76100261499	-1839.48401854	
-5.76205138278	-1839.48565556	
-5.76309905181	-1839.48729128	
-5.76414562438	-1839.4889257	
-5.76519110278	-1839.49055882	
-5.7662354893	-1839.49219065	
-5.76727878622	-1839.49382119	
-5.76832099579	-1839.49545044	
-5.7693621203	-1839.49707841	
-5.770402162	-1839.49870508	
-5.77144112313	-1839.50033048	
-5.77247900594	-1839.50195459	
-5.77351581267	-1839.50357743	
-5.77455154554	-1839.50519898	
-5.77558620679	-1839.50681926	
-5.77661979861	-1839.50843827	
-5.77765232322	-1839.510056	
-5.77868378283	-1839.51167246	
-5.77971417962	-1839.51328766	
-5.78074351579	-1839.51490159	
-5.78177179352	-1839.51651426	
-5.78279901497	-1839.51812566	
-5.78382518233	-1839.5197358	
-5.78485029774	-1839.52134468	
-5.78587436337	-1839.52295231	
-5.78689738137	-1839.52455868	
-5.78791935386	-1839.5261638	
-5.788940283	-1839.52776767	
-5.7899601709	-1839.52937029	
-5.79097901969	-1839.53097166	
-5.79199683148	-1839.53257179	
-5.79301360838	-1839.53417067	
-5.7940293525	-1839.53576831	
-5.79504406593	-1839.53736471	
-5.79605775077	-1839.53895987	
-5.79707040908	-1839.5405538	
-5.79808204295	-1839.54214649	
-5.79909265446	-1839.54373795	
-5.80010224566	-1839.54532817	
-5.80111081862	-1839.54691717	
-5.80211837538	-1839.54850494	
-5.80312491799	-1839.55009149	
-5.80413044849	-1839.55167681	
-5.80513496892	-1839.55326091	
-5.80613848129	-1839.5548438	
-5.80714098764	-1839.55642546	
-5.80814248998	-1839.5580059	
-5.80914299031	-1839.55958514	
