#Site	lnL	
0	-1.63644925165
1	-1.87957562442
2	-1.61099286224
3	-1.64990965662
4	-5.54431588023
5	-11.0648153608
6	-1.63644925165
7	-1.87957562442
8	-1.62277718821
9	-1.72399754649
10	-9.60104433066
11	-1.61099286224
12	-8.08261500889
13	-1.85207759828
14	-1.98662649693
15	-1.72399754649
16	-6.16166528334
17	-8.67577582986
18	-10.571525998
19	-2.26942147181
20	-5.76776285202
21	-1.72399754649
22	-5.58361367312
23	-1.98662649693
24	-1.63644925165
25	-5.45679983025
26	-1.69591382668
27	-4.81277381811
28	-2.26942147181
29	-1.98662649693
30	-5.42262100765
31	-1.87957562442
32	-9.34005760562
33	-9.84495043418
34	-1.87957562442
35	-13.2043804989
36	-12.1349645314
37	-6.22892927171
38	-6.15146870391
39	-1.64990965662
40	-1.87957562442
41	-1.62277718821
42	-1.63644925165
43	-1.87957562442
44	-1.69591382668
45	-1.64990965662
46	-2.26942147181
47	-1.61099286224
48	-2.01644087147
49	-6.59029327583
50	-1.69591382668
51	-5.42262100765
52	-5.8087278335
53	-1.62277718821
54	-1.63644925165
55	-6.16166528334
56	-5.76776285202
57	-2.01644087147
58	-1.87957562442
59	-1.61099286224
60	-5.7246086914
61	-8.08463207854
62	-6.48909583279
63	-2.01644087147
64	-1.87957562442
65	-1.98662649693
66	-6.47169819465
67	-1.85207759828
68	-1.61099286224
69	-7.83574007077
70	-5.78258730087
71	-6.16556947456
72	-1.64990965662
73	-1.87957562442
74	-1.69591382668
75	-1.72399754649
76	-5.11837029835
77	-1.69591382668
78	-1.72399754649
79	-16.2729167544
80	-1.69591382668
81	-2.01644087147
82	-1.85207759828
83	-9.00339769801
84	-1.64990965662
85	-1.87957562442
86	-11.997030347
87	-1.72399754649
88	-13.2150768784
89	-5.46034550187
90	-5.66596867228
91	-1.85207759828
92	-1.62277718821
93	-1.63644925165
94	-6.21565114002
95	-1.62277718821
96	-8.20995892328
97	-9.39200132221
98	-10.0916756545
99	-5.80393456981
100	-6.26655092694
101	-1.61099286224
102	-2.01644087147
103	-6.1858952955
104	-1.69591382668
105	-1.64990965662
106	-6.22892927171
107	-5.90959707862
108	-1.63644925165
109	-6.87470526986
110	-1.69591382668
111	-1.64990965662
112	-1.85207759828
113	-1.61099286224
114	-2.01644087147
115	-1.85207759828
116	-1.69591382668
117	-1.64990965662
118	-2.26942147181
119	-1.69591382668
120	-1.63644925165
121	-1.87957562442
122	-5.77933284254
123	-1.72399754649
124	-1.96181137029
125	-1.62277718821
126	-10.7962238672
127	-1.96181137029
128	-1.61099286224
129	-5.42262100765
130	-6.95776099389
131	-1.98662649693
132	-6.39342800648
133	-7.89611959392
134	-1.69591382668
135	-1.63644925165
136	-7.4621868106
137	-5.16434456906
138	-1.72399754649
139	-2.26942147181
140	-5.47906581199
141	-2.01644087147
142	-2.26942147181
143	-4.86701479894
144	-1.72399754649
145	-1.85207759828
146	-1.61099286224
147	-2.01644087147
148	-1.85207759828
149	-5.56078589456
150	-9.21893921361
151	-1.87957562442
152	-5.51477933869
153	-1.72399754649
154	-1.85207759828
155	-1.98662649693
156	-1.64990965662
157	-1.85207759828
158	-1.62277718821
159	-6.14240112222
160	-5.7469269596
161	-1.98662649693
162	-1.64990965662
163	-5.8087278335
164	-6.20956652215
165	-2.01644087147
166	-5.83850931255
167	-1.62277718821
168	-2.01644087147
169	-8.40978765596
170	-5.86782367569
171	-1.72399754649
172	-5.12880829346
173	-7.83372644464
174	-8.87787119513
175	-1.96181137029
176	-5.47906581199
177	-1.63644925165
178	-4.52726444375
179	-5.16434456906
180	-2.01644087147
181	-6.56276979544
182	-1.98662649693
183	-1.63644925165
184	-2.26942147181
185	-1.61099286224
186	-5.42909115102
187	-2.26942147181
188	-6.16832548601
189	-6.14240112222
190	-1.87957562442
191	-1.61099286224
192	-10.0671522185
193	-1.85207759828
194	-1.62277718821
195	-1.64990965662
196	-1.85207759828
197	-4.86701479894
198	-5.11162229713
199	-1.85207759828
200	-5.48505636025
201	-1.64990965662
202	-1.87957562442
203	-1.62277718821
204	-1.64990965662
205	-8.64818194901
206	-1.69591382668
207	-8.00285799235
208	-1.85207759828
209	-1.98662649693
210	-9.52581716003
211	-1.85207759828
212	-1.61099286224
213	-6.11200605283
214	-6.26655092694
215	-1.61099286224
216	-2.01644087147
217	-1.85207759828
218	-1.61099286224
219	-1.63644925165
220	-5.14448182679
221	-1.98662649693
222	-1.72399754649
223	-1.87957562442
224	-1.62277718821
225	-8.53589683684
226	-1.85207759828
227	-5.11978216713
228	-1.64990965662
229	-1.87957562442
230	-6.48909583279
231	-1.63644925165
232	-6.10240469577
233	-6.50557067091
234	-6.16484849062
235	-1.85207759828
236	-1.62277718821
237	-1.63644925165
238	-1.87957562442
239	-1.61099286224
240	-2.01644087147
241	-7.5271232154
242	-5.46034550187
243	-1.72399754649
244	-5.52535128843
245	-1.62277718821
246	-2.01644087147
247	-4.83926016901
248	-1.62277718821
249	-7.14804410401
250	-1.85207759828
251	-1.69591382668
252	-1.72399754649
253	-12.0215210886
254	-1.61099286224
255	-2.01644087147
256	-7.09834191533
257	-1.62277718821
258	-6.11200605283
259	-1.96181137029
260	-1.62277718821
261	-4.81277381811
262	-5.52535128843
263	-1.61099286224
264	-1.63644925165
265	-2.26942147181
266	-1.61099286224
267	-2.01644087147
268	-1.87957562442
269	-5.72111932044
270	-4.81277381811
271	-1.87957562442
272	-1.61099286224
273	-1.72399754649
274	-1.87957562442
275	-8.98195548271
276	-1.64990965662
277	-1.96181137029
278	-4.85729089682
279	-2.01644087147
280	-6.21446667512
281	-5.8573171743
282	-1.72399754649
283	-6.72152413249
284	-1.69591382668
285	-6.50364013856
286	-4.52726444375
287	-1.69591382668
288	-1.72399754649
289	-1.96181137029
290	-1.69591382668
291	-1.64990965662
292	-5.45679983025
293	-1.61099286224
294	-1.64990965662
295	-1.96181137029
296	-1.62277718821
297	-6.43307668308
298	-1.85207759828
299	-1.69591382668
300	-8.87787119513
301	-1.87957562442
302	-1.62277718821
303	-1.72399754649
304	-2.26942147181
305	-1.61099286224
306	-1.63644925165
307	-15.0313948006
308	-6.11748135332
309	-1.63644925165
310	-1.96181137029
311	-5.86782367569
312	-1.64990965662
313	-1.85207759828
314	-1.61099286224
315	-2.01644087147
316	-6.59029327583
317	-5.58585472973
318	-8.64599693178
319	-8.40978765596
320	-1.69591382668
321	-1.72399754649
322	-2.26942147181
323	-9.02058766365
324	-1.72399754649
325	-1.85207759828
326	-1.62277718821
327	-5.80393456981
328	-2.26942147181
329	-6.56888214972
330	-2.01644087147
331	-1.85207759828
332	-1.62277718821
333	-1.72399754649
334	-9.33764524996
335	-4.85729089682
336	-1.64990965662
337	-1.85207759828
338	-6.10652461211
339	-2.01644087147
340	-1.87957562442
341	-9.6720924738
342	-1.63644925165
343	-1.85207759828
344	-10.2792349714
345	-1.63644925165
346	-5.7469269596
347	-1.69591382668
348	-1.64990965662
349	-5.43495702122
350	-1.62277718821
351	-6.45130847514
352	-2.26942147181
353	-6.20956652215
354	-1.72399754649
355	-9.18303273025
356	-1.61099286224
357	-1.63644925165
358	-1.96181137029
359	-1.62277718821
360	-1.63644925165
361	-4.50988783485
362	-1.61099286224
363	-2.01644087147
364	-5.14448182679
365	-5.72111932044
366	-1.72399754649
367	-2.26942147181
368	-1.69591382668
369	-1.64990965662
370	-2.26942147181
371	-1.62277718821
372	-5.45787742981
373	-4.83926016901
374	-1.61099286224
375	-1.63644925165
376	-9.1699954999
377	-1.62277718821
378	-1.72399754649
379	-1.87957562442
380	-6.55898486309
381	-5.71653307693
382	-1.96181137029
383	-8.1046400098
384	-1.64990965662
385	-1.96181137029
386	-1.69591382668
387	-1.63644925165
388	-6.69532200318
389	-9.00677085588
390	-1.72399754649
391	-1.96181137029
392	-1.62277718821
393	-1.64990965662
394	-1.85207759828
395	-1.98662649693
396	-2.01644087147
397	-1.87957562442
398	-1.98662649693
399	-1.72399754649
400	-1.87957562442
401	-1.61099286224
402	-2.01644087147
403	-8.89547683187
404	-1.69591382668
405	-2.01644087147
406	-5.12163850313
407	-5.56078589456
408	-1.72399754649
409	-1.87957562442
410	-7.46344249536
411	-2.01644087147
412	-2.26942147181
413	-1.98662649693
414	-1.63644925165
415	-7.88633063224
416	-1.98662649693
417	-8.84484791593
418	-1.85207759828
419	-1.62277718821
420	-1.64990965662
421	-6.26655092694
422	-6.53816126659
423	-1.63644925165
424	-1.96181137029
425	-5.46034550187
426	-1.64990965662
427	-5.43495702122
428	-1.69591382668
429	-1.64990965662
430	-8.91071332323
431	-1.61099286224
432	-1.72399754649
433	-1.87957562442
434	-1.62277718821
435	-1.72399754649
436	-6.59029327583
437	-1.62277718821
438	-2.01644087147
439	-1.85207759828
440	-6.22135737609
441	-1.64990965662
442	-5.38661072451
443	-1.62277718821
444	-1.63644925165
445	-1.85207759828
446	-1.69591382668
447	-2.01644087147
448	-2.26942147181
449	-6.10652461211
450	-5.40671827158
451	-5.12880829346
452	-1.69591382668
453	-1.72399754649
454	-5.85761942781
455	-6.59819106192
456	-1.64990965662
457	-1.87957562442
458	-5.49898502066
459	-7.40669779075
460	-8.39676461579
461	-6.10652461211
462	-1.64990965662
463	-8.61197379675
464	-1.61099286224
465	-1.64990965662
466	-5.22781790785
467	-9.14044142671
468	-6.42391436325
469	-8.67777357249
470	-1.69591382668
