# log_p 	 lnL 	 
0.0	-1541.29392357	
-0.287682072452	-1541.35158333	
-0.510825623766	-1541.37512563	
-0.69314718056	-1541.38059179	
-0.847297860387	-1541.37741949	
-0.980829253012	-1541.37105018	
-1.09861228867	-1541.36480828	
-1.20397280433	-1541.36064406	
-1.29928298413	-1541.35957595	
-1.38629436112	-1541.3620103	
-1.46633706879	-1541.3679713	
-1.54044504095	-1541.37725941	
-1.60943791243	-1541.38955649	
-1.67397643357	-1541.40449304	
-1.73460105539	-1541.4216896	
-1.79175946923	-1541.44078103	
-1.8458266905	-1541.46142953	
-1.89711998489	-1541.48333066	
-1.94591014906	-1541.50621499	
-1.99243016469	-1541.52984718	
-2.03688192726	-1541.55402379	
-2.07944154168	-1541.57857029	
-2.1202635362	-1541.60333798	
-2.15948424935	-1541.62820087	
-2.19722457734	-1541.65305278	
-2.23359222151	-1541.67780474	
-2.26868354132	-1541.70238258	
-2.30258509299	-1541.72672489	
-2.33537491582	-1541.75078116	
-2.36712361413	-1541.77451024	
-2.3978952728	-1541.79787894	
-2.42774823595	-1541.82086089	
-2.45673577282	-1541.8434355	
-2.48490664979	-1541.86558711	
-2.51230562398	-1541.88730425	
-2.53897387106	-1541.90857897	
-2.56494935746	-1541.92940635	
-2.59026716545	-1541.94978396	
-2.61495977804	-1541.96971152	
-2.63905732962	-1541.98919053	
-2.66258782703	-1542.00822399	
-2.68557734525	-1542.02681611	
-2.7080502011	-1542.04497215	
-2.73002910782	-1542.06269818	
-2.75153531304	-1542.08000097	
-2.77258872224	-1542.09688781	
-2.79320800944	-1542.11336644	
-2.81341071676	-1542.12944489	
-2.83321334406	-1542.14513147	
-2.85263142991	-1542.16043464	
-2.87167962488	-1542.17536297	
-2.8903717579	-1542.18992509	
-2.90872089656	-1542.20412963	
-2.92673940207	-1542.21798522	
-2.94443897917	-1542.23150042	
-2.96183072188	-1542.24468369	
-2.97892515524	-1542.25754343	
-2.99573227355	-1542.27008789	
-3.01226157551	-1542.28232518	
-3.02852209638	-1542.29426329	
-3.04452243772	-1542.30591003	
-3.06027079469	-1542.31727306	
-3.07577498123	-1542.32835986	
-3.09104245336	-1542.33917776	
-3.10608033072	-1542.34973389	
-3.12089541651	-1542.36003522	
-3.13549421593	-1542.37008854	
-3.14988295338	-1542.37990048	
-3.16406758837	-1542.38947745	
-3.17805383035	-1542.39882575	
-3.19184715248	-1542.40795146	
-3.20545280454	-1542.41686051	
-3.21887582487	-1542.42555867	
-3.23212105162	-1542.43405154	
-3.24519313319	-1542.44234455	
-3.25809653802	-1542.45044301	
-3.2708355638	-1542.45835204	
-3.28341434601	-1542.46607663	
-3.295836866	-1542.47362162	
-3.3081069586	-1542.48099172	
-3.32022831913	-1542.48819149	
-3.33220451018	-1542.49522535	
-3.34403896782	-1542.50209763	
-3.35573500759	-1542.50881248	
-3.36729582999	-1542.51537396	
-3.37872452581	-1542.52178601	
-3.39002408106	-1542.52805245	
-3.40119738166	-1542.53417699	
-3.41224721785	-1542.54016322	
-3.42317628838	-1542.54601464	
-3.43398720449	-1542.55173465	
-3.4446824936	-1542.55732653	
-3.45526460293	-1542.5627935	
-3.4657359028	-1542.56813865	
-3.47609868984	-1542.57336501	
-3.48635519	-1542.57847549	
-3.49650756147	-1542.58347296	
-3.50655789732	-1542.58836017	
-3.51650822817	-1542.59313981	
-3.52636052462	-1542.59781449	
-3.53611669956	-1542.60238675	
-3.54577861047	-1542.60685905	
-3.55534806149	-1542.61123378	
-3.56482680544	-1542.61551328	
-3.57421654579	-1542.6196998	
-3.58351893846	-1542.62379555	
-3.59273559356	-1542.62780267	
-3.60186807712	-1542.63172323	
-3.61091791264	-1542.63555925	
-3.61988658263	-1542.63931272	
-3.62877553004	-1542.64298553	
-3.63758615973	-1542.64657955	
-3.6463198397	-1542.6500966	
-3.65497790244	-1542.65353843	
-3.66356164613	-1542.65690676	
-3.6720723358	-1542.66020327	
-3.68051120444	-1542.66342957	
-3.68887945411	-1542.66658724	
-3.69717825693	-1542.66967784	
-3.70540875607	-1542.67270286	
-3.7135720667	-1542.67566375	
-3.72166927694	-1542.67856195	
-3.72970144863	-1542.68139884	
-3.73766961828	-1542.68417576	
-3.74557479779	-1542.68689404	
-3.75341797525	-1542.68955496	
-3.76120011569	-1542.69215976	
-3.76892216179	-1542.69470966	
-3.77658503453	-1542.69720586	
-3.78418963392	-1542.6996495	
-3.79173683955	-1542.70204171	
-3.79922751128	-1542.7043836	
-3.80666248977	-1542.70667624	
-3.81404259707	-1542.70892066	
-3.82136863716	-1542.7111179	
-3.82864139649	-1542.71326895	
-3.83586164446	-1542.71537478	
-3.84303013394	-1542.71743633	
-3.85014760171	-1542.71945453	
-3.85721476893	-1542.72143029	
-3.86423234159	-1542.72336448	
-3.87120101091	-1542.72525796	
-3.87812145375	-1542.72711157	
-3.88499433304	-1542.72892612	
-3.89182029811	-1542.73070243	
-3.8985999851	-1542.73244127	
-3.90533401728	-1542.7341434	
-3.91202300543	-1542.73580956	
-3.91866754815	-1542.73744049	
-3.92526823218	-1542.73903689	
-3.93182563272	-1542.74059946	
-3.93834031375	-1542.74212888	
-3.94481282825	-1542.74362581	
-3.95124371858	-1542.74509089	
-3.95763351668	-1542.74652476	
-3.96398274436	-1542.74792803	
-3.97029191355	-1542.74930132	
-3.97656152657	-1542.75064521	
-3.98279207632	-1542.75196028	
-3.98898404656	-1542.75324709	
-3.99513791214	-1542.7545062	
-4.00125413916	-1542.75573815	
-4.00733318523	-1542.75694345	
-4.01337549969	-1542.75812264	
-4.01938152375	-1542.75927622	
-4.02535169074	-1542.76040467	
-4.03128642625	-1542.76150849	
-4.03718614838	-1542.76258814	
-4.04305126783	-1542.76364409	
-4.04888218815	-1542.76467679	
-4.05467930583	-1542.76568669	
-4.06044301055	-1542.76667421	
-4.06617368526	-1542.76763978	
-4.07187170637	-1542.76858382	
-4.07753744391	-1542.76950674	
-4.08317126162	-1542.77040892	
-4.08877351717	-1542.77129076	
-4.09434456222	-1542.77215264	
-4.0998847426	-1542.77299494	
-4.10539439841	-1542.77381802	
-4.11087386417	-1542.77462224	
-4.11632346894	-1542.77540794	
-4.12174353641	-1542.77617548	
-4.12713438505	-1542.77692518	
-4.13249632819	-1542.77765738	
-4.13782967416	-1542.7783724	
-4.14313472639	-1542.77907056	
-4.14841178349	-1542.77975217	
-4.15366113938	-1542.78041752	
-4.15888308336	-1542.78106692	
-4.16407790024	-1542.78170065	
-4.1692458704	-1542.78231901	
-4.1743872699	-1542.78292228	
-4.17950237056	-1542.78351071	
-4.18459144007	-1542.7840846	
-4.18965474203	-1542.78464419	
-4.19469253606	-1542.78518975	
-4.19970507788	-1542.78572153	
-4.20469261939	-1542.78623978	
-4.20965540873	-1542.78674474	
-4.21459369037	-1542.78723665	
-4.21950770518	-1542.78771574	
-4.22439769047	-1542.78818225	
-4.22926388012	-1542.78863639	
-4.2341065046	-1542.78907839	
-4.23892579103	-1542.78950847	
-4.2437219633	-1542.78992683	
-4.24849524205	-1542.79033368	
-4.25324584481	-1542.79072924	
-4.257973986	-1542.79111369	
-4.26267987704	-1542.79148724	
-4.26736372635	-1542.79185007	
-4.27202573946	-1542.79220238	
-4.27666611902	-1542.79254435	
-4.28128506487	-1542.79287616	
-4.28588277412	-1542.793198	
-4.29045944115	-1542.79351003	
-4.29501525768	-1542.79381243	
-4.29955041285	-1542.79410537	
-4.3040650932	-1542.79438901	
-4.30855948279	-1542.79466352	
-4.31303376319	-1542.79492905	
-4.31748811354	-1542.79518576	
-4.3219227106	-1542.79543381	
-4.32633772881	-1542.79567334	
-4.33073334029	-1542.79590451	
-4.33510971489	-1542.79612745	
-4.33946702026	-1542.79634231	
-4.34380542185	-1542.79654924	
-4.348125083	-1542.79674836	
-4.3524261649	-1542.79693982	
-4.35670882669	-1542.79712374	
-4.36097322548	-1542.79730026	
-4.36521951636	-1542.79746951	
-4.36944785247	-1542.7976316	
-4.373658385	-1542.79778667	
-4.37785126326	-1542.79793483	
-4.38202663467	-1542.7980762	
-4.38618464482	-1542.7982109	
-4.39032543749	-1542.79833905	
-4.39444915467	-1542.79846075	
-4.39855593663	-1542.79857613	
-4.40264592188	-1542.79868527	
-4.40671924726	-1542.7987883	
-4.41077604796	-1542.79888532	
-4.4148164575	-1542.79897643	
-4.4188406078	-1542.79906174	
-4.42284862919	-1542.79914133	
-4.42684065046	-1542.79921531	
-4.43081679884	-1542.79928378	
-4.43477720006	-1542.79934683	
-4.43872197835	-1542.79940455	
-4.44265125649	-1542.79945704	
-4.44656515581	-1542.79950438	
-4.45046379623	-1542.79954666	
-4.45434729625	-1542.79958397	
-4.45821577303	-1542.79961639	
-4.46206934235	-1542.79964401	
-4.46590811865	-1542.79966691	
-4.46973221509	-1542.79968517	
-4.47354174351	-1542.79969886	
-4.47733681448	-1542.79970807	
-4.48111753732	-1542.79971288	
-4.48488402011	-1542.79971336	
-4.48863636973	-1542.79970957	
-4.49237469184	-1542.79970161	
-4.49609909093	-1542.79968953	
-4.49980967033	-1542.79967341	
-4.50350653221	-1542.79965331	
-4.50718977763	-1542.79962932	
-4.51085950652	-1542.79960148	
-4.51451581772	-1542.79956987	
-4.518158809	-1542.79953455	
-4.52178857705	-1542.79949559	
-4.52540521752	-1542.79945305	
-4.52900882502	-1542.79940699	
-4.53259949315	-1542.79935747	
-4.5361773145	-1542.79930455	
-4.53974238067	-1542.79924829	
-4.54329478227	-1542.79918874	
-4.54683460898	-1542.79912597	
-4.55036194949	-1542.79906003	
-4.5538768916	-1542.79899096	
-4.55737952215	-1542.79891884	
-4.56086992709	-1542.79884371	
-4.56434819147	-1542.79876562	
-4.56781439944	-1542.79868462	
-4.57126863431	-1542.79860077	
-4.5747109785	-1542.79851411	
-4.5781415136	-1542.79842469	
-4.58156032035	-1542.79833256	
-4.58496747867	-1542.79823777	
-4.58836306767	-1542.79814036	
-4.59174716566	-1542.79804039	
-4.59511985013	-1542.79793789	
-4.59848119784	-1542.7978329	
-4.60183128472	-1542.79772548	
-4.60517018599	-1542.79761567	
-4.60849797608	-1542.7975035	
-4.61181472871	-1542.79738902	
-4.61512051684	-1542.79727227	
-4.61841541274	-1542.79715329	
-4.62169948794	-1542.79703212	
-4.62497281328	-1542.7969088	
-4.62823545892	-1542.79678336	
-4.63148749431	-1542.79665585	
-4.63472898823	-1542.7965263	
-4.63796000881	-1542.79639474	
-4.64118062351	-1542.79626122	
-4.64439089914	-1542.79612577	
-4.64759090187	-1542.79598842	
-4.65078069724	-1542.79584921	
-4.65396035016	-1542.79570817	
-4.65712992492	-1542.79556534	
-4.66028948521	-1542.79542074	
-4.66343909411	-1542.79527441	
-4.66657881412	-1542.79512638	
-4.66970870713	-1542.79497668	
-4.67282883446	-1542.79482535	
-4.67593925688	-1542.79467241	
-4.67904003455	-1542.79451789	
-4.68213122712	-1542.79436182	
-4.68521289366	-1542.79420423	
-4.6882850927	-1542.79404515	
-4.69134788223	-1542.7938846	
-4.69440131972	-1542.79372262	
-4.6974454621	-1542.79355923	
-4.70048036579	-1542.79339446	
-4.70350608671	-1542.79322833	
-4.70652268025	-1542.79306087	
-4.70953020131	-1542.7928921	
-4.71252870431	-1542.79272205	
-4.71551824316	-1542.79255075	
-4.7184988713	-1542.79237821	
-4.72147064168	-1542.79220447	
-4.72443360681	-1542.79202954	
-4.72738781871	-1542.79185345	
-4.73033332894	-1542.79167622	
-4.73327018862	-1542.79149787	
-4.73619844839	-1542.79131843	
-4.7391181585	-1542.79113792	
-4.74202936871	-1542.79095636	
-4.74493212836	-1542.79077376	
-4.74782648639	-1542.79059016	
-4.75071249128	-1542.79040556	
-4.75359019111	-1542.79022	
-4.75645963353	-1542.79003348	
-4.75932086582	-1542.78984604	
-4.7621739348	-1542.78965769	
-4.76501888693	-1542.78946844	
-4.76785576827	-1542.78927832	
-4.77068462447	-1542.78908735	
-4.77350550081	-1542.78889554	
-4.77631844218	-1542.78870291	
-4.77912349311	-1542.78850947	
-4.78192069773	-1542.78831526	
-4.78471009982	-1542.78812027	
-4.78749174278	-1542.78792454	
-4.79026566966	-1542.78772806	
-4.79303192316	-1542.78753088	
-4.7957905456	-1542.78733298	
-4.79854157897	-1542.78713441	
-4.80128506491	-1542.78693516	
-4.80402104473	-1542.78673525	
-4.80674955939	-1542.78653471	
-4.8094706495	-1542.78633353	
-4.81218435537	-1542.78613175	
-4.81489071697	-1542.78592937	
-4.81758977394	-1542.7857264	
-4.82028156561	-1542.78552287	
-4.82296613098	-1542.78531878	
-4.82564350875	-1542.78511415	
-4.8283137373	-1542.78490899	
-4.83097685472	-1542.78470331	
-4.83363289878	-1542.78449713	
-4.83628190695	-1542.78429046	
-4.83892391641	-1542.78408332	
-4.84155896405	-1542.7838757	
-4.84418708646	-1542.78366764	
-4.84680831994	-1542.78345913	
-4.84942270051	-1542.78325019	
-4.85203026392	-1542.78304084	
-4.85463104562	-1542.78283107	
-4.8572250808	-1542.78262092	
-4.85981240436	-1542.78241038	
-4.86239305096	-1542.78219946	
-4.86496705495	-1542.78198818	
-4.86753445046	-1542.78177655	
-4.87009527132	-1542.78156458	
-4.87264955112	-1542.78135228	
-4.8751973232	-1542.78113965	
-4.87773862063	-1542.78092671	
-4.88027347623	-1542.78071348	
-4.88280192259	-1542.78049995	
-4.88532399202	-1542.78028613	
-4.88783971662	-1542.78007205	
-4.89034912822	-1542.7798577	
-4.89285225844	-1542.77964309	
-4.89534913864	-1542.77942824	
-4.89783979995	-1542.77921315	
-4.90032427328	-1542.77899784	
-4.90280258929	-1542.7787823	
-4.90527477844	-1542.77856655	
-4.90774087093	-1542.7783506	
-4.91020089677	-1542.77813446	
-4.91265488574	-1542.77791812	
-4.91510286737	-1542.77770161	
-4.91754487103	-1542.77748493	
-4.91998092583	-1542.77726808	
-4.92241106068	-1542.77705108	
-4.92483530429	-1542.77683392	
-4.92725368516	-1542.77661663	
-4.92966623156	-1542.7763992	
-4.93207297159	-1542.77618165	
-4.93447393313	-1542.77596398	
-4.93686914386	-1542.77574619	
-4.93925863125	-1542.77552829	
-4.94164242261	-1542.7753103	
-4.94402054501	-1542.77509222	
-4.94639302537	-1542.77487404	
-4.94875989038	-1542.77465579	
-4.95112116656	-1542.77443746	
-4.95347688026	-1542.77421907	
-4.9558270576	-1542.77400061	
-4.95817172456	-1542.7737821	
-4.96051090691	-1542.77356354	
-4.96284463026	-1542.77334494	
-4.96517292002	-1542.77312629	
-4.96749580144	-1542.77290762	
-4.96981329958	-1542.77268892	
-4.97212543933	-1542.77247019	
-4.97443224543	-1542.77225145	
-4.97673374242	-1542.7720327	
-4.97902995468	-1542.77181395	
-4.98132090643	-1542.77159519	
-4.98360662171	-1542.77137644	
-4.98588712441	-1542.7711577	
-4.98816243824	-1542.77093897	
-4.99043258678	-1542.77072027	
-4.99269759341	-1542.77050158	
-4.99495748138	-1542.77028293	
-4.99721227376	-1542.77006431	
-4.9994619935	-1542.76984573	
-5.00170666335	-1542.76962719	
-5.00394630595	-1542.7694087	
-5.00618094375	-1542.76919026	
-5.00841059907	-1542.76897187	
-5.0106352941	-1542.76875354	
-5.01285505083	-1542.76853528	
-5.01506989116	-1542.76831709	
-5.01727983681	-1542.76809897	
-5.01948490937	-1542.76788092	
-5.02168513028	-1542.76766296	
-5.02388052085	-1542.76744507	
-5.02607110223	-1542.76722728	
-5.02825689545	-1542.76700957	
-5.03043792139	-1542.76679197	
-5.03261420082	-1542.76657445	
-5.03478575433	-1542.76635705	
-5.03695260241	-1542.76613974	
-5.03911476542	-1542.76592255	
-5.04127226356	-1542.76570546	
-5.04342511692	-1542.7654885	
-5.04557334546	-1542.76527165	
-5.047716969	-1542.76505492	
-5.04985600725	-1542.76483832	
-5.05199047978	-1542.76462184	
-5.05412040604	-1542.7644055	
-5.05624580535	-1542.76418929	
-5.05836669692	-1542.76397322	
-5.06048309982	-1542.76375729	
-5.06259503303	-1542.7635415	
-5.06470251537	-1542.76332585	
-5.06680556556	-1542.76311036	
-5.06890420222	-1542.76289501	
-5.07099844382	-1542.76267982	
-5.07308830874	-1542.76246479	
-5.07517381523	-1542.76224991	
-5.07725498144	-1542.7620352	
-5.07933182538	-1542.76182065	
-5.08140436498	-1542.76160626	
-5.08347261805	-1542.76139205	
-5.08553660227	-1542.761178	
-5.08759633523	-1542.76096413	
-5.08965183441	-1542.76075044	
-5.09170311719	-1542.76053692	
-5.09375020081	-1542.76032358	
-5.09579310244	-1542.76011043	
-5.09783183913	-1542.75989746	
-5.09986642782	-1542.75968468	
-5.10189688537	-1542.75947208	
-5.10392322852	-1542.75925968	
-5.1059454739	-1542.75904747	
-5.10796363806	-1542.75883545	
-5.10997773743	-1542.75862363	
-5.11198778836	-1542.75841201	
-5.11399380708	-1542.75820059	
-5.11599580975	-1542.75798937	
-5.11799381242	-1542.75777836	
-5.11998783102	-1542.75756755	
-5.12197788143	-1542.75735695	
-5.1239639794	-1542.75714655	
-5.12594614061	-1542.75693637	
-5.12792438062	-1542.7567264	
-5.12989871492	-1542.75651665	
-5.13186915891	-1542.75630711	
-5.13383572788	-1542.75609778	
-5.13579843705	-1542.75588868	
-5.13775730154	-1542.7556798	
-5.13971233637	-1542.75547113	
-5.1416635565	-1542.75526269	
-5.14361097679	-1542.75505448	
-5.145554612	-1542.75484649	
-5.14749447681	-1542.75463873	
-5.14943058584	-1542.75443119	
-5.15136295359	-1542.75422389	
-5.1532915945	-1542.75401682	
-5.15521652291	-1542.75380998	
-5.15713775309	-1542.75360337	
-5.15905529921	-1542.753397	
-5.1609691754	-1542.75319086	
-5.16287939565	-1542.75298496	
-5.16478597392	-1542.7527793	
-5.16668892407	-1542.75257388	
-5.16858825987	-1542.7523687	
-5.17048399504	-1542.75216376	
-5.17237614319	-1542.75195906	
-5.17426471788	-1542.75175461	
-5.17614973257	-1542.7515504	
-5.17803120067	-1542.75134643	
-5.1799091355	-1542.75114272	
-5.18178355029	-1542.75093925	
-5.18365445823	-1542.75073602	
-5.1855218724	-1542.75053305	
-5.18738580584	-1542.75033033	
-5.18924627149	-1542.75012786	
-5.19110328224	-1542.74992564	
-5.19295685089	-1542.74972367	
-5.19480699018	-1542.74952195	
-5.19665371277	-1542.74932049	
-5.19849703127	-1542.74911929	
-5.20033695819	-1542.74891834	
-5.202173506	-1542.74871764	
-5.20400668708	-1542.74851721	
-5.20583651375	-1542.74831703	
-5.20766299828	-1542.74811711	
-5.20948615284	-1542.74791745	
-5.21130598956	-1542.74771804	
-5.21312252048	-1542.7475189	
-5.21493575761	-1542.74732002	
-5.21674571285	-1542.7471214	
-5.21855239808	-1542.74692305	
-5.22035582508	-1542.74672495	
-5.22215600558	-1542.74652712	
-5.22395295126	-1542.74632956	
-5.22574667371	-1542.74613225	
-5.22753718449	-1542.74593521	
-5.22932449506	-1542.74573844	
-5.23110861685	-1542.74554193	
-5.23288956123	-1542.74534569	
-5.23466733947	-1542.74514972	
-5.23644196283	-1542.74495401	
-5.23821344248	-1542.74475857	
-5.23998178954	-1542.7445634	
-5.24174701506	-1542.7443685	
-5.24350913005	-1542.74417386	
-5.24526814546	-1542.7439795	
-5.24702407216	-1542.7437854	
-5.24877692099	-1542.74359157	
-5.25052670271	-1542.74339802	
-5.25227342805	-1542.74320473	
-5.25401710765	-1542.74301171	
-5.25575775213	-1542.74281897	
-5.25749537203	-1542.7426265	
-5.25922997784	-1542.7424343	
-5.26096158	-1542.74224237	
-5.2626901889	-1542.74205071	
-5.26441581487	-1542.74185932	
-5.26613846818	-1542.74166821	
-5.26785815906	-1542.74147737	
-5.26957489768	-1542.7412868	
-5.27128869416	-1542.74109651	
-5.27299955856	-1542.74090649	
-5.27470750091	-1542.74071674	
-5.27641253116	-1542.74052726	
-5.27811465923	-1542.74033806	
-5.27981389498	-1542.74014914	
-5.28151024823	-1542.73996049	
-5.28320372874	-1542.73977211	
-5.28489434622	-1542.73958401	
-5.28658211033	-1542.73939618	
-5.28826703069	-1542.73920862	
-5.28994911688	-1542.73902134	
-5.2916283784	-1542.73883434	
-5.29330482472	-1542.73864761	
-5.29497846528	-1542.73846116	
-5.29664930945	-1542.73827498	
-5.29831736655	-1542.73808907	
-5.29998264587	-1542.73790344	
-5.30164515664	-1542.73771809	
-5.30330490806	-1542.73753301	
-5.30496190927	-1542.73734821	
-5.30661616936	-1542.73716368	
-5.3082676974	-1542.73697942	
-5.30991650239	-1542.73679545	
-5.3115625933	-1542.73661174	
-5.31320597904	-1542.73642831	
-5.3148466685	-1542.73624516	
-5.3164846705	-1542.73606228	
-5.31811999384	-1542.73587968	
-5.31975264727	-1542.73569735	
-5.32138263948	-1542.7355153	
-5.32300997914	-1542.73533353	
-5.32463467487	-1542.73515202	
-5.32625673524	-1542.7349708	
-5.32787616879	-1542.73478984	
-5.32949298402	-1542.73460916	
-5.33110718937	-1542.73442876	
-5.33271879327	-1542.73424863	
-5.33432780407	-1542.73406878	
-5.33593423012	-1542.7338892	
-5.3375380797	-1542.73370989	
-5.33913936107	-1542.73353086	
-5.34073808243	-1542.7333521	
-5.34233425196	-1542.73317362	
-5.3439278778	-1542.73299541	
-5.34551896803	-1542.73281747	
-5.34710753072	-1542.73263981	
-5.34869357387	-1542.73246242	
-5.35027710548	-1542.7322853	
-5.35185813348	-1542.73210846	
-5.35343666577	-1542.73193189	
-5.35501271022	-1542.73175559	
-5.35658627467	-1542.73157956	
-5.3581573669	-1542.73140381	
-5.35972599468	-1542.73122833	
-5.36129216571	-1542.73105312	
-5.36285588769	-1542.73087818	
-5.36441716825	-1542.73070352	
-5.36597601502	-1542.73052912	
-5.36753243557	-1542.730355	
-5.36908643744	-1542.73018115	
-5.37063802813	-1542.73000757	
-5.37218721511	-1542.72983425	
-5.37373400583	-1542.72966121	
-5.37527840768	-1542.72948844	
-5.37682042804	-1542.72931594	
-5.37836007422	-1542.72914371	
-5.37989735354	-1542.72897175	
-5.38143227326	-1542.72880006	
-5.38296484061	-1542.72862864	
-5.38449506279	-1542.72845748	
-5.38602294697	-1542.72828659	
-5.38754850028	-1542.72811598	
-5.38907172982	-1542.72794563	
-5.39059264266	-1542.72777554	
-5.39211124583	-1542.72760573	
-5.39362754635	-1542.72743618	
-5.39514155118	-1542.7272669	
-5.39665326727	-1542.72709789	
-5.39816270152	-1542.72692914	
-5.39966986081	-1542.72676066	
-5.40117475199	-1542.72659244	
-5.40267738187	-1542.72642449	
-5.40417775725	-1542.72625681	
-5.40567588487	-1542.72608939	
-5.40717177146	-1542.72592223	
-5.40866542372	-1542.72575534	
-5.4101568483	-1542.72558871	
-5.41164605186	-1542.72542235	
-5.41313304098	-1542.72525625	
-5.41461782224	-1542.72509042	
-5.4161004022	-1542.72492484	
-5.41758078737	-1542.72475953	
-5.41905898424	-1542.72459448	
-5.42053499927	-1542.7244297	
-5.42200883889	-1542.72426517	
-5.4234805095	-1542.72410091	
-5.42495001748	-1542.7239369	
-5.42641736918	-1542.72377316	
-5.4278825709	-1542.72360968	
-5.42934562895	-1542.72344646	
-5.43080654959	-1542.7232835	
-5.43226533906	-1542.72312079	
-5.43372200355	-1542.72295835	
-5.43517654927	-1542.72279617	
-5.43662898235	-1542.72263424	
-5.43807930892	-1542.72247257	
-5.4395275351	-1542.72231116	
-5.44097366695	-1542.72215001	
-5.44241771052	-1542.72198911	
-5.44385967184	-1542.72182847	
-5.4452995569	-1542.72166809	
-5.44673737167	-1542.72150796	
-5.44817312209	-1542.72134809	
-5.44960681409	-1542.72118847	
-5.45103845357	-1542.72102911	
-5.45246804638	-1542.72087	
-5.45389559837	-1542.72071115	
-5.45532111536	-1542.72055255	
-5.45674460314	-1542.7203942	
-5.45816606749	-1542.72023611	
-5.45958551414	-1542.72007827	
-5.46100294883	-1542.71992068	
-5.46241837723	-1542.71976335	
-5.46383180503	-1542.71960627	
-5.46524323786	-1542.71944943	
-5.46665268137	-1542.71929285	
-5.46806014114	-1542.71913652	
-5.46946562274	-1542.71898044	
-5.47086913175	-1542.71882461	
-5.47227067367	-1542.71866903	
-5.47367025403	-1542.7185137	
-5.47506787829	-1542.71835861	
-5.47646355193	-1542.71820378	
-5.47785728038	-1542.71804919	
-5.47924906905	-1542.71789485	
-5.48063892334	-1542.71774076	
-5.48202684862	-1542.71758691	
-5.48341285022	-1542.71743331	
-5.48479693349	-1542.71727996	
-5.48617910372	-1542.71712685	
-5.48755936619	-1542.71697399	
-5.48893772616	-1542.71682137	
-5.49031418887	-1542.716669	
-5.49168875953	-1542.71651687	
-5.49306144334	-1542.71636499	
-5.49443224547	-1542.71621334	
-5.49580117108	-1542.71606194	
-5.49716822529	-1542.71591079	
-5.49853341322	-1542.71575987	
-5.49989673995	-1542.7156092	
-5.50125821054	-1542.71545877	
-5.50261783006	-1542.71530858	
-5.50397560352	-1542.71515863	
-5.50533153593	-1542.71500892	
-5.50668563228	-1542.71485945	
-5.50803789753	-1542.71471022	
-5.50938833663	-1542.71456123	
-5.5107369545	-1542.71441248	
-5.51208375605	-1542.71426397	
-5.51342874616	-1542.71411569	
-5.51477192971	-1542.71396765	
-5.51611331154	-1542.71381985	
-5.51745289646	-1542.71367229	
-5.51879068931	-1542.71352496	
-5.52012669485	-1542.71337787	
-5.52146091786	-1542.71323101	
-5.5227933631	-1542.71308439	
-5.52412403528	-1542.712938	
-5.52545293913	-1542.71279185	
-5.52678007934	-1542.71264593	
-5.52810546058	-1542.71250024	
-5.52942908751	-1542.71235479	
-5.53075096477	-1542.71220957	
-5.53207109697	-1542.71206458	
-5.53338948873	-1542.71191983	
-5.53470614461	-1542.7117753	
-5.53602106919	-1542.71163101	
-5.53733426702	-1542.71148695	
-5.53864574262	-1542.71134311	
-5.5399555005	-1542.71119951	
-5.54126354516	-1542.71105614	
-5.54256988107	-1542.71091299	
-5.5438745127	-1542.71077008	
-5.54517744448	-1542.71062739	
-5.54647868084	-1542.71048493	
-5.54777822618	-1542.7103427	
-5.5490760849	-1542.7102007	
-5.55037226136	-1542.71005892	
-5.55166675992	-1542.70991737	
-5.55295958492	-1542.70977604	
-5.55425074069	-1542.70963494	
-5.55554023152	-1542.70949406	
-5.5568280617	-1542.70935341	
-5.55811423551	-1542.70921299	
-5.5593987572	-1542.70907278	
-5.56068163102	-1542.7089328	
-5.56196286117	-1542.70879305	
-5.56324245188	-1542.70865351	
-5.56452040732	-1542.7085142	
-5.56579673168	-1542.70837511	
-5.56707142911	-1542.70823624	
-5.56834450376	-1542.7080976	
-5.56961595975	-1542.70795917	
-5.57088580119	-1542.70782096	
-5.57215403218	-1542.70768298	
-5.57342065679	-1542.70754521	
-5.5746856791	-1542.70740766	
-5.57594910315	-1542.70727033	
-5.57721093297	-1542.70713322	
-5.57847117258	-1542.70699633	
-5.57972982599	-1542.70685965	
-5.58098689718	-1542.70672319	
-5.58224239012	-1542.70658695	
-5.58349630878	-1542.70645092	
-5.5847486571	-1542.70631511	
-5.585999439	-1542.70617952	
-5.5872486584	-1542.70604414	
-5.5884963192	-1542.70590897	
-5.58974242528	-1542.70577402	
-5.59098698051	-1542.70563928	
-5.59222998875	-1542.70550476	
-5.59347145384	-1542.70537045	
-5.5947113796	-1542.70523635	
-5.59594976985	-1542.70510246	
-5.59718662839	-1542.70496879	
-5.598421959	-1542.70483532	
-5.59965576545	-1542.70470207	
-5.60088805149	-1542.70456903	
-5.60211882088	-1542.7044362	
-5.60334807733	-1542.70430358	
-5.60457582457	-1542.70417116	
-5.6058020663	-1542.70403896	
-5.60702680619	-1542.70390697	
-5.60825004793	-1542.70377518	
-5.60947179518	-1542.7036436	
-5.61069205159	-1542.70351223	
-5.61191082078	-1542.70338107	
-5.61312810639	-1542.70325011	
-5.61434391201	-1542.70311936	
-5.61555824124	-1542.70298881	
-5.61677109767	-1542.70285848	
-5.61798248485	-1542.70272834	
-5.61919240636	-1542.70259841	
-5.62040086572	-1542.70246869	
-5.62160786647	-1542.70233916	
-5.62281341212	-1542.70220985	
-5.62401750619	-1542.70208073	
-5.62522015215	-1542.70195182	
-5.6264213535	-1542.70182311	
-5.62762111369	-1542.7016946	
-5.62881943618	-1542.7015663	
-5.63001632442	-1542.70143819	
-5.63121178182	-1542.70131029	
-5.63240581181	-1542.70118258	
-5.6335984178	-1542.70105508	
-5.63478960317	-1542.70092778	
-5.6359793713	-1542.70080067	
-5.63716772557	-1542.70067377	
-5.63835466933	-1542.70054706	
-5.63954020593	-1542.70042055	
-5.64072433869	-1542.70029424	
-5.64190707094	-1542.70016812	
-5.64308840598	-1542.70004221	
-5.64426834712	-1542.69991649	
-5.64544689764	-1542.69979096	
-5.64662406082	-1542.69966563	
-5.64779983991	-1542.6995405	
-5.64897423816	-1542.69941556	
-5.65014725882	-1542.69929082	
-5.65131890512	-1542.69916627	
-5.65248918027	-1542.69904192	
-5.65365808747	-1542.69891776	
-5.65482562993	-1542.69879379	
-5.65599181082	-1542.69867001	
-5.65715663332	-1542.69854643	
-5.65832010058	-1542.69842304	
-5.65948221576	-1542.69829984	
-5.660642982	-1542.69817683	
-5.66180240242	-1542.69805401	
-5.66296048014	-1542.69793139	
-5.66411721826	-1542.69780895	
-5.66527261989	-1542.69768671	
-5.66642668811	-1542.69756465	
-5.66757942599	-1542.69744278	
-5.6687308366	-1542.6973211	
-5.66988092298	-1542.69719961	
-5.67102968818	-1542.69707831	
-5.67217713524	-1542.69695719	
-5.67332326717	-1542.69683627	
-5.67446808699	-1542.69671552	
-5.67561159769	-1542.69659497	
-5.67675380227	-1542.6964746	
-5.6778947037	-1542.69635442	
-5.67903430497	-1542.69623442	
-5.68017260902	-1542.69611461	
-5.6813096188	-1542.69599498	
-5.68244533727	-1542.69587554	
-5.68357976734	-1542.69575628	
-5.68471291194	-1542.6956372	
-5.68584477397	-1542.69551831	
-5.68697535634	-1542.6953996	
-5.68810466194	-1542.69528107	
-5.68923269364	-1542.69516273	
-5.69035945432	-1542.69504457	
-5.69148494685	-1542.69492658	
-5.69260917406	-1542.69480878	
-5.6937321388	-1542.69469116	
-5.69485384391	-1542.69457372	
-5.69597429221	-1542.69445646	
-5.69709348651	-1542.69433938	
-5.69821142961	-1542.69422248	
-5.69932812431	-1542.69410576	
-5.70044357339	-1542.69398922	
-5.70155777963	-1542.69387285	
-5.7026707458	-1542.69375666	
-5.70378247466	-1542.69364066	
-5.70489296894	-1542.69352482	
-5.70600223139	-1542.69340917	
-5.70711026475	-1542.69329369	
-5.70821707172	-1542.69317838	
-5.70932265503	-1542.69306326	
-5.71042701737	-1542.6929483	
-5.71153016145	-1542.69283353	
-5.71263208993	-1542.69271893	
-5.71373280551	-1542.6926045	
-5.71483231084	-1542.69249024	
-5.71593060859	-1542.69237616	
-5.71702770141	-1542.69226226	
-5.71812359193	-1542.69214852	
-5.71921828279	-1542.69203496	
-5.72031177661	-1542.69192157	
-5.72140407601	-1542.69180836	
-5.72249518359	-1542.69169531	
-5.72358510195	-1542.69158244	
-5.72467383369	-1542.69146973	
-5.72576138137	-1542.6913572	
-5.72684774759	-1542.69124484	
-5.72793293489	-1542.69113265	
-5.72901694583	-1542.69102062	
-5.73009978297	-1542.69090877	
-5.73118144884	-1542.69079709	
-5.73226194598	-1542.69068557	
-5.7333412769	-1542.69057422	
-5.73441944412	-1542.69046304	
-5.73549645015	-1542.69035203	
-5.73657229748	-1542.69024119	
-5.73764698861	-1542.69013051	
-5.73872052602	-1542.69002	
-5.73979291218	-1542.68990965	
-5.74086414956	-1542.68979947	
-5.74193424062	-1542.68968946	
-5.74300318781	-1542.68957961	
-5.74407099357	-1542.68946993	
-5.74513766034	-1542.68936041	
-5.74620319054	-1542.68925105	
-5.7472675866	-1542.68914186	
-5.74833085092	-1542.68903284	
-5.74939298591	-1542.68892397	
-5.75045399397	-1542.68881527	
-5.75151387748	-1542.68870673	
-5.75257263883	-1542.68859836	
-5.75363028038	-1542.68849014	
-5.75468680452	-1542.68838209	
-5.75574221359	-1542.6882742	
-5.75679650994	-1542.68816647	
-5.75784969593	-1542.6880589	
-5.75890177388	-1542.68795149	
-5.75995274612	-1542.68784425	
-5.76100261499	-1542.68773716	
-5.76205138278	-1542.68763023	
-5.76309905181	-1542.68752346	
-5.76414562438	-1542.68741685	
-5.76519110278	-1542.68731039	
-5.7662354893	-1542.6872041	
-5.76727878622	-1542.68709796	
-5.76832099579	-1542.68699198	
-5.7693621203	-1542.68688616	
-5.770402162	-1542.6867805	
-5.77144112313	-1542.68667499	
-5.77247900594	-1542.68656964	
-5.77351581267	-1542.68646444	
-5.77455154554	-1542.6863594	
-5.77558620679	-1542.68625451	
-5.77661979861	-1542.68614978	
-5.77765232322	-1542.68604521	
-5.77868378283	-1542.68594079	
-5.77971417962	-1542.68583652	
-5.78074351579	-1542.68573241	
-5.78177179352	-1542.68562845	
-5.78279901497	-1542.68552464	
-5.78382518233	-1542.68542099	
-5.78485029774	-1542.68531749	
-5.78587436337	-1542.68521414	
-5.78689738137	-1542.68511094	
-5.78791935386	-1542.6850079	
-5.788940283	-1542.68490501	
-5.7899601709	-1542.68480227	
-5.79097901969	-1542.68469967	
-5.79199683148	-1542.68459723	
-5.79301360838	-1542.68449494	
-5.7940293525	-1542.6843928	
-5.79504406593	-1542.68429081	
-5.79605775077	-1542.68418897	
-5.79707040908	-1542.68408728	
-5.79808204295	-1542.68398573	
-5.79909265446	-1542.68388434	
-5.80010224566	-1542.68378309	
-5.80111081862	-1542.68368199	
-5.80211837538	-1542.68358104	
-5.80312491799	-1542.68348023	
-5.80413044849	-1542.68337958	
-5.80513496892	-1542.68327907	
-5.80613848129	-1542.6831787	
-5.80714098764	-1542.68307848	
-5.80814248998	-1542.68297841	
-5.80914299031	-1542.68287848	
