#Site	lnL	
0	-5.81642260625
1	-5.48909581738
2	-1.89880393498
3	-1.8238294207
4	-8.06107148735
5	-1.47162039957
6	-5.70516135887
7	-6.05981656567
8	-6.80845376615
9	-1.67112490002
10	-1.86217229375
11	-7.10533176129
12	-1.64417608017
13	-5.40686447365
14	-1.609779306
15	-1.8238294207
16	-2.34501292312
17	-1.609779306
18	-6.5165639151
19	-5.33062054426
20	-8.44972603107
21	-1.67112490002
22	-1.82286081647
23	-1.47162039957
24	-1.8238294207
25	-5.38010447005
26	-1.609779306
27	-1.64417608017
28	-2.34501292312
29	-1.47162039957
30	-1.8238294207
31	-1.86217229375
32	-1.609779306
33	-5.16808461607
34	-7.28273766809
35	-1.45771356233
36	-1.64417608017
37	-2.02903656535
38	-8.0385764401
39	-5.64774149695
40	-1.82286081647
41	-1.609779306
42	-2.12632709402
43	-9.34794515136
44	-1.89880393498
45	-1.64417608017
46	-2.02903656535
47	-1.609779306
48	-1.67112490002
49	-1.86217229375
50	-1.45771356233
51	-1.8238294207
52	-6.14192310034
53	-1.45771356233
54	-1.8238294207
55	-2.02903656535
56	-6.79540584898
57	-1.64417608017
58	-6.05981656567
59	-1.47162039957
60	-1.64417608017
61	-5.08313749288
62	-1.47162039957
63	-1.8238294207
64	-5.96577192099
65	-1.47162039957
66	-2.12632709402
67	-6.12237530854
68	-7.22687551429
69	-5.37926393302
70	-6.9709392642
71	-6.54004266514
72	-5.72605868173
73	-2.02903656535
74	-8.89852798163
75	-1.64417608017
76	-2.34501292312
77	-1.45771356233
78	-1.64417608017
79	-2.34501292312
80	-1.47162039957
81	-7.11509254209
82	-2.02903656535
83	-1.609779306
84	-1.64417608017
85	-2.02903656535
86	-1.609779306
87	-7.72429015903
88	-5.38541629091
89	-6.92702081032
90	-6.26366596397
91	-2.34501292312
92	-7.92581609769
93	-1.64417608017
94	-6.04453231754
95	-12.7089648061
96	-1.67112490002
97	-2.02903656535
98	-1.609779306
99	-2.12632709402
100	-2.34501292312
101	-6.54748567967
102	-6.85185394042
103	-1.82286081647
104	-7.19524469192
105	-2.12632709402
106	-1.82286081647
107	-1.609779306
108	-1.67112490002
109	-1.82286081647
110	-7.21987947088
111	-5.81642260625
112	-1.82286081647
113	-8.02821683558
114	-1.8238294207
115	-1.82286081647
116	-1.47162039957
117	-1.8238294207
118	-6.77548932024
119	-1.47162039957
120	-5.96160902528
121	-4.83912623289
122	-7.22885791303
123	-1.64417608017
124	-2.02903656535
125	-1.609779306
126	-1.64417608017
127	-12.0449710632
128	-6.54004266514
129	-1.67112490002
130	-2.02903656535
131	-1.45771356233
132	-1.8238294207
133	-1.82286081647
134	-1.47162039957
135	-5.70286366318
136	-6.84083803894
137	-1.609779306
138	-1.67112490002
139	-2.34501292312
140	-6.23448385457
141	-1.67112490002
142	-6.23117427537
143	-1.47162039957
144	-1.67112490002
145	-2.34501292312
146	-1.609779306
147	-1.8238294207
148	-11.4536560985
149	-14.6279905949
150	-1.67112490002
151	-5.35899459212
152	-1.45771356233
153	-2.12632709402
154	-8.87717509807
155	-1.45771356233
156	-1.64417608017
157	-2.02903656535
158	-6.23049713064
159	-1.8238294207
160	-5.38541629091
161	-14.3700157176
162	-1.67112490002
163	-1.82286081647
164	-6.82945181535
165	-2.12632709402
166	-1.82286081647
167	-1.609779306
168	-6.52707702742
169	-11.0440359338
170	-1.45771356233
171	-5.67874387971
172	-1.82286081647
173	-12.5304349776
174	-5.96160902528
175	-5.74204647628
176	-11.5565978254
177	-2.12632709402
178	-2.02903656535
179	-6.23049713064
180	-1.67112490002
181	-6.32576979658
182	-1.45771356233
183	-1.8238294207
184	-7.37329772208
185	-1.45771356233
186	-1.64417608017
187	-2.02903656535
188	-1.609779306
189	-1.8238294207
190	-1.86217229375
191	-6.79540584898
192	-1.64417608017
193	-6.05857551425
194	-6.23049713064
195	-6.26366596397
196	-2.02903656535
197	-1.45771356233
198	-8.47787425039
199	-2.02903656535
200	-1.609779306
201	-1.64417608017
202	-6.84083803894
203	-1.45771356233
204	-1.67112490002
205	-1.86217229375
206	-13.7887986636
207	-1.8238294207
208	-5.35899459212
209	-7.88000735443
210	-1.8238294207
211	-5.65200067286
212	-12.4327543275
213	-1.64417608017
214	-2.34501292312
215	-6.79295753055
216	-2.12632709402
217	-1.82286081647
218	-8.29904512989
219	-1.8238294207
220	-1.82286081647
221	-1.47162039957
222	-1.8238294207
223	-2.34501292312
224	-1.45771356233
225	-5.4636763486
226	-2.34501292312
227	-7.92581609769
228	-6.37103982668
229	-2.34501292312
230	-6.00036972088
231	-8.35131559679
232	-1.86217229375
233	-1.47162039957
234	-1.67112490002
235	-1.82286081647
236	-1.45771356233
237	-2.12632709402
238	-1.86217229375
239	-1.47162039957
240	-1.64417608017
241	-1.86217229375
242	-7.11283017622
243	-1.67112490002
244	-2.34501292312
245	-7.66784482442
246	-1.64417608017
247	-6.44235045237
248	-6.23049713064
249	-2.12632709402
250	-1.82286081647
251	-6.5144214065
252	-1.64417608017
253	-2.02903656535
254	-1.609779306
255	-1.8238294207
256	-1.82286081647
257	-6.80845376615
258	-6.0810650509
259	-2.02903656535
260	-1.47162039957
261	-1.64417608017
262	-1.82286081647
263	-6.55135449349
264	-1.64417608017
265	-1.82286081647
266	-1.89880393498
267	-2.12632709402
268	-5.18122929445
269	-1.609779306
270	-5.70516135887
271	-5.65200067286
272	-1.47162039957
273	-1.67112490002
274	-2.34501292312
275	-1.47162039957
276	-2.12632709402
277	-7.74427372891
278	-7.48629565572
279	-1.67112490002
280	-1.86217229375
281	-1.89880393498
282	-7.14289503572
283	-2.34501292312
284	-6.54004266514
285	-1.8238294207
286	-1.82286081647
287	-8.29904512989
288	-7.04166273927
289	-5.40686447365
290	-1.45771356233
291	-1.67112490002
292	-1.86217229375
293	-1.609779306
294	-1.67112490002
295	-1.82286081647
296	-1.609779306
297	-2.12632709402
298	-1.82286081647
299	-16.9725893815
300	-1.8238294207
301	-1.86217229375
302	-1.45771356233
303	-6.26366596397
304	-2.02903656535
305	-1.89880393498
306	-1.8238294207
307	-5.80027321506
308	-1.89880393498
309	-1.64417608017
310	-5.33062054426
311	-1.47162039957
312	-1.67112490002
313	-5.86750493487
314	-11.9954347886
315	-1.64417608017
316	-10.3210047485
317	-6.23049713064
318	-1.67112490002
319	-1.86217229375
320	-1.47162039957
321	-1.67112490002
322	-5.61236914339
323	-7.19524469192
324	-5.67874387971
325	-9.30581638416
326	-6.92702081032
327	-1.8238294207
328	-5.8037734195
329	-1.47162039957
330	-1.67112490002
331	-1.86217229375
332	-1.47162039957
333	-1.64417608017
334	-2.34501292312
335	-1.47162039957
336	-1.64417608017
337	-6.78817114023
338	-1.609779306
339	-6.11659542649
340	-9.30447768677
341	-1.45771356233
342	-6.68202309255
343	-6.09120500161
344	-11.6226231394
345	-5.928949268
346	-4.87266496526
347	-7.09875668777
348	-7.8207663145
349	-5.48909581738
350	-1.45771356233
351	-7.07457898826
352	-1.86217229375
353	-6.80845376615
354	-1.64417608017
355	-1.82286081647
356	-1.89880393498
357	-12.7469135396
358	-2.34501292312
359	-1.609779306
360	-1.64417608017
361	-2.34501292312
362	-1.45771356233
363	-2.12632709402
364	-8.69886165078
365	-1.609779306
366	-5.928949268
367	-1.82286081647
368	-1.45771356233
369	-1.67112490002
370	-6.37723914995
371	-1.609779306
372	-2.12632709402
373	-1.86217229375
374	-1.47162039957
375	-6.29025386034
376	-1.86217229375
377	-1.47162039957
378	-7.14289503572
379	-7.73421299575
380	-6.93456284565
381	-1.67112490002
382	-1.86217229375
383	-1.45771356233
384	-1.67112490002
385	-2.02903656535
386	-7.11283017622
387	-2.12632709402
388	-5.96577192099
389	-1.45771356233
390	-1.67112490002
391	-1.82286081647
392	-6.23448385457
393	-8.18555076996
394	-2.02903656535
395	-1.47162039957
396	-1.64417608017
397	-1.82286081647
398	-6.92702081032
399	-5.928949268
400	-1.86217229375
401	-13.2567823627
402	-6.06512422263
403	-1.86217229375
404	-11.8971476301
405	-1.64417608017
406	-8.15883586203
407	-8.04908312176
408	-2.12632709402
409	-1.86217229375
410	-6.9310196546
411	-1.8238294207
412	-5.18122929445
413	-6.68145571875
414	-1.8238294207
415	-5.38010447005
416	-1.45771356233
417	-2.12632709402
418	-9.14980634476
419	-1.47162039957
420	-1.8238294207
421	-2.02903656535
422	-1.45771356233
423	-1.67112490002
424	-1.82286081647
425	-1.89880393498
426	-8.91583911747
427	-5.38010447005
428	-1.609779306
429	-1.8238294207
430	-5.61236914339
431	-1.47162039957
432	-9.79296607216
433	-2.34501292312
434	-1.609779306
435	-5.928949268
436	-1.82286081647
437	-1.47162039957
438	-1.64417608017
439	-1.82286081647
440	-14.3669890141
441	-5.4636763486
442	-6.37723914995
443	-1.45771356233
444	-1.67112490002
445	-1.82286081647
446	-6.92702081032
447	-7.07457898826
448	-7.78440557996
449	-6.79540584898
450	-5.96160902528
451	-2.34501292312
452	-1.45771356233
453	-1.8238294207
454	-1.82286081647
455	-1.89880393498
456	-1.67112490002
457	-16.1429825143
458	-1.47162039957
459	-1.67112490002
460	-2.02903656535
461	-1.89880393498
462	-2.12632709402
463	-1.82286081647
464	-1.609779306
465	-2.12632709402
466	-2.34501292312
467	-1.45771356233
468	-1.67112490002
469	-5.08313749288
470	-6.82945181535
