# log_p 	 lnL 	 
0.0	-1718.88414609	
-0.287682072452	-1718.68835135	
-0.510825623766	-1718.50893442	
-0.69314718056	-1718.36965514	
-0.847297860387	-1718.26381176	
-0.980829253012	-1718.1817236	
-1.09861228867	-1718.11559678	
-1.20397280433	-1718.05991839	
-1.29928298413	-1718.01108259	
-1.38629436112	-1717.96691269	
-1.46633706879	-1717.92621836	
-1.54044504095	-1717.88843218	
-1.60943791243	-1717.85333961	
-1.67397643357	-1717.82089684	
-1.73460105539	-1717.79111957	
-1.79175946923	-1717.764023	
-1.8458266905	-1717.7395947	
-1.89711998489	-1717.71778691	
-1.94591014906	-1717.69851888	
-1.99243016469	-1717.68168348	
-2.03688192726	-1717.6671549	
-2.07944154168	-1717.65479588	
-2.1202635362	-1717.64446371	
-2.15948424935	-1717.63601493	
-2.19722457734	-1717.6293088	
-2.23359222151	-1717.62420962	
-2.26868354132	-1717.62058835	
-2.30258509299	-1717.6183235	
-2.33537491582	-1717.61730156	
-2.36712361413	-1717.6174171	
-2.3978952728	-1717.61857264	
-2.42774823595	-1717.62067835	
-2.45673577282	-1717.62365169	
-2.48490664979	-1717.62741692	
-2.51230562398	-1717.63190463	
-2.53897387106	-1717.63705134	
-2.56494935746	-1717.64279892	
-2.59026716545	-1717.64909426	
-2.61495977804	-1717.65588876	
-2.63905732962	-1717.663138	
-2.66258782703	-1717.67080131	
-2.68557734525	-1717.67884151	
-2.7080502011	-1717.68722454	
-2.73002910782	-1717.69591921	
-2.75153531304	-1717.70489694	
-2.77258872224	-1717.7141315	
-2.79320800944	-1717.72359885	
-2.81341071676	-1717.73327689	
-2.83321334406	-1717.74314534	
-2.85263142991	-1717.75318552	
-2.87167962488	-1717.76338028	
-2.8903717579	-1717.77371381	
-2.90872089656	-1717.78417154	
-2.92673940207	-1717.79474007	
-2.94443897917	-1717.80540701	
-2.96183072188	-1717.81616094	
-2.97892515524	-1717.82699131	
-2.99573227355	-1717.83788838	
-3.01226157551	-1717.84884314	
-3.02852209638	-1717.85984727	
-3.04452243772	-1717.87089307	
-3.06027079469	-1717.8819734	
-3.07577498123	-1717.89308168	
-3.09104245336	-1717.90421177	
-3.10608033072	-1717.91535804	
-3.12089541651	-1717.92651523	
-3.13549421593	-1717.93767849	
-3.14988295338	-1717.94884331	
-3.16406758837	-1717.96000553	
-3.17805383035	-1717.97116127	
-3.19184715248	-1717.98230695	
-3.20545280454	-1717.99343925	
-3.21887582487	-1718.00455509	
-3.23212105162	-1718.01565163	
-3.24519313319	-1718.02672622	
-3.25809653802	-1718.03777642	
-3.2708355638	-1718.04879997	
-3.28341434601	-1718.05979478	
-3.295836866	-1718.07075891	
-3.3081069586	-1718.08169057	
-3.32022831913	-1718.09258813	
-3.33220451018	-1718.10345006	
-3.34403896782	-1718.11427495	
-3.35573500759	-1718.12506153	
-3.36729582999	-1718.13580861	
-3.37872452581	-1718.1465151	
-3.39002408106	-1718.15718	
-3.40119738166	-1718.16780242	
-3.41224721785	-1718.17838151	
-3.42317628838	-1718.18891653	
-3.43398720449	-1718.19940679	
-3.4446824936	-1718.20985167	
-3.45526460293	-1718.22025061	
-3.4657359028	-1718.23060311	
-3.47609868984	-1718.24090873	
-3.48635519	-1718.25116707	
-3.49650756147	-1718.26137777	
-3.50655789732	-1718.27154054	
-3.51650822817	-1718.28165511	
-3.52636052462	-1718.29172126	
-3.53611669956	-1718.30173879	
-3.54577861047	-1718.31170755	
-3.55534806149	-1718.32162743	
-3.56482680544	-1718.33149832	
-3.57421654579	-1718.34132016	
-3.58351893846	-1718.35109291	
-3.59273559356	-1718.36081657	
-3.60186807712	-1718.37049113	
-3.61091791264	-1718.38011662	
-3.61988658263	-1718.38969311	
-3.62877553004	-1718.39922065	
-3.63758615973	-1718.40869933	
-3.6463198397	-1718.41812926	
-3.65497790244	-1718.42751055	
-3.66356164613	-1718.43684334	
-3.6720723358	-1718.44612777	
-3.68051120444	-1718.45536399	
-3.68887945411	-1718.46455218	
-3.69717825693	-1718.47369252	
-3.70540875607	-1718.4827852	
-3.7135720667	-1718.49183041	
-3.72166927694	-1718.50082836	
-3.72970144863	-1718.50977928	
-3.73766961828	-1718.51868337	
-3.74557479779	-1718.52754088	
-3.75341797525	-1718.53635203	
-3.76120011569	-1718.54511707	
-3.76892216179	-1718.55383624	
-3.77658503453	-1718.5625098	
-3.78418963392	-1718.571138	
-3.79173683955	-1718.5797211	
-3.79922751128	-1718.58825935	
-3.80666248977	-1718.59675304	
-3.81404259707	-1718.60520243	
-3.82136863716	-1718.61360778	
-3.82864139649	-1718.62196938	
-3.83586164446	-1718.63028749	
-3.84303013394	-1718.6385624	
-3.85014760171	-1718.64679439	
-3.85721476893	-1718.65498373	
-3.86423234159	-1718.6631307	
-3.87120101091	-1718.67123559	
-3.87812145375	-1718.67929868	
-3.88499433304	-1718.68732026	
-3.89182029811	-1718.6953006	
-3.8985999851	-1718.70323999	
-3.90533401728	-1718.71113871	
-3.91202300543	-1718.71899704	
-3.91866754815	-1718.72681527	
-3.92526823218	-1718.73459369	
-3.93182563272	-1718.74233256	
-3.93834031375	-1718.75003217	
-3.94481282825	-1718.75769281	
-3.95124371858	-1718.76531475	
-3.95763351668	-1718.77289826	
-3.96398274436	-1718.78044363	
-3.97029191355	-1718.78795113	
-3.97656152657	-1718.79542104	
-3.98279207632	-1718.80285363	
-3.98898404656	-1718.81024917	
-3.99513791214	-1718.81760793	
-4.00125413916	-1718.82493018	
-4.00733318523	-1718.83221619	
-4.01337549969	-1718.83946622	
-4.01938152375	-1718.84668054	
-4.02535169074	-1718.85385942	
-4.03128642625	-1718.8610031	
-4.03718614838	-1718.86811186	
-4.04305126783	-1718.87518595	
-4.04888218815	-1718.88222562	
-4.05467930583	-1718.88923113	
-4.06044301055	-1718.89620272	
-4.06617368526	-1718.90314066	
-4.07187170637	-1718.91004519	
-4.07753744391	-1718.91691656	
-4.08317126162	-1718.923755	
-4.08877351717	-1718.93056077	
-4.09434456222	-1718.9373341	
-4.0998847426	-1718.94407524	
-4.10539439841	-1718.95078441	
-4.11087386417	-1718.95746186	
-4.11632346894	-1718.96410782	
-4.12174353641	-1718.97072251	
-4.12713438505	-1718.97730617	
-4.13249632819	-1718.98385903	
-4.13782967416	-1718.99038131	
-4.14313472639	-1718.99687323	
-4.14841178349	-1719.00333501	
-4.15366113938	-1719.00976688	
-4.15888308336	-1719.01616905	
-4.16407790024	-1719.02254174	
-4.1692458704	-1719.02888516	
-4.1743872699	-1719.03519952	
-4.17950237056	-1719.04148504	
-4.18459144007	-1719.04774192	
-4.18965474203	-1719.05397036	
-4.19469253606	-1719.06017058	
-4.19970507788	-1719.06634276	
-4.20469261939	-1719.07248712	
-4.20965540873	-1719.07860386	
-4.21459369037	-1719.08469316	
-4.21950770518	-1719.09075523	
-4.22439769047	-1719.09679026	
-4.22926388012	-1719.10279843	
-4.2341065046	-1719.10877995	
-4.23892579103	-1719.11473499	
-4.2437219633	-1719.12066374	
-4.24849524205	-1719.12656639	
-4.25324584481	-1719.13244312	
-4.257973986	-1719.13829411	
-4.26267987704	-1719.14411954	
-4.26736372635	-1719.14991958	
-4.27202573946	-1719.15569442	
-4.27666611902	-1719.16144423	
-4.28128506487	-1719.16716917	
-4.28588277412	-1719.17286943	
-4.29045944115	-1719.17854517	
-4.29501525768	-1719.18419655	
-4.29955041285	-1719.18982375	
-4.3040650932	-1719.19542693	
-4.30855948279	-1719.20100624	
-4.31303376319	-1719.20656186	
-4.31748811354	-1719.21209394	
-4.3219227106	-1719.21760265	
-4.32633772881	-1719.22308813	
-4.33073334029	-1719.22855054	
-4.33510971489	-1719.23399004	
-4.33946702026	-1719.23940678	
-4.34380542185	-1719.24480091	
-4.348125083	-1719.25017258	
-4.3524261649	-1719.25552194	
-4.35670882669	-1719.26084914	
-4.36097322548	-1719.26615431	
-4.36521951636	-1719.27143761	
-4.36944785247	-1719.27669917	
-4.373658385	-1719.28193915	
-4.37785126326	-1719.28715767	
-4.38202663467	-1719.29235488	
-4.38618464482	-1719.29753092	
-4.39032543749	-1719.30268591	
-4.39444915467	-1719.30782	
-4.39855593663	-1719.31293332	
-4.40264592188	-1719.318026	
-4.40671924726	-1719.32309818	
-4.41077604796	-1719.32814997	
-4.4148164575	-1719.33318152	
-4.4188406078	-1719.33819295	
-4.42284862919	-1719.34318438	
-4.42684065046	-1719.34815594	
-4.43081679884	-1719.35310776	
-4.43477720006	-1719.35803995	
-4.43872197835	-1719.36295264	
-4.44265125649	-1719.36784595	
-4.44656515581	-1719.37272	
-4.45046379623	-1719.37757491	
-4.45434729625	-1719.38241079	
-4.45821577303	-1719.38722776	
-4.46206934235	-1719.39202594	
-4.46590811865	-1719.39680543	
-4.46973221509	-1719.40156637	
-4.47354174351	-1719.40630884	
-4.47733681448	-1719.41103298	
-4.48111753732	-1719.41573888	
-4.48488402011	-1719.42042665	
-4.48863636973	-1719.42509641	
-4.49237469184	-1719.42974826	
-4.49609909093	-1719.43438231	
-4.49980967033	-1719.43899866	
-4.50350653221	-1719.44359742	
-4.50718977763	-1719.44817868	
-4.51085950652	-1719.45274256	
-4.51451581772	-1719.45728916	
-4.518158809	-1719.46181857	
-4.52178857705	-1719.46633089	
-4.52540521752	-1719.47082623	
-4.52900882502	-1719.47530468	
-4.53259949315	-1719.47976634	
-4.5361773145	-1719.4842113	
-4.53974238067	-1719.48863967	
-4.54329478227	-1719.49305153	
-4.54683460898	-1719.49744698	
-4.55036194949	-1719.50182612	
-4.5538768916	-1719.50618903	
-4.55737952215	-1719.5105358	
-4.56086992709	-1719.51486654	
-4.56434819147	-1719.51918132	
-4.56781439944	-1719.52348023	
-4.57126863431	-1719.52776338	
-4.5747109785	-1719.53203083	
-4.5781415136	-1719.53628269	
-4.58156032035	-1719.54051903	
-4.58496747867	-1719.54473994	
-4.58836306767	-1719.5489455	
-4.59174716566	-1719.55313581	
-4.59511985013	-1719.55731094	
-4.59848119784	-1719.56147098	
-4.60183128472	-1719.565616	
-4.60517018599	-1719.5697461	
-4.60849797608	-1719.57386134	
-4.61181472871	-1719.57796182	
-4.61512051684	-1719.5820476	
-4.61841541274	-1719.58611877	
-4.62169948794	-1719.59017541	
-4.62497281328	-1719.59421759	
-4.62823545892	-1719.5982454	
-4.63148749431	-1719.60225889	
-4.63472898823	-1719.60625817	
-4.63796000881	-1719.61024328	
-4.64118062351	-1719.61421432	
-4.64439089914	-1719.61817136	
-4.64759090187	-1719.62211446	
-4.65078069724	-1719.6260437	
-4.65396035016	-1719.62995916	
-4.65712992492	-1719.6338609	
-4.66028948521	-1719.63774899	
-4.66343909411	-1719.64162351	
-4.66657881412	-1719.64548453	
-4.66970870713	-1719.64933211	
-4.67282883446	-1719.65316632	
-4.67593925688	-1719.65698724	
-4.67904003455	-1719.66079492	
-4.68213122712	-1719.66458944	
-4.68521289366	-1719.66837086	
-4.6882850927	-1719.67213925	
-4.69134788223	-1719.67589468	
-4.69440131972	-1719.6796372	
-4.6974454621	-1719.68336689	
-4.70048036579	-1719.6870838	
-4.70350608671	-1719.69078801	
-4.70652268025	-1719.69447957	
-4.70953020131	-1719.69815855	
-4.71252870431	-1719.70182501	
-4.71551824316	-1719.70547901	
-4.7184988713	-1719.70912061	
-4.72147064168	-1719.71274987	
-4.72443360681	-1719.71636686	
-4.72738781871	-1719.71997163	
-4.73033332894	-1719.72356425	
-4.73327018862	-1719.72714476	
-4.73619844839	-1719.73071324	
-4.7391181585	-1719.73426973	
-4.74202936871	-1719.7378143	
-4.74493212836	-1719.74134701	
-4.74782648639	-1719.7448679	
-4.75071249128	-1719.74837704	
-4.75359019111	-1719.75187449	
-4.75645963353	-1719.75536029	
-4.75932086582	-1719.75883451	
-4.7621739348	-1719.76229719	
-4.76501888693	-1719.7657484	
-4.76785576827	-1719.76918819	
-4.77068462447	-1719.7726166	
-4.77350550081	-1719.77603371	
-4.77631844218	-1719.77943954	
-4.77912349311	-1719.78283417	
-4.78192069773	-1719.78621764	
-4.78471009982	-1719.78959001	
-4.78749174278	-1719.79295132	
-4.79026566966	-1719.79630162	
-4.79303192316	-1719.79964097	
-4.7957905456	-1719.80296942	
-4.79854157897	-1719.80628702	
-4.80128506491	-1719.80959382	
-4.80402104473	-1719.81288986	
-4.80674955939	-1719.8161752	
-4.8094706495	-1719.81944988	
-4.81218435537	-1719.82271396	
-4.81489071697	-1719.82596748	
-4.81758977394	-1719.82921048	
-4.82028156561	-1719.83244303	
-4.82296613098	-1719.83566515	
-4.82564350875	-1719.83887691	
-4.8283137373	-1719.84207834	
-4.83097685472	-1719.8452695	
-4.83363289878	-1719.84845042	
-4.83628190695	-1719.85162116	
-4.83892391641	-1719.85478175	
-4.84155896405	-1719.85793226	
-4.84418708646	-1719.86107271	
-4.84680831994	-1719.86420315	
-4.84942270051	-1719.86732363	
-4.85203026392	-1719.87043419	
-4.85463104562	-1719.87353488	
-4.8572250808	-1719.87662573	
-4.85981240436	-1719.8797068	
-4.86239305096	-1719.88277812	
-4.86496705495	-1719.88583973	
-4.86753445046	-1719.88889169	
-4.87009527132	-1719.89193402	
-4.87264955112	-1719.89496677	
-4.8751973232	-1719.89798999	
-4.87773862063	-1719.90100371	
-4.88027347623	-1719.90400798	
-4.88280192259	-1719.90700283	
-4.88532399202	-1719.9099883	
-4.88783971662	-1719.91296444	
-4.89034912822	-1719.91593129	
-4.89285225844	-1719.91888888	
-4.89534913864	-1719.92183725	
-4.89783979995	-1719.92477645	
-4.90032427328	-1719.92770651	
-4.90280258929	-1719.93062747	
-4.90527477844	-1719.93353937	
-4.90774087093	-1719.93644224	
-4.91020089677	-1719.93933613	
-4.91265488574	-1719.94222107	
-4.91510286737	-1719.94509711	
-4.91754487103	-1719.94796427	
-4.91998092583	-1719.95082259	
-4.92241106068	-1719.95367211	
-4.92483530429	-1719.95651287	
-4.92725368516	-1719.9593449	
-4.92966623156	-1719.96216825	
-4.93207297159	-1719.96498293	
-4.93447393313	-1719.967789	
-4.93686914386	-1719.97058649	
-4.93925863125	-1719.97337542	
-4.94164242261	-1719.97615585	
-4.94402054501	-1719.97892779	
-4.94639302537	-1719.98169129	
-4.94875989038	-1719.98444638	
-4.95112116656	-1719.98719309	
-4.95347688026	-1719.98993147	
-4.9558270576	-1719.99266153	
-4.95817172456	-1719.99538332	
-4.96051090691	-1719.99809687	
-4.96284463026	-1720.00080222	
-4.96517292002	-1720.00349938	
-4.96749580144	-1720.00618841	
-4.96981329958	-1720.00886933	
-4.97212543933	-1720.01154217	
-4.97443224543	-1720.01420696	
-4.97673374242	-1720.01686375	
-4.97902995468	-1720.01951255	
-4.98132090643	-1720.02215341	
-4.98360662171	-1720.02478634	
-4.98588712441	-1720.0274114	
-4.98816243824	-1720.03002859	
-4.99043258678	-1720.03263797	
-4.99269759341	-1720.03523955	
-4.99495748138	-1720.03783337	
-4.99721227376	-1720.04041945	
-4.9994619935	-1720.04299784	
-5.00170666335	-1720.04556856	
-5.00394630595	-1720.04813163	
-5.00618094375	-1720.05068709	
-5.00841059907	-1720.05323497	
-5.0106352941	-1720.0557753	
-5.01285505083	-1720.05830811	
-5.01506989116	-1720.06083342	
-5.01727983681	-1720.06335127	
-5.01948490937	-1720.06586168	
-5.02168513028	-1720.06836469	
-5.02388052085	-1720.07086032	
-5.02607110223	-1720.07334859	
-5.02825689545	-1720.07582955	
-5.03043792139	-1720.07830321	
-5.03261420082	-1720.08076961	
-5.03478575433	-1720.08322877	
-5.03695260241	-1720.08568072	
-5.03911476542	-1720.08812548	
-5.04127226356	-1720.09056309	
-5.04342511692	-1720.09299357	
-5.04557334546	-1720.09541695	
-5.047716969	-1720.09783326	
-5.04985600725	-1720.10024252	
-5.05199047978	-1720.10264476	
-5.05412040604	-1720.10504	
-5.05624580535	-1720.10742828	
-5.05836669692	-1720.10980961	
-5.06048309982	-1720.11218403	
-5.06259503303	-1720.11455156	
-5.06470251537	-1720.11691222	
-5.06680556556	-1720.11926605	
-5.06890420222	-1720.12161306	
-5.07099844382	-1720.12395329	
-5.07308830874	-1720.12628676	
-5.07517381523	-1720.12861349	
-5.07725498144	-1720.1309335	
-5.07933182538	-1720.13324683	
-5.08140436498	-1720.1355535	
-5.08347261805	-1720.13785353	
-5.08553660227	-1720.14014695	
-5.08759633523	-1720.14243378	
-5.08965183441	-1720.14471405	
-5.09170311719	-1720.14698777	
-5.09375020081	-1720.14925498	
-5.09579310244	-1720.1515157	
-5.09783183913	-1720.15376995	
-5.09986642782	-1720.15601776	
-5.10189688537	-1720.15825914	
-5.10392322852	-1720.16049413	
-5.1059454739	-1720.16272274	
-5.10796363806	-1720.164945	
-5.10997773743	-1720.16716094	
-5.11198778836	-1720.16937057	
-5.11399380708	-1720.17157392	
-5.11599580975	-1720.173771	
-5.11799381242	-1720.17596186	
-5.11998783102	-1720.17814649	
-5.12197788143	-1720.18032494	
-5.1239639794	-1720.18249722	
-5.12594614061	-1720.18466335	
-5.12792438062	-1720.18682335	
-5.12989871492	-1720.18897726	
-5.13186915891	-1720.19112508	
-5.13383572788	-1720.19326684	
-5.13579843705	-1720.19540257	
-5.13775730154	-1720.19753228	
-5.13971233637	-1720.19965599	
-5.1416635565	-1720.20177373	
-5.14361097679	-1720.20388552	
-5.145554612	-1720.20599138	
-5.14749447681	-1720.20809133	
-5.14943058584	-1720.21018539	
-5.15136295359	-1720.21227359	
-5.1532915945	-1720.21435593	
-5.15521652291	-1720.21643245	
-5.15713775309	-1720.21850317	
-5.15905529921	-1720.2205681	
-5.1609691754	-1720.22262726	
-5.16287939565	-1720.22468068	
-5.16478597392	-1720.22672838	
-5.16668892407	-1720.22877037	
-5.16858825987	-1720.23080668	
-5.17048399504	-1720.23283732	
-5.17237614319	-1720.23486232	
-5.17426471788	-1720.23688169	
-5.17614973257	-1720.23889546	
-5.17803120067	-1720.24090365	
-5.1799091355	-1720.24290627	
-5.18178355029	-1720.24490334	
-5.18365445823	-1720.24689488	
-5.1855218724	-1720.24888092	
-5.18738580584	-1720.25086146	
-5.18924627149	-1720.25283654	
-5.19110328224	-1720.25480617	
-5.19295685089	-1720.25677036	
-5.19480699018	-1720.25872914	
-5.19665371277	-1720.26068252	
-5.19849703127	-1720.26263053	
-5.20033695819	-1720.26457318	
-5.202173506	-1720.2665105	
-5.20400668708	-1720.26844249	
-5.20583651375	-1720.27036918	
-5.20766299828	-1720.27229058	
-5.20948615284	-1720.27420672	
-5.21130598956	-1720.27611761	
-5.21312252048	-1720.27802327	
-5.21493575761	-1720.27992371	
-5.21674571285	-1720.28181897	
-5.21855239808	-1720.28370904	
-5.22035582508	-1720.28559396	
-5.22215600558	-1720.28747373	
-5.22395295126	-1720.28934838	
-5.22574667371	-1720.29121792	
-5.22753718449	-1720.29308237	
-5.22932449506	-1720.29494175	
-5.23110861685	-1720.29679608	
-5.23288956123	-1720.29864537	
-5.23466733947	-1720.30048963	
-5.23644196283	-1720.30232889	
-5.23821344248	-1720.30416317	
-5.23998178954	-1720.30599247	
-5.24174701506	-1720.30781682	
-5.24350913005	-1720.30963623	
-5.24526814546	-1720.31145072	
-5.24702407216	-1720.31326031	
-5.24877692099	-1720.31506501	
-5.25052670271	-1720.31686484	
-5.25227342805	-1720.31865982	
-5.25401710765	-1720.32044995	
-5.25575775213	-1720.32223526	
-5.25749537203	-1720.32401577	
-5.25922997784	-1720.32579149	
-5.26096158	-1720.32756243	
-5.2626901889	-1720.32932861	
-5.26441581487	-1720.33109005	
-5.26613846818	-1720.33284676	
-5.26785815906	-1720.33459877	
-5.26957489768	-1720.33634607	
-5.27128869416	-1720.3380887	
-5.27299955856	-1720.33982666	
-5.27470750091	-1720.34155997	
-5.27641253116	-1720.34328865	
-5.27811465923	-1720.3450127	
-5.27981389498	-1720.34673216	
-5.28151024823	-1720.34844703	
-5.28320372874	-1720.35015732	
-5.28489434622	-1720.35186306	
-5.28658211033	-1720.35356425	
-5.28826703069	-1720.35526091	
-5.28994911688	-1720.35695307	
-5.2916283784	-1720.35864072	
-5.29330482472	-1720.36032389	
-5.29497846528	-1720.36200259	
-5.29664930945	-1720.36367683	
-5.29831736655	-1720.36534664	
-5.29998264587	-1720.36701201	
-5.30164515664	-1720.36867298	
-5.30330490806	-1720.37032955	
-5.30496190927	-1720.37198174	
-5.30661616936	-1720.37362956	
-5.3082676974	-1720.37527303	
-5.30991650239	-1720.37691216	
-5.3115625933	-1720.37854696	
-5.31320597904	-1720.38017745	
-5.3148466685	-1720.38180364	
-5.3164846705	-1720.38342555	
-5.31811999384	-1720.38504318	
-5.31975264727	-1720.38665656	
-5.32138263948	-1720.3882657	
-5.32300997914	-1720.38987061	
-5.32463467487	-1720.39147131	
-5.32625673524	-1720.3930678	
-5.32787616879	-1720.3946601	
-5.32949298402	-1720.39624824	
-5.33110718937	-1720.3978322	
-5.33271879327	-1720.39941203	
-5.33432780407	-1720.40098771	
-5.33593423012	-1720.40255928	
-5.3375380797	-1720.40412673	
-5.33913936107	-1720.4056901	
-5.34073808243	-1720.40724938	
-5.34233425196	-1720.40880459	
-5.3439278778	-1720.41035574	
-5.34551896803	-1720.41190286	
-5.34710753072	-1720.41344594	
-5.34869357387	-1720.414985	
-5.35027710548	-1720.41652006	
-5.35185813348	-1720.41805113	
-5.35343666577	-1720.41957822	
-5.35501271022	-1720.42110135	
-5.35658627467	-1720.42262052	
-5.3581573669	-1720.42413575	
-5.35972599468	-1720.42564705	
-5.36129216571	-1720.42715443	
-5.36285588769	-1720.42865791	
-5.36441716825	-1720.4301575	
-5.36597601502	-1720.43165321	
-5.36753243557	-1720.43314505	
-5.36908643744	-1720.43463303	
-5.37063802813	-1720.43611718	
-5.37218721511	-1720.43759749	
-5.37373400583	-1720.43907399	
-5.37527840768	-1720.44054668	
-5.37682042804	-1720.44201557	
-5.37836007422	-1720.44348068	
-5.37989735354	-1720.44494202	
-5.38143227326	-1720.4463996	
-5.38296484061	-1720.44785344	
-5.38449506279	-1720.44930354	
-5.38602294697	-1720.45074991	
-5.38754850028	-1720.45219258	
-5.38907172982	-1720.45363154	
-5.39059264266	-1720.45506681	
-5.39211124583	-1720.45649841	
-5.39362754635	-1720.45792634	
-5.39514155118	-1720.45935061	
-5.39665326727	-1720.46077125	
-5.39816270152	-1720.46218825	
-5.39966986081	-1720.46360163	
-5.40117475199	-1720.4650114	
-5.40267738187	-1720.46641757	
-5.40417775725	-1720.46782016	
-5.40567588487	-1720.46921917	
-5.40717177146	-1720.47061461	
-5.40866542372	-1720.4720065	
-5.4101568483	-1720.47339485	
-5.41164605186	-1720.47477967	
-5.41313304098	-1720.47616097	
-5.41461782224	-1720.47753875	
-5.4161004022	-1720.47891304	
-5.41758078737	-1720.48028384	
-5.41905898424	-1720.48165116	
-5.42053499927	-1720.48301502	
-5.42200883889	-1720.48437542	
-5.4234805095	-1720.48573237	
-5.42495001748	-1720.48708589	
-5.42641736918	-1720.48843598	
-5.4278825709	-1720.48978266	
-5.42934562895	-1720.49112594	
-5.43080654959	-1720.49246582	
-5.43226533906	-1720.49380232	
-5.43372200355	-1720.49513545	
-5.43517654927	-1720.49646522	
-5.43662898235	-1720.49779163	
-5.43807930892	-1720.49911471	
-5.4395275351	-1720.50043445	
-5.44097366695	-1720.50175087	
-5.44241771052	-1720.50306398	
-5.44385967184	-1720.50437379	
-5.4452995569	-1720.50568031	
-5.44673737167	-1720.50698355	
-5.44817312209	-1720.50828352	
-5.44960681409	-1720.50958022	
-5.45103845357	-1720.51087368	
-5.45246804638	-1720.5121639	
-5.45389559837	-1720.51345088	
-5.45532111536	-1720.51473464	
-5.45674460314	-1720.51601519	
-5.45816606749	-1720.51729254	
-5.45958551414	-1720.5185667	
-5.46100294883	-1720.51983767	
-5.46241837723	-1720.52110548	
-5.46383180503	-1720.52237012	
-5.46524323786	-1720.5236316	
-5.46665268137	-1720.52488994	
-5.46806014114	-1720.52614515	
-5.46946562274	-1720.52739723	
-5.47086913175	-1720.52864619	
-5.47227067367	-1720.52989205	
-5.47367025403	-1720.53113481	
-5.47506787829	-1720.53237448	
-5.47646355193	-1720.53361108	
-5.47785728038	-1720.53484461	
-5.47924906905	-1720.53607507	
-5.48063892334	-1720.53730248	
-5.48202684862	-1720.53852686	
-5.48341285022	-1720.5397482	
-5.48479693349	-1720.54096651	
-5.48617910372	-1720.54218182	
-5.48755936619	-1720.54339411	
-5.48893772616	-1720.54460341	
-5.49031418887	-1720.54580973	
-5.49168875953	-1720.54701306	
-5.49306144334	-1720.54821342	
-5.49443224547	-1720.54941083	
-5.49580117108	-1720.55060528	
-5.49716822529	-1720.55179679	
-5.49853341322	-1720.55298536	
-5.49989673995	-1720.55417101	
-5.50125821054	-1720.55535374	
-5.50261783006	-1720.55653356	
-5.50397560352	-1720.55771048	
-5.50533153593	-1720.55888451	
-5.50668563228	-1720.56005566	
-5.50803789753	-1720.56122394	
-5.50938833663	-1720.56238935	
-5.5107369545	-1720.5635519	
-5.51208375605	-1720.5647116	
-5.51342874616	-1720.56586847	
-5.51477192971	-1720.5670225	
-5.51611331154	-1720.56817371	
-5.51745289646	-1720.5693221	
-5.51879068931	-1720.57046769	
-5.52012669485	-1720.57161048	
-5.52146091786	-1720.57275047	
-5.5227933631	-1720.57388769	
-5.52412403528	-1720.57502213	
-5.52545293913	-1720.57615381	
-5.52678007934	-1720.57728273	
-5.52810546058	-1720.5784089	
-5.52942908751	-1720.57953233	
-5.53075096477	-1720.58065302	
-5.53207109697	-1720.58177099	
-5.53338948873	-1720.58288625	
-5.53470614461	-1720.58399879	
-5.53602106919	-1720.58510863	
-5.53733426702	-1720.58621578	
-5.53864574262	-1720.58732025	
-5.5399555005	-1720.58842203	
-5.54126354516	-1720.58952115	
-5.54256988107	-1720.5906176	
-5.5438745127	-1720.5917114	
-5.54517744448	-1720.59280256	
-5.54647868084	-1720.59389107	
-5.54777822618	-1720.59497695	
-5.5490760849	-1720.59606021	
-5.55037226136	-1720.59714086	
-5.55166675992	-1720.5982189	
-5.55295958492	-1720.59929433	
-5.55425074069	-1720.60036717	
-5.55554023152	-1720.60143743	
-5.5568280617	-1720.60250511	
-5.55811423551	-1720.60357022	
-5.5593987572	-1720.60463277	
-5.56068163102	-1720.60569276	
-5.56196286117	-1720.6067502	
-5.56324245188	-1720.6078051	
-5.56452040732	-1720.60885747	
-5.56579673168	-1720.60990731	
-5.56707142911	-1720.61095464	
-5.56834450376	-1720.61199945	
-5.56961595975	-1720.61304176	
-5.57088580119	-1720.61408157	
-5.57215403218	-1720.61511889	
-5.57342065679	-1720.61615373	
-5.5746856791	-1720.61718609	
-5.57594910315	-1720.61821599	
-5.57721093297	-1720.61924342	
-5.57847117258	-1720.6202684	
-5.57972982599	-1720.62129093	
-5.58098689718	-1720.62231103	
-5.58224239012	-1720.62332869	
-5.58349630878	-1720.62434392	
-5.5847486571	-1720.62535674	
-5.585999439	-1720.62636714	
-5.5872486584	-1720.62737514	
-5.5884963192	-1720.62838074	
-5.58974242528	-1720.62938394	
-5.59098698051	-1720.63038477	
-5.59222998875	-1720.63138321	
-5.59347145384	-1720.63237929	
-5.5947113796	-1720.633373	
-5.59594976985	-1720.63436435	
-5.59718662839	-1720.63535336	
-5.598421959	-1720.63634002	
-5.59965576545	-1720.63732434	
-5.60088805149	-1720.63830633	
-5.60211882088	-1720.639286	
-5.60334807733	-1720.64026335	
-5.60457582457	-1720.64123839	
-5.6058020663	-1720.64221113	
-5.60702680619	-1720.64318156	
-5.60825004793	-1720.64414971	
-5.60947179518	-1720.64511558	
-5.61069205159	-1720.64607916	
-5.61191082078	-1720.64704047	
-5.61312810639	-1720.64799952	
-5.61434391201	-1720.64895631	
-5.61555824124	-1720.64991085	
-5.61677109767	-1720.65086314	
-5.61798248485	-1720.6518132	
-5.61919240636	-1720.65276102	
-5.62040086572	-1720.65370661	
-5.62160786647	-1720.65464998	
-5.62281341212	-1720.65559114	
-5.62401750619	-1720.65653009	
-5.62522015215	-1720.65746684	
-5.6264213535	-1720.65840139	
-5.62762111369	-1720.65933375	
-5.62881943618	-1720.66026394	
-5.63001632442	-1720.66119194	
-5.63121178182	-1720.66211777	
-5.63240581181	-1720.66304144	
-5.6335984178	-1720.66396295	
-5.63478960317	-1720.66488231	
-5.6359793713	-1720.66579952	
-5.63716772557	-1720.66671459	
-5.63835466933	-1720.66762752	
-5.63954020593	-1720.66853833	
-5.64072433869	-1720.66944702	
-5.64190707094	-1720.67035359	
-5.64308840598	-1720.67125804	
-5.64426834712	-1720.6721604	
-5.64544689764	-1720.67306065	
-5.64662406082	-1720.67395881	
-5.64779983991	-1720.67485489	
-5.64897423816	-1720.67574888	
-5.65014725882	-1720.6766408	
-5.65131890512	-1720.67753065	
-5.65248918027	-1720.67841843	
-5.65365808747	-1720.67930416	
-5.65482562993	-1720.68018784	
-5.65599181082	-1720.68106947	
-5.65715663332	-1720.68194905	
-5.65832010058	-1720.68282661	
-5.65948221576	-1720.68370213	
-5.660642982	-1720.68457563	
-5.66180240242	-1720.68544711	
-5.66296048014	-1720.68631658	
-5.66411721826	-1720.68718404	
-5.66527261989	-1720.6880495	
-5.66642668811	-1720.68891296	
-5.66757942599	-1720.68977444	
-5.6687308366	-1720.69063393	
-5.66988092298	-1720.69149144	
-5.67102968818	-1720.69234697	
-5.67217713524	-1720.69320054	
-5.67332326717	-1720.69405215	
-5.67446808699	-1720.6949018	
-5.67561159769	-1720.69574949	
-5.67675380227	-1720.69659524	
-5.6778947037	-1720.69743905	
-5.67903430497	-1720.69828092	
-5.68017260902	-1720.69912087	
-5.6813096188	-1720.69995888	
-5.68244533727	-1720.70079498	
-5.68357976734	-1720.70162916	
-5.68471291194	-1720.70246144	
-5.68584477397	-1720.70329181	
-5.68697535634	-1720.70412028	
-5.68810466194	-1720.70494686	
-5.68923269364	-1720.70577155	
-5.69035945432	-1720.70659435	
-5.69148494685	-1720.70741528	
-5.69260917406	-1720.70823434	
-5.6937321388	-1720.70905152	
-5.69485384391	-1720.70986685	
-5.69597429221	-1720.71068032	
-5.69709348651	-1720.71149193	
-5.69821142961	-1720.7123017	
-5.69932812431	-1720.71310963	
-5.70044357339	-1720.71391572	
-5.70155777963	-1720.71471998	
-5.7026707458	-1720.71552241	
-5.70378247466	-1720.71632302	
-5.70489296894	-1720.71712181	
-5.70600223139	-1720.71791879	
-5.70711026475	-1720.71871396	
-5.70821707172	-1720.71950733	
-5.70932265503	-1720.7202989	
-5.71042701737	-1720.72108868	
-5.71153016145	-1720.72187668	
-5.71263208993	-1720.72266289	
-5.71373280551	-1720.72344732	
-5.71483231084	-1720.72422998	
-5.71593060859	-1720.72501087	
-5.71702770141	-1720.72579	
-5.71812359193	-1720.72656737	
-5.71921828279	-1720.72734299	
-5.72031177661	-1720.72811686	
-5.72140407601	-1720.72888898	
-5.72249518359	-1720.72965936	
-5.72358510195	-1720.73042801	
-5.72467383369	-1720.73119493	
-5.72576138137	-1720.73196013	
-5.72684774759	-1720.7327236	
-5.72793293489	-1720.73348536	
-5.72901694583	-1720.73424541	
-5.73009978297	-1720.73500375	
-5.73118144884	-1720.73576038	
-5.73226194598	-1720.73651533	
-5.7333412769	-1720.73726857	
-5.73441944412	-1720.73802013	
-5.73549645015	-1720.73877001	
-5.73657229748	-1720.7395182	
-5.73764698861	-1720.74026473	
-5.73872052602	-1720.74100958	
-5.73979291218	-1720.74175276	
-5.74086414956	-1720.74249429	
-5.74193424062	-1720.74323416	
-5.74300318781	-1720.74397237	
-5.74407099357	-1720.74470894	
-5.74513766034	-1720.74544387	
-5.74620319054	-1720.74617716	
-5.7472675866	-1720.74690881	
-5.74833085092	-1720.74763883	
-5.74939298591	-1720.74836723	
-5.75045399397	-1720.749094	
-5.75151387748	-1720.74981916	
-5.75257263883	-1720.7505427	
-5.75363028038	-1720.75126464	
-5.75468680452	-1720.75198497	
-5.75574221359	-1720.75270371	
-5.75679650994	-1720.75342084	
-5.75784969593	-1720.75413639	
-5.75890177388	-1720.75485035	
-5.75995274612	-1720.75556273	
-5.76100261499	-1720.75627353	
-5.76205138278	-1720.75698275	
-5.76309905181	-1720.7576904	
-5.76414562438	-1720.75839649	
-5.76519110278	-1720.75910102	
-5.7662354893	-1720.75980399	
-5.76727878622	-1720.76050541	
-5.76832099579	-1720.76120527	
-5.7693621203	-1720.76190359	
-5.770402162	-1720.76260037	
-5.77144112313	-1720.76329562	
-5.77247900594	-1720.76398933	
-5.77351581267	-1720.76468151	
-5.77455154554	-1720.76537217	
-5.77558620679	-1720.76606131	
-5.77661979861	-1720.76674893	
-5.77765232322	-1720.76743504	
-5.77868378283	-1720.76811964	
-5.77971417962	-1720.76880273	
-5.78074351579	-1720.76948433	
-5.78177179352	-1720.77016443	
-5.78279901497	-1720.77084303	
-5.78382518233	-1720.77152015	
-5.78485029774	-1720.77219578	
-5.78587436337	-1720.77286993	
-5.78689738137	-1720.77354261	
-5.78791935386	-1720.77421381	
-5.788940283	-1720.77488354	
-5.7899601709	-1720.77555181	
-5.79097901969	-1720.77621862	
-5.79199683148	-1720.77688397	
-5.79301360838	-1720.77754786	
-5.7940293525	-1720.77821031	
-5.79504406593	-1720.77887131	
-5.79605775077	-1720.77953087	
-5.79707040908	-1720.78018899	
-5.79808204295	-1720.78084567	
-5.79909265446	-1720.78150093	
-5.80010224566	-1720.78215475	
-5.80111081862	-1720.78280716	
-5.80211837538	-1720.78345814	
-5.80312491799	-1720.78410771	
-5.80413044849	-1720.78475587	
-5.80513496892	-1720.78540261	
-5.80613848129	-1720.78604796	
-5.80714098764	-1720.7866919	
-5.80814248998	-1720.78733445	
-5.80914299031	-1720.7879756	
