#Site	lnL	
0	-1.83935622126
1	-5.66717472957
2	-6.35899309702
3	-8.1628849823
4	-5.66624700934
5	-1.88917872633
6	-1.83935622126
7	-2.02403521104
8	-1.88917872633
9	-5.90354167945
10	-1.91190422184
11	-1.60362036548
12	-1.76157249546
13	-7.23450100468
14	-1.60362036548
15	-1.85826415592
16	-5.20189988281
17	-1.53071018256
18	-9.89626163347
19	-2.0036510697
20	-1.60362036548
21	-5.09332495805
22	-6.74352337128
23	-1.53071018256
24	-1.83935622126
25	-5.66717472957
26	-15.7381847144
27	-6.28508439995
28	-2.02403521104
29	-6.70721697735
30	-1.83935622126
31	-2.02403521104
32	-1.53071018256
33	-1.76157249546
34	-5.77646705639
35	-6.17384631701
36	-7.31941406205
37	-1.91190422184
38	-1.53071018256
39	-1.76157249546
40	-8.39223675817
41	-1.53071018256
42	-1.76157249546
43	-1.91190422184
44	-1.60362036548
45	-1.76157249546
46	-1.91190422184
47	-1.60362036548
48	-5.90354167945
49	-2.02403521104
50	-1.58693995514
51	-5.09332495805
52	-2.0036510697
53	-1.60362036548
54	-1.85826415592
55	-7.93970963253
56	-1.53071018256
57	-1.76157249546
58	-2.02403521104
59	-8.27301377627
60	-1.85826415592
61	-6.21513804777
62	-1.60362036548
63	-7.89628611715
64	-2.0036510697
65	-1.58693995514
66	-11.5847879077
67	-5.35622507124
68	-1.53071018256
69	-1.83935622126
70	-6.06020336646
71	-6.70353417678
72	-1.83935622126
73	-8.53824670387
74	-1.60362036548
75	-6.05069260594
76	-2.02403521104
77	-5.83662242086
78	-2.16326182433
79	-2.0036510697
80	-7.39197582844
81	-1.76157249546
82	-1.91190422184
83	-5.61618337639
84	-4.83473254067
85	-2.3422559825
86	-1.53071018256
87	-1.76157249546
88	-7.23450100468
89	-1.53071018256
90	-1.83935622126
91	-1.91190422184
92	-7.74259991368
93	-1.85826415592
94	-2.02403521104
95	-11.9106620698
96	-1.76157249546
97	-2.0036510697
98	-6.1877648617
99	-9.17225929791
100	-4.90647706055
101	-12.3835616359
102	-2.16326182433
103	-2.0036510697
104	-11.0623963759
105	-1.76157249546
106	-2.02403521104
107	-6.68085736053
108	-1.76157249546
109	-5.84869023325
110	-7.55225938677
111	-1.76157249546
112	-1.91190422184
113	-7.74259991368
114	-6.42419889173
115	-2.0036510697
116	-1.88917872633
117	-1.83935622126
118	-6.36162652452
119	-7.06931493775
120	-1.85826415592
121	-5.37575059656
122	-5.94945638133
123	-1.85826415592
124	-7.03848660451
125	-1.58693995514
126	-6.11338802459
127	-8.62268447287
128	-1.58693995514
129	-1.76157249546
130	-5.66256658545
131	-1.58693995514
132	-2.16326182433
133	-9.06443987579
134	-10.8448591547
135	-5.8514839019
136	-1.91190422184
137	-1.53071018256
138	-2.16326182433
139	-2.3422559825
140	-1.60362036548
141	-1.83935622126
142	-2.02403521104
143	-1.58693995514
144	-1.83935622126
145	-2.02403521104
146	-1.88917872633
147	-5.15146616106
148	-12.8591480138
149	-1.58693995514
150	-1.83935622126
151	-5.5048412096
152	-1.58693995514
153	-5.88728319876
154	-4.94275473391
155	-6.83798542103
156	-2.16326182433
157	-2.02403521104
158	-7.05358968041
159	-5.69121421922
160	-5.50021126218
161	-1.53071018256
162	-1.76157249546
163	-2.02403521104
164	-1.88917872633
165	-4.83167537717
166	-4.94009298779
167	-5.83662242086
168	-1.76157249546
169	-2.0036510697
170	-7.56332075209
171	-1.76157249546
172	-6.56349295
173	-1.60362036548
174	-1.76157249546
175	-1.91190422184
176	-11.7492707127
177	-1.76157249546
178	-2.02403521104
179	-1.88917872633
180	-4.83473254067
181	-5.70307348555
182	-1.60362036548
183	-4.83167537717
184	-5.66256658545
185	-1.58693995514
186	-1.83935622126
187	-2.0036510697
188	-10.1852067859
189	-2.16326182433
190	-5.20189988281
191	-1.60362036548
192	-2.16326182433
193	-1.91190422184
194	-6.70233322656
195	-6.26882583281
196	-4.63182325131
197	-1.60362036548
198	-1.83935622126
199	-6.36162652452
200	-1.53071018256
201	-5.03392394112
202	-5.73225975055
203	-17.2093379654
204	-2.16326182433
205	-5.33391263958
206	-1.53071018256
207	-1.85826415592
208	-5.5048412096
209	-1.58693995514
210	-4.83473254067
211	-2.02403521104
212	-13.1638467217
213	-1.85826415592
214	-1.91190422184
215	-5.61729794393
216	-1.85826415592
217	-2.3422559825
218	-1.58693995514
219	-1.76157249546
220	-1.91190422184
221	-14.8279669393
222	-6.25055089922
223	-2.3422559825
224	-1.88917872633
225	-5.91812627196
226	-6.19971431554
227	-1.60362036548
228	-9.59879300947
229	-5.84869023325
230	-7.55225938677
231	-6.05069260594
232	-4.63182325131
233	-6.71332237065
234	-1.85826415592
235	-5.69032439378
236	-1.53071018256
237	-1.76157249546
238	-2.02403521104
239	-1.58693995514
240	-5.69121421922
241	-2.02403521104
242	-1.60362036548
243	-1.85826415592
244	-1.91190422184
245	-1.58693995514
246	-1.83935622126
247	-1.91190422184
248	-5.94874030954
249	-5.9463659836
250	-10.8499224886
251	-1.58693995514
252	-1.83935622126
253	-1.91190422184
254	-1.53071018256
255	-1.85826415592
256	-6.36162652452
257	-1.58693995514
258	-1.76157249546
259	-4.94275473391
260	-1.88917872633
261	-1.83935622126
262	-4.63614500019
263	-1.53071018256
264	-5.9463659836
265	-1.91190422184
266	-7.72054738454
267	-6.4087751595
268	-2.0036510697
269	-1.58693995514
270	-6.25055089922
271	-2.0036510697
272	-1.88917872633
273	-6.61860160076
274	-4.63182325131
275	-1.53071018256
276	-2.16326182433
277	-5.20189988281
278	-5.94874030954
279	-1.76157249546
280	-6.57728796328
281	-1.53071018256
282	-11.6858264116
283	-2.0036510697
284	-9.04680276294
285	-1.76157249546
286	-4.63182325131
287	-7.7094926683
288	-1.83935622126
289	-5.35622507124
290	-1.53071018256
291	-1.85826415592
292	-7.93726746557
293	-1.88917872633
294	-1.76157249546
295	-7.89358637226
296	-6.46254720799
297	-1.83935622126
298	-5.37575059656
299	-1.60362036548
300	-1.76157249546
301	-5.68285800386
302	-1.58693995514
303	-1.85826415592
304	-5.66717472957
305	-1.60362036548
306	-5.15146616106
307	-2.3422559825
308	-1.53071018256
309	-1.76157249546
310	-2.3422559825
311	-1.60362036548
312	-2.16326182433
313	-1.91190422184
314	-1.88917872633
315	-2.16326182433
316	-1.91190422184
317	-1.60362036548
318	-5.85471661553
319	-2.3422559825
320	-12.0787175084
321	-2.16326182433
322	-5.68285800386
323	-1.60362036548
324	-1.85826415592
325	-1.91190422184
326	-7.23473555485
327	-1.85826415592
328	-2.3422559825
329	-1.53071018256
330	-1.85826415592
331	-2.0036510697
332	-1.53071018256
333	-1.85826415592
334	-6.06771574612
335	-1.53071018256
336	-2.16326182433
337	-6.55854950929
338	-7.37539334576
339	-15.7645670626
340	-5.70307348555
341	-6.1877648617
342	-5.69121421922
343	-2.02403521104
344	-1.60362036548
345	-1.76157249546
346	-2.3422559825
347	-6.68085736053
348	-6.75494827182
349	-9.40938610339
350	-6.36884866494
351	-2.16326182433
352	-5.5048412096
353	-1.58693995514
354	-6.26882583281
355	-2.0036510697
356	-1.60362036548
357	-1.76157249546
358	-1.91190422184
359	-7.04716274697
360	-1.85826415592
361	-2.02403521104
362	-12.9446888151
363	-2.16326182433
364	-2.3422559825
365	-1.58693995514
366	-2.16326182433
367	-2.02403521104
368	-7.72054738454
369	-5.55624462439
370	-2.02403521104
371	-1.53071018256
372	-1.76157249546
373	-6.37705025676
374	-1.53071018256
375	-1.83935622126
376	-2.0036510697
377	-1.88917872633
378	-1.83935622126
379	-6.79997333299
380	-1.58693995514
381	-1.85826415592
382	-2.0036510697
383	-1.53071018256
384	-5.03392394112
385	-6.79997333299
386	-6.70294798748
387	-2.16326182433
388	-2.3422559825
389	-5.61618337639
390	-10.020452565
391	-2.0036510697
392	-7.06347068743
393	-6.792321189
394	-5.70307348555
395	-7.06347068743
396	-1.76157249546
397	-1.91190422184
398	-1.53071018256
399	-5.40241186354
400	-7.36646682613
401	-1.58693995514
402	-6.05069260594
403	-2.0036510697
404	-1.58693995514
405	-2.16326182433
406	-2.3422559825
407	-1.60362036548
408	-1.76157249546
409	-5.66717472957
410	-14.6332347662
411	-2.16326182433
412	-2.3422559825
413	-1.88917872633
414	-1.76157249546
415	-16.3077571666
416	-1.58693995514
417	-1.76157249546
418	-9.75480528228
419	-1.60362036548
420	-1.76157249546
421	-5.14977236526
422	-5.61618337639
423	-1.85826415592
424	-2.02403521104
425	-1.53071018256
426	-2.16326182433
427	-2.0036510697
428	-1.58693995514
429	-1.85826415592
430	-2.3422559825
431	-11.7345325797
432	-1.83935622126
433	-9.76417206303
434	-1.58693995514
435	-1.85826415592
436	-2.02403521104
437	-1.58693995514
438	-6.61860160076
439	-10.0779538723
440	-10.25680888
441	-1.85826415592
442	-2.02403521104
443	-1.58693995514
444	-5.15146616106
445	-2.3422559825
446	-12.8517632317
447	-1.76157249546
448	-2.02403521104
449	-5.83662242086
450	-1.85826415592
451	-2.0036510697
452	-5.94945638133
453	-2.16326182433
454	-2.3422559825
455	-7.05358968041
456	-6.77370207362
457	-6.6221242034
458	-7.20688695192
459	-1.83935622126
460	-2.0036510697
461	-6.46137769652
462	-1.85826415592
463	-2.0036510697
464	-6.71805847247
465	-2.16326182433
466	-2.3422559825
467	-7.22231068415
468	-1.76157249546
469	-1.91190422184
470	-6.37441682926
