#Site	lnL	
0	-1.7016921898
1	-1.92839564313
2	-2.65583371537
3	-1.57995369722
4	-1.92839564313
5	-2.65583371537
6	-1.57995369722
7	-2.05132178335
8	-2.65583371537
9	-1.7016921898
10	-2.05132178335
11	-2.64363249119
12	-1.7016921898
13	-7.34504154584
14	-3.01332749904
15	-1.57021449714
16	-1.78297488953
17	-2.862569307
18	-13.7526361934
19	-1.78297488953
20	-2.862569307
21	-1.57021449714
22	-2.05132178335
23	-2.64363249119
24	-1.57021449714
25	-1.78297488953
26	-2.65583371537
27	-1.57021449714
28	-1.92839564313
29	-2.64363249119
30	-5.89413864313
31	-5.35057667157
32	-9.60193643766
33	-5.04962557054
34	-1.78297488953
35	-5.97381944637
36	-1.57021449714
37	-2.05132178335
38	-6.18463606422
39	-1.57021449714
40	-1.92839564313
41	-2.862569307
42	-1.57021449714
43	-1.78783361125
44	-2.65583371537
45	-1.7016921898
46	-7.45387275075
47	-3.01332749904
48	-1.81937372799
49	-1.78783361125
50	-2.862569307
51	-7.66736555131
52	-7.58464440946
53	-8.19473174362
54	-1.81937372799
55	-7.10850990356
56	-3.01332749904
57	-1.57021449714
58	-10.8925708233
59	-6.20136995712
60	-1.81937372799
61	-1.78297488953
62	-6.19153577143
63	-1.57021449714
64	-1.78783361125
65	-2.64363249119
66	-1.7016921898
67	-1.92839564313
68	-2.65583371537
69	-1.57995369722
70	-9.52742231861
71	-2.862569307
72	-1.7016921898
73	-1.78783361125
74	-4.23288459926
75	-1.81937372799
76	-1.78783361125
77	-2.862569307
78	-8.01879625283
79	-1.92839564313
80	-3.01332749904
81	-1.81937372799
82	-1.92839564313
83	-2.64363249119
84	-1.57021449714
85	-1.78297488953
86	-2.65583371537
87	-11.5869884439
88	-2.05132178335
89	-2.64363249119
90	-1.7016921898
91	-7.00490362435
92	-6.04038200328
93	-1.81937372799
94	-6.67641149844
95	-2.65583371537
96	-1.81937372799
97	-7.88690091228
98	-6.32314392569
99	-6.85651698024
100	-1.92839564313
101	-3.01332749904
102	-1.7016921898
103	-1.92839564313
104	-2.64363249119
105	-6.95326438713
106	-2.05132178335
107	-5.9018569297
108	-1.7016921898
109	-1.92839564313
110	-2.862569307
111	-1.57021449714
112	-1.78783361125
113	-8.4034275188
114	-1.57021449714
115	-1.78297488953
116	-6.70222457307
117	-1.57995369722
118	-1.78783361125
119	-6.03309016305
120	-1.57021449714
121	-6.48855534394
122	-3.01332749904
123	-1.57021449714
124	-1.78297488953
125	-6.07065488124
126	-1.7016921898
127	-9.06356528728
128	-2.65583371537
129	-6.99441165905
130	-1.92839564313
131	-6.70222457307
132	-1.57021449714
133	-4.77345492706
134	-5.20426216676
135	-1.57021449714
136	-7.34504154584
137	-2.65583371537
138	-1.57995369722
139	-1.78297488953
140	-2.65583371537
141	-1.7016921898
142	-7.40450869086
143	-6.21161511587
144	-1.7016921898
145	-11.6965380505
146	-2.64363249119
147	-7.07859987556
148	-1.78783361125
149	-2.862569307
150	-1.7016921898
151	-9.49209583102
152	-2.65583371537
153	-5.91314526788
154	-6.21763884112
155	-5.36033983537
156	-1.57021449714
157	-9.57052262073
158	-5.08990934456
159	-1.57995369722
160	-4.77345492706
161	-2.64363249119
162	-7.07859987556
163	-1.92839564313
164	-5.36033983537
165	-8.68421452919
166	-1.92839564313
167	-2.65583371537
168	-1.57021449714
169	-6.81447572509
170	-5.97381944637
171	-1.57995369722
172	-8.18089308453
173	-5.17174817847
174	-6.02176594714
175	-6.67641149844
176	-2.64363249119
177	-5.18444519058
178	-1.92839564313
179	-2.862569307
180	-1.81937372799
181	-1.92839564313
182	-5.19769172354
183	-1.81937372799
184	-12.9062172034
185	-4.30411949937
186	-1.7016921898
187	-1.78783361125
188	-3.01332749904
189	-1.57995369722
190	-2.05132178335
191	-2.65583371537
192	-6.47154495317
193	-2.05132178335
194	-6.2155645239
195	-1.7016921898
196	-2.05132178335
197	-5.16114535248
198	-1.57995369722
199	-1.78783361125
200	-2.65583371537
201	-1.7016921898
202	-1.78297488953
203	-2.64363249119
204	-6.70782150631
205	-8.06089723183
206	-5.79460310685
207	-1.57995369722
208	-2.05132178335
209	-3.01332749904
210	-8.28442977588
211	-1.92839564313
212	-2.64363249119
213	-1.7016921898
214	-1.78783361125
215	-2.64363249119
216	-1.57995369722
217	-1.78297488953
218	-10.2187974937
219	-1.7016921898
220	-1.78783361125
221	-2.65583371537
222	-1.81937372799
223	-1.78297488953
224	-2.862569307
225	-1.57021449714
226	-6.11196909007
227	-4.99111558885
228	-5.15804163756
229	-1.78297488953
230	-5.11449602847
231	-1.81937372799
232	-9.44450307614
233	-2.64363249119
234	-5.89413864313
235	-4.60650819676
236	-2.64363249119
237	-1.57995369722
238	-1.78297488953
239	-5.08990934456
240	-1.57021449714
241	-2.05132178335
242	-2.65583371537
243	-6.36291887307
244	-2.05132178335
245	-3.01332749904
246	-1.81937372799
247	-1.78783361125
248	-3.01332749904
249	-1.57995369722
250	-1.78783361125
251	-4.76513315185
252	-1.57995369722
253	-11.2872039422
254	-7.16962665868
255	-1.57995369722
256	-1.78783361125
257	-3.01332749904
258	-5.73498966818
259	-6.09807502166
260	-2.65583371537
261	-5.04962557054
262	-1.92839564313
263	-2.64363249119
264	-1.7016921898
265	-4.60650819676
266	-5.11565593898
267	-1.7016921898
268	-5.46375868115
269	-2.65583371537
270	-1.7016921898
271	-1.78297488953
272	-2.65583371537
273	-1.81937372799
274	-1.78297488953
275	-2.65583371537
276	-1.57021449714
277	-1.78783361125
278	-3.01332749904
279	-1.57995369722
280	-2.05132178335
281	-5.64072569773
282	-1.57995369722
283	-1.78297488953
284	-2.862569307
285	-1.57021449714
286	-1.78297488953
287	-5.82611164259
288	-1.57021449714
289	-8.28890070395
290	-7.56412918476
291	-6.36291887307
292	-4.63337283566
293	-2.862569307
294	-1.57021449714
295	-1.92839564313
296	-6.75592627836
297	-1.57021449714
298	-8.31287960552
299	-2.64363249119
300	-1.57995369722
301	-1.78297488953
302	-5.96072824927
303	-1.57995369722
304	-6.18347900043
305	-5.21637576454
306	-1.57021449714
307	-5.23622384937
308	-5.16114535248
309	-1.7016921898
310	-1.78783361125
311	-5.79460310685
312	-5.68035259128
313	-5.46375868115
314	-2.64363249119
315	-1.81937372799
316	-5.45008193218
317	-2.64363249119
318	-1.57995369722
319	-1.78297488953
320	-2.862569307
321	-1.57021449714
322	-6.32185542816
323	-3.01332749904
324	-1.57021449714
325	-8.5956206716
326	-3.01332749904
327	-1.81937372799
328	-6.20531770161
329	-2.64363249119
330	-1.57995369722
331	-7.25590968091
332	-6.26015444449
333	-1.7016921898
334	-1.92839564313
335	-2.64363249119
336	-1.81937372799
337	-2.05132178335
338	-2.64363249119
339	-5.85094046311
340	-1.92839564313
341	-3.01332749904
342	-1.57021449714
343	-4.72698846513
344	-2.862569307
345	-5.73022124262
346	-1.78783361125
347	-5.9018569297
348	-1.7016921898
349	-8.00157991974
350	-5.11565593898
351	-6.49210361105
352	-1.92839564313
353	-2.65583371537
354	-1.7016921898
355	-1.78783361125
356	-5.31505848828
357	-5.18444519058
358	-5.60143592633
359	-6.96082761708
360	-6.58204406116
361	-5.49255822113
362	-11.6660630903
363	-1.7016921898
364	-1.78297488953
365	-3.01332749904
366	-1.57021449714
367	-6.18347900043
368	-2.862569307
369	-7.39324288781
370	-2.05132178335
371	-2.65583371537
372	-1.57021449714
373	-2.05132178335
374	-6.11037662309
375	-1.57995369722
376	-1.92839564313
377	-3.01332749904
378	-1.7016921898
379	-1.92839564313
380	-4.87948597404
381	-5.85094046311
382	-1.78297488953
383	-2.64363249119
384	-5.81187960905
385	-6.46601377634
386	-5.64072569773
387	-5.72565758236
388	-1.78783361125
389	-2.64363249119
390	-1.57995369722
391	-7.1493176796
392	-2.862569307
393	-1.57995369722
394	-1.78783361125
395	-5.11565593898
396	-6.70830151522
397	-8.74640203626
398	-2.65583371537
399	-1.81937372799
400	-8.00089771262
401	-10.4003914153
402	-1.57021449714
403	-1.92839564313
404	-2.862569307
405	-1.57021449714
406	-1.92839564313
407	-5.31505848828
408	-1.57995369722
409	-6.07419427824
410	-2.65583371537
411	-1.81937372799
412	-1.78783361125
413	-2.862569307
414	-1.57995369722
415	-2.05132178335
416	-2.65583371537
417	-6.71189514485
418	-9.546013888
419	-3.01332749904
420	-1.81937372799
421	-5.36060235157
422	-2.64363249119
423	-1.7016921898
424	-5.23622384937
425	-2.64363249119
426	-1.7016921898
427	-2.05132178335
428	-2.64363249119
429	-1.57995369722
430	-1.78783361125
431	-2.862569307
432	-5.85094046311
433	-1.78783361125
434	-2.64363249119
435	-6.73475296818
436	-7.21896705998
437	-6.6761011791
438	-5.8670661427
439	-2.05132178335
440	-8.18473453624
441	-1.57995369722
442	-6.99415708136
443	-2.64363249119
444	-1.57995369722
445	-1.92839564313
446	-5.19769172354
447	-1.57021449714
448	-1.92839564313
449	-6.20136995712
450	-1.57995369722
451	-2.05132178335
452	-2.64363249119
453	-1.7016921898
454	-1.78297488953
455	-2.862569307
456	-1.57021449714
457	-7.83506013069
458	-2.65583371537
459	-1.7016921898
460	-2.05132178335
461	-2.862569307
462	-1.57995369722
463	-1.78783361125
464	-3.01332749904
465	-1.81937372799
466	-1.78297488953
467	-3.01332749904
468	-1.81937372799
469	-1.78297488953
470	-2.65583371537
