#Site	lnL	
0	-1.76082018067
1	-1.98638958031
2	-2.22983535962
3	-1.9127350278
4	-6.60536045652
5	-7.18233961556
6	-1.89728864785
7	-2.49810882468
8	-1.76182462403
9	-1.9127350278
10	-1.98638958031
11	-2.22983535962
12	-1.89728864785
13	-6.54039233948
14	-1.76182462403
15	-2.22863773852
16	-5.96504126277
17	-8.4065363868
18	-1.9127350278
19	-1.98638958031
20	-1.91382855813
21	-1.89728864785
22	-2.49810882468
23	-2.22983535962
24	-6.36637247796
25	-9.34920370328
26	-8.84007985577
27	-6.13888930361
28	-1.98638958031
29	-2.22983535962
30	-1.89728864785
31	-2.15843846601
32	-5.93480479126
33	-1.9127350278
34	-5.70494674463
35	-1.89837533974
36	-6.13888930361
37	-1.98638958031
38	-7.18233961556
39	-1.76082018067
40	-2.15843846601
41	-1.91382855813
42	-1.89728864785
43	-1.98638958031
44	-1.76182462403
45	-6.39244895841
46	-5.81689609062
47	-1.76182462403
48	-1.89728864785
49	-9.37161242928
50	-6.38986698096
51	-1.76082018067
52	-2.14143854909
53	-10.9767613145
54	-1.76082018067
55	-8.44518126542
56	-1.91382855813
57	-1.76082018067
58	-8.69628578215
59	-2.22983535962
60	-1.76082018067
61	-6.62217490983
62	-5.7947258446
63	-1.9127350278
64	-2.15843846601
65	-10.1518431803
66	-1.89728864785
67	-6.62413847112
68	-1.89837533974
69	-1.9127350278
70	-2.15843846601
71	-9.52439103206
72	-1.9127350278
73	-6.92082677079
74	-1.91382855813
75	-1.89728864785
76	-1.98638958031
77	-7.24395342561
78	-2.22863773852
79	-1.98638958031
80	-1.89837533974
81	-6.67130393267
82	-2.15843846601
83	-1.89837533974
84	-5.93911983822
85	-5.70494674463
86	-2.22983535962
87	-1.76082018067
88	-2.15843846601
89	-1.91382855813
90	-1.9127350278
91	-1.98638958031
92	-1.76182462403
93	-1.76082018067
94	-2.14143854909
95	-2.22983535962
96	-1.9127350278
97	-2.14143854909
98	-6.98335761618
99	-7.38591975814
100	-2.14143854909
101	-1.89837533974
102	-1.89728864785
103	-11.7921099121
104	-1.89837533974
105	-8.40916427208
106	-9.20672597717
107	-1.76182462403
108	-1.89728864785
109	-2.14143854909
110	-7.24395342561
111	-1.89728864785
112	-2.14143854909
113	-2.22983535962
114	-1.89728864785
115	-7.67754016874
116	-2.22983535962
117	-6.24401162966
118	-5.54972221255
119	-1.89837533974
120	-1.89728864785
121	-2.14143854909
122	-1.89837533974
123	-6.22223140099
124	-2.49810882468
125	-1.91382855813
126	-2.22863773852
127	-6.31725947044
128	-1.91382855813
129	-1.76082018067
130	-2.14143854909
131	-1.76182462403
132	-6.67130393267
133	-2.15843846601
134	-1.91382855813
135	-2.22863773852
136	-2.14143854909
137	-1.91382855813
138	-1.9127350278
139	-5.70494674463
140	-7.34602094673
141	-2.22863773852
142	-2.14143854909
143	-6.67505814323
144	-1.76082018067
145	-2.49810882468
146	-7.36175180777
147	-1.89728864785
148	-5.26825330944
149	-1.76182462403
150	-1.76082018067
151	-2.14143854909
152	-2.22983535962
153	-1.76082018067
154	-1.98638958031
155	-1.76182462403
156	-1.76082018067
157	-6.96321788641
158	-1.91382855813
159	-2.22863773852
160	-5.87025331705
161	-10.0669183698
162	-1.9127350278
163	-5.56852265545
164	-1.89837533974
165	-9.87052313862
166	-1.98638958031
167	-6.22611051695
168	-1.89728864785
169	-2.14143854909
170	-10.8863548201
171	-1.89728864785
172	-2.15843846601
173	-5.94837493156
174	-1.9127350278
175	-10.7337938522
176	-1.76182462403
177	-5.64435468076
178	-8.3748021785
179	-8.39093677583
180	-5.84710677062
181	-2.14143854909
182	-1.89837533974
183	-1.89728864785
184	-2.14143854909
185	-5.93309345031
186	-6.96296045307
187	-2.14143854909
188	-1.89837533974
189	-2.22863773852
190	-6.62413847112
191	-10.041760363
192	-7.32729525794
193	-8.69628578215
194	-1.76182462403
195	-2.22863773852
196	-2.14143854909
197	-2.22983535962
198	-7.03639629267
199	-2.14143854909
200	-1.89837533974
201	-6.97060070792
202	-1.98638958031
203	-6.20593336085
204	-1.76082018067
205	-1.98638958031
206	-1.76182462403
207	-1.76082018067
208	-5.61802518828
209	-6.67505814323
210	-1.9127350278
211	-5.57620801847
212	-1.91382855813
213	-8.80851338364
214	-2.14143854909
215	-1.76182462403
216	-2.22863773852
217	-5.83048322723
218	-10.3367449199
219	-1.76082018067
220	-1.98638958031
221	-1.91382855813
222	-1.89728864785
223	-2.15843846601
224	-2.22983535962
225	-6.09073591108
226	-2.14143854909
227	-1.76182462403
228	-1.89728864785
229	-2.15843846601
230	-1.91382855813
231	-1.89728864785
232	-2.14143854909
233	-7.39867666639
234	-1.89728864785
235	-2.49810882468
236	-5.93309345031
237	-1.9127350278
238	-7.38955747772
239	-1.91382855813
240	-1.89728864785
241	-1.98638958031
242	-1.76182462403
243	-5.9687904006
244	-2.15843846601
245	-1.76182462403
246	-1.76082018067
247	-2.49810882468
248	-1.89837533974
249	-1.89728864785
250	-10.325592713
251	-2.22983535962
252	-1.9127350278
253	-6.54039233948
254	-2.22983535962
255	-1.76082018067
256	-2.15843846601
257	-1.76182462403
258	-2.22863773852
259	-6.31725947044
260	-5.80019548989
261	-1.89728864785
262	-1.98638958031
263	-1.89837533974
264	-1.89728864785
265	-8.44518126542
266	-2.22983535962
267	-2.22863773852
268	-2.14143854909
269	-8.84007985577
270	-7.1852302763
271	-1.98638958031
272	-1.91382855813
273	-1.76082018067
274	-5.7122440803
275	-9.22846244605
276	-6.67763024795
277	-1.98638958031
278	-1.76182462403
279	-1.89728864785
280	-2.14143854909
281	-1.76182462403
282	-1.76082018067
283	-1.98638958031
284	-2.22983535962
285	-2.22863773852
286	-2.14143854909
287	-1.76182462403
288	-1.9127350278
289	-1.98638958031
290	-1.91382855813
291	-6.54952011932
292	-13.7625110798
293	-5.93480479126
294	-1.9127350278
295	-2.49810882468
296	-1.76182462403
297	-1.9127350278
298	-5.57620801847
299	-5.80019548989
300	-11.5792599799
301	-1.98638958031
302	-8.60144376999
303	-5.8028833858
304	-2.49810882468
305	-1.91382855813
306	-5.84710677062
307	-2.49810882468
308	-1.89837533974
309	-1.9127350278
310	-8.72165257599
311	-10.9942992777
312	-1.76082018067
313	-2.15843846601
314	-2.22983535962
315	-6.53764170018
316	-2.14143854909
317	-13.0829322575
318	-2.22863773852
319	-2.14143854909
320	-6.67505814323
321	-1.9127350278
322	-2.49810882468
323	-5.64346252663
324	-1.76082018067
325	-5.69569186792
326	-9.95880350607
327	-1.89728864785
328	-6.1777347982
329	-1.89837533974
330	-10.1088168768
331	-5.56640274282
332	-6.08930546724
333	-2.22863773852
334	-1.98638958031
335	-6.08085981138
336	-1.89728864785
337	-5.68110649959
338	-2.22983535962
339	-6.22874797803
340	-2.14143854909
341	-2.22983535962
342	-2.22863773852
343	-2.49810882468
344	-1.76182462403
345	-6.53764170018
346	-1.98638958031
347	-5.93480479126
348	-1.89728864785
349	-2.15843846601
350	-6.6566993891
351	-1.76082018067
352	-1.98638958031
353	-1.91382855813
354	-1.9127350278
355	-2.15843846601
356	-1.91382855813
357	-1.76082018067
358	-2.14143854909
359	-5.96607470793
360	-1.76082018067
361	-1.98638958031
362	-2.22983535962
363	-1.9127350278
364	-5.54972221255
365	-1.89837533974
366	-1.89728864785
367	-5.4163774508
368	-1.91382855813
369	-1.89728864785
370	-1.98638958031
371	-5.64169875726
372	-2.22863773852
373	-2.14143854909
374	-1.91382855813
375	-1.89728864785
376	-2.14143854909
377	-1.89837533974
378	-1.9127350278
379	-2.14143854909
380	-1.89837533974
381	-1.76082018067
382	-5.54972221255
383	-1.76182462403
384	-1.76082018067
385	-5.85358719889
386	-6.09499466661
387	-8.35069111375
388	-2.15843846601
389	-1.91382855813
390	-1.9127350278
391	-8.27926680388
392	-13.1066050207
393	-9.36280432481
394	-5.4012915568
395	-1.76182462403
396	-1.9127350278
397	-2.49810882468
398	-6.08930546724
399	-6.24401162966
400	-6.31401723047
401	-1.76182462403
402	-10.8565606418
403	-5.68110649959
404	-2.22983535962
405	-1.76082018067
406	-2.15843846601
407	-1.76182462403
408	-1.76082018067
409	-2.15843846601
410	-1.91382855813
411	-2.22863773852
412	-9.74490636
413	-6.68235448254
414	-1.9127350278
415	-1.98638958031
416	-1.91382855813
417	-6.22874797803
418	-5.54972221255
419	-1.91382855813
420	-1.9127350278
421	-2.14143854909
422	-1.89837533974
423	-1.76082018067
424	-5.57620801847
425	-1.91382855813
426	-1.89728864785
427	-8.88344717675
428	-1.89837533974
429	-6.09073591108
430	-5.56852265545
431	-6.82566686711
432	-5.64611203137
433	-2.49810882468
434	-1.91382855813
435	-1.89728864785
436	-8.03564656226
437	-1.76182462403
438	-1.89728864785
439	-12.2729545145
440	-2.22983535962
441	-2.22863773852
442	-2.15843846601
443	-1.91382855813
444	-1.76082018067
445	-8.75372815886
446	-2.22983535962
447	-1.76082018067
448	-6.58018629919
449	-6.6566993891
450	-6.53764170018
451	-6.16314863015
452	-10.9841378455
453	-5.84710677062
454	-2.15843846601
455	-1.91382855813
456	-1.76082018067
457	-2.15843846601
458	-2.22983535962
459	-5.9158563054
460	-5.61802518828
461	-6.38986698096
462	-1.9127350278
463	-5.41490271666
464	-1.89837533974
465	-6.09203192847
466	-6.1777347982
467	-1.89837533974
468	-1.9127350278
469	-5.96504126277
470	-1.89837533974
