# log_p 	 lnL 	 
0.0	-1770.77846564	
-0.287682072452	-1770.19385111	
-0.510825623766	-1769.60235093	
-0.69314718056	-1769.0257923	
-0.847297860387	-1768.4740405	
-0.980829253012	-1767.95049453	
-1.09861228867	-1767.45559003	
-1.20397280433	-1766.98837754	
-1.29928298413	-1766.54724514	
-1.38629436112	-1766.1303127	
-1.46633706879	-1765.73566385	
-1.54044504095	-1765.36147374	
-1.60943791243	-1765.00606802	
-1.67397643357	-1764.66794098	
-1.73460105539	-1764.34575191	
-1.79175946923	-1764.03831167	
-1.8458266905	-1763.74456596	
-1.89711998489	-1763.46357844	
-1.94591014906	-1763.19451505	
-1.99243016469	-1762.93663003	
-2.03688192726	-1762.6892536	
-2.07944154168	-1762.45178139	
-2.1202635362	-1762.22366523	
-2.15948424935	-1762.00440543	
-2.19722457734	-1761.79354414	
-2.23359222151	-1761.59065975	
-2.26868354132	-1761.39536223	
-2.30258509299	-1761.20728917	
-2.33537491582	-1761.02610252	
-2.36712361413	-1760.85148585	
-2.3978952728	-1760.683142	
-2.42774823595	-1760.52079121	
-2.45673577282	-1760.36416946	
-2.48490664979	-1760.2130271	
-2.51230562398	-1760.06712768	
-2.53897387106	-1759.92624696	
-2.56494935746	-1759.79017198	
-2.59026716545	-1759.65870038	
-2.61495977804	-1759.53163963	
-2.63905732962	-1759.40880651	
-2.66258782703	-1759.2900265	
-2.68557734525	-1759.17513336	
-2.7080502011	-1759.0639686	
-2.73002910782	-1758.95638114	
-2.75153531304	-1758.85222686	
-2.77258872224	-1758.75136832	
-2.79320800944	-1758.65367434	
-2.81341071676	-1758.55901975	
-2.83321334406	-1758.46728506	
-2.85263142991	-1758.37835622	
-2.87167962488	-1758.2921243	
-2.8903717579	-1758.20848528	
-2.90872089656	-1758.1273398	
-2.92673940207	-1758.04859295	
-2.94443897917	-1757.97215403	
-2.96183072188	-1757.89793636	
-2.97892515524	-1757.82585709	
-2.99573227355	-1757.75583702	
-3.01226157551	-1757.68780041	
-3.02852209638	-1757.62167483	
-3.04452243772	-1757.55739098	
-3.06027079469	-1757.49488258	
-3.07577498123	-1757.43408617	
-3.09104245336	-1757.37494104	
-3.10608033072	-1757.31738903	
-3.12089541651	-1757.26137449	
-3.13549421593	-1757.20684408	
-3.14988295338	-1757.15374671	
-3.16406758837	-1757.10203342	
-3.17805383035	-1757.0516573	
-3.19184715248	-1757.00257335	
-3.20545280454	-1756.95473843	
-3.21887582487	-1756.90811116	
-3.23212105162	-1756.86265185	
-3.24519313319	-1756.8183224	
-3.25809653802	-1756.77508623	
-3.2708355638	-1756.73290824	
-3.28341434601	-1756.69175471	
-3.295836866	-1756.65159325	
-3.3081069586	-1756.61239273	
-3.32022831913	-1756.57412325	
-3.33220451018	-1756.53675606	
-3.34403896782	-1756.50026352	
-3.35573500759	-1756.46461902	
-3.36729582999	-1756.429797	
-3.37872452581	-1756.39577284	
-3.39002408106	-1756.36252285	
-3.40119738166	-1756.33002421	
-3.41224721785	-1756.29825498	
-3.42317628838	-1756.26719399	
-3.43398720449	-1756.23682087	
-3.4446824936	-1756.20711597	
-3.45526460293	-1756.17806037	
-3.4657359028	-1756.1496358	
-3.47609868984	-1756.12182467	
-3.48635519	-1756.09461001	
-3.49650756147	-1756.06797542	
-3.50655789732	-1756.0419051	
-3.51650822817	-1756.0163838	
-3.52636052462	-1755.99139677	
-3.53611669956	-1755.96692979	
-3.54577861047	-1755.94296912	
-3.55534806149	-1755.91950147	
-3.56482680544	-1755.89651402	
-3.57421654579	-1755.87399436	
-3.58351893846	-1755.85193049	
-3.59273559356	-1755.83031082	
-3.60186807712	-1755.80912413	
-3.61091791264	-1755.78835957	
-3.61988658263	-1755.76800663	
-3.62877553004	-1755.74805514	
-3.63758615973	-1755.72849527	
-3.6463198397	-1755.70931748	
-3.65497790244	-1755.69051254	
-3.66356164613	-1755.67207151	
-3.6720723358	-1755.65398573	
-3.68051120444	-1755.63624679	
-3.68887945411	-1755.61884655	
-3.69717825693	-1755.60177712	
-3.70540875607	-1755.58503084	
-3.7135720667	-1755.56860029	
-3.72166927694	-1755.55247826	
-3.72970144863	-1755.53665776	
-3.73766961828	-1755.52113201	
-3.74557479779	-1755.50589442	
-3.75341797525	-1755.49093859	
-3.76120011569	-1755.47625831	
-3.76892216179	-1755.46184754	
-3.77658503453	-1755.44770042	
-3.78418963392	-1755.43381126	
-3.79173683955	-1755.42017452	
-3.79922751128	-1755.4067848	
-3.80666248977	-1755.39363689	
-3.81404259707	-1755.38072568	
-3.82136863716	-1755.36804623	
-3.82864139649	-1755.35559372	
-3.83586164446	-1755.34336346	
-3.84303013394	-1755.33135089	
-3.85014760171	-1755.31955156	
-3.85721476893	-1755.30796117	
-3.86423234159	-1755.29657548	
-3.87120101091	-1755.28539041	
-3.87812145375	-1755.27440196	
-3.88499433304	-1755.26360624	
-3.89182029811	-1755.25299945	
-3.8985999851	-1755.24257791	
-3.90533401728	-1755.232338	
-3.91202300543	-1755.22227621	
-3.91866754815	-1755.21238913	
-3.92526823218	-1755.2026734	
-3.93182563272	-1755.19312577	
-3.93834031375	-1755.18374306	
-3.94481282825	-1755.17452218	
-3.95124371858	-1755.16546008	
-3.95763351668	-1755.15655382	
-3.96398274436	-1755.14780052	
-3.97029191355	-1755.13919735	
-3.97656152657	-1755.13074156	
-3.98279207632	-1755.12243048	
-3.98898404656	-1755.11426147	
-3.99513791214	-1755.10623198	
-4.00125413916	-1755.09833949	
-4.00733318523	-1755.09058157	
-4.01337549969	-1755.08295582	
-4.01938152375	-1755.07545989	
-4.02535169074	-1755.06809151	
-4.03128642625	-1755.06084844	
-4.03718614838	-1755.05372849	
-4.04305126783	-1755.04672953	
-4.04888218815	-1755.03984946	
-4.05467930583	-1755.03308623	
-4.06044301055	-1755.02643786	
-4.06617368526	-1755.01990236	
-4.07187170637	-1755.01347784	
-4.07753744391	-1755.00716241	
-4.08317126162	-1755.00095423	
-4.08877351717	-1754.99485151	
-4.09434456222	-1754.98885248	
-4.0998847426	-1754.98295543	
-4.10539439841	-1754.97715865	
-4.11087386417	-1754.9714605	
-4.11632346894	-1754.96585935	
-4.12174353641	-1754.96035361	
-4.12713438505	-1754.95494174	
-4.13249632819	-1754.9496222	
-4.13782967416	-1754.9443935	
-4.14313472639	-1754.93925417	
-4.14841178349	-1754.93420278	
-4.15366113938	-1754.92923792	
-4.15888308336	-1754.9243582	
-4.16407790024	-1754.91956228	
-4.1692458704	-1754.91484883	
-4.1743872699	-1754.91021654	
-4.17950237056	-1754.90566414	
-4.18459144007	-1754.90119036	
-4.18965474203	-1754.896794	
-4.19469253606	-1754.89247383	
-4.19970507788	-1754.88822867	
-4.20469261939	-1754.88405736	
-4.20965540873	-1754.87995876	
-4.21459369037	-1754.87593175	
-4.21950770518	-1754.87197524	
-4.22439769047	-1754.86808814	
-4.22926388012	-1754.86426939	
-4.2341065046	-1754.86051796	
-4.23892579103	-1754.85683282	
-4.2437219633	-1754.85321297	
-4.24849524205	-1754.84965743	
-4.25324584481	-1754.84616522	
-4.257973986	-1754.8427354	
-4.26267987704	-1754.83936704	
-4.26736372635	-1754.83605921	
-4.27202573946	-1754.83281101	
-4.27666611902	-1754.82962157	
-4.28128506487	-1754.82649	
-4.28588277412	-1754.82341545	
-4.29045944115	-1754.82039709	
-4.29501525768	-1754.81743409	
-4.29955041285	-1754.81452563	
-4.3040650932	-1754.81167091	
-4.30855948279	-1754.80886916	
-4.31303376319	-1754.80611959	
-4.31748811354	-1754.80342145	
-4.3219227106	-1754.800774	
-4.32633772881	-1754.7981765	
-4.33073334029	-1754.79562822	
-4.33510971489	-1754.79312847	
-4.33946702026	-1754.79067653	
-4.34380542185	-1754.78827172	
-4.348125083	-1754.78591337	
-4.3524261649	-1754.78360082	
-4.35670882669	-1754.7813334	
-4.36097322548	-1754.77911048	
-4.36521951636	-1754.77693142	
-4.36944785247	-1754.7747956	
-4.373658385	-1754.77270241	
-4.37785126326	-1754.77065124	
-4.38202663467	-1754.7686415	
-4.38618464482	-1754.76667261	
-4.39032543749	-1754.76474398	
-4.39444915467	-1754.76285506	
-4.39855593663	-1754.76100529	
-4.40264592188	-1754.75919411	
-4.40671924726	-1754.75742099	
-4.41077604796	-1754.7556854	
-4.4148164575	-1754.75398681	
-4.4188406078	-1754.7523247	
-4.42284862919	-1754.75069858	
-4.42684065046	-1754.74910793	
-4.43081679884	-1754.74755227	
-4.43477720006	-1754.74603111	
-4.43872197835	-1754.74454398	
-4.44265125649	-1754.7430904	
-4.44656515581	-1754.74166991	
-4.45046379623	-1754.74028206	
-4.45434729625	-1754.73892639	
-4.45821577303	-1754.73760246	
-4.46206934235	-1754.73630984	
-4.46590811865	-1754.7350481	
-4.46973221509	-1754.73381681	
-4.47354174351	-1754.73261555	
-4.47733681448	-1754.73144392	
-4.48111753732	-1754.7303015	
-4.48488402011	-1754.72918791	
-4.48863636973	-1754.72810274	
-4.49237469184	-1754.72704561	
-4.49609909093	-1754.72601614	
-4.49980967033	-1754.72501396	
-4.50350653221	-1754.72403868	
-4.50718977763	-1754.72308994	
-4.51085950652	-1754.72216739	
-4.51451581772	-1754.72127066	
-4.518158809	-1754.72039942	
-4.52178857705	-1754.7195533	
-4.52540521752	-1754.71873198	
-4.52900882502	-1754.71793512	
-4.53259949315	-1754.71716238	
-4.5361773145	-1754.71641344	
-4.53974238067	-1754.71568797	
-4.54329478227	-1754.71498567	
-4.54683460898	-1754.71430622	
-4.55036194949	-1754.71364931	
-4.5538768916	-1754.71301463	
-4.55737952215	-1754.71240189	
-4.56086992709	-1754.7118108	
-4.56434819147	-1754.71124105	
-4.56781439944	-1754.71069236	
-4.57126863431	-1754.71016445	
-4.5747109785	-1754.70965704	
-4.5781415136	-1754.70916985	
-4.58156032035	-1754.70870262	
-4.58496747867	-1754.70825506	
-4.58836306767	-1754.70782693	
-4.59174716566	-1754.70741795	
-4.59511985013	-1754.70702787	
-4.59848119784	-1754.70665643	
-4.60183128472	-1754.7063034	
-4.60517018599	-1754.70596851	
-4.60849797608	-1754.70565152	
-4.61181472871	-1754.7053522	
-4.61512051684	-1754.7050703	
-4.61841541274	-1754.70480559	
-4.62169948794	-1754.70455785	
-4.62497281328	-1754.70432684	
-4.62823545892	-1754.70411233	
-4.63148749431	-1754.70391412	
-4.63472898823	-1754.70373197	
-4.63796000881	-1754.70356567	
-4.64118062351	-1754.70341501	
-4.64439089914	-1754.70327977	
-4.64759090187	-1754.70315976	
-4.65078069724	-1754.70305476	
-4.65396035016	-1754.70296458	
-4.65712992492	-1754.702889	
-4.66028948521	-1754.70282785	
-4.66343909411	-1754.70278091	
-4.66657881412	-1754.70274801	
-4.66970870713	-1754.70272895	
-4.67282883446	-1754.70272354	
-4.67593925688	-1754.7027316	
-4.67904003455	-1754.70275295	
-4.68213122712	-1754.70278741	
-4.68521289366	-1754.70283479	
-4.6882850927	-1754.70289494	
-4.69134788223	-1754.70296766	
-4.69440131972	-1754.7030528	
-4.6974454621	-1754.70315018	
-4.70048036579	-1754.70325964	
-4.70350608671	-1754.70338102	
-4.70652268025	-1754.70351414	
-4.70953020131	-1754.70365886	
-4.71252870431	-1754.70381501	
-4.71551824316	-1754.70398244	
-4.7184988713	-1754.70416099	
-4.72147064168	-1754.70435052	
-4.72443360681	-1754.70455087	
-4.72738781871	-1754.70476189	
-4.73033332894	-1754.70498344	
-4.73327018862	-1754.70521537	
-4.73619844839	-1754.70545755	
-4.7391181585	-1754.70570983	
-4.74202936871	-1754.70597207	
-4.74493212836	-1754.70624413	
-4.74782648639	-1754.70652588	
-4.75071249128	-1754.70681719	
-4.75359019111	-1754.70711792	
-4.75645963353	-1754.70742795	
-4.75932086582	-1754.70774713	
-4.7621739348	-1754.70807536	
-4.76501888693	-1754.7084125	
-4.76785576827	-1754.70875842	
-4.77068462447	-1754.70911301	
-4.77350550081	-1754.70947614	
-4.77631844218	-1754.7098477	
-4.77912349311	-1754.71022757	
-4.78192069773	-1754.71061563	
-4.78471009982	-1754.71101176	
-4.78749174278	-1754.71141585	
-4.79026566966	-1754.71182779	
-4.79303192316	-1754.71224748	
-4.7957905456	-1754.71267479	
-4.79854157897	-1754.71310962	
-4.80128506491	-1754.71355187	
-4.80402104473	-1754.71400143	
-4.80674955939	-1754.71445819	
-4.8094706495	-1754.71492206	
-4.81218435537	-1754.71539292	
-4.81489071697	-1754.71587069	
-4.81758977394	-1754.71635526	
-4.82028156561	-1754.71684653	
-4.82296613098	-1754.71734441	
-4.82564350875	-1754.7178488	
-4.8283137373	-1754.71835961	
-4.83097685472	-1754.71887675	
-4.83363289878	-1754.71940011	
-4.83628190695	-1754.71992962	
-4.83892391641	-1754.72046518	
-4.84155896405	-1754.7210067	
-4.84418708646	-1754.7215541	
-4.84680831994	-1754.72210729	
-4.84942270051	-1754.72266618	
-4.85203026392	-1754.72323069	
-4.85463104562	-1754.72380074	
-4.8572250808	-1754.72437624	
-4.85981240436	-1754.72495711	
-4.86239305096	-1754.72554328	
-4.86496705495	-1754.72613466	
-4.86753445046	-1754.72673117	
-4.87009527132	-1754.72733274	
-4.87264955112	-1754.72793929	
-4.8751973232	-1754.72855074	
-4.87773862063	-1754.72916703	
-4.88027347623	-1754.72978807	
-4.88280192259	-1754.73041379	
-4.88532399202	-1754.73104413	
-4.88783971662	-1754.73167901	
-4.89034912822	-1754.73231835	
-4.89285225844	-1754.7329621	
-4.89534913864	-1754.73361018	
-4.89783979995	-1754.73426253	
-4.90032427328	-1754.73491907	
-4.90280258929	-1754.73557975	
-4.90527477844	-1754.73624449	
-4.90774087093	-1754.73691323	
-4.91020089677	-1754.73758591	
-4.91265488574	-1754.73826247	
-4.91510286737	-1754.73894284	
-4.91754487103	-1754.73962696	
-4.91998092583	-1754.74031477	
-4.92241106068	-1754.74100622	
-4.92483530429	-1754.74170123	
-4.92725368516	-1754.74239976	
-4.92966623156	-1754.74310174	
-4.93207297159	-1754.74380713	
-4.93447393313	-1754.74451585	
-4.93686914386	-1754.74522787	
-4.93925863125	-1754.74594311	
-4.94164242261	-1754.74666153	
-4.94402054501	-1754.74738307	
-4.94639302537	-1754.74810769	
-4.94875989038	-1754.74883532	
-4.95112116656	-1754.74956591	
-4.95347688026	-1754.75029943	
-4.9558270576	-1754.7510358	
-4.95817172456	-1754.75177499	
-4.96051090691	-1754.75251695	
-4.96284463026	-1754.75326162	
-4.96517292002	-1754.75400896	
-4.96749580144	-1754.75475892	
-4.96981329958	-1754.75551145	
-4.97212543933	-1754.75626651	
-4.97443224543	-1754.75702405	
-4.97673374242	-1754.75778403	
-4.97902995468	-1754.7585464	
-4.98132090643	-1754.75931111	
-4.98360662171	-1754.76007813	
-4.98588712441	-1754.76084741	
-4.98816243824	-1754.7616189	
-4.99043258678	-1754.76239257	
-4.99269759341	-1754.76316838	
-4.99495748138	-1754.76394627	
-4.99721227376	-1754.76472622	
-4.9994619935	-1754.76550818	
-5.00170666335	-1754.76629211	
-5.00394630595	-1754.76707798	
-5.00618094375	-1754.76786573	
-5.00841059907	-1754.76865535	
-5.0106352941	-1754.76944678	
-5.01285505083	-1754.77024	
-5.01506989116	-1754.77103496	
-5.01727983681	-1754.77183162	
-5.01948490937	-1754.77262996	
-5.02168513028	-1754.77342993	
-5.02388052085	-1754.77423151	
-5.02607110223	-1754.77503465	
-5.02825689545	-1754.77583933	
-5.03043792139	-1754.7766455	
-5.03261420082	-1754.77745314	
-5.03478575433	-1754.77826221	
-5.03695260241	-1754.77907268	
-5.03911476542	-1754.77988452	
-5.04127226356	-1754.7806977	
-5.04342511692	-1754.78151217	
-5.04557334546	-1754.78232793	
-5.047716969	-1754.78314492	
-5.04985600725	-1754.78396313	
-5.05199047978	-1754.78478252	
-5.05412040604	-1754.78560306	
-5.05624580535	-1754.78642473	
-5.05836669692	-1754.78724749	
-5.06048309982	-1754.78807132	
-5.06259503303	-1754.78889618	
-5.06470251537	-1754.78972206	
-5.06680556556	-1754.79054892	
-5.06890420222	-1754.79137674	
-5.07099844382	-1754.79220549	
-5.07308830874	-1754.79303514	
-5.07517381523	-1754.79386567	
-5.07725498144	-1754.79469704	
-5.07933182538	-1754.79552925	
-5.08140436498	-1754.79636226	
-5.08347261805	-1754.79719604	
-5.08553660227	-1754.79803057	
-5.08759633523	-1754.79886583	
-5.08965183441	-1754.7997018	
-5.09170311719	-1754.80053844	
-5.09375020081	-1754.80137574	
-5.09579310244	-1754.80221368	
-5.09783183913	-1754.80305222	
-5.09986642782	-1754.80389136	
-5.10189688537	-1754.80473106	
-5.10392322852	-1754.80557131	
-5.1059454739	-1754.80641207	
-5.10796363806	-1754.80725334	
-5.10997773743	-1754.80809509	
-5.11198778836	-1754.8089373	
-5.11399380708	-1754.80977995	
-5.11599580975	-1754.81062302	
-5.11799381242	-1754.81146649	
-5.11998783102	-1754.81231034	
-5.12197788143	-1754.81315454	
-5.1239639794	-1754.81399909	
-5.12594614061	-1754.81484396	
-5.12792438062	-1754.81568913	
-5.12989871492	-1754.81653459	
-5.13186915891	-1754.81738031	
-5.13383572788	-1754.81822628	
-5.13579843705	-1754.81907248	
-5.13775730154	-1754.81991889	
-5.13971233637	-1754.82076549	
-5.1416635565	-1754.82161228	
-5.14361097679	-1754.82245923	
-5.145554612	-1754.82330632	
-5.14749447681	-1754.82415353	
-5.14943058584	-1754.82500086	
-5.15136295359	-1754.82584829	
-5.1532915945	-1754.82669579	
-5.15521652291	-1754.82754336	
-5.15713775309	-1754.82839098	
-5.15905529921	-1754.82923863	
-5.1609691754	-1754.8300863	
-5.16287939565	-1754.83093397	
-5.16478597392	-1754.83178163	
-5.16668892407	-1754.83262927	
-5.16858825987	-1754.83347686	
-5.17048399504	-1754.83432441	
-5.17237614319	-1754.83517188	
-5.17426471788	-1754.83601927	
-5.17614973257	-1754.83686657	
-5.17803120067	-1754.83771376	
-5.1799091355	-1754.83856083	
-5.18178355029	-1754.83940776	
-5.18365445823	-1754.84025454	
-5.1855218724	-1754.84110117	
-5.18738580584	-1754.84194762	
-5.18924627149	-1754.84279389	
-5.19110328224	-1754.84363996	
-5.19295685089	-1754.84448583	
-5.19480699018	-1754.84533147	
-5.19665371277	-1754.84617688	
-5.19849703127	-1754.84702205	
-5.20033695819	-1754.84786696	
-5.202173506	-1754.8487116	
-5.20400668708	-1754.84955597	
-5.20583651375	-1754.85040005	
-5.20766299828	-1754.85124383	
-5.20948615284	-1754.8520873	
-5.21130598956	-1754.85293045	
-5.21312252048	-1754.85377328	
-5.21493575761	-1754.85461576	
-5.21674571285	-1754.85545789	
-5.21855239808	-1754.85629966	
-5.22035582508	-1754.85714106	
-5.22215600558	-1754.85798208	
-5.22395295126	-1754.85882272	
-5.22574667371	-1754.85966295	
-5.22753718449	-1754.86050278	
-5.22932449506	-1754.86134219	
-5.23110861685	-1754.86218118	
-5.23288956123	-1754.86301973	
-5.23466733947	-1754.86385784	
-5.23644196283	-1754.8646955	
-5.23821344248	-1754.8655327	
-5.23998178954	-1754.86636944	
-5.24174701506	-1754.86720569	
-5.24350913005	-1754.86804147	
-5.24526814546	-1754.86887675	
-5.24702407216	-1754.86971153	
-5.24877692099	-1754.8705458	
-5.25052670271	-1754.87137956	
-5.25227342805	-1754.8722128	
-5.25401710765	-1754.87304551	
-5.25575775213	-1754.87387768	
-5.25749537203	-1754.8747093	
-5.25922997784	-1754.87554038	
-5.26096158	-1754.8763709	
-5.2626901889	-1754.87720085	
-5.26441581487	-1754.87803023	
-5.26613846818	-1754.87885903	
-5.26785815906	-1754.87968725	
-5.26957489768	-1754.88051488	
-5.27128869416	-1754.88134191	
-5.27299955856	-1754.88216834	
-5.27470750091	-1754.88299415	
-5.27641253116	-1754.88381936	
-5.27811465923	-1754.88464394	
-5.27981389498	-1754.88546789	
-5.28151024823	-1754.88629121	
-5.28320372874	-1754.88711389	
-5.28489434622	-1754.88793593	
-5.28658211033	-1754.88875732	
-5.28826703069	-1754.88957805	
-5.28994911688	-1754.89039813	
-5.2916283784	-1754.89121753	
-5.29330482472	-1754.89203627	
-5.29497846528	-1754.89285433	
-5.29664930945	-1754.89367172	
-5.29831736655	-1754.89448841	
-5.29998264587	-1754.89530442	
-5.30164515664	-1754.89611973	
-5.30330490806	-1754.89693435	
-5.30496190927	-1754.89774826	
-5.30661616936	-1754.89856146	
-5.3082676974	-1754.89937394	
-5.30991650239	-1754.90018572	
-5.3115625933	-1754.90099677	
-5.31320597904	-1754.90180709	
-5.3148466685	-1754.90261669	
-5.3164846705	-1754.90342555	
-5.31811999384	-1754.90423368	
-5.31975264727	-1754.90504106	
-5.32138263948	-1754.90584771	
-5.32300997914	-1754.9066536	
-5.32463467487	-1754.90745874	
-5.32625673524	-1754.90826312	
-5.32787616879	-1754.90906675	
-5.32949298402	-1754.90986961	
-5.33110718937	-1754.91067171	
-5.33271879327	-1754.91147303	
-5.33432780407	-1754.91227359	
-5.33593423012	-1754.91307337	
-5.3375380797	-1754.91387237	
-5.33913936107	-1754.91467059	
-5.34073808243	-1754.91546802	
-5.34233425196	-1754.91626467	
-5.3439278778	-1754.91706053	
-5.34551896803	-1754.91785559	
-5.34710753072	-1754.91864986	
-5.34869357387	-1754.91944332	
-5.35027710548	-1754.92023599	
-5.35185813348	-1754.92102785	
-5.35343666577	-1754.92181891	
-5.35501271022	-1754.92260916	
-5.35658627467	-1754.92339859	
-5.3581573669	-1754.92418721	
-5.35972599468	-1754.92497502	
-5.36129216571	-1754.92576201	
-5.36285588769	-1754.92654817	
-5.36441716825	-1754.92733352	
-5.36597601502	-1754.92811804	
-5.36753243557	-1754.92890173	
-5.36908643744	-1754.92968459	
-5.37063802813	-1754.93046663	
-5.37218721511	-1754.93124783	
-5.37373400583	-1754.93202819	
-5.37527840768	-1754.93280772	
-5.37682042804	-1754.93358641	
-5.37836007422	-1754.93436427	
-5.37989735354	-1754.93514128	
-5.38143227326	-1754.93591744	
-5.38296484061	-1754.93669277	
-5.38449506279	-1754.93746724	
-5.38602294697	-1754.93824087	
-5.38754850028	-1754.93901365	
-5.38907172982	-1754.93978558	
-5.39059264266	-1754.94055666	
-5.39211124583	-1754.94132688	
-5.39362754635	-1754.94209625	
-5.39514155118	-1754.94286477	
-5.39665326727	-1754.94363242	
-5.39816270152	-1754.94439922	
-5.39966986081	-1754.94516516	
-5.40117475199	-1754.94593024	
-5.40267738187	-1754.94669446	
-5.40417775725	-1754.94745782	
-5.40567588487	-1754.94822031	
-5.40717177146	-1754.94898194	
-5.40866542372	-1754.9497427	
-5.4101568483	-1754.9505026	
-5.41164605186	-1754.95126163	
-5.41313304098	-1754.9520198	
-5.41461782224	-1754.95277709	
-5.4161004022	-1754.95353352	
-5.41758078737	-1754.95428907	
-5.41905898424	-1754.95504376	
-5.42053499927	-1754.95579757	
-5.42200883889	-1754.95655052	
-5.4234805095	-1754.95730259	
-5.42495001748	-1754.95805379	
-5.42641736918	-1754.95880411	
-5.4278825709	-1754.95955356	
-5.42934562895	-1754.96030214	
-5.43080654959	-1754.96104984	
-5.43226533906	-1754.96179667	
-5.43372200355	-1754.96254262	
-5.43517654927	-1754.9632877	
-5.43662898235	-1754.9640319	
-5.43807930892	-1754.96477522	
-5.4395275351	-1754.96551767	
-5.44097366695	-1754.96625924	
-5.44241771052	-1754.96699994	
-5.44385967184	-1754.96773976	
-5.4452995569	-1754.9684787	
-5.44673737167	-1754.96921676	
-5.44817312209	-1754.96995395	
-5.44960681409	-1754.97069026	
-5.45103845357	-1754.97142569	
-5.45246804638	-1754.97216025	
-5.45389559837	-1754.97289392	
-5.45532111536	-1754.97362672	
-5.45674460314	-1754.97435865	
-5.45816606749	-1754.97508969	
-5.45958551414	-1754.97581986	
-5.46100294883	-1754.97654915	
-5.46241837723	-1754.97727757	
-5.46383180503	-1754.97800511	
-5.46524323786	-1754.97873177	
-5.46665268137	-1754.97945756	
-5.46806014114	-1754.98018247	
-5.46946562274	-1754.98090651	
-5.47086913175	-1754.98162967	
-5.47227067367	-1754.98235195	
-5.47367025403	-1754.98307336	
-5.47506787829	-1754.9837939	
-5.47646355193	-1754.98451356	
-5.47785728038	-1754.98523235	
-5.47924906905	-1754.98595027	
-5.48063892334	-1754.98666731	
-5.48202684862	-1754.98738349	
-5.48341285022	-1754.98809879	
-5.48479693349	-1754.98881321	
-5.48617910372	-1754.98952677	
-5.48755936619	-1754.99023946	
-5.48893772616	-1754.99095128	
-5.49031418887	-1754.99166223	
-5.49168875953	-1754.99237231	
-5.49306144334	-1754.99308152	
-5.49443224547	-1754.99378987	
-5.49580117108	-1754.99449734	
-5.49716822529	-1754.99520396	
-5.49853341322	-1754.9959097	
-5.49989673995	-1754.99661458	
-5.50125821054	-1754.9973186	
-5.50261783006	-1754.99802176	
-5.50397560352	-1754.99872405	
-5.50533153593	-1754.99942548	
-5.50668563228	-1755.00012605	
-5.50803789753	-1755.00082575	
-5.50938833663	-1755.0015246	
-5.5107369545	-1755.00222259	
-5.51208375605	-1755.00291972	
-5.51342874616	-1755.003616	
-5.51477192971	-1755.00431141	
-5.51611331154	-1755.00500598	
-5.51745289646	-1755.00569968	
-5.51879068931	-1755.00639254	
-5.52012669485	-1755.00708454	
-5.52146091786	-1755.00777568	
-5.5227933631	-1755.00846598	
-5.52412403528	-1755.00915542	
-5.52545293913	-1755.00984402	
-5.52678007934	-1755.01053177	
-5.52810546058	-1755.01121867	
-5.52942908751	-1755.01190472	
-5.53075096477	-1755.01258993	
-5.53207109697	-1755.01327429	
-5.53338948873	-1755.01395781	
-5.53470614461	-1755.01464049	
-5.53602106919	-1755.01532232	
-5.53733426702	-1755.01600331	
-5.53864574262	-1755.01668347	
-5.5399555005	-1755.01736278	
-5.54126354516	-1755.01804126	
-5.54256988107	-1755.0187189	
-5.5438745127	-1755.01939571	
-5.54517744448	-1755.02007168	
-5.54647868084	-1755.02074681	
-5.54777822618	-1755.02142112	
-5.5490760849	-1755.02209459	
-5.55037226136	-1755.02276724	
-5.55166675992	-1755.02343905	
-5.55295958492	-1755.02411004	
-5.55425074069	-1755.0247802	
-5.55554023152	-1755.02544953	
-5.5568280617	-1755.02611805	
-5.55811423551	-1755.02678573	
-5.5593987572	-1755.0274526	
-5.56068163102	-1755.02811864	
-5.56196286117	-1755.02878387	
-5.56324245188	-1755.02944827	
-5.56452040732	-1755.03011186	
-5.56579673168	-1755.03077463	
-5.56707142911	-1755.03143659	
-5.56834450376	-1755.03209773	
-5.56961595975	-1755.03275806	
-5.57088580119	-1755.03341758	
-5.57215403218	-1755.03407629	
-5.57342065679	-1755.03473419	
-5.5746856791	-1755.03539129	
-5.57594910315	-1755.03604757	
-5.57721093297	-1755.03670305	
-5.57847117258	-1755.03735773	
-5.57972982599	-1755.03801161	
-5.58098689718	-1755.03866468	
-5.58224239012	-1755.03931695	
-5.58349630878	-1755.03996843	
-5.5847486571	-1755.04061911	
-5.585999439	-1755.04126899	
-5.5872486584	-1755.04191807	
-5.5884963192	-1755.04256637	
-5.58974242528	-1755.04321387	
-5.59098698051	-1755.04386058	
-5.59222998875	-1755.0445065	
-5.59347145384	-1755.04515163	
-5.5947113796	-1755.04579597	
-5.59594976985	-1755.04643953	
-5.59718662839	-1755.0470823	
-5.598421959	-1755.0477243	
-5.59965576545	-1755.04836551	
-5.60088805149	-1755.04900594	
-5.60211882088	-1755.04964559	
-5.60334807733	-1755.05028446	
-5.60457582457	-1755.05092255	
-5.6058020663	-1755.05155988	
-5.60702680619	-1755.05219642	
-5.60825004793	-1755.0528322	
-5.60947179518	-1755.05346721	
-5.61069205159	-1755.05410144	
-5.61191082078	-1755.05473491	
-5.61312810639	-1755.05536761	
-5.61434391201	-1755.05599954	
-5.61555824124	-1755.05663072	
-5.61677109767	-1755.05726112	
-5.61798248485	-1755.05789077	
-5.61919240636	-1755.05851966	
-5.62040086572	-1755.05914779	
-5.62160786647	-1755.05977516	
-5.62281341212	-1755.06040178	
-5.62401750619	-1755.06102764	
-5.62522015215	-1755.06165275	
-5.6264213535	-1755.06227711	
-5.62762111369	-1755.06290072	
-5.62881943618	-1755.06352358	
-5.63001632442	-1755.06414569	
-5.63121178182	-1755.06476706	
-5.63240581181	-1755.06538768	
-5.6335984178	-1755.06600756	
-5.63478960317	-1755.0666267	
-5.6359793713	-1755.0672451	
-5.63716772557	-1755.06786276	
-5.63835466933	-1755.06847968	
-5.63954020593	-1755.06909587	
-5.64072433869	-1755.06971132	
-5.64190707094	-1755.07032604	
-5.64308840598	-1755.07094003	
-5.64426834712	-1755.07155329	
-5.64544689764	-1755.07216581	
-5.64662406082	-1755.07277762	
-5.64779983991	-1755.07338869	
-5.64897423816	-1755.07399904	
-5.65014725882	-1755.07460867	
-5.65131890512	-1755.07521758	
-5.65248918027	-1755.07582576	
-5.65365808747	-1755.07643323	
-5.65482562993	-1755.07703998	
-5.65599181082	-1755.07764602	
-5.65715663332	-1755.07825134	
-5.65832010058	-1755.07885595	
-5.65948221576	-1755.07945984	
-5.660642982	-1755.08006303	
-5.66180240242	-1755.08066551	
-5.66296048014	-1755.08126728	
-5.66411721826	-1755.08186834	
-5.66527261989	-1755.0824687	
-5.66642668811	-1755.08306836	
-5.66757942599	-1755.08366732	
-5.6687308366	-1755.08426557	
-5.66988092298	-1755.08486313	
-5.67102968818	-1755.08545999	
-5.67217713524	-1755.08605616	
-5.67332326717	-1755.08665163	
-5.67446808699	-1755.08724641	
-5.67561159769	-1755.08784049	
-5.67675380227	-1755.08843389	
-5.6778947037	-1755.0890266	
-5.67903430497	-1755.08961862	
-5.68017260902	-1755.09020996	
-5.6813096188	-1755.09080061	
-5.68244533727	-1755.09139058	
-5.68357976734	-1755.09197986	
-5.68471291194	-1755.09256847	
-5.68584477397	-1755.0931564	
-5.68697535634	-1755.09374365	
-5.68810466194	-1755.09433023	
-5.68923269364	-1755.09491613	
-5.69035945432	-1755.09550136	
-5.69148494685	-1755.09608592	
-5.69260917406	-1755.09666981	
-5.6937321388	-1755.09725303	
-5.69485384391	-1755.09783558	
-5.69597429221	-1755.09841747	
-5.69709348651	-1755.09899869	
-5.69821142961	-1755.09957926	
-5.69932812431	-1755.10015915	
-5.70044357339	-1755.10073839	
-5.70155777963	-1755.10131698	
-5.7026707458	-1755.1018949	
-5.70378247466	-1755.10247217	
-5.70489296894	-1755.10304878	
-5.70600223139	-1755.10362475	
-5.70711026475	-1755.10420006	
-5.70821707172	-1755.10477472	
-5.70932265503	-1755.10534873	
-5.71042701737	-1755.10592209	
-5.71153016145	-1755.10649481	
-5.71263208993	-1755.10706689	
-5.71373280551	-1755.10763832	
-5.71483231084	-1755.10820911	
-5.71593060859	-1755.10877926	
-5.71702770141	-1755.10934877	
-5.71812359193	-1755.10991765	
-5.71921828279	-1755.11048589	
-5.72031177661	-1755.11105349	
-5.72140407601	-1755.11162046	
-5.72249518359	-1755.1121868	
-5.72358510195	-1755.11275251	
-5.72467383369	-1755.11331759	
-5.72576138137	-1755.11388205	
-5.72684774759	-1755.11444587	
-5.72793293489	-1755.11500908	
-5.72901694583	-1755.11557166	
-5.73009978297	-1755.11613361	
-5.73118144884	-1755.11669495	
-5.73226194598	-1755.11725567	
-5.7333412769	-1755.11781577	
-5.73441944412	-1755.11837525	
-5.73549645015	-1755.11893412	
-5.73657229748	-1755.11949237	
-5.73764698861	-1755.12005001	
-5.73872052602	-1755.12060705	
-5.73979291218	-1755.12116347	
-5.74086414956	-1755.12171928	
-5.74193424062	-1755.12227449	
-5.74300318781	-1755.12282909	
-5.74407099357	-1755.12338309	
-5.74513766034	-1755.12393648	
-5.74620319054	-1755.12448927	
-5.7472675866	-1755.12504147	
-5.74833085092	-1755.12559306	
-5.74939298591	-1755.12614406	
-5.75045399397	-1755.12669446	
-5.75151387748	-1755.12724426	
-5.75257263883	-1755.12779348	
-5.75363028038	-1755.1283421	
-5.75468680452	-1755.12889013	
-5.75574221359	-1755.12943757	
-5.75679650994	-1755.12998442	
-5.75784969593	-1755.13053069	
-5.75890177388	-1755.13107637	
-5.75995274612	-1755.13162147	
-5.76100261499	-1755.13216598	
-5.76205138278	-1755.13270992	
-5.76309905181	-1755.13325327	
-5.76414562438	-1755.13379605	
-5.76519110278	-1755.13433824	
-5.7662354893	-1755.13487987	
-5.76727878622	-1755.13542091	
-5.76832099579	-1755.13596139	
-5.7693621203	-1755.13650129	
-5.770402162	-1755.13704062	
-5.77144112313	-1755.13757938	
-5.77247900594	-1755.13811757	
-5.77351581267	-1755.1386552	
-5.77455154554	-1755.13919226	
-5.77558620679	-1755.13972876	
-5.77661979861	-1755.14026469	
-5.77765232322	-1755.14080006	
-5.77868378283	-1755.14133487	
-5.77971417962	-1755.14186912	
-5.78074351579	-1755.14240282	
-5.78177179352	-1755.14293596	
-5.78279901497	-1755.14346854	
-5.78382518233	-1755.14400057	
-5.78485029774	-1755.14453204	
-5.78587436337	-1755.14506297	
-5.78689738137	-1755.14559334	
-5.78791935386	-1755.14612316	
-5.788940283	-1755.14665244	
-5.7899601709	-1755.14718117	
-5.79097901969	-1755.14770936	
-5.79199683148	-1755.148237	
-5.79301360838	-1755.1487641	
-5.7940293525	-1755.14929066	
-5.79504406593	-1755.14981667	
-5.79605775077	-1755.15034215	
-5.79707040908	-1755.15086709	
-5.79808204295	-1755.1513915	
-5.79909265446	-1755.15191537	
-5.80010224566	-1755.1524387	
-5.80111081862	-1755.15296151	
-5.80211837538	-1755.15348378	
-5.80312491799	-1755.15400552	
-5.80413044849	-1755.15452673	
-5.80513496892	-1755.15504741	
-5.80613848129	-1755.15556757	
-5.80714098764	-1755.1560872	
-5.80814248998	-1755.15660631	
-5.80914299031	-1755.1571249	
