#Site	lnL	
0	-1.69611619697
1	-1.73655914901
2	-1.90248597168
3	-5.8781046704
4	-1.88179269298
5	-1.90248597168
6	-6.47357680525
7	-6.0201468069
8	-1.92389430878
9	-1.85247437075
10	-1.72252456982
11	-1.90248597168
12	-2.04034869563
13	-1.72252456982
14	-5.47940916479
15	-8.90048715942
16	-2.07083125787
17	-5.66759781455
18	-2.04034869563
19	-2.07083125787
20	-2.2788402865
21	-1.85247437075
22	-5.60610188521
23	-2.2788402865
24	-1.69611619697
25	-2.07083125787
26	-2.08163270636
27	-4.64473988303
28	-2.07083125787
29	-2.2788402865
30	-7.8732487561
31	-1.73655914901
32	-8.70770414924
33	-1.85247437075
34	-5.8405673283
35	-2.08163270636
36	-4.83355766963
37	-8.8878303818
38	-1.92389430878
39	-7.70822222454
40	-11.1168320505
41	-1.92389430878
42	-1.69611619697
43	-1.73655914901
44	-2.08163270636
45	-1.70905797829
46	-2.07083125787
47	-6.36637908903
48	-2.04034869563
49	-1.88179269298
50	-2.08163270636
51	-5.57800007604
52	-1.72252456982
53	-6.26272837505
54	-6.03727100888
55	-6.06004070684
56	-2.2788402865
57	-2.04034869563
58	-1.73655914901
59	-1.90248597168
60	-2.04034869563
61	-4.79709291723
62	-5.24227178107
63	-2.04034869563
64	-6.0201468069
65	-2.2788402865
66	-1.70905797829
67	-1.72252456982
68	-1.90248597168
69	-5.45379509678
70	-9.4189100533
71	-2.2788402865
72	-1.70905797829
73	-1.73655914901
74	-5.2803074798
75	-1.85247437075
76	-6.73460875086
77	-2.08163270636
78	-1.85247437075
79	-1.72252456982
80	-10.6730020336
81	-2.04034869563
82	-1.72252456982
83	-5.81642469528
84	-1.70905797829
85	-6.0201468069
86	-5.25484916564
87	-1.85247437075
88	-1.72252456982
89	-5.3449573786
90	-1.69611619697
91	-1.72252456982
92	-1.92389430878
93	-11.7828295632
94	-7.8759986212
95	-1.92389430878
96	-2.04034869563
97	-1.88179269298
98	-1.92389430878
99	-1.70905797829
100	-1.88179269298
101	-5.8187841679
102	-2.04034869563
103	-1.73655914901
104	-2.08163270636
105	-1.70905797829
106	-2.07083125787
107	-9.02173447526
108	-6.58992347142
109	-9.84906997634
110	-2.08163270636
111	-7.85194143795
112	-6.12052186602
113	-1.90248597168
114	-7.56811301447
115	-1.72252456982
116	-2.08163270636
117	-1.70905797829
118	-2.07083125787
119	-2.08163270636
120	-6.04389836078
121	-1.73655914901
122	-2.2788402865
123	-1.85247437075
124	-1.88179269298
125	-5.66759781455
126	-1.70905797829
127	-6.29008501847
128	-1.90248597168
129	-1.70905797829
130	-1.72252456982
131	-7.37479114427
132	-1.70905797829
133	-2.07083125787
134	-2.08163270636
135	-6.16024502696
136	-1.72252456982
137	-4.63196493596
138	-1.85247437075
139	-2.07083125787
140	-1.92389430878
141	-2.04034869563
142	-2.07083125787
143	-4.43573126707
144	-6.32989888502
145	-1.72252456982
146	-10.9619118253
147	-2.04034869563
148	-1.72252456982
149	-5.06882512965
150	-12.7527378085
151	-6.45102716119
152	-7.70226891783
153	-1.85247437075
154	-1.72252456982
155	-2.2788402865
156	-8.12431531503
157	-1.72252456982
158	-1.92389430878
159	-6.1997236794
160	-1.72252456982
161	-5.47940916479
162	-6.61625330041
163	-5.57475375118
164	-1.90248597168
165	-2.04034869563
166	-5.30787853379
167	-8.97372471144
168	-2.04034869563
169	-4.60734155981
170	-2.08163270636
171	-8.61690556975
172	-5.55347600756
173	-2.08163270636
174	-8.76201557921
175	-1.88179269298
176	-1.92389430878
177	-1.69611619697
178	-4.60734155981
179	-7.99582692086
180	-2.04034869563
181	-2.07083125787
182	-2.2788402865
183	-6.47357680525
184	-2.07083125787
185	-1.90248597168
186	-1.85247437075
187	-6.77862178185
188	-7.11741244652
189	-1.85247437075
190	-1.73655914901
191	-1.90248597168
192	-8.072501976
193	-1.72252456982
194	-1.92389430878
195	-6.19356349897
196	-1.72252456982
197	-4.43573126707
198	-10.3783634879
199	-1.72252456982
200	-2.08163270636
201	-1.70905797829
202	-1.73655914901
203	-1.92389430878
204	-1.70905797829
205	-4.74448830609
206	-2.08163270636
207	-4.62273551617
208	-1.72252456982
209	-5.56249706312
210	-5.49373585309
211	-5.57475375118
212	-1.90248597168
213	-8.40347275373
214	-1.88179269298
215	-1.90248597168
216	-6.09473827308
217	-1.72252456982
218	-1.90248597168
219	-1.69611619697
220	-1.88179269298
221	-10.2745728941
222	-1.85247437075
223	-1.73655914901
224	-1.92389430878
225	-8.60668926544
226	-1.72252456982
227	-9.62226511763
228	-1.70905797829
229	-1.73655914901
230	-1.92389430878
231	-1.69611619697
232	-1.73655914901
233	-2.2788402865
234	-1.85247437075
235	-7.8571290022
236	-1.92389430878
237	-1.69611619697
238	-1.73655914901
239	-1.90248597168
240	-2.04034869563
241	-1.72252456982
242	-1.92389430878
243	-1.85247437075
244	-1.73655914901
245	-1.92389430878
246	-2.04034869563
247	-6.14638279819
248	-7.02338247107
249	-1.70905797829
250	-1.72252456982
251	-5.36720232223
252	-1.85247437075
253	-5.16897152686
254	-1.90248597168
255	-2.04034869563
256	-1.72252456982
257	-5.24227178107
258	-1.69611619697
259	-1.88179269298
260	-1.92389430878
261	-4.64473988303
262	-1.73655914901
263	-1.90248597168
264	-6.47357680525
265	-5.63419197556
266	-1.90248597168
267	-2.04034869563
268	-1.73655914901
269	-1.90248597168
270	-5.57800007604
271	-5.8405673283
272	-1.90248597168
273	-1.85247437075
274	-1.73655914901
275	-8.88712304588
276	-1.70905797829
277	-5.55347600756
278	-10.8509579771
279	-2.04034869563
280	-1.72252456982
281	-1.92389430878
282	-1.85247437075
283	-1.88179269298
284	-2.08163270636
285	-9.67645067568
286	-4.60734155981
287	-5.2803074798
288	-1.85247437075
289	-1.88179269298
290	-2.08163270636
291	-5.8781046704
292	-7.8759986212
293	-5.81642469528
294	-1.70905797829
295	-1.88179269298
296	-1.92389430878
297	-1.70905797829
298	-11.8208968911
299	-2.08163270636
300	-9.47847849542
301	-1.73655914901
302	-5.66759781455
303	-1.85247437075
304	-2.07083125787
305	-1.90248597168
306	-1.69611619697
307	-1.73655914901
308	-1.90248597168
309	-6.16024502696
310	-4.58388074195
311	-2.08163270636
312	-1.70905797829
313	-4.79709291723
314	-7.79010552351
315	-2.04034869563
316	-1.88179269298
317	-5.11985909203
318	-4.83355766963
319	-4.60734155981
320	-2.08163270636
321	-6.1997236794
322	-2.07083125787
323	-5.11985909203
324	-1.85247437075
325	-1.72252456982
326	-5.83890511455
327	-1.70905797829
328	-10.5156530234
329	-1.90248597168
330	-2.04034869563
331	-5.57475375118
332	-1.92389430878
333	-1.85247437075
334	-5.45255311653
335	-8.29414130215
336	-1.70905797829
337	-7.30272020452
338	-5.11985909203
339	-2.04034869563
340	-6.30372839658
341	-5.4034406817
342	-1.69611619697
343	-1.72252456982
344	-5.25484916564
345	-1.69611619697
346	-11.4703351443
347	-2.08163270636
348	-1.70905797829
349	-6.80100450311
350	-1.92389430878
351	-10.3676091191
352	-2.07083125787
353	-1.90248597168
354	-6.1997236794
355	-10.7994711702
356	-1.90248597168
357	-1.69611619697
358	-1.88179269298
359	-7.72547770738
360	-1.69611619697
361	-4.58388074195
362	-1.90248597168
363	-2.04034869563
364	-1.88179269298
365	-1.90248597168
366	-1.85247437075
367	-2.07083125787
368	-2.08163270636
369	-7.24064082588
370	-8.36974860544
371	-1.92389430878
372	-5.21015426342
373	-11.4518056799
374	-1.90248597168
375	-8.46286195963
376	-5.60610188521
377	-1.92389430878
378	-1.85247437075
379	-1.73655914901
380	-2.08163270636
381	-2.04034869563
382	-1.88179269298
383	-1.92389430878
384	-5.57800007604
385	-1.88179269298
386	-2.08163270636
387	-1.69611619697
388	-1.73655914901
389	-2.2788402865
390	-1.85247437075
391	-1.88179269298
392	-1.92389430878
393	-1.70905797829
394	-1.72252456982
395	-2.2788402865
396	-6.51631045386
397	-1.73655914901
398	-2.2788402865
399	-1.85247437075
400	-5.4161210563
401	-7.00022078331
402	-2.04034869563
403	-5.63419197556
404	-2.08163270636
405	-2.04034869563
406	-5.15561014851
407	-5.06882512965
408	-5.59299521979
409	-1.73655914901
410	-1.90248597168
411	-2.04034869563
412	-2.07083125787
413	-2.2788402865
414	-1.69611619697
415	-2.07083125787
416	-2.2788402865
417	-1.85247437075
418	-1.72252456982
419	-1.92389430878
420	-7.85194143795
421	-6.29008501847
422	-5.56249706312
423	-7.68961591062
424	-1.88179269298
425	-1.92389430878
426	-5.8781046704
427	-5.7427193667
428	-2.08163270636
429	-1.70905797829
430	-1.73655914901
431	-5.39416442256
432	-1.85247437075
433	-1.73655914901
434	-4.95247846347
435	-1.85247437075
436	-1.88179269298
437	-1.92389430878
438	-2.04034869563
439	-11.9037158638
440	-6.71225955716
441	-6.34248495925
442	-1.72252456982
443	-1.92389430878
444	-1.69611619697
445	-5.70679424713
446	-2.08163270636
447	-6.63992894849
448	-5.7427193667
449	-5.81642469528
450	-5.45379509678
451	-1.88179269298
452	-9.96762025872
453	-1.85247437075
454	-5.63419197556
455	-5.2803074798
456	-6.05890336958
457	-1.73655914901
458	-8.41973787304
459	-1.69611619697
460	-7.8410898765
461	-5.81642469528
462	-5.45379509678
463	-2.07083125787
464	-1.90248597168
465	-1.70905797829
466	-12.9870844458
467	-1.92389430878
468	-2.04034869563
469	-5.7427193667
470	-6.10101557422
