#Site	lnL	
0	-1.64971113693
1	-9.1432946694
2	-1.73845372108
3	-1.64971113693
4	-5.85577119931
5	-1.35213401615
6	-1.64971113693
7	-5.14742442284
8	-8.35948473122
9	-1.76507946949
10	-9.54640272802
11	-6.76524189953
12	-1.76507946949
13	-2.35456913396
14	-1.35213401615
15	-1.76507946949
16	-5.23037882887
17	-1.35213401615
18	-2.09634612356
19	-5.04972603447
20	-1.52321420059
21	-1.64971113693
22	-8.87788266844
23	-6.87850111281
24	-10.1055859662
25	-5.87608460073
26	-7.35848588444
27	-5.74097107097
28	-2.09747259745
29	-6.89016711884
30	-1.76507946949
31	-1.86351128913
32	-1.52321420059
33	-1.76507946949
34	-1.99580097824
35	-1.35213401615
36	-6.23217465948
37	-6.48460298825
38	-1.44415923396
39	-1.64971113693
40	-5.48116060496
41	-1.52321420059
42	-7.84047264007
43	-9.23184863911
44	-7.28894470048
45	-5.41473500004
46	-2.09747259745
47	-6.76524189953
48	-1.85716104851
49	-2.09747259745
50	-1.52321420059
51	-1.64971113693
52	-2.35456913396
53	-9.64444702908
54	-2.09634612356
55	-2.35456913396
56	-8.55161955066
57	-5.23743886404
58	-9.53055956707
59	-1.52321420059
60	-5.35422135134
61	-2.09747259745
62	-1.44415923396
63	-1.64971113693
64	-2.35456913396
65	-7.74504110748
66	-1.85716104851
67	-2.09747259745
68	-1.52321420059
69	-5.40076117894
70	-5.12778869118
71	-1.44415923396
72	-1.64971113693
73	-7.13845978737
74	-6.76222419608
75	-12.8237466171
76	-1.86351128913
77	-1.73845372108
78	-1.85716104851
79	-8.47869104165
80	-1.44415923396
81	-1.85716104851
82	-21.0970044726
83	-1.52321420059
84	-9.57805702321
85	-2.09747259745
86	-7.66960587773
87	-1.76507946949
88	-4.97249410296
89	-1.35213401615
90	-5.96381554496
91	-10.5083248537
92	-1.73845372108
93	-1.76507946949
94	-5.74711080517
95	-6.90376145535
96	-1.76507946949
97	-2.09747259745
98	-1.35213401615
99	-1.85716104851
100	-1.99580097824
101	-13.3646471586
102	-1.76507946949
103	-5.14742442284
104	-1.52321420059
105	-2.09634612356
106	-1.86351128913
107	-1.44415923396
108	-1.64971113693
109	-2.35456913396
110	-12.7633278423
111	-5.98398032328
112	-5.17000854505
113	-15.5333019966
114	-1.76507946949
115	-1.99580097824
116	-1.35213401615
117	-1.85716104851
118	-5.48116060496
119	-1.44415923396
120	-12.4551093469
121	-1.86351128913
122	-7.51018094739
123	-2.09634612356
124	-5.33496474848
125	-1.44415923396
126	-6.00202429563
127	-2.35456913396
128	-1.73845372108
129	-6.28638015356
130	-5.45342710634
131	-1.35213401615
132	-1.85716104851
133	-2.35456913396
134	-6.88556381213
135	-1.76507946949
136	-5.90374762243
137	-1.52321420059
138	-2.09634612356
139	-1.99580097824
140	-1.35213401615
141	-1.76507946949
142	-2.35456913396
143	-1.35213401615
144	-2.09634612356
145	-5.82727770897
146	-6.75970422471
147	-9.94475603732
148	-1.99580097824
149	-1.44415923396
150	-6.13116258043
151	-5.63833418036
152	-12.0478942357
153	-5.40076117894
154	-11.4363447508
155	-1.73845372108
156	-1.64971113693
157	-2.35456913396
158	-7.66686247405
159	-1.85716104851
160	-2.35456913396
161	-1.44415923396
162	-1.76507946949
163	-1.99580097824
164	-13.0927976348
165	-1.64971113693
166	-1.99580097824
167	-13.1840633291
168	-5.25274273276
169	-1.86351128913
170	-1.44415923396
171	-2.09634612356
172	-2.35456913396
173	-7.66686247405
174	-6.00202429563
175	-9.29148595023
176	-1.73845372108
177	-1.76507946949
178	-8.35829578546
179	-1.44415923396
180	-1.85716104851
181	-1.86351128913
182	-7.51018094739
183	-1.64971113693
184	-1.86351128913
185	-13.2244931016
186	-1.76507946949
187	-8.00462771873
188	-7.42632320099
189	-6.17256949225
190	-5.6615005762
191	-12.7633278423
192	-1.64971113693
193	-5.96894320469
194	-1.35213401615
195	-6.22200888785
196	-5.23037882887
197	-1.35213401615
198	-1.64971113693
199	-1.99580097824
200	-14.6197938311
201	-1.85716104851
202	-1.99580097824
203	-1.73845372108
204	-1.76507946949
205	-2.09747259745
206	-1.52321420059
207	-1.85716104851
208	-2.09747259745
209	-13.0907379257
210	-2.09634612356
211	-2.09747259745
212	-1.52321420059
213	-1.76507946949
214	-4.99314255217
215	-1.35213401615
216	-1.64971113693
217	-1.86351128913
218	-1.35213401615
219	-1.76507946949
220	-2.35456913396
221	-1.44415923396
222	-6.23217465948
223	-6.02299756807
224	-1.52321420059
225	-1.64971113693
226	-9.41235924384
227	-7.80724789779
228	-1.85716104851
229	-5.72000401591
230	-7.97834736264
231	-1.76507946949
232	-2.35456913396
233	-1.35213401615
234	-1.64971113693
235	-2.09747259745
236	-7.90182198928
237	-1.64971113693
238	-2.35456913396
239	-8.97254981347
240	-1.85716104851
241	-1.86351128913
242	-1.52321420059
243	-1.85716104851
244	-5.72000401591
245	-1.44415923396
246	-5.90095863954
247	-1.99580097824
248	-1.35213401615
249	-1.64971113693
250	-5.17000854505
251	-1.44415923396
252	-1.76507946949
253	-1.99580097824
254	-1.73845372108
255	-6.37656790638
256	-6.12172139953
257	-1.52321420059
258	-1.85716104851
259	-1.86351128913
260	-9.04483582635
261	-2.09634612356
262	-5.17000854505
263	-8.97254981347
264	-2.09634612356
265	-2.09747259745
266	-6.89063916636
267	-1.85716104851
268	-1.86351128913
269	-13.5117742545
270	-1.64971113693
271	-5.17000854505
272	-1.35213401615
273	-1.85716104851
274	-1.99580097824
275	-1.35213401615
276	-1.85716104851
277	-8.24056808912
278	-7.42230664095
279	-1.76507946949
280	-1.99580097824
281	-1.52321420059
282	-1.64971113693
283	-6.12172139953
284	-11.6964719062
285	-2.09634612356
286	-2.35456913396
287	-1.73845372108
288	-11.5874844976
289	-1.99580097824
290	-1.73845372108
291	-8.74581115481
292	-8.38545848488
293	-1.35213401615
294	-2.09634612356
295	-5.16336203662
296	-1.35213401615
297	-1.64971113693
298	-1.99580097824
299	-7.28196051107
300	-1.85716104851
301	-2.35456913396
302	-1.35213401615
303	-6.17256949225
304	-2.35456913396
305	-1.73845372108
306	-2.09634612356
307	-2.09747259745
308	-1.35213401615
309	-1.64971113693
310	-1.86351128913
311	-13.0907379257
312	-5.49888212427
313	-2.35456913396
314	-7.80093379535
315	-1.64971113693
316	-9.25100679238
317	-1.35213401615
318	-1.64971113693
319	-4.982878531
320	-1.35213401615
321	-6.16253932835
322	-7.05896766099
323	-1.44415923396
324	-1.85716104851
325	-2.35456913396
326	-13.2223620072
327	-1.85716104851
328	-1.86351128913
329	-7.35848588444
330	-5.88729017159
331	-2.09747259745
332	-7.97834736264
333	-1.85716104851
334	-9.11782117552
335	-7.66686247405
336	-1.64971113693
337	-2.09747259745
338	-1.52321420059
339	-5.35422135134
340	-2.09747259745
341	-6.89016711884
342	-5.56358085439
343	-2.35456913396
344	-7.51018094739
345	-12.7401940135
346	-2.35456913396
347	-7.51018094739
348	-2.09634612356
349	-1.99580097824
350	-1.44415923396
351	-1.85716104851
352	-2.35456913396
353	-1.44415923396
354	-6.83901078985
355	-7.59751848806
356	-1.52321420059
357	-1.85716104851
358	-5.468709135
359	-1.35213401615
360	-6.28638015356
361	-8.8843470738
362	-1.44415923396
363	-1.76507946949
364	-1.86351128913
365	-1.35213401615
366	-1.76507946949
367	-2.09747259745
368	-1.52321420059
369	-1.76507946949
370	-2.35456913396
371	-1.52321420059
372	-1.64971113693
373	-1.99580097824
374	-8.2806361914
375	-6.40199347783
376	-8.60655513789
377	-1.73845372108
378	-6.81780745798
379	-5.468709135
380	-1.52321420059
381	-6.49301531493
382	-5.56156516498
383	-1.35213401615
384	-5.82188062468
385	-1.86351128913
386	-9.86620389122
387	-5.80815283994
388	-2.09747259745
389	-6.89063916636
390	-1.76507946949
391	-13.362356329
392	-1.73845372108
393	-1.64971113693
394	-2.09747259745
395	-1.73845372108
396	-1.64971113693
397	-2.09747259745
398	-1.35213401615
399	-1.64971113693
400	-5.04972603447
401	-1.73845372108
402	-5.74097107097
403	-2.35456913396
404	-1.35213401615
405	-5.24140064209
406	-1.86351128913
407	-6.88556381213
408	-1.85716104851
409	-5.14742442284
410	-1.73845372108
411	-9.38425010333
412	-1.99580097824
413	-1.44415923396
414	-1.76507946949
415	-1.86351128913
416	-1.44415923396
417	-9.82661509302
418	-1.86351128913
419	-1.52321420059
420	-1.85716104851
421	-1.86351128913
422	-1.35213401615
423	-1.76507946949
424	-2.09747259745
425	-1.52321420059
426	-2.09634612356
427	-5.07955264748
428	-6.88556381213
429	-2.09634612356
430	-8.19102595726
431	-7.74684573628
432	-2.09634612356
433	-6.10553335619
434	-1.73845372108
435	-1.64971113693
436	-5.517836622
437	-1.44415923396
438	-1.64971113693
439	-8.89435644284
440	-1.35213401615
441	-1.76507946949
442	-5.56156516498
443	-1.44415923396
444	-1.85716104851
445	-1.86351128913
446	-1.52321420059
447	-6.05029005616
448	-1.86351128913
449	-9.35695125149
450	-5.24140064209
451	-2.09747259745
452	-1.44415923396
453	-6.23217465948
454	-1.99580097824
455	-1.44415923396
456	-1.76507946949
457	-5.17000854505
458	-1.35213401615
459	-1.64971113693
460	-1.86351128913
461	-1.44415923396
462	-1.85716104851
463	-4.982878531
464	-1.35213401615
465	-1.64971113693
466	-5.60908730401
467	-7.35848588444
468	-1.85716104851
469	-1.86351128913
470	-1.35213401615
