# log_p 	 lnL 	 
0.0	-1821.24438618	
-0.287682072452	-1821.00730441	
-0.510825623766	-1820.7589739	
-0.69314718056	-1820.52083857	
-0.847297860387	-1820.30042207	
-0.980829253012	-1820.10032418	
-1.09861228867	-1819.92090138	
-1.20397280433	-1819.76123322	
-1.29928298413	-1819.61969132	
-1.38629436112	-1819.49433534	
-1.46633706879	-1819.38317304	
-1.54044504095	-1819.28431384	
-1.60943791243	-1819.19604766	
-1.67397643357	-1819.1168756	
-1.73460105539	-1819.0455117	
-1.79175946923	-1818.98086888	
-1.8458266905	-1818.92203715	
-1.89711998489	-1818.86825936	
-1.94591014906	-1818.81890732	
-1.99243016469	-1818.77345988	
-2.03688192726	-1818.73148368	
-2.07944154168	-1818.69261677	
-2.1202635362	-1818.65655496	
-2.15948424935	-1818.62304057	
-2.19722457734	-1818.59185341	
-2.23359222151	-1818.56280349	
-2.26868354132	-1818.53572523	
-2.30258509299	-1818.51047289	
-2.33537491582	-1818.48691698	
-2.36712361413	-1818.46494139	
-2.3978952728	-1818.44444116	
-2.42774823595	-1818.42532073	
-2.45673577282	-1818.40749256	
-2.48490664979	-1818.39087601	
-2.51230562398	-1818.37539646	
-2.53897387106	-1818.36098463	
-2.56494935746	-1818.34757596	
-2.59026716545	-1818.33511018	
-2.61495977804	-1818.3235309	
-2.63905732962	-1818.31278527	
-2.66258782703	-1818.30282373	
-2.68557734525	-1818.29359973	
-2.7080502011	-1818.28506953	
-2.73002910782	-1818.27719203	
-2.75153531304	-1818.26992856	
-2.77258872224	-1818.26324277	
-2.79320800944	-1818.25710045	
-2.81341071676	-1818.25146941	
-2.83321334406	-1818.2463194	
-2.85263142991	-1818.24162191	
-2.87167962488	-1818.23735016	
-2.8903717579	-1818.23347894	
-2.90872089656	-1818.22998455	
-2.92673940207	-1818.22684469	
-2.94443897917	-1818.22403839	
-2.96183072188	-1818.22154592	
-2.97892515524	-1818.21934875	
-2.99573227355	-1818.21742944	
-3.01226157551	-1818.21577162	
-3.02852209638	-1818.21435986	
-3.04452243772	-1818.21317969	
-3.06027079469	-1818.21221751	
-3.07577498123	-1818.21146051	
-3.09104245336	-1818.21089668	
-3.10608033072	-1818.21051471	
-3.12089541651	-1818.210304	
-3.13549421593	-1818.21025457	
-3.14988295338	-1818.21035703	
-3.16406758837	-1818.21060259	
-3.17805383035	-1818.21098296	
-3.19184715248	-1818.21149036	
-3.20545280454	-1818.21211749	
-3.21887582487	-1818.21285748	
-3.23212105162	-1818.21370387	
-3.24519313319	-1818.2146506	
-3.25809653802	-1818.21569196	
-3.2708355638	-1818.2168226	
-3.28341434601	-1818.21803749	
-3.295836866	-1818.21933188	
-3.3081069586	-1818.22070134	
-3.32022831913	-1818.22214167	
-3.33220451018	-1818.22364894	
-3.34403896782	-1818.22521946	
-3.35573500759	-1818.22684975	
-3.36729582999	-1818.22853653	
-3.37872452581	-1818.23027674	
-3.39002408106	-1818.23206746	
-3.40119738166	-1818.23390599	
-3.41224721785	-1818.23578976	
-3.42317628838	-1818.23771634	
-3.43398720449	-1818.23968349	
-3.4446824936	-1818.24168905	
-3.45526460293	-1818.24373101	
-3.4657359028	-1818.24580747	
-3.47609868984	-1818.24791665	
-3.48635519	-1818.25005686	
-3.49650756147	-1818.25222652	
-3.50655789732	-1818.25442412	
-3.51650822817	-1818.25664826	
-3.52636052462	-1818.25889761	
-3.53611669956	-1818.2611709	
-3.54577861047	-1818.26346695	
-3.55534806149	-1818.26578464	
-3.56482680544	-1818.26812292	
-3.57421654579	-1818.27048077	
-3.58351893846	-1818.27285726	
-3.59273559356	-1818.2752515	
-3.60186807712	-1818.27766263	
-3.61091791264	-1818.28008986	
-3.61988658263	-1818.28253242	
-3.62877553004	-1818.28498961	
-3.63758615973	-1818.28746074	
-3.6463198397	-1818.28994517	
-3.65497790244	-1818.29244228	
-3.66356164613	-1818.2949515	
-3.6720723358	-1818.29747227	
-3.68051120444	-1818.30000407	
-3.68887945411	-1818.30254641	
-3.69717825693	-1818.30509881	
-3.70540875607	-1818.30766081	
-3.7135720667	-1818.310232	
-3.72166927694	-1818.31281196	
-3.72970144863	-1818.31540031	
-3.73766961828	-1818.31799666	
-3.74557479779	-1818.32060068	
-3.75341797525	-1818.32321202	
-3.76120011569	-1818.32583035	
-3.76892216179	-1818.32845537	
-3.77658503453	-1818.33108679	
-3.78418963392	-1818.33372431	
-3.79173683955	-1818.33636767	
-3.79922751128	-1818.33901661	
-3.80666248977	-1818.34167087	
-3.81404259707	-1818.34433023	
-3.82136863716	-1818.34699444	
-3.82864139649	-1818.34966328	
-3.83586164446	-1818.35233656	
-3.84303013394	-1818.35501405	
-3.85014760171	-1818.35769556	
-3.85721476893	-1818.3603809	
-3.86423234159	-1818.36306989	
-3.87120101091	-1818.36576234	
-3.87812145375	-1818.3684581	
-3.88499433304	-1818.37115699	
-3.89182029811	-1818.37385885	
-3.8985999851	-1818.37656352	
-3.90533401728	-1818.37927087	
-3.91202300543	-1818.38198073	
-3.91866754815	-1818.38469298	
-3.92526823218	-1818.38740747	
-3.93182563272	-1818.39012407	
-3.93834031375	-1818.39284265	
-3.94481282825	-1818.39556308	
-3.95124371858	-1818.39828525	
-3.95763351668	-1818.40100904	
-3.96398274436	-1818.40373432	
-3.97029191355	-1818.40646099	
-3.97656152657	-1818.40918893	
-3.98279207632	-1818.41191805	
-3.98898404656	-1818.41464823	
-3.99513791214	-1818.41737937	
-4.00125413916	-1818.42011137	
-4.00733318523	-1818.42284414	
-4.01337549969	-1818.42557758	
-4.01938152375	-1818.4283116	
-4.02535169074	-1818.43104611	
-4.03128642625	-1818.43378101	
-4.03718614838	-1818.43651623	
-4.04305126783	-1818.43925167	
-4.04888218815	-1818.44198725	
-4.05467930583	-1818.44472289	
-4.06044301055	-1818.44745852	
-4.06617368526	-1818.45019404	
-4.07187170637	-1818.45292939	
-4.07753744391	-1818.45566449	
-4.08317126162	-1818.45839927	
-4.08877351717	-1818.46113365	
-4.09434456222	-1818.46386756	
-4.0998847426	-1818.46660093	
-4.10539439841	-1818.46933369	
-4.11087386417	-1818.47206578	
-4.11632346894	-1818.47479713	
-4.12174353641	-1818.47752767	
-4.12713438505	-1818.48025734	
-4.13249632819	-1818.48298608	
-4.13782967416	-1818.48571383	
-4.14313472639	-1818.48844052	
-4.14841178349	-1818.49116609	
-4.15366113938	-1818.4938905	
-4.15888308336	-1818.49661367	
-4.16407790024	-1818.49933555	
-4.1692458704	-1818.50205609	
-4.1743872699	-1818.50477523	
-4.17950237056	-1818.50749292	
-4.18459144007	-1818.5102091	
-4.18965474203	-1818.51292373	
-4.19469253606	-1818.51563675	
-4.19970507788	-1818.5183481	
-4.20469261939	-1818.52105775	
-4.20965540873	-1818.52376565	
-4.21459369037	-1818.52647173	
-4.21950770518	-1818.52917597	
-4.22439769047	-1818.5318783	
-4.22926388012	-1818.53457869	
-4.2341065046	-1818.53727709	
-4.23892579103	-1818.53997345	
-4.2437219633	-1818.54266774	
-4.24849524205	-1818.54535991	
-4.25324584481	-1818.54804991	
-4.257973986	-1818.55073771	
-4.26267987704	-1818.55342327	
-4.26736372635	-1818.55610654	
-4.27202573946	-1818.55878748	
-4.27666611902	-1818.56146606	
-4.28128506487	-1818.56414224	
-4.28588277412	-1818.56681598	
-4.29045944115	-1818.56948724	
-4.29501525768	-1818.57215599	
-4.29955041285	-1818.57482219	
-4.3040650932	-1818.57748581	
-4.30855948279	-1818.58014681	
-4.31303376319	-1818.58280515	
-4.31748811354	-1818.58546081	
-4.3219227106	-1818.58811376	
-4.32633772881	-1818.59076395	
-4.33073334029	-1818.59341135	
-4.33510971489	-1818.59605595	
-4.33946702026	-1818.59869769	
-4.34380542185	-1818.60133657	
-4.348125083	-1818.60397253	
-4.3524261649	-1818.60660557	
-4.35670882669	-1818.60923563	
-4.36097322548	-1818.61186271	
-4.36521951636	-1818.61448677	
-4.36944785247	-1818.61710778	
-4.373658385	-1818.61972572	
-4.37785126326	-1818.62234056	
-4.38202663467	-1818.62495228	
-4.38618464482	-1818.62756084	
-4.39032543749	-1818.63016623	
-4.39444915467	-1818.63276842	
-4.39855593663	-1818.63536738	
-4.40264592188	-1818.6379631	
-4.40671924726	-1818.64055554	
-4.41077604796	-1818.64314469	
-4.4148164575	-1818.64573052	
-4.4188406078	-1818.64831302	
-4.42284862919	-1818.65089216	
-4.42684065046	-1818.65346791	
-4.43081679884	-1818.65604026	
-4.43477720006	-1818.6586092	
-4.43872197835	-1818.66117469	
-4.44265125649	-1818.66373671	
-4.44656515581	-1818.66629526	
-4.45046379623	-1818.66885031	
-4.45434729625	-1818.67140184	
-4.45821577303	-1818.67394983	
-4.46206934235	-1818.67649427	
-4.46590811865	-1818.67903514	
-4.46973221509	-1818.68157242	
-4.47354174351	-1818.6841061	
-4.47733681448	-1818.68663615	
-4.48111753732	-1818.68916257	
-4.48488402011	-1818.69168534	
-4.48863636973	-1818.69420443	
-4.49237469184	-1818.69671985	
-4.49609909093	-1818.69923156	
-4.49980967033	-1818.70173956	
-4.50350653221	-1818.70424384	
-4.50718977763	-1818.70674437	
-4.51085950652	-1818.70924116	
-4.51451581772	-1818.71173417	
-4.518158809	-1818.71422341	
-4.52178857705	-1818.71670885	
-4.52540521752	-1818.71919049	
-4.52900882502	-1818.72166831	
-4.53259949315	-1818.72414231	
-4.5361773145	-1818.72661246	
-4.53974238067	-1818.72907877	
-4.54329478227	-1818.73154121	
-4.54683460898	-1818.73399978	
-4.55036194949	-1818.73645446	
-4.5538768916	-1818.73890526	
-4.55737952215	-1818.74135215	
-4.56086992709	-1818.74379513	
-4.56434819147	-1818.74623419	
-4.56781439944	-1818.74866931	
-4.57126863431	-1818.7511005	
-4.5747109785	-1818.75352774	
-4.5781415136	-1818.75595102	
-4.58156032035	-1818.75837034	
-4.58496747867	-1818.76078568	
-4.58836306767	-1818.76319705	
-4.59174716566	-1818.76560443	
-4.59511985013	-1818.76800781	
-4.59848119784	-1818.77040719	
-4.60183128472	-1818.77280256	
-4.60517018599	-1818.77519391	
-4.60849797608	-1818.77758125	
-4.61181472871	-1818.77996455	
-4.61512051684	-1818.78234382	
-4.61841541274	-1818.78471906	
-4.62169948794	-1818.78709024	
-4.62497281328	-1818.78945738	
-4.62823545892	-1818.79182046	
-4.63148749431	-1818.79417948	
-4.63472898823	-1818.79653443	
-4.63796000881	-1818.79888531	
-4.64118062351	-1818.80123212	
-4.64439089914	-1818.80357485	
-4.64759090187	-1818.80591349	
-4.65078069724	-1818.80824805	
-4.65396035016	-1818.81057852	
-4.65712992492	-1818.81290489	
-4.66028948521	-1818.81522717	
-4.66343909411	-1818.81754534	
-4.66657881412	-1818.81985941	
-4.66970870713	-1818.82216938	
-4.67282883446	-1818.82447523	
-4.67593925688	-1818.82677697	
-4.67904003455	-1818.8290746	
-4.68213122712	-1818.83136811	
-4.68521289366	-1818.8336575	
-4.6882850927	-1818.83594277	
-4.69134788223	-1818.83822392	
-4.69440131972	-1818.84050094	
-4.6974454621	-1818.84277384	
-4.70048036579	-1818.84504261	
-4.70350608671	-1818.84730725	
-4.70652268025	-1818.84956776	
-4.70953020131	-1818.85182414	
-4.71252870431	-1818.85407638	
-4.71551824316	-1818.8563245	
-4.7184988713	-1818.85856848	
-4.72147064168	-1818.86080833	
-4.72443360681	-1818.86304404	
-4.72738781871	-1818.86527562	
-4.73033332894	-1818.86750306	
-4.73327018862	-1818.86972637	
-4.73619844839	-1818.87194555	
-4.7391181585	-1818.87416059	
-4.74202936871	-1818.8763715	
-4.74493212836	-1818.87857828	
-4.74782648639	-1818.88078092	
-4.75071249128	-1818.88297943	
-4.75359019111	-1818.88517381	
-4.75645963353	-1818.88736406	
-4.75932086582	-1818.88955018	
-4.7621739348	-1818.89173217	
-4.76501888693	-1818.89391003	
-4.76785576827	-1818.89608377	
-4.77068462447	-1818.89825338	
-4.77350550081	-1818.90041888	
-4.77631844218	-1818.90258025	
-4.77912349311	-1818.9047375	
-4.78192069773	-1818.90689063	
-4.78471009982	-1818.90903965	
-4.78749174278	-1818.91118455	
-4.79026566966	-1818.91332534	
-4.79303192316	-1818.91546203	
-4.7957905456	-1818.9175946	
-4.79854157897	-1818.91972307	
-4.80128506491	-1818.92184744	
-4.80402104473	-1818.9239677	
-4.80674955939	-1818.92608387	
-4.8094706495	-1818.92819595	
-4.81218435537	-1818.93030393	
-4.81489071697	-1818.93240782	
-4.81758977394	-1818.93450762	
-4.82028156561	-1818.93660334	
-4.82296613098	-1818.93869498	
-4.82564350875	-1818.94078255	
-4.8283137373	-1818.94286604	
-4.83097685472	-1818.94494545	
-4.83363289878	-1818.9470208	
-4.83628190695	-1818.94909209	
-4.83892391641	-1818.95115931	
-4.84155896405	-1818.95322247	
-4.84418708646	-1818.95528158	
-4.84680831994	-1818.95733665	
-4.84942270051	-1818.95938766	
-4.85203026392	-1818.96143463	
-4.85463104562	-1818.96347756	
-4.8572250808	-1818.96551646	
-4.85981240436	-1818.96755132	
-4.86239305096	-1818.96958216	
-4.86496705495	-1818.97160897	
-4.86753445046	-1818.97363176	
-4.87009527132	-1818.97565054	
-4.87264955112	-1818.97766531	
-4.8751973232	-1818.97967607	
-4.87773862063	-1818.98168283	
-4.88027347623	-1818.98368559	
-4.88280192259	-1818.98568436	
-4.88532399202	-1818.98767913	
-4.88783971662	-1818.98966993	
-4.89034912822	-1818.99165674	
-4.89285225844	-1818.99363957	
-4.89534913864	-1818.99561844	
-4.89783979995	-1818.99759334	
-4.90032427328	-1818.99956428	
-4.90280258929	-1819.00153126	
-4.90527477844	-1819.00349429	
-4.90774087093	-1819.00545337	
-4.91020089677	-1819.00740851	
-4.91265488574	-1819.00935971	
-4.91510286737	-1819.01130698	
-4.91754487103	-1819.01325033	
-4.91998092583	-1819.01518975	
-4.92241106068	-1819.01712525	
-4.92483530429	-1819.01905685	
-4.92725368516	-1819.02098453	
-4.92966623156	-1819.02290832	
-4.93207297159	-1819.0248282	
-4.93447393313	-1819.0267442	
-4.93686914386	-1819.02865631	
-4.93925863125	-1819.03056454	
-4.94164242261	-1819.0324689	
-4.94402054501	-1819.03436939	
-4.94639302537	-1819.03626601	
-4.94875989038	-1819.03815877	
-4.95112116656	-1819.04004769	
-4.95347688026	-1819.04193275	
-4.9558270576	-1819.04381397	
-4.95817172456	-1819.04569136	
-4.96051090691	-1819.04756491	
-4.96284463026	-1819.04943464	
-4.96517292002	-1819.05130055	
-4.96749580144	-1819.05316265	
-4.96981329958	-1819.05502094	
-4.97212543933	-1819.05687542	
-4.97443224543	-1819.05872611	
-4.97673374242	-1819.06057301	
-4.97902995468	-1819.06241613	
-4.98132090643	-1819.06425546	
-4.98360662171	-1819.06609103	
-4.98588712441	-1819.06792282	
-4.98816243824	-1819.06975086	
-4.99043258678	-1819.07157513	
-4.99269759341	-1819.07339566	
-4.99495748138	-1819.07521245	
-4.99721227376	-1819.0770255	
-4.9994619935	-1819.07883481	
-5.00170666335	-1819.08064041	
-5.00394630595	-1819.08244228	
-5.00618094375	-1819.08424044	
-5.00841059907	-1819.08603489	
-5.0106352941	-1819.08782564	
-5.01285505083	-1819.08961269	
-5.01506989116	-1819.09139606	
-5.01727983681	-1819.09317575	
-5.01948490937	-1819.09495175	
-5.02168513028	-1819.09672409	
-5.02388052085	-1819.09849276	
-5.02607110223	-1819.10025778	
-5.02825689545	-1819.10201914	
-5.03043792139	-1819.10377686	
-5.03261420082	-1819.10553094	
-5.03478575433	-1819.10728138	
-5.03695260241	-1819.1090282	
-5.03911476542	-1819.1107714	
-5.04127226356	-1819.11251099	
-5.04342511692	-1819.11424696	
-5.04557334546	-1819.11597934	
-5.047716969	-1819.11770812	
-5.04985600725	-1819.11943331	
-5.05199047978	-1819.12115492	
-5.05412040604	-1819.12287295	
-5.05624580535	-1819.12458741	
-5.05836669692	-1819.12629831	
-5.06048309982	-1819.12800566	
-5.06259503303	-1819.12970945	
-5.06470251537	-1819.1314097	
-5.06680556556	-1819.13310641	
-5.06890420222	-1819.13479959	
-5.07099844382	-1819.13648924	
-5.07308830874	-1819.13817538	
-5.07517381523	-1819.139858	
-5.07725498144	-1819.14153712	
-5.07933182538	-1819.14321274	
-5.08140436498	-1819.14488487	
-5.08347261805	-1819.14655351	
-5.08553660227	-1819.14821867	
-5.08759633523	-1819.14988036	
-5.08965183441	-1819.15153858	
-5.09170311719	-1819.15319334	
-5.09375020081	-1819.15484464	
-5.09579310244	-1819.1564925	
-5.09783183913	-1819.15813692	
-5.09986642782	-1819.15977791	
-5.10189688537	-1819.16141546	
-5.10392322852	-1819.1630496	
-5.1059454739	-1819.16468032	
-5.10796363806	-1819.16630763	
-5.10997773743	-1819.16793155	
-5.11198778836	-1819.16955206	
-5.11399380708	-1819.17116919	
-5.11599580975	-1819.17278293	
-5.11799381242	-1819.1743933	
-5.11998783102	-1819.1760003	
-5.12197788143	-1819.17760394	
-5.1239639794	-1819.17920422	
-5.12594614061	-1819.18080116	
-5.12792438062	-1819.18239475	
-5.12989871492	-1819.183985	
-5.13186915891	-1819.18557192	
-5.13383572788	-1819.18715552	
-5.13579843705	-1819.18873581	
-5.13775730154	-1819.19031278	
-5.13971233637	-1819.19188645	
-5.1416635565	-1819.19345682	
-5.14361097679	-1819.1950239	
-5.145554612	-1819.1965877	
-5.14749447681	-1819.19814821	
-5.14943058584	-1819.19970546	
-5.15136295359	-1819.20125945	
-5.1532915945	-1819.20281017	
-5.15521652291	-1819.20435764	
-5.15713775309	-1819.20590187	
-5.15905529921	-1819.20744286	
-5.1609691754	-1819.20898062	
-5.16287939565	-1819.21051515	
-5.16478597392	-1819.21204647	
-5.16668892407	-1819.21357457	
-5.16858825987	-1819.21509946	
-5.17048399504	-1819.21662116	
-5.17237614319	-1819.21813966	
-5.17426471788	-1819.21965497	
-5.17614973257	-1819.22116711	
-5.17803120067	-1819.22267607	
-5.1799091355	-1819.22418187	
-5.18178355029	-1819.2256845	
-5.18365445823	-1819.22718398	
-5.1855218724	-1819.22868031	
-5.18738580584	-1819.23017351	
-5.18924627149	-1819.23166356	
-5.19110328224	-1819.23315049	
-5.19295685089	-1819.2346343	
-5.19480699018	-1819.23611499	
-5.19665371277	-1819.23759257	
-5.19849703127	-1819.23906705	
-5.20033695819	-1819.24053843	
-5.202173506	-1819.24200673	
-5.20400668708	-1819.24347194	
-5.20583651375	-1819.24493407	
-5.20766299828	-1819.24639314	
-5.20948615284	-1819.24784914	
-5.21130598956	-1819.24930208	
-5.21312252048	-1819.25075197	
-5.21493575761	-1819.25219881	
-5.21674571285	-1819.25364262	
-5.21855239808	-1819.2550834	
-5.22035582508	-1819.25652115	
-5.22215600558	-1819.25795588	
-5.22395295126	-1819.2593876	
-5.22574667371	-1819.26081631	
-5.22753718449	-1819.26224202	
-5.22932449506	-1819.26366473	
-5.23110861685	-1819.26508446	
-5.23288956123	-1819.26650121	
-5.23466733947	-1819.26791499	
-5.23644196283	-1819.26932579	
-5.23821344248	-1819.27073363	
-5.23998178954	-1819.27213852	
-5.24174701506	-1819.27354045	
-5.24350913005	-1819.27493945	
-5.24526814546	-1819.2763355	
-5.24702407216	-1819.27772863	
-5.24877692099	-1819.27911883	
-5.25052670271	-1819.28050611	
-5.25227342805	-1819.28189048	
-5.25401710765	-1819.28327194	
-5.25575775213	-1819.28465051	
-5.25749537203	-1819.28602618	
-5.25922997784	-1819.28739896	
-5.26096158	-1819.28876886	
-5.2626901889	-1819.29013589	
-5.26441581487	-1819.29150005	
-5.26613846818	-1819.29286135	
-5.26785815906	-1819.29421979	
-5.26957489768	-1819.29557538	
-5.27128869416	-1819.29692812	
-5.27299955856	-1819.29827803	
-5.27470750091	-1819.29962511	
-5.27641253116	-1819.30096936	
-5.27811465923	-1819.30231079	
-5.27981389498	-1819.30364941	
-5.28151024823	-1819.30498522	
-5.28320372874	-1819.30631823	
-5.28489434622	-1819.30764844	
-5.28658211033	-1819.30897587	
-5.28826703069	-1819.31030051	
-5.28994911688	-1819.31162238	
-5.2916283784	-1819.31294147	
-5.29330482472	-1819.3142578	
-5.29497846528	-1819.31557137	
-5.29664930945	-1819.31688219	
-5.29831736655	-1819.31819026	
-5.29998264587	-1819.3194956	
-5.30164515664	-1819.32079819	
-5.30330490806	-1819.32209806	
-5.30496190927	-1819.32339521	
-5.30661616936	-1819.32468964	
-5.3082676974	-1819.32598135	
-5.30991650239	-1819.32727037	
-5.3115625933	-1819.32855668	
-5.31320597904	-1819.32984031	
-5.3148466685	-1819.33112124	
-5.3164846705	-1819.33239949	
-5.31811999384	-1819.33367507	
-5.31975264727	-1819.33494798	
-5.32138263948	-1819.33621823	
-5.32300997914	-1819.33748582	
-5.32463467487	-1819.33875075	
-5.32625673524	-1819.34001304	
-5.32787616879	-1819.3412727	
-5.32949298402	-1819.34252971	
-5.33110718937	-1819.3437841	
-5.33271879327	-1819.34503587	
-5.33432780407	-1819.34628502	
-5.33593423012	-1819.34753156	
-5.3375380797	-1819.34877549	
-5.33913936107	-1819.35001682	
-5.34073808243	-1819.35125557	
-5.34233425196	-1819.35249172	
-5.3439278778	-1819.35372529	
-5.34551896803	-1819.35495629	
-5.34710753072	-1819.35618471	
-5.34869357387	-1819.35741057	
-5.35027710548	-1819.35863387	
-5.35185813348	-1819.35985462	
-5.35343666577	-1819.36107282	
-5.35501271022	-1819.36228847	
-5.35658627467	-1819.36350159	
-5.3581573669	-1819.36471218	
-5.35972599468	-1819.36592025	
-5.36129216571	-1819.3671258	
-5.36285588769	-1819.36832883	
-5.36441716825	-1819.36952935	
-5.36597601502	-1819.37072737	
-5.36753243557	-1819.3719229	
-5.36908643744	-1819.37311593	
-5.37063802813	-1819.37430648	
-5.37218721511	-1819.37549454	
-5.37373400583	-1819.37668013	
-5.37527840768	-1819.37786326	
-5.37682042804	-1819.37904392	
-5.37836007422	-1819.38022212	
-5.37989735354	-1819.38139787	
-5.38143227326	-1819.38257117	
-5.38296484061	-1819.38374203	
-5.38449506279	-1819.38491045	
-5.38602294697	-1819.38607644	
-5.38754850028	-1819.38724001	
-5.38907172982	-1819.38840116	
-5.39059264266	-1819.38955989	
-5.39211124583	-1819.39071622	
-5.39362754635	-1819.39187014	
-5.39514155118	-1819.39302166	
-5.39665326727	-1819.39417079	
-5.39816270152	-1819.39531754	
-5.39966986081	-1819.3964619	
-5.40117475199	-1819.39760388	
-5.40267738187	-1819.3987435	
-5.40417775725	-1819.39988075	
-5.40567588487	-1819.40101563	
-5.40717177146	-1819.40214817	
-5.40866542372	-1819.40327835	
-5.4101568483	-1819.40440619	
-5.41164605186	-1819.40553169	
-5.41313304098	-1819.40665485	
-5.41461782224	-1819.40777569	
-5.4161004022	-1819.4088942	
-5.41758078737	-1819.4100104	
-5.41905898424	-1819.41112428	
-5.42053499927	-1819.41223585	
-5.42200883889	-1819.41334512	
-5.4234805095	-1819.4144521	
-5.42495001748	-1819.41555678	
-5.42641736918	-1819.41665918	
-5.4278825709	-1819.41775929	
-5.42934562895	-1819.41885713	
-5.43080654959	-1819.4199527	
-5.43226533906	-1819.421046	
-5.43372200355	-1819.42213703	
-5.43517654927	-1819.42322582	
-5.43662898235	-1819.42431235	
-5.43807930892	-1819.42539664	
-5.4395275351	-1819.42647868	
-5.44097366695	-1819.42755849	
-5.44241771052	-1819.42863607	
-5.44385967184	-1819.42971143	
-5.4452995569	-1819.43078456	
-5.44673737167	-1819.43185548	
-5.44817312209	-1819.43292419	
-5.44960681409	-1819.43399069	
-5.45103845357	-1819.43505499	
-5.45246804638	-1819.4361171	
-5.45389559837	-1819.43717702	
-5.45532111536	-1819.43823475	
-5.45674460314	-1819.4392903	
-5.45816606749	-1819.44034368	
-5.45958551414	-1819.44139489	
-5.46100294883	-1819.44244393	
-5.46241837723	-1819.44349081	
-5.46383180503	-1819.44453553	
-5.46524323786	-1819.4455781	
-5.46665268137	-1819.44661853	
-5.46806014114	-1819.44765682	
-5.46946562274	-1819.44869297	
-5.47086913175	-1819.44972699	
-5.47227067367	-1819.45075888	
-5.47367025403	-1819.45178865	
-5.47506787829	-1819.45281631	
-5.47646355193	-1819.45384185	
-5.47785728038	-1819.45486529	
-5.47924906905	-1819.45588662	
-5.48063892334	-1819.45690586	
-5.48202684862	-1819.457923	
-5.48341285022	-1819.45893806	
-5.48479693349	-1819.45995103	
-5.48617910372	-1819.46096193	
-5.48755936619	-1819.46197075	
-5.48893772616	-1819.4629775	
-5.49031418887	-1819.46398219	
-5.49168875953	-1819.46498481	
-5.49306144334	-1819.46598539	
-5.49443224547	-1819.46698391	
-5.49580117108	-1819.46798039	
-5.49716822529	-1819.46897482	
-5.49853341322	-1819.46996723	
-5.49989673995	-1819.47095759	
-5.50125821054	-1819.47194594	
-5.50261783006	-1819.47293226	
-5.50397560352	-1819.47391656	
-5.50533153593	-1819.47489885	
-5.50668563228	-1819.47587913	
-5.50803789753	-1819.47685741	
-5.50938833663	-1819.47783369	
-5.5107369545	-1819.47880797	
-5.51208375605	-1819.47978026	
-5.51342874616	-1819.48075057	
-5.51477192971	-1819.4817189	
-5.51611331154	-1819.48268525	
-5.51745289646	-1819.48364963	
-5.51879068931	-1819.48461204	
-5.52012669485	-1819.48557249	
-5.52146091786	-1819.48653098	
-5.5227933631	-1819.48748751	
-5.52412403528	-1819.4884421	
-5.52545293913	-1819.48939474	
-5.52678007934	-1819.49034544	
-5.52810546058	-1819.49129421	
-5.52942908751	-1819.49224104	
-5.53075096477	-1819.49318594	
-5.53207109697	-1819.49412893	
-5.53338948873	-1819.49506999	
-5.53470614461	-1819.49600914	
-5.53602106919	-1819.49694638	
-5.53733426702	-1819.49788171	
-5.53864574262	-1819.49881514	
-5.5399555005	-1819.49974668	
-5.54126354516	-1819.50067632	
-5.54256988107	-1819.50160408	
-5.5438745127	-1819.50252995	
-5.54517744448	-1819.50345395	
-5.54647868084	-1819.50437606	
-5.54777822618	-1819.50529631	
-5.5490760849	-1819.50621469	
-5.55037226136	-1819.50713121	
-5.55166675992	-1819.50804587	
-5.55295958492	-1819.50895867	
-5.55425074069	-1819.50986963	
-5.55554023152	-1819.51077874	
-5.5568280617	-1819.51168601	
-5.55811423551	-1819.51259144	
-5.5593987572	-1819.51349504	
-5.56068163102	-1819.51439681	
-5.56196286117	-1819.51529676	
-5.56324245188	-1819.51619489	
-5.56452040732	-1819.5170912	
-5.56579673168	-1819.5179857	
-5.56707142911	-1819.51887839	
-5.56834450376	-1819.51976928	
-5.56961595975	-1819.52065837	
-5.57088580119	-1819.52154566	
-5.57215403218	-1819.52243116	
-5.57342065679	-1819.52331487	
-5.5746856791	-1819.52419681	
-5.57594910315	-1819.52507696	
-5.57721093297	-1819.52595534	
-5.57847117258	-1819.52683194	
-5.57972982599	-1819.52770678	
-5.58098689718	-1819.52857986	
-5.58224239012	-1819.52945118	
-5.58349630878	-1819.53032074	
-5.5847486571	-1819.53118856	
-5.585999439	-1819.53205462	
-5.5872486584	-1819.53291895	
-5.5884963192	-1819.53378153	
-5.58974242528	-1819.53464238	
-5.59098698051	-1819.5355015	
-5.59222998875	-1819.53635889	
-5.59347145384	-1819.53721456	
-5.5947113796	-1819.53806851	
-5.59594976985	-1819.53892075	
-5.59718662839	-1819.53977127	
-5.598421959	-1819.54062009	
-5.59965576545	-1819.5414672	
-5.60088805149	-1819.54231262	
-5.60211882088	-1819.54315634	
-5.60334807733	-1819.54399836	
-5.60457582457	-1819.5448387	
-5.6058020663	-1819.54567736	
-5.60702680619	-1819.54651433	
-5.60825004793	-1819.54734963	
-5.60947179518	-1819.54818326	
-5.61069205159	-1819.54901522	
-5.61191082078	-1819.54984551	
-5.61312810639	-1819.55067414	
-5.61434391201	-1819.55150112	
-5.61555824124	-1819.55232644	
-5.61677109767	-1819.55315011	
-5.61798248485	-1819.55397214	
-5.61919240636	-1819.55479252	
-5.62040086572	-1819.55561127	
-5.62160786647	-1819.55642838	
-5.62281341212	-1819.55724386	
-5.62401750619	-1819.55805771	
-5.62522015215	-1819.55886994	
-5.6264213535	-1819.55968055	
-5.62762111369	-1819.56048954	
-5.62881943618	-1819.56129692	
-5.63001632442	-1819.5621027	
-5.63121178182	-1819.56290686	
-5.63240581181	-1819.56370943	
-5.6335984178	-1819.5645104	
-5.63478960317	-1819.56530977	
-5.6359793713	-1819.56610755	
-5.63716772557	-1819.56690375	
-5.63835466933	-1819.56769836	
-5.63954020593	-1819.5684914	
-5.64072433869	-1819.56928286	
-5.64190707094	-1819.57007274	
-5.64308840598	-1819.57086106	
-5.64426834712	-1819.57164781	
-5.64544689764	-1819.572433	
-5.64662406082	-1819.57321663	
-5.64779983991	-1819.57399871	
-5.64897423816	-1819.57477923	
-5.65014725882	-1819.57555821	
-5.65131890512	-1819.57633564	
-5.65248918027	-1819.57711154	
-5.65365808747	-1819.57788589	
-5.65482562993	-1819.57865872	
-5.65599181082	-1819.57943001	
-5.65715663332	-1819.58019978	
-5.65832010058	-1819.58096802	
-5.65948221576	-1819.58173474	
-5.660642982	-1819.58249995	
-5.66180240242	-1819.58326365	
-5.66296048014	-1819.58402583	
-5.66411721826	-1819.58478651	
-5.66527261989	-1819.58554569	
-5.66642668811	-1819.58630337	
-5.66757942599	-1819.58705955	
-5.6687308366	-1819.58781424	
-5.66988092298	-1819.58856744	
-5.67102968818	-1819.58931916	
-5.67217713524	-1819.5900694	
-5.67332326717	-1819.59081815	
-5.67446808699	-1819.59156543	
-5.67561159769	-1819.59231124	
-5.67675380227	-1819.59305558	
-5.6778947037	-1819.59379846	
-5.67903430497	-1819.59453987	
-5.68017260902	-1819.59527982	
-5.6813096188	-1819.59601832	
-5.68244533727	-1819.59675537	
-5.68357976734	-1819.59749097	
-5.68471291194	-1819.59822512	
-5.68584477397	-1819.59895783	
-5.68697535634	-1819.5996891	
-5.68810466194	-1819.60041894	
-5.68923269364	-1819.60114735	
-5.69035945432	-1819.60187432	
-5.69148494685	-1819.60259987	
-5.69260917406	-1819.603324	
-5.6937321388	-1819.6040467	
-5.69485384391	-1819.60476799	
-5.69597429221	-1819.60548787	
-5.69709348651	-1819.60620634	
-5.69821142961	-1819.6069234	
-5.69932812431	-1819.60763906	
-5.70044357339	-1819.60835332	
-5.70155777963	-1819.60906618	
-5.7026707458	-1819.60977764	
-5.70378247466	-1819.61048772	
-5.70489296894	-1819.61119641	
-5.70600223139	-1819.61190371	
-5.70711026475	-1819.61260964	
-5.70821707172	-1819.61331418	
-5.70932265503	-1819.61401735	
-5.71042701737	-1819.61471915	
-5.71153016145	-1819.61541958	
-5.71263208993	-1819.61611864	
-5.71373280551	-1819.61681634	
-5.71483231084	-1819.61751268	
-5.71593060859	-1819.61820766	
-5.71702770141	-1819.6189013	
-5.71812359193	-1819.61959358	
-5.71921828279	-1819.62028451	
-5.72031177661	-1819.6209741	
-5.72140407601	-1819.62166234	
-5.72249518359	-1819.62234925	
-5.72358510195	-1819.62303483	
-5.72467383369	-1819.62371907	
-5.72576138137	-1819.62440198	
-5.72684774759	-1819.62508357	
-5.72793293489	-1819.62576383	
-5.72901694583	-1819.62644277	
-5.73009978297	-1819.6271204	
-5.73118144884	-1819.62779671	
-5.73226194598	-1819.62847171	
-5.7333412769	-1819.6291454	
-5.73441944412	-1819.62981779	
-5.73549645015	-1819.63048887	
-5.73657229748	-1819.63115865	
-5.73764698861	-1819.63182714	
-5.73872052602	-1819.63249433	
-5.73979291218	-1819.63316024	
-5.74086414956	-1819.63382485	
-5.74193424062	-1819.63448818	
-5.74300318781	-1819.63515023	
-5.74407099357	-1819.635811	
-5.74513766034	-1819.63647049	
-5.74620319054	-1819.63712871	
-5.7472675866	-1819.63778566	
-5.74833085092	-1819.63844134	
-5.74939298591	-1819.63909575	
-5.75045399397	-1819.63974891	
-5.75151387748	-1819.6404008	
-5.75257263883	-1819.64105144	
-5.75363028038	-1819.64170082	
-5.75468680452	-1819.64234896	
-5.75574221359	-1819.64299584	
-5.75679650994	-1819.64364148	
-5.75784969593	-1819.64428588	
-5.75890177388	-1819.64492904	
-5.75995274612	-1819.64557096	
-5.76100261499	-1819.64621165	
-5.76205138278	-1819.64685111	
-5.76309905181	-1819.64748934	
-5.76414562438	-1819.64812634	
-5.76519110278	-1819.64876212	
-5.7662354893	-1819.64939668	
-5.76727878622	-1819.65003002	
-5.76832099579	-1819.65066215	
-5.7693621203	-1819.65129306	
-5.770402162	-1819.65192277	
-5.77144112313	-1819.65255127	
-5.77247900594	-1819.65317856	
-5.77351581267	-1819.65380465	
-5.77455154554	-1819.65442955	
-5.77558620679	-1819.65505325	
-5.77661979861	-1819.65567576	
-5.77765232322	-1819.65629707	
-5.77868378283	-1819.6569172	
-5.77971417962	-1819.65753614	
-5.78074351579	-1819.6581539	
-5.78177179352	-1819.65877048	
-5.78279901497	-1819.65938589	
-5.78382518233	-1819.66000011	
-5.78485029774	-1819.66061317	
-5.78587436337	-1819.66122506	
-5.78689738137	-1819.66183578	
-5.78791935386	-1819.66244533	
-5.788940283	-1819.66305373	
-5.7899601709	-1819.66366096	
-5.79097901969	-1819.66426704	
-5.79199683148	-1819.66487197	
-5.79301360838	-1819.66547574	
-5.7940293525	-1819.66607837	
-5.79504406593	-1819.66667985	
-5.79605775077	-1819.66728018	
-5.79707040908	-1819.66787938	
-5.79808204295	-1819.66847743	
-5.79909265446	-1819.66907435	
-5.80010224566	-1819.66967014	
-5.80111081862	-1819.6702648	
-5.80211837538	-1819.67085832	
-5.80312491799	-1819.67145073	
-5.80413044849	-1819.672042	
-5.80513496892	-1819.67263216	
-5.80613848129	-1819.6732212	
-5.80714098764	-1819.67380912	
-5.80814248998	-1819.67439593	
-5.80914299031	-1819.67498163	
