# log_p 	 lnL 	 
0.0	-1702.02038334	
-0.287682072452	-1701.80983935	
-0.510825623766	-1701.63558214	
-0.69314718056	-1701.49263501	
-0.847297860387	-1701.37306523	
-0.980829253012	-1701.27057143	
-1.09861228867	-1701.18113057	
-1.20397280433	-1701.10239834	
-1.29928298413	-1701.03303338	
-1.38629436112	-1700.97222472	
-1.46633706879	-1700.91941281	
-1.54044504095	-1700.87414114	
-1.60943791243	-1700.83598499	
-1.67397643357	-1700.80452256	
-1.73460105539	-1700.77932771	
-1.79175946923	-1700.75997252	
-1.8458266905	-1700.74603356	
-1.89711998489	-1700.73709851	
-1.94591014906	-1700.73277177	
-1.99243016469	-1700.73267856	
-2.03688192726	-1700.73646742	
-2.07944154168	-1700.74381154	
-2.1202635362	-1700.75440887	
-2.15948424935	-1700.76798157	
-2.19722457734	-1700.78427496	
-2.23359222151	-1700.80305607	
-2.26868354132	-1700.82411212	
-2.30258509299	-1700.84724883	
-2.33537491582	-1700.87228888	
-2.36712361413	-1700.89907034	
-2.3978952728	-1700.9274452	
-2.42774823595	-1700.95727809	
-2.45673577282	-1700.98844503	
-2.48490664979	-1701.02083231	
-2.51230562398	-1701.05433558	
-2.53897387106	-1701.08885885	
-2.56494935746	-1701.12431381	
-2.59026716545	-1701.16061903	
-2.61495977804	-1701.1976994	
-2.63905732962	-1701.2354855	
-2.66258782703	-1701.27391316	
-2.68557734525	-1701.31292295	
-2.7080502011	-1701.35245983	
-2.73002910782	-1701.39247273	
-2.75153531304	-1701.43291427	
-2.77258872224	-1701.47374045	
-2.79320800944	-1701.51491035	
-2.81341071676	-1701.55638593	
-2.83321334406	-1701.59813182	
-2.85263142991	-1701.64011506	
-2.87167962488	-1701.68230496	
-2.8903717579	-1701.72467295	
-2.90872089656	-1701.76719237	
-2.92673940207	-1701.8098384	
-2.94443897917	-1701.85258785	
-2.96183072188	-1701.89541913	
-2.97892515524	-1701.93831208	
-2.99573227355	-1701.98124789	
-3.01226157551	-1702.024209	
-3.02852209638	-1702.06717904	
-3.04452243772	-1702.11014271	
-3.06027079469	-1702.15308573	
-3.07577498123	-1702.1959948	
-3.09104245336	-1702.23885747	
-3.10608033072	-1702.28166215	
-3.12089541651	-1702.32439802	
-3.13549421593	-1702.36705498	
-3.14988295338	-1702.4096236	
-3.16406758837	-1702.45209512	
-3.17805383035	-1702.49446136	
-3.19184715248	-1702.53671467	
-3.20545280454	-1702.57884798	
-3.21887582487	-1702.62085466	
-3.23212105162	-1702.66272857	
-3.24519313319	-1702.70446401	
-3.25809653802	-1702.74605565	
-3.2708355638	-1702.78749858	
-3.28341434601	-1702.82878823	
-3.295836866	-1702.86992037	
-3.3081069586	-1702.91089108	
-3.32022831913	-1702.95169675	
-3.33220451018	-1702.99233404	
-3.34403896782	-1703.03279989	
-3.35573500759	-1703.07309146	
-3.36729582999	-1703.11320616	
-3.37872452581	-1703.15314163	
-3.39002408106	-1703.1928957	
-3.40119738166	-1703.2324664	
-3.41224721785	-1703.27185195	
-3.42317628838	-1703.31105072	
-3.43398720449	-1703.35006127	
-3.4446824936	-1703.38888231	
-3.45526460293	-1703.42751268	
-3.4657359028	-1703.46595137	
-3.47609868984	-1703.50419748	
-3.48635519	-1703.54225026	
-3.49650756147	-1703.58010904	
-3.50655789732	-1703.61777329	
-3.51650822817	-1703.65524257	
-3.52636052462	-1703.69251652	
-3.53611669956	-1703.72959488	
-3.54577861047	-1703.7664775	
-3.55534806149	-1703.80316426	
-3.56482680544	-1703.83965517	
-3.57421654579	-1703.87595027	
-3.58351893846	-1703.91204968	
-3.59273559356	-1703.94795358	
-3.60186807712	-1703.98366224	
-3.61091791264	-1704.01917593	
-3.61988658263	-1704.05449502	
-3.62877553004	-1704.0896199	
-3.63758615973	-1704.12455104	
-3.6463198397	-1704.15928891	
-3.65497790244	-1704.19383406	
-3.66356164613	-1704.22818705	
-3.6720723358	-1704.26234849	
-3.68051120444	-1704.29631904	
-3.68887945411	-1704.33009935	
-3.69717825693	-1704.36369015	
-3.70540875607	-1704.39709215	
-3.7135720667	-1704.43030612	
-3.72166927694	-1704.46333285	
-3.72970144863	-1704.49617313	
-3.73766961828	-1704.5288278	
-3.74557479779	-1704.5612977	
-3.75341797525	-1704.5935837	
-3.76120011569	-1704.62568668	
-3.76892216179	-1704.65760755	
-3.77658503453	-1704.68934721	
-3.78418963392	-1704.72090659	
-3.79173683955	-1704.75228663	
-3.79922751128	-1704.78348829	
-3.80666248977	-1704.81451252	
-3.81404259707	-1704.84536029	
-3.82136863716	-1704.8760326	
-3.82864139649	-1704.90653041	
-3.83586164446	-1704.93685474	
-3.84303013394	-1704.96700657	
-3.85014760171	-1704.99698692	
-3.85721476893	-1705.02679681	
-3.86423234159	-1705.05643723	
-3.87120101091	-1705.08590923	
-3.87812145375	-1705.11521381	
-3.88499433304	-1705.14435201	
-3.89182029811	-1705.17332486	
-3.8985999851	-1705.20213338	
-3.90533401728	-1705.23077861	
-3.91202300543	-1705.25926158	
-3.91866754815	-1705.28758332	
-3.92526823218	-1705.31574486	
-3.93182563272	-1705.34374724	
-3.93834031375	-1705.37159148	
-3.94481282825	-1705.39927863	
-3.95124371858	-1705.42680969	
-3.95763351668	-1705.45418572	
-3.96398274436	-1705.48140772	
-3.97029191355	-1705.50847672	
-3.97656152657	-1705.53539374	
-3.98279207632	-1705.5621598	
-3.98898404656	-1705.58877592	
-3.99513791214	-1705.6152431	
-4.00125413916	-1705.64156235	
-4.00733318523	-1705.66773469	
-4.01337549969	-1705.6937611	
-4.01938152375	-1705.71964258	
-4.02535169074	-1705.74538014	
-4.03128642625	-1705.77097475	
-4.03718614838	-1705.7964274	
-4.04305126783	-1705.82173907	
-4.04888218815	-1705.84691074	
-4.05467930583	-1705.87194337	
-4.06044301055	-1705.89683793	
-4.06617368526	-1705.92159538	
-4.07187170637	-1705.94621668	
-4.07753744391	-1705.97070277	
-4.08317126162	-1705.99505461	
-4.08877351717	-1706.01927313	
-4.09434456222	-1706.04335926	
-4.0998847426	-1706.06731394	
-4.10539439841	-1706.09113809	
-4.11087386417	-1706.11483262	
-4.11632346894	-1706.13839845	
-4.12174353641	-1706.16183649	
-4.12713438505	-1706.18514763	
-4.13249632819	-1706.20833277	
-4.13782967416	-1706.2313928	
-4.14313472639	-1706.25432861	
-4.14841178349	-1706.27714108	
-4.15366113938	-1706.29983106	
-4.15888308336	-1706.32239944	
-4.16407790024	-1706.34484708	
-4.1692458704	-1706.36717481	
-4.1743872699	-1706.38938351	
-4.17950237056	-1706.411474	
-4.18459144007	-1706.43344713	
-4.18965474203	-1706.45530373	
-4.19469253606	-1706.47704462	
-4.19970507788	-1706.49867063	
-4.20469261939	-1706.52018255	
-4.20965540873	-1706.54158122	
-4.21459369037	-1706.56286741	
-4.21950770518	-1706.58404194	
-4.22439769047	-1706.60510559	
-4.22926388012	-1706.62605915	
-4.2341065046	-1706.64690339	
-4.23892579103	-1706.66763909	
-4.2437219633	-1706.68826701	
-4.24849524205	-1706.70878792	
-4.25324584481	-1706.72920257	
-4.257973986	-1706.74951171	
-4.26267987704	-1706.76971609	
-4.26736372635	-1706.78981644	
-4.27202573946	-1706.80981349	
-4.27666611902	-1706.82970797	
-4.28128506487	-1706.84950061	
-4.28588277412	-1706.86919212	
-4.29045944115	-1706.88878321	
-4.29501525768	-1706.90827459	
-4.29955041285	-1706.92766695	
-4.3040650932	-1706.94696099	
-4.30855948279	-1706.96615739	
-4.31303376319	-1706.98525685	
-4.31748811354	-1707.00426003	
-4.3219227106	-1707.02316761	
-4.32633772881	-1707.04198025	
-4.33073334029	-1707.06069863	
-4.33510971489	-1707.07932338	
-4.33946702026	-1707.09785518	
-4.34380542185	-1707.11629465	
-4.348125083	-1707.13464245	
-4.3524261649	-1707.1528992	
-4.35670882669	-1707.17106554	
-4.36097322548	-1707.1891421	
-4.36521951636	-1707.20712949	
-4.36944785247	-1707.22502833	
-4.373658385	-1707.24283923	
-4.37785126326	-1707.26056279	
-4.38202663467	-1707.27819963	
-4.38618464482	-1707.29575032	
-4.39032543749	-1707.31321547	
-4.39444915467	-1707.33059566	
-4.39855593663	-1707.34789147	
-4.40264592188	-1707.36510348	
-4.40671924726	-1707.38223226	
-4.41077604796	-1707.39927837	
-4.4148164575	-1707.41624239	
-4.4188406078	-1707.43312487	
-4.42284862919	-1707.44992636	
-4.42684065046	-1707.46664742	
-4.43081679884	-1707.48328858	
-4.43477720006	-1707.49985039	
-4.43872197835	-1707.51633338	
-4.44265125649	-1707.53273809	
-4.44656515581	-1707.54906504	
-4.45046379623	-1707.56531476	
-4.45434729625	-1707.58148776	
-4.45821577303	-1707.59758456	
-4.46206934235	-1707.61360567	
-4.46590811865	-1707.6295516	
-4.46973221509	-1707.64542285	
-4.47354174351	-1707.66121991	
-4.47733681448	-1707.67694328	
-4.48111753732	-1707.69259345	
-4.48488402011	-1707.70817091	
-4.48863636973	-1707.72367614	
-4.49237469184	-1707.73910961	
-4.49609909093	-1707.7544718	
-4.49980967033	-1707.76976318	
-4.50350653221	-1707.78498422	
-4.50718977763	-1707.80013538	
-4.51085950652	-1707.81521712	
-4.51451581772	-1707.83022989	
-4.518158809	-1707.84517414	
-4.52178857705	-1707.86005033	
-4.52540521752	-1707.8748589	
-4.52900882502	-1707.88960028	
-4.53259949315	-1707.90427492	
-4.5361773145	-1707.91888325	
-4.53974238067	-1707.9334257	
-4.54329478227	-1707.94790269	
-4.54683460898	-1707.96231465	
-4.55036194949	-1707.976662	
-4.5538768916	-1707.99094515	
-4.55737952215	-1708.00516452	
-4.56086992709	-1708.01932051	
-4.56434819147	-1708.03341354	
-4.56781439944	-1708.047444	
-4.57126863431	-1708.06141229	
-4.5747109785	-1708.07531882	
-4.5781415136	-1708.08916398	
-4.58156032035	-1708.10294814	
-4.58496747867	-1708.11667171	
-4.58836306767	-1708.13033507	
-4.59174716566	-1708.14393859	
-4.59511985013	-1708.15748266	
-4.59848119784	-1708.17096765	
-4.60183128472	-1708.18439393	
-4.60517018599	-1708.19776186	
-4.60849797608	-1708.21107183	
-4.61181472871	-1708.22432418	
-4.61512051684	-1708.23751928	
-4.61841541274	-1708.25065748	
-4.62169948794	-1708.26373915	
-4.62497281328	-1708.27676462	
-4.62823545892	-1708.28973426	
-4.63148749431	-1708.3026484	
-4.63472898823	-1708.31550739	
-4.63796000881	-1708.32831158	
-4.64118062351	-1708.34106128	
-4.64439089914	-1708.35375686	
-4.64759090187	-1708.36639862	
-4.65078069724	-1708.37898691	
-4.65396035016	-1708.39152205	
-4.65712992492	-1708.40400437	
-4.66028948521	-1708.41643419	
-4.66343909411	-1708.42881183	
-4.66657881412	-1708.4411376	
-4.66970870713	-1708.45341182	
-4.67282883446	-1708.4656348	
-4.67593925688	-1708.47780685	
-4.67904003455	-1708.48992829	
-4.68213122712	-1708.5019994	
-4.68521289366	-1708.5140205	
-4.6882850927	-1708.52599189	
-4.69134788223	-1708.53791386	
-4.69440131972	-1708.54978672	
-4.6974454621	-1708.56161074	
-4.70048036579	-1708.57338623	
-4.70350608671	-1708.58511347	
-4.70652268025	-1708.59679274	
-4.70953020131	-1708.60842434	
-4.71252870431	-1708.62000855	
-4.71551824316	-1708.63154564	
-4.7184988713	-1708.64303589	
-4.72147064168	-1708.65447958	
-4.72443360681	-1708.66587698	
-4.72738781871	-1708.67722836	
-4.73033332894	-1708.688534	
-4.73327018862	-1708.69979415	
-4.73619844839	-1708.71100908	
-4.7391181585	-1708.72217907	
-4.74202936871	-1708.73330436	
-4.74493212836	-1708.74438522	
-4.74782648639	-1708.7554219	
-4.75071249128	-1708.76641466	
-4.75359019111	-1708.77736376	
-4.75645963353	-1708.78826944	
-4.75932086582	-1708.79913195	
-4.7621739348	-1708.80995155	
-4.76501888693	-1708.82072847	
-4.76785576827	-1708.83146296	
-4.77068462447	-1708.84215527	
-4.77350550081	-1708.85280562	
-4.77631844218	-1708.86341427	
-4.77912349311	-1708.87398145	
-4.78192069773	-1708.88450739	
-4.78471009982	-1708.89499233	
-4.78749174278	-1708.90543649	
-4.79026566966	-1708.91584011	
-4.79303192316	-1708.92620341	
-4.7957905456	-1708.93652663	
-4.79854157897	-1708.94680998	
-4.80128506491	-1708.95705369	
-4.80402104473	-1708.96725798	
-4.80674955939	-1708.97742307	
-4.8094706495	-1708.98754917	
-4.81218435537	-1708.99763651	
-4.81489071697	-1709.0076853	
-4.81758977394	-1709.01769574	
-4.82028156561	-1709.02766807	
-4.82296613098	-1709.03760247	
-4.82564350875	-1709.04749917	
-4.8283137373	-1709.05735836	
-4.83097685472	-1709.06718026	
-4.83363289878	-1709.07696507	
-4.83628190695	-1709.08671299	
-4.83892391641	-1709.09642421	
-4.84155896405	-1709.10609896	
-4.84418708646	-1709.11573741	
-4.84680831994	-1709.12533976	
-4.84942270051	-1709.13490622	
-4.85203026392	-1709.14443698	
-4.85463104562	-1709.15393222	
-4.8572250808	-1709.16339214	
-4.85981240436	-1709.17281693	
-4.86239305096	-1709.18220678	
-4.86496705495	-1709.19156187	
-4.86753445046	-1709.20088239	
-4.87009527132	-1709.21016852	
-4.87264955112	-1709.21942046	
-4.8751973232	-1709.22863837	
-4.87773862063	-1709.23782244	
-4.88027347623	-1709.24697285	
-4.88280192259	-1709.25608977	
-4.88532399202	-1709.26517339	
-4.88783971662	-1709.27422388	
-4.89034912822	-1709.28324141	
-4.89285225844	-1709.29222616	
-4.89534913864	-1709.3011783	
-4.89783979995	-1709.31009799	
-4.90032427328	-1709.31898541	
-4.90280258929	-1709.32784072	
-4.90527477844	-1709.3366641	
-4.90774087093	-1709.34545571	
-4.91020089677	-1709.3542157	
-4.91265488574	-1709.36294426	
-4.91510286737	-1709.37164153	
-4.91754487103	-1709.38030769	
-4.91998092583	-1709.38894288	
-4.92241106068	-1709.39754727	
-4.92483530429	-1709.40612102	
-4.92725368516	-1709.41466429	
-4.92966623156	-1709.42317722	
-4.93207297159	-1709.43165998	
-4.93447393313	-1709.44011271	
-4.93686914386	-1709.44853558	
-4.93925863125	-1709.45692873	
-4.94164242261	-1709.46529231	
-4.94402054501	-1709.47362647	
-4.94639302537	-1709.48193136	
-4.94875989038	-1709.49020713	
-4.95112116656	-1709.49845393	
-4.95347688026	-1709.50667189	
-4.9558270576	-1709.51486117	
-4.95817172456	-1709.52302191	
-4.96051090691	-1709.53115424	
-4.96284463026	-1709.53925832	
-4.96517292002	-1709.54733428	
-4.96749580144	-1709.55538226	
-4.96981329958	-1709.56340241	
-4.97212543933	-1709.57139485	
-4.97443224543	-1709.57935973	
-4.97673374242	-1709.58729718	
-4.97902995468	-1709.59520733	
-4.98132090643	-1709.60309033	
-4.98360662171	-1709.61094629	
-4.98588712441	-1709.61877537	
-4.98816243824	-1709.62657768	
-4.99043258678	-1709.63435337	
-4.99269759341	-1709.64210255	
-4.99495748138	-1709.64982535	
-4.99721227376	-1709.65752191	
-4.9994619935	-1709.66519236	
-5.00170666335	-1709.67283681	
-5.00394630595	-1709.6804554	
-5.00618094375	-1709.68804825	
-5.00841059907	-1709.69561548	
-5.0106352941	-1709.70315721	
-5.01285505083	-1709.71067358	
-5.01506989116	-1709.71816469	
-5.01727983681	-1709.72563068	
-5.01948490937	-1709.73307166	
-5.02168513028	-1709.74048774	
-5.02388052085	-1709.74787906	
-5.02607110223	-1709.75524572	
-5.02825689545	-1709.76258785	
-5.03043792139	-1709.76990555	
-5.03261420082	-1709.77719895	
-5.03478575433	-1709.78446816	
-5.03695260241	-1709.79171329	
-5.03911476542	-1709.79893445	
-5.04127226356	-1709.80613177	
-5.04342511692	-1709.81330535	
-5.04557334546	-1709.8204553	
-5.047716969	-1709.82758173	
-5.04985600725	-1709.83468475	
-5.05199047978	-1709.84176448	
-5.05412040604	-1709.84882101	
-5.05624580535	-1709.85585446	
-5.05836669692	-1709.86286493	
-5.06048309982	-1709.86985254	
-5.06259503303	-1709.87681737	
-5.06470251537	-1709.88375955	
-5.06680556556	-1709.89067918	
-5.06890420222	-1709.89757635	
-5.07099844382	-1709.90445117	
-5.07308830874	-1709.91130375	
-5.07517381523	-1709.91813418	
-5.07725498144	-1709.92494257	
-5.07933182538	-1709.93172902	
-5.08140436498	-1709.93849362	
-5.08347261805	-1709.94523648	
-5.08553660227	-1709.95195769	
-5.08759633523	-1709.95865736	
-5.08965183441	-1709.96533557	
-5.09170311719	-1709.97199244	
-5.09375020081	-1709.97862804	
-5.09579310244	-1709.98524248	
-5.09783183913	-1709.99183586	
-5.09986642782	-1709.99840827	
-5.10189688537	-1710.00495979	
-5.10392322852	-1710.01149054	
-5.1059454739	-1710.01800059	
-5.10796363806	-1710.02449004	
-5.10997773743	-1710.03095898	
-5.11198778836	-1710.03740751	
-5.11399380708	-1710.0438357	
-5.11599580975	-1710.05024367	
-5.11799381242	-1710.05663148	
-5.11998783102	-1710.06299924	
-5.12197788143	-1710.06934702	
-5.1239639794	-1710.07567493	
-5.12594614061	-1710.08198304	
-5.12792438062	-1710.08827144	
-5.12989871492	-1710.09454022	
-5.13186915891	-1710.10078946	
-5.13383572788	-1710.10701926	
-5.13579843705	-1710.11322969	
-5.13775730154	-1710.11942083	
-5.13971233637	-1710.12559278	
-5.1416635565	-1710.13174561	
-5.14361097679	-1710.13787942	
-5.145554612	-1710.14399427	
-5.14749447681	-1710.15009025	
-5.14943058584	-1710.15616745	
-5.15136295359	-1710.16222595	
-5.1532915945	-1710.16826581	
-5.15521652291	-1710.17428714	
-5.15713775309	-1710.18028999	
-5.15905529921	-1710.18627446	
-5.1609691754	-1710.19224063	
-5.16287939565	-1710.19818856	
-5.16478597392	-1710.20411834	
-5.16668892407	-1710.21003004	
-5.16858825987	-1710.21592375	
-5.17048399504	-1710.22179953	
-5.17237614319	-1710.22765747	
-5.17426471788	-1710.23349764	
-5.17614973257	-1710.23932011	
-5.17803120067	-1710.24512495	
-5.1799091355	-1710.25091226	
-5.18178355029	-1710.25668208	
-5.18365445823	-1710.26243451	
-5.1855218724	-1710.26816961	
-5.18738580584	-1710.27388746	
-5.18924627149	-1710.27958812	
-5.19110328224	-1710.28527167	
-5.19295685089	-1710.29093818	
-5.19480699018	-1710.29658772	
-5.19665371277	-1710.30222037	
-5.19849703127	-1710.30783618	
-5.20033695819	-1710.31343524	
-5.202173506	-1710.3190176	
-5.20400668708	-1710.32458335	
-5.20583651375	-1710.33013254	
-5.20766299828	-1710.33566525	
-5.20948615284	-1710.34118154	
-5.21130598956	-1710.34668148	
-5.21312252048	-1710.35216515	
-5.21493575761	-1710.35763259	
-5.21674571285	-1710.36308389	
-5.21855239808	-1710.3685191	
-5.22035582508	-1710.37393829	
-5.22215600558	-1710.37934154	
-5.22395295126	-1710.38472889	
-5.22574667371	-1710.39010042	
-5.22753718449	-1710.39545619	
-5.22932449506	-1710.40079627	
-5.23110861685	-1710.40612071	
-5.23288956123	-1710.41142958	
-5.23466733947	-1710.41672295	
-5.23644196283	-1710.42200087	
-5.23821344248	-1710.42726342	
-5.23998178954	-1710.43251064	
-5.24174701506	-1710.4377426	
-5.24350913005	-1710.44295936	
-5.24526814546	-1710.44816099	
-5.24702407216	-1710.45334754	
-5.24877692099	-1710.45851907	
-5.25052670271	-1710.46367564	
-5.25227342805	-1710.46881732	
-5.25401710765	-1710.47394416	
-5.25575775213	-1710.47905622	
-5.25749537203	-1710.48415355	
-5.25922997784	-1710.48923622	
-5.26096158	-1710.49430429	
-5.2626901889	-1710.49935781	
-5.26441581487	-1710.50439684	
-5.26613846818	-1710.50942143	
-5.26785815906	-1710.51443165	
-5.26957489768	-1710.51942755	
-5.27128869416	-1710.52440918	
-5.27299955856	-1710.5293766	
-5.27470750091	-1710.53432987	
-5.27641253116	-1710.53926904	
-5.27811465923	-1710.54419416	
-5.27981389498	-1710.5491053	
-5.28151024823	-1710.5540025	
-5.28320372874	-1710.55888582	
-5.28489434622	-1710.56375531	
-5.28658211033	-1710.56861103	
-5.28826703069	-1710.57345303	
-5.28994911688	-1710.57828136	
-5.2916283784	-1710.58309607	
-5.29330482472	-1710.58789723	
-5.29497846528	-1710.59268487	
-5.29664930945	-1710.59745905	
-5.29831736655	-1710.60221982	
-5.29998264587	-1710.60696724	
-5.30164515664	-1710.61170135	
-5.30330490806	-1710.61642221	
-5.30496190927	-1710.62112987	
-5.30661616936	-1710.62582437	
-5.3082676974	-1710.63050577	
-5.30991650239	-1710.63517411	
-5.3115625933	-1710.63982945	
-5.31320597904	-1710.64447183	
-5.3148466685	-1710.64910131	
-5.3164846705	-1710.65371792	
-5.31811999384	-1710.65832173	
-5.31975264727	-1710.66291278	
-5.32138263948	-1710.66749112	
-5.32300997914	-1710.67205679	
-5.32463467487	-1710.67660984	
-5.32625673524	-1710.68115032	
-5.32787616879	-1710.68567828	
-5.32949298402	-1710.69019376	
-5.33110718937	-1710.69469681	
-5.33271879327	-1710.69918747	
-5.33432780407	-1710.7036658	
-5.33593423012	-1710.70813184	
-5.3375380797	-1710.71258563	
-5.33913936107	-1710.71702722	
-5.34073808243	-1710.72145665	
-5.34233425196	-1710.72587397	
-5.3439278778	-1710.73027923	
-5.34551896803	-1710.73467247	
-5.34710753072	-1710.73905372	
-5.34869357387	-1710.74342305	
-5.35027710548	-1710.74778048	
-5.35185813348	-1710.75212607	
-5.35343666577	-1710.75645986	
-5.35501271022	-1710.76078189	
-5.35658627467	-1710.7650922	
-5.3581573669	-1710.76939084	
-5.35972599468	-1710.77367785	
-5.36129216571	-1710.77795327	
-5.36285588769	-1710.78221714	
-5.36441716825	-1710.78646951	
-5.36597601502	-1710.79071042	
-5.36753243557	-1710.7949399	
-5.36908643744	-1710.79915801	
-5.37063802813	-1710.80336478	
-5.37218721511	-1710.80756025	
-5.37373400583	-1710.81174446	
-5.37527840768	-1710.81591746	
-5.37682042804	-1710.82007929	
-5.37836007422	-1710.82422997	
-5.37989735354	-1710.82836957	
-5.38143227326	-1710.8324981	
-5.38296484061	-1710.83661562	
-5.38449506279	-1710.84072217	
-5.38602294697	-1710.84481778	
-5.38754850028	-1710.84890249	
-5.38907172982	-1710.85297633	
-5.39059264266	-1710.85703936	
-5.39211124583	-1710.86109161	
-5.39362754635	-1710.86513311	
-5.39514155118	-1710.86916391	
-5.39665326727	-1710.87318404	
-5.39816270152	-1710.87719354	
-5.39966986081	-1710.88119245	
-5.40117475199	-1710.8851808	
-5.40267738187	-1710.88915863	
-5.40417775725	-1710.89312599	
-5.40567588487	-1710.8970829	
-5.40717177146	-1710.9010294	
-5.40866542372	-1710.90496553	
-5.4101568483	-1710.90889133	
-5.41164605186	-1710.91280683	
-5.41313304098	-1710.91671207	
-5.41461782224	-1710.92060708	
-5.4161004022	-1710.92449191	
-5.41758078737	-1710.92836657	
-5.41905898424	-1710.93223112	
-5.42053499927	-1710.93608559	
-5.42200883889	-1710.93993	
-5.4234805095	-1710.94376441	
-5.42495001748	-1710.94758883	
-5.42641736918	-1710.95140331	
-5.4278825709	-1710.95520788	
-5.42934562895	-1710.95900257	
-5.43080654959	-1710.96278742	
-5.43226533906	-1710.96656246	
-5.43372200355	-1710.97032773	
-5.43517654927	-1710.97408326	
-5.43662898235	-1710.97782908	
-5.43807930892	-1710.98156522	
-5.4395275351	-1710.98529173	
-5.44097366695	-1710.98900863	
-5.44241771052	-1710.99271595	
-5.44385967184	-1710.99641374	
-5.4452995569	-1711.00010201	
-5.44673737167	-1711.00378081	
-5.44817312209	-1711.00745016	
-5.44960681409	-1711.0111101	
-5.45103845357	-1711.01476066	
-5.45246804638	-1711.01840188	
-5.45389559837	-1711.02203377	
-5.45532111536	-1711.02565638	
-5.45674460314	-1711.02926974	
-5.45816606749	-1711.03287388	
-5.45958551414	-1711.03646882	
-5.46100294883	-1711.0400546	
-5.46241837723	-1711.04363126	
-5.46383180503	-1711.04719882	
-5.46524323786	-1711.0507573	
-5.46665268137	-1711.05430676	
-5.46806014114	-1711.0578472	
-5.46946562274	-1711.06137867	
-5.47086913175	-1711.06490119	
-5.47227067367	-1711.0684148	
-5.47367025403	-1711.07191951	
-5.47506787829	-1711.07541538	
-5.47646355193	-1711.07890241	
-5.47785728038	-1711.08238064	
-5.47924906905	-1711.08585011	
-5.48063892334	-1711.08931084	
-5.48202684862	-1711.09276285	
-5.48341285022	-1711.09620619	
-5.48479693349	-1711.09964087	
-5.48617910372	-1711.10306693	
-5.48755936619	-1711.10648439	
-5.48893772616	-1711.10989329	
-5.49031418887	-1711.11329364	
-5.49168875953	-1711.11668549	
-5.49306144334	-1711.12006885	
-5.49443224547	-1711.12344376	
-5.49580117108	-1711.12681024	
-5.49716822529	-1711.13016832	
-5.49853341322	-1711.13351803	
-5.49989673995	-1711.1368594	
-5.50125821054	-1711.14019245	
-5.50261783006	-1711.14351721	
-5.50397560352	-1711.1468337	
-5.50533153593	-1711.15014197	
-5.50668563228	-1711.15344202	
-5.50803789753	-1711.15673389	
-5.50938833663	-1711.16001761	
-5.5107369545	-1711.16329319	
-5.51208375605	-1711.16656068	
-5.51342874616	-1711.16982009	
-5.51477192971	-1711.17307145	
-5.51611331154	-1711.17631478	
-5.51745289646	-1711.17955012	
-5.51879068931	-1711.18277749	
-5.52012669485	-1711.18599691	
-5.52146091786	-1711.18920841	
-5.5227933631	-1711.19241201	
-5.52412403528	-1711.19560775	
-5.52545293913	-1711.19879564	
-5.52678007934	-1711.20197571	
-5.52810546058	-1711.20514799	
-5.52942908751	-1711.20831251	
-5.53075096477	-1711.21146927	
-5.53207109697	-1711.21461832	
-5.53338948873	-1711.21775968	
-5.53470614461	-1711.22089336	
-5.53602106919	-1711.2240194	
-5.53733426702	-1711.22713782	
-5.53864574262	-1711.23024864	
-5.5399555005	-1711.23335189	
-5.54126354516	-1711.23644759	
-5.54256988107	-1711.23953577	
-5.5438745127	-1711.24261645	
-5.54517744448	-1711.24568965	
-5.54647868084	-1711.2487554	
-5.54777822618	-1711.25181372	
-5.5490760849	-1711.25486463	
-5.55037226136	-1711.25790816	
-5.55166675992	-1711.26094434	
-5.55295958492	-1711.26397318	
-5.55425074069	-1711.2669947	
-5.55554023152	-1711.27000894	
-5.5568280617	-1711.27301591	
-5.55811423551	-1711.27601563	
-5.5593987572	-1711.27900814	
-5.56068163102	-1711.28199344	
-5.56196286117	-1711.28497157	
-5.56324245188	-1711.28794255	
-5.56452040732	-1711.2909064	
-5.56579673168	-1711.29386314	
-5.56707142911	-1711.29681279	
-5.56834450376	-1711.29975538	
-5.56961595975	-1711.30269092	
-5.57088580119	-1711.30561945	
-5.57215403218	-1711.30854098	
-5.57342065679	-1711.31145553	
-5.5746856791	-1711.31436312	
-5.57594910315	-1711.31726379	
-5.57721093297	-1711.32015754	
-5.57847117258	-1711.3230444	
-5.57972982599	-1711.32592439	
-5.58098689718	-1711.32879754	
-5.58224239012	-1711.33166385	
-5.58349630878	-1711.33452337	
-5.5847486571	-1711.33737609	
-5.585999439	-1711.34022206	
-5.5872486584	-1711.34306128	
-5.5884963192	-1711.34589378	
-5.58974242528	-1711.34871957	
-5.59098698051	-1711.35153869	
-5.59222998875	-1711.35435115	
-5.59347145384	-1711.35715697	
-5.5947113796	-1711.35995616	
-5.59594976985	-1711.36274876	
-5.59718662839	-1711.36553478	
-5.598421959	-1711.36831424	
-5.59965576545	-1711.37108716	
-5.60088805149	-1711.37385357	
-5.60211882088	-1711.37661347	
-5.60334807733	-1711.37936689	
-5.60457582457	-1711.38211386	
-5.6058020663	-1711.38485438	
-5.60702680619	-1711.38758849	
-5.60825004793	-1711.39031619	
-5.60947179518	-1711.39303751	
-5.61069205159	-1711.39575247	
-5.61191082078	-1711.39846109	
-5.61312810639	-1711.40116338	
-5.61434391201	-1711.40385937	
-5.61555824124	-1711.40654907	
-5.61677109767	-1711.40923251	
-5.61798248485	-1711.4119097	
-5.61919240636	-1711.41458066	
-5.62040086572	-1711.41724541	
-5.62160786647	-1711.41990397	
-5.62281341212	-1711.42255635	
-5.62401750619	-1711.42520258	
-5.62522015215	-1711.42784268	
-5.6264213535	-1711.43047666	
-5.62762111369	-1711.43310454	
-5.62881943618	-1711.43572633	
-5.63001632442	-1711.43834207	
-5.63121178182	-1711.44095176	
-5.63240581181	-1711.44355542	
-5.6335984178	-1711.44615308	
-5.63478960317	-1711.44874474	
-5.6359793713	-1711.45133043	
-5.63716772557	-1711.45391017	
-5.63835466933	-1711.45648397	
-5.63954020593	-1711.45905185	
-5.64072433869	-1711.46161383	
-5.64190707094	-1711.46416992	
-5.64308840598	-1711.46672014	
-5.64426834712	-1711.46926452	
-5.64544689764	-1711.47180306	
-5.64662406082	-1711.47433579	
-5.64779983991	-1711.47686272	
-5.64897423816	-1711.47938387	
-5.65014725882	-1711.48189925	
-5.65131890512	-1711.48440889	
-5.65248918027	-1711.48691279	
-5.65365808747	-1711.48941099	
-5.65482562993	-1711.49190349	
-5.65599181082	-1711.4943903	
-5.65715663332	-1711.49687146	
-5.65832010058	-1711.49934696	
-5.65948221576	-1711.50181684	
-5.660642982	-1711.50428111	
-5.66180240242	-1711.50673977	
-5.66296048014	-1711.50919286	
-5.66411721826	-1711.51164038	
-5.66527261989	-1711.51408236	
-5.66642668811	-1711.5165188	
-5.66757942599	-1711.51894973	
-5.6687308366	-1711.52137515	
-5.66988092298	-1711.5237951	
-5.67102968818	-1711.52620957	
-5.67217713524	-1711.52861859	
-5.67332326717	-1711.53102218	
-5.67446808699	-1711.53342035	
-5.67561159769	-1711.53581311	
-5.67675380227	-1711.53820048	
-5.6778947037	-1711.54058248	
-5.67903430497	-1711.54295912	
-5.68017260902	-1711.54533042	
-5.6813096188	-1711.54769639	
-5.68244533727	-1711.55005705	
-5.68357976734	-1711.55241242	
-5.68471291194	-1711.5547625	
-5.68584477397	-1711.55710732	
-5.68697535634	-1711.55944689	
-5.68810466194	-1711.56178122	
-5.68923269364	-1711.56411033	
-5.69035945432	-1711.56643423	
-5.69148494685	-1711.56875295	
-5.69260917406	-1711.57106648	
-5.6937321388	-1711.57337486	
-5.69485384391	-1711.57567809	
-5.69597429221	-1711.57797619	
-5.69709348651	-1711.58026918	
-5.69821142961	-1711.58255706	
-5.69932812431	-1711.58483985	
-5.70044357339	-1711.58711757	
-5.70155777963	-1711.58939023	
-5.7026707458	-1711.59165784	
-5.70378247466	-1711.59392043	
-5.70489296894	-1711.596178	
-5.70600223139	-1711.59843057	
-5.70711026475	-1711.60067815	
-5.70821707172	-1711.60292076	
-5.70932265503	-1711.60515841	
-5.71042701737	-1711.60739112	
-5.71153016145	-1711.60961889	
-5.71263208993	-1711.61184175	
-5.71373280551	-1711.6140597	
-5.71483231084	-1711.61627276	
-5.71593060859	-1711.61848095	
-5.71702770141	-1711.62068428	
-5.71812359193	-1711.62288276	
-5.71921828279	-1711.6250764	
-5.72031177661	-1711.62726522	
-5.72140407601	-1711.62944924	
-5.72249518359	-1711.63162846	
-5.72358510195	-1711.6338029	
-5.72467383369	-1711.63597258	
-5.72576138137	-1711.6381375	
-5.72684774759	-1711.64029768	
-5.72793293489	-1711.64245313	
-5.72901694583	-1711.64460387	
-5.73009978297	-1711.64674991	
-5.73118144884	-1711.64889126	
-5.73226194598	-1711.65102794	
-5.7333412769	-1711.65315996	
-5.73441944412	-1711.65528732	
-5.73549645015	-1711.65741006	
-5.73657229748	-1711.65952817	
-5.73764698861	-1711.66164167	
-5.73872052602	-1711.66375057	
-5.73979291218	-1711.66585489	
-5.74086414956	-1711.66795463	
-5.74193424062	-1711.67004982	
-5.74300318781	-1711.67214047	
-5.74407099357	-1711.67422657	
-5.74513766034	-1711.67630816	
-5.74620319054	-1711.67838524	
-5.7472675866	-1711.68045783	
-5.74833085092	-1711.68252593	
-5.74939298591	-1711.68458955	
-5.75045399397	-1711.68664872	
-5.75151387748	-1711.68870345	
-5.75257263883	-1711.69075374	
-5.75363028038	-1711.6927996	
-5.75468680452	-1711.69484106	
-5.75574221359	-1711.69687812	
-5.75679650994	-1711.69891079	
-5.75784969593	-1711.70093909	
-5.75890177388	-1711.70296303	
-5.75995274612	-1711.70498262	
-5.76100261499	-1711.70699786	
-5.76205138278	-1711.70900879	
-5.76309905181	-1711.7110154	
-5.76414562438	-1711.71301771	
-5.76519110278	-1711.71501572	
-5.7662354893	-1711.71700946	
-5.76727878622	-1711.71899893	
-5.76832099579	-1711.72098414	
-5.7693621203	-1711.72296512	
-5.770402162	-1711.72494185	
-5.77144112313	-1711.72691437	
-5.77247900594	-1711.72888268	
-5.77351581267	-1711.73084679	
-5.77455154554	-1711.73280671	
-5.77558620679	-1711.73476246	
-5.77661979861	-1711.73671404	
-5.77765232322	-1711.73866147	
-5.77868378283	-1711.74060476	
-5.77971417962	-1711.74254392	
-5.78074351579	-1711.74447896	
-5.78177179352	-1711.74640989	
-5.78279901497	-1711.74833673	
-5.78382518233	-1711.75025948	
-5.78485029774	-1711.75217815	
-5.78587436337	-1711.75409276	
-5.78689738137	-1711.75600332	
-5.78791935386	-1711.75790984	
-5.788940283	-1711.75981232	
-5.7899601709	-1711.76171079	
-5.79097901969	-1711.76360524	
-5.79199683148	-1711.7654957	
-5.79301360838	-1711.76738217	
-5.7940293525	-1711.76926466	
-5.79504406593	-1711.77114318	
-5.79605775077	-1711.77301775	
-5.79707040908	-1711.77488838	
-5.79808204295	-1711.77675506	
-5.79909265446	-1711.77861783	
-5.80010224566	-1711.78047668	
-5.80111081862	-1711.78233162	
-5.80211837538	-1711.78418268	
-5.80312491799	-1711.78602985	
-5.80413044849	-1711.78787315	
-5.80513496892	-1711.78971259	
-5.80613848129	-1711.79154817	
-5.80714098764	-1711.79337991	
-5.80814248998	-1711.79520783	
-5.80914299031	-1711.79703192	
