#Site	lnL	
0	-6.21454830137
1	-4.74319949103
2	-6.38031535043
3	-1.88806574242
4	-5.99821441374
5	-1.83471176476
6	-2.02071832231
7	-8.44149477564
8	-6.21043407044
9	-1.88806574242
10	-5.78446819192
11	-5.77234669917
12	-1.83931954728
13	-1.96115855563
14	-5.78310753889
15	-5.43740029564
16	-2.01902414788
17	-2.33991801868
18	-1.83931954728
19	-2.15955188318
20	-1.78969586779
21	-6.61530710859
22	-2.15955188318
23	-1.78969586779
24	-2.40139912156
25	-2.01902414788
26	-2.33991801868
27	-1.88806574242
28	-2.01902414788
29	-1.96418511463
30	-1.83931954728
31	-2.01902414788
32	-1.96418511463
33	-1.83931954728
34	-2.15955188318
35	-1.83471176476
36	-6.19359471988
37	-2.15955188318
38	-7.80988416471
39	-1.83931954728
40	-8.08388715555
41	-7.66582355712
42	-1.83931954728
43	-8.02437487717
44	-1.96418511463
45	-2.02071832231
46	-5.12969191703
47	-6.73303184178
48	-2.02071832231
49	-6.28962142253
50	-5.58079750197
51	-5.29214005541
52	-2.15955188318
53	-9.90776385836
54	-1.88806574242
55	-1.96115855563
56	-1.78969586779
57	-1.88806574242
58	-1.96115855563
59	-1.96418511463
60	-2.02071832231
61	-11.1108131133
62	-1.83471176476
63	-1.83931954728
64	-2.15955188318
65	-10.3387147024
66	-2.02071832231
67	-5.1563329211
68	-1.96418511463
69	-2.40139912156
70	-2.55262771904
71	-1.78969586779
72	-7.15167763176
73	-6.10359129106
74	-1.83471176476
75	-1.83931954728
76	-2.01902414788
77	-1.78969586779
78	-8.98806544933
79	-9.16360192084
80	-1.83471176476
81	-1.88806574242
82	-6.01757530396
83	-1.96418511463
84	-7.17813909618
85	-5.24038991587
86	-2.33991801868
87	-2.02071832231
88	-2.01902414788
89	-10.1936998311
90	-2.40139912156
91	-2.55262771904
92	-1.83471176476
93	-5.47421454068
94	-1.96115855563
95	-1.83471176476
96	-2.02071832231
97	-1.96115855563
98	-8.79364567084
99	-1.88806574242
100	-1.96115855563
101	-1.96418511463
102	-1.88806574242
103	-7.25538557127
104	-1.96418511463
105	-1.88806574242
106	-2.01902414788
107	-1.78969586779
108	-2.40139912156
109	-6.43739656092
110	-1.78969586779
111	-2.40139912156
112	-9.81573481562
113	-7.97747918869
114	-2.40139912156
115	-1.96115855563
116	-6.06107321311
117	-1.88806574242
118	-1.96115855563
119	-1.83471176476
120	-2.02071832231
121	-2.01902414788
122	-6.18043275136
123	-1.88806574242
124	-2.15955188318
125	-1.78969586779
126	-1.83931954728
127	-2.01902414788
128	-1.96418511463
129	-1.88806574242
130	-8.51927107092
131	-1.83471176476
132	-7.15167763176
133	-1.96115855563
134	-6.57932611215
135	-1.83931954728
136	-2.15955188318
137	-6.08378002539
138	-2.40139912156
139	-5.12969191703
140	-1.78969586779
141	-2.02071832231
142	-1.96115855563
143	-1.83471176476
144	-5.72899731405
145	-7.25538557127
146	-6.34388424008
147	-1.88806574242
148	-2.01902414788
149	-2.33991801868
150	-9.61730361714
151	-1.96115855563
152	-6.34388424008
153	-1.83931954728
154	-2.15955188318
155	-1.83471176476
156	-6.2350932285
157	-1.96115855563
158	-8.21884409161
159	-6.00985771398
160	-1.96115855563
161	-1.78969586779
162	-1.88806574242
163	-2.55262771904
164	-6.09030237985
165	-2.40139912156
166	-2.01902414788
167	-1.83471176476
168	-2.40139912156
169	-5.8473728328
170	-6.38031535043
171	-1.83931954728
172	-1.96115855563
173	-5.39075315512
174	-4.92339617876
175	-10.2424344292
176	-5.02840752853
177	-1.88806574242
178	-9.18483885264
179	-2.33991801868
180	-1.83931954728
181	-2.15955188318
182	-2.33991801868
183	-2.40139912156
184	-2.55262771904
185	-1.96418511463
186	-6.78853195148
187	-8.15609244705
188	-9.69445999541
189	-5.47421454068
190	-2.15955188318
191	-1.96418511463
192	-1.83931954728
193	-2.01902414788
194	-1.78969586779
195	-1.83931954728
196	-1.96115855563
197	-5.81260054695
198	-5.66233248356
199	-2.01902414788
200	-1.83471176476
201	-2.40139912156
202	-2.01902414788
203	-6.34388424008
204	-5.29214005541
205	-1.96115855563
206	-5.78310753889
207	-1.83931954728
208	-7.80459899705
209	-8.76823216722
210	-1.83931954728
211	-14.8566402392
212	-6.69838945609
213	-2.02071832231
214	-9.29792804668
215	-5.45553700325
216	-7.45860990699
217	-2.15955188318
218	-5.5492445873
219	-12.0808757528
220	-6.97051315677
221	-1.83471176476
222	-1.83931954728
223	-2.15955188318
224	-2.33991801868
225	-6.54950672326
226	-2.01902414788
227	-1.83471176476
228	-2.02071832231
229	-2.01902414788
230	-6.77585137804
231	-1.83931954728
232	-5.46976974698
233	-6.29338876456
234	-1.83931954728
235	-2.01902414788
236	-1.83471176476
237	-5.70902227148
238	-5.29013514796
239	-1.78969586779
240	-1.88806574242
241	-2.01902414788
242	-6.71932461329
243	-1.83931954728
244	-5.48645501474
245	-5.93581271438
246	-6.19359471988
247	-2.01902414788
248	-1.96418511463
249	-6.7374259859
250	-1.96115855563
251	-1.83471176476
252	-2.02071832231
253	-2.01902414788
254	-13.6161299688
255	-6.08427291602
256	-1.96115855563
257	-1.83471176476
258	-1.88806574242
259	-10.3582708102
260	-1.83471176476
261	-1.88806574242
262	-2.01902414788
263	-9.33660810747
264	-2.02071832231
265	-9.95053050987
266	-2.33991801868
267	-1.83931954728
268	-2.01902414788
269	-6.71932461329
270	-5.34649489701
271	-6.04545128182
272	-1.78969586779
273	-7.14734315308
274	-1.96115855563
275	-9.44091013021
276	-2.02071832231
277	-2.55262771904
278	-6.74416582544
279	-1.83931954728
280	-6.0450253212
281	-1.83471176476
282	-1.88806574242
283	-2.01902414788
284	-1.78969586779
285	-1.88806574242
286	-2.15955188318
287	-5.33504696963
288	-1.83931954728
289	-5.24038991587
290	-7.29422720882
291	-6.2350932285
292	-2.55262771904
293	-6.09030237985
294	-10.9114417464
295	-2.15955188318
296	-8.32954209045
297	-2.40139912156
298	-2.01902414788
299	-6.80908745493
300	-6.14737454449
301	-5.48645501474
302	-1.83471176476
303	-5.70902227148
304	-1.96115855563
305	-1.78969586779
306	-2.40139912156
307	-6.42191659836
308	-1.83471176476
309	-1.88806574242
310	-5.63660863223
311	-5.33504696963
312	-1.83931954728
313	-2.15955188318
314	-6.74416582544
315	-1.83931954728
316	-1.96115855563
317	-2.33991801868
318	-6.21454830137
319	-2.15955188318
320	-5.97308202655
321	-10.5695260495
322	-5.93475328299
323	-1.96418511463
324	-6.64066940602
325	-6.39360752003
326	-1.96418511463
327	-2.40139912156
328	-7.28644899222
329	-1.96418511463
330	-1.88806574242
331	-2.15955188318
332	-6.23276116492
333	-2.40139912156
334	-2.55262771904
335	-1.78969586779
336	-1.83931954728
337	-1.96115855563
338	-1.78969586779
339	-1.88806574242
340	-2.15955188318
341	-6.77585137804
342	-4.94085507734
343	-1.96115855563
344	-10.2384667067
345	-8.47635094924
346	-6.57587061073
347	-2.33991801868
348	-2.02071832231
349	-1.96115855563
350	-1.78969586779
351	-10.90514394
352	-5.99821441374
353	-1.83471176476
354	-6.27779182498
355	-2.55262771904
356	-5.93581271438
357	-1.88806574242
358	-5.53216426314
359	-1.78969586779
360	-2.40139912156
361	-1.96115855563
362	-1.78969586779
363	-1.83931954728
364	-6.98838133048
365	-6.06107321311
366	-1.88806574242
367	-2.55262771904
368	-1.96418511463
369	-1.83931954728
370	-7.79308985456
371	-2.33991801868
372	-1.88806574242
373	-2.55262771904
374	-2.33991801868
375	-1.83931954728
376	-1.96115855563
377	-1.96418511463
378	-6.10768747859
379	-2.15955188318
380	-2.33991801868
381	-2.02071832231
382	-2.01902414788
383	-1.96418511463
384	-5.66233248356
385	-5.48645501474
386	-1.83471176476
387	-1.83931954728
388	-9.56350081355
389	-13.326413942
390	-2.02071832231
391	-2.15955188318
392	-1.78969586779
393	-2.40139912156
394	-2.15955188318
395	-9.97534159402
396	-2.02071832231
397	-2.01902414788
398	-6.80908745493
399	-6.62765025563
400	-2.15955188318
401	-1.78969586779
402	-1.83931954728
403	-5.92594359867
404	-1.83471176476
405	-2.02071832231
406	-2.15955188318
407	-7.19960032442
408	-2.40139912156
409	-2.15955188318
410	-6.23276116492
411	-2.40139912156
412	-6.46381852014
413	-1.78969586779
414	-1.88806574242
415	-7.80459899705
416	-1.96418511463
417	-6.64066940602
418	-1.96115855563
419	-6.88654937688
420	-1.88806574242
421	-4.76685910304
422	-1.96418511463
423	-1.83931954728
424	-10.1691055551
425	-1.96418511463
426	-8.43253154129
427	-4.76685910304
428	-1.78969586779
429	-1.88806574242
430	-2.01902414788
431	-12.4288058062
432	-9.46067509447
433	-10.607331937
434	-7.32777411594
435	-10.0094463502
436	-2.01902414788
437	-1.78969586779
438	-2.02071832231
439	-8.97263994286
440	-1.96418511463
441	-1.88806574242
442	-2.15955188318
443	-1.78969586779
444	-1.83931954728
445	-5.12969191703
446	-9.35390208261
447	-1.88806574242
448	-2.01902414788
449	-8.87893016606
450	-6.47304883641
451	-1.96115855563
452	-5.39075315512
453	-1.83931954728
454	-1.96115855563
455	-1.96418511463
456	-1.88806574242
457	-9.29792804668
458	-1.96418511463
459	-6.00985771398
460	-4.76685910304
461	-6.84749840481
462	-2.40139912156
463	-2.55262771904
464	-1.83471176476
465	-11.8932871105
466	-5.55932021993
467	-1.78969586779
468	-7.14734315308
469	-2.01902414788
470	-10.4407031241
