#Site	lnL	
0	-1.75579983047
1	-1.83561160616
2	-7.41454261337
3	-8.00407725639
4	-5.57741145837
5	-1.67691058727
6	-1.75579983047
7	-1.83561160616
8	-1.67691058727
9	-5.72136906055
10	-1.69515127201
11	-1.41403574501
12	-1.61299468464
13	-1.69515127201
14	-9.49129518604
15	-1.74557313711
16	-5.1660399436
17	-1.31030392496
18	-10.5333103656
19	-1.84625727422
20	-1.41403574501
21	-4.92300555692
22	-1.69515127201
23	-1.31030392496
24	-1.75579983047
25	-1.83561160616
26	-19.7774296756
27	-6.13052991525
28	-1.83561160616
29	-7.831077305
30	-1.75579983047
31	-1.83561160616
32	-1.31030392496
33	-1.61299468464
34	-7.28857679545
35	-7.35928411346
36	-6.48904127344
37	-1.69515127201
38	-8.66651567745
39	-1.61299468464
40	-7.36147972285
41	-1.31030392496
42	-1.61299468464
43	-1.69515127201
44	-1.41403574501
45	-1.61299468464
46	-1.69515127201
47	-1.41403574501
48	-5.72136906055
49	-1.83561160616
50	-1.42275057051
51	-4.92300555692
52	-1.84625727422
53	-1.41403574501
54	-1.74557313711
55	-1.69515127201
56	-1.31030392496
57	-1.61299468464
58	-1.83561160616
59	-1.31030392496
60	-1.74557313711
61	-1.69515127201
62	-1.41403574501
63	-2.03900881105
64	-1.84625727422
65	-1.42275057051
66	-9.83835591797
67	-5.19292745813
68	-1.31030392496
69	-1.75579983047
70	-5.96516173443
71	-7.94586678896
72	-1.75579983047
73	-1.83561160616
74	-1.41403574501
75	-1.61299468464
76	-1.83561160616
77	-6.94634769552
78	-2.03900881105
79	-1.84625727422
80	-9.31732884665
81	-1.61299468464
82	-1.69515127201
83	-6.79855192619
84	-4.74356020722
85	-6.62062819761
86	-1.31030392496
87	-1.61299468464
88	-6.18439207443
89	-1.31030392496
90	-1.75579983047
91	-9.34007486755
92	-1.31030392496
93	-1.74557313711
94	-1.83561160616
95	-14.5597532404
96	-1.61299468464
97	-1.84625727422
98	-14.4526963864
99	-1.75579983047
100	-10.2008570069
101	-7.79243378053
102	-2.03900881105
103	-5.6230564614
104	-7.35928411346
105	-1.61299468464
106	-8.9073781716
107	-7.94007777897
108	-1.61299468464
109	-1.69515127201
110	-1.42275057051
111	-1.61299468464
112	-1.69515127201
113	-1.31030392496
114	-6.32920907173
115	-1.84625727422
116	-1.67691058727
117	-1.75579983047
118	-1.69515127201
119	-8.18596270438
120	-1.74557313711
121	-5.18270144762
122	-7.21056060644
123	-6.48741461465
124	-5.6230564614
125	-1.42275057051
126	-2.03900881105
127	-9.13816008475
128	-1.42275057051
129	-7.07303098325
130	-6.54001922931
131	-9.50000409923
132	-2.03900881105
133	-5.11540363891
134	-6.94634769552
135	-1.75579983047
136	-1.69515127201
137	-1.31030392496
138	-2.03900881105
139	-2.13763674544
140	-1.41403574501
141	-1.75579983047
142	-1.83561160616
143	-1.42275057051
144	-1.75579983047
145	-1.83561160616
146	-8.77572440759
147	-5.1326268234
148	-8.27178768853
149	-1.42275057051
150	-1.75579983047
151	-5.62109046557
152	-1.42275057051
153	-5.73028263869
154	-4.98637188584
155	-15.9388362138
156	-2.03900881105
157	-7.32057859637
158	-8.19455414671
159	-1.75579983047
160	-8.15665159521
161	-1.31030392496
162	-1.61299468464
163	-1.83561160616
164	-1.67691058727
165	-4.74496985615
166	-4.98765413477
167	-6.94634769552
168	-1.61299468464
169	-1.84625727422
170	-8.67249731423
171	-1.61299468464
172	-1.83561160616
173	-1.41403574501
174	-1.61299468464
175	-1.69515127201
176	-8.19455414671
177	-1.61299468464
178	-1.83561160616
179	-1.67691058727
180	-9.47570435905
181	-5.58725320086
182	-1.41403574501
183	-4.74496985615
184	-1.84625727422
185	-8.70546334916
186	-1.75579983047
187	-1.84625727422
188	-12.6274339703
189	-2.03900881105
190	-5.1660399436
191	-1.41403574501
192	-2.03900881105
193	-1.69515127201
194	-7.82950830627
195	-6.139443555
196	-4.60540963184
197	-1.41403574501
198	-1.75579983047
199	-1.69515127201
200	-9.32305121628
201	-4.86756587969
202	-5.58636678921
203	-21.1370883665
204	-2.03900881105
205	-5.15177856984
206	-1.31030392496
207	-1.74557313711
208	-1.83561160616
209	-1.42275057051
210	-4.74356020722
211	-1.83561160616
212	-9.32603694089
213	-1.74557313711
214	-1.69515127201
215	-6.79841734092
216	-8.06668130507
217	-2.13763674544
218	-1.42275057051
219	-1.61299468464
220	-1.69515127201
221	-12.3677741568
222	-1.75579983047
223	-5.8115739435
224	-1.67691058727
225	-5.73659662354
226	-1.69515127201
227	-1.41403574501
228	-1.61299468464
229	-1.69515127201
230	-8.77296008337
231	-1.61299468464
232	-4.60540963184
233	-7.77993093705
234	-1.74557313711
235	-5.55336889617
236	-1.31030392496
237	-1.61299468464
238	-1.83561160616
239	-1.42275057051
240	-5.75778390819
241	-1.83561160616
242	-1.41403574501
243	-1.74557313711
244	-1.69515127201
245	-1.42275057051
246	-1.75579983047
247	-1.69515127201
248	-7.21066317327
249	-5.71757033646
250	-4.72123004573
251	-1.42275057051
252	-1.75579983047
253	-6.46533948483
254	-1.31030392496
255	-1.74557313711
256	-1.69515127201
257	-1.42275057051
258	-1.61299468464
259	-4.98637188584
260	-1.67691058727
261	-1.75579983047
262	-4.60365336625
263	-1.31030392496
264	-5.71757033646
265	-1.69515127201
266	-1.67691058727
267	-6.33776693562
268	-1.84625727422
269	-7.79258116577
270	-6.12080911954
271	-1.84625727422
272	-1.67691058727
273	-7.28156727276
274	-4.60540963184
275	-1.31030392496
276	-2.03900881105
277	-5.1660399436
278	-7.21066317327
279	-1.61299468464
280	-8.15665159521
281	-1.31030392496
282	-1.75579983047
283	-6.59176789798
284	-9.13956266118
285	-1.61299468464
286	-4.60540963184
287	-1.42275057051
288	-1.75579983047
289	-5.19292745813
290	-1.31030392496
291	-1.74557313711
292	-1.69515127201
293	-1.67691058727
294	-1.61299468464
295	-7.91045211624
296	-1.41403574501
297	-1.75579983047
298	-5.18270144762
299	-11.0716384453
300	-6.60692159774
301	-12.2051254503
302	-1.42275057051
303	-1.74557313711
304	-1.83561160616
305	-1.41403574501
306	-5.1326268234
307	-2.13763674544
308	-1.31030392496
309	-7.89992720381
310	-2.13763674544
311	-1.41403574501
312	-2.03900881105
313	-1.69515127201
314	-1.67691058727
315	-2.03900881105
316	-1.69515127201
317	-1.41403574501
318	-10.6827977081
319	-2.13763674544
320	-15.4755360542
321	-2.03900881105
322	-5.56840902603
323	-1.41403574501
324	-6.35843353954
325	-6.46533948483
326	-1.41403574501
327	-1.74557313711
328	-2.13763674544
329	-1.31030392496
330	-1.74557313711
331	-1.84625727422
332	-1.31030392496
333	-5.75621331678
334	-5.99868418467
335	-1.31030392496
336	-2.03900881105
337	-1.84625727422
338	-1.42275057051
339	-6.12080911954
340	-12.6868954491
341	-7.36331425139
342	-5.75778390819
343	-1.83561160616
344	-11.3661784254
345	-1.61299468464
346	-2.13763674544
347	-1.31030392496
348	-5.75621331678
349	-1.69515127201
350	-7.41704184607
351	-2.03900881105
352	-5.62109046557
353	-10.4202108362
354	-6.139443555
355	-1.84625727422
356	-1.41403574501
357	-1.61299468464
358	-1.69515127201
359	-8.1928376189
360	-6.48741461465
361	-1.83561160616
362	-7.36331425139
363	-9.07489799259
364	-2.13763674544
365	-1.42275057051
366	-2.03900881105
367	-1.83561160616
368	-1.67691058727
369	-5.3046572892
370	-6.22083981752
371	-1.31030392496
372	-1.61299468464
373	-1.69515127201
374	-1.31030392496
375	-1.75579983047
376	-1.84625727422
377	-1.67691058727
378	-1.75579983047
379	-7.54847885186
380	-7.79258116577
381	-1.74557313711
382	-1.84625727422
383	-1.31030392496
384	-4.86756587969
385	-2.13763674544
386	-7.77748328411
387	-2.03900881105
388	-2.13763674544
389	-6.79855192619
390	-10.7305159134
391	-1.84625727422
392	-14.2354634499
393	-6.71887497758
394	-5.58725320086
395	-8.18416254406
396	-1.61299468464
397	-1.69515127201
398	-1.31030392496
399	-5.30661829463
400	-6.54538645718
401	-1.42275057051
402	-1.61299468464
403	-1.84625727422
404	-1.42275057051
405	-2.03900881105
406	-2.13763674544
407	-1.41403574501
408	-1.61299468464
409	-1.83561160616
410	-1.41403574501
411	-2.03900881105
412	-2.13763674544
413	-1.67691058727
414	-1.61299468464
415	-5.59735602729
416	-1.42275057051
417	-1.61299468464
418	-5.58725320086
419	-1.41403574501
420	-1.61299468464
421	-5.11540363891
422	-6.79855192619
423	-1.74557313711
424	-1.83561160616
425	-1.31030392496
426	-2.03900881105
427	-1.84625727422
428	-1.42275057051
429	-1.74557313711
430	-2.13763674544
431	-14.1465012396
432	-1.75579983047
433	-5.16033643373
434	-8.41251864533
435	-1.74557313711
436	-1.83561160616
437	-1.42275057051
438	-7.28156727276
439	-13.3328440353
440	-12.7054994598
441	-1.74557313711
442	-1.83561160616
443	-1.42275057051
444	-5.1326268234
445	-2.13763674544
446	-16.0874448376
447	-1.61299468464
448	-1.83561160616
449	-6.94634769552
450	-1.74557313711
451	-1.84625727422
452	-7.21056060644
453	-2.03900881105
454	-2.13763674544
455	-8.19455414671
456	-6.72897408809
457	-8.20822795745
458	-8.40959517812
459	-1.75579983047
460	-1.84625727422
461	-7.79258116577
462	-1.74557313711
463	-1.84625727422
464	-7.82091686451
465	-2.03900881105
466	-2.13763674544
467	-1.31030392496
468	-1.61299468464
469	-1.69515127201
470	-7.40598474948
